0
0.123702
0.13024
0.13024
0.192231
0.192231
0.239713
0.340819
0.340819
0.420735
0.474492
0.498747
0.491993
0.454649
0.389037
0.299236
0.19083
0.07056
-0.0540976
-0.175392
-0.285781
-0.378401
-0.447495
-0.488765
-0.499646
-0.479462
-0.429467
-0.429467
-0.35277
-0.25414
-0.139708
-0.0165896
0.0192125
0.0192126
0.10756
0.225022
0.328493
0.41154
0.469
0.497299
0.494679
0.461302
0.399244
0.399244
0.312362
0.206059
0.171606
0.171606
0.171583
0.171583
0.0869447
-0.0375756
-0.15976
-0.272011
-0.367349
-0.439848
-0.476581
-0.476581
-0.476585
-0.476585
-0.484999
-0.499995
-0.483904
-0.437726
-0.437726
-0.364332
-0.268286
-0.15556
-0.0331609
0.0912996
0.210084
0.214596
0.214596
0.315805
0.315852
0.315853
0.401892
0.462991
0.470267
0.470267
0.495304
0.496821
0.467448
0.409011
0.409011
0.325144
