0
0.00136704
0.00136705
0.0142684
0.0142684
0.0214724
0.03643
0.03643
0.0451116
0.0526284
0.0554659
0.0543587
0.0511988
0.0519312
0.0521489
0.0462817
0.0411111
0.0340543
0.028696
0.0271735
0.0307099
0.0400111
0.0544962
0.0747703
0.0995913
0.127565
0.127565
0.155215
0.179097
0.199515
0.218135
0.222781
0.222781
0.234764
0.254411
0.274252
0.298343
0.32141
0.338639
0.3541
0.365053
0.370818
0.370818
0.365872
0.346834
0.339325
0.339325
0.33932
0.33932
0.320547
0.299986
0.285457
0.283215
0.288006
0.283414
0.287688
0.287688
0.287689
0.287689
0.290153
0.302918
0.322953
0.342663
0.342663
0.358478
0.353357
0.394075
0.511571
0.470125
0.464796
0.465184
0.465184
0.474349
0.474352
0.474352
0.480616
0.491116
0.490949
0.490949
0.490222
0.490338
0.484409
0.477223
0.477223
0.464998
0.446259
