0
0.0178533
0.0188183
0.0188183
0.0281726
0.0281726
0.0356839
0.053469
0.053469
0.0711859
0.088812
0.106325
0.123702
0.140921
0.157961
0.174799
0.191415
0.207786
0.223892
0.239713
0.255228
0.270417
0.285262
0.299742
0.313841
0.327539
0.340819
0.340819
0.353665
0.36606
0.377988
0.389433
0.392622
0.392622
0.400383
0.410821
0.420735
0.430113
0.438943
0.447212
0.454911
0.46203
0.46856
0.46856
0.474492
0.479819
0.481288
0.481288
0.481289
0.481289
0.484534
0.488631
0.492105
0.494952
0.497167
0.498747
0.499518
0.499518
0.499518
0.499518
0.499692
0.5
0.49967
0.498702
0.498702
0.497099
0.494862
0.491993
0.488497
0.484378
0.479641
0.47944
0.47944
0.474293
0.47429
0.47429
0.468339
0.461788
0.46067
0.46067
0.454649
0.446929
0.43864
0.429791
0.429791
0.420394
