0.0178571
0.0213235
0.0213235
0.0559604
0.0559604
0.090428
0.180313
0.180313
0.268686
0.341383
0.389996
0.402903
0.375746
0.333606
0.311121
0.308305
0.308433
0.293285
0.251087
0.187279
0.117693
0.0573245
0.012054
-0.0200579
-0.0453413
-0.0715102
-0.0715102
-0.102914
-0.129504
-0.126543
-0.0925481
-0.0852634
-0.0852634
-0.073425
-0.0863137
-0.133932
-0.184323
-0.210256
-0.210432
-0.194549
-0.168795
-0.131471
-0.131471
-0.0717726
0.0146594
0.0355224
0.0355224
0.0355345
0.0355345
0.0781842
0.108901
0.0901928
0.0722999
0.0906316
0.130867
0.163139
0.163139
0.163144
0.163144
0.176043
0.236833
0.32387
0.415328
0.415329
0.454551
0.348516
0.178728
0.163676
0.212073
0.194816
0.191921
0.191921
0.121267
0.121235
0.121235
0.0537949
0.00717174
0.00202742
0.00202741
-0.0239433
-0.047454
-0.0678123
-0.0917047
-0.0917047
-0.12
-0.138716
