0
0.0829481
0.0873884
0.0873884
0.130029
0.13003
0.163597
0.239713
0.239713
0.309185
0.370088
0.420735
0.459722
0.485969
0.498747
0.497704
0.482867
0.454649
0.41383
0.361543
0.299236
0.228636
0.1517
0.07056
-0.0125357
-0.095284
-0.175392
-0.175392
-0.250639
-0.318939
-0.378401
-0.427376
-0.439276
-0.439276
-0.464507
-0.488765
-0.499477
-0.496348
-0.479462
-0.449289
-0.406665
-0.35277
-0.289099
-0.289099
-0.217416
-0.139708
-0.11572
-0.11572
-0.115704
-0.115703
-0.0581276
0.0250635
0.10756
0.187076
0.261407
0.328493
0.373104
0.373104
0.37311
0.37311
0.386476
0.433748
0.469
0.491254
0.491254
0.499893
0.494679
0.475756
0.443647
0.399244
0.343776
0.341355
0.341355
0.27878
0.278747
0.278747
0.206059
0.127627
0.114508
0.114508
0.0456586
-0.0375756
-0.119768
-0.198642
-0.198642
-0.272011
