0.0227273
0.0236683
0.0236684
0.0330642
0.0330642
0.0427208
0.0684074
0.0684074
0.10192
0.140606
0.181057
0.21064
0.213179
0.194472
0.197913
0.213287
0.234484
0.259862
0.283157
0.301422
0.31555
0.33029
0.346095
0.362298
0.37779
0.392764
0.392764
0.408899
0.428468
0.448589
0.463041
0.463136
0.463136
0.461724
0.456489
0.460727
0.481551
0.495725
0.501901
0.505122
0.507379
0.510366
0.510366
0.513494
0.520411
0.526074
0.526074
0.526077
0.526077
0.538177
0.545228
0.536294
0.506778
0.504119
0.515185
0.522489
0.522489
0.522489
0.522489
0.524102
0.527702
0.521232
0.500252
0.500252
0.452819
0.446613
0.674305
0.676
0.60309
0.536573
0.536258
0.536258
0.528001
0.527991
0.527991
0.506542
0.503785
0.498634
0.498634
0.474338
0.454329
0.426736
0.393128
0.393128
0.352362
0.290958
