0.00454545
0.00824724
0.0122062
0.016375
0.0207331
0.0252783
0.0300211
0.0349794
0.0401751
0.0401751
0.0456313
0.0513717
0.0574192
0.0637958
0.0705212
0.0776117
0.0850767
0.0929149
0.101108
0.10961
0.11834
0.127168
0.135906
0.144301
0.152047
0.158803
0.158982
0.158982
0.164191
0.168127
0.170631
0.171787
0.171744
0.170722
0.168995
0.16687
0.164645
0.162587
0.160913
0.159777
0.15928
0.15947
0.160356
0.161918
0.164113
0.16689
0.170192
0.173959
0.178135
0.18267
0.187513
0.192622
0.197954
0.203471
0.209135
0.214908
0.220754
0.226638
0.232525
0.238384
0.244187
0.249909
0.255531
0.26104
0.266427
0.271688
0.276823
0.281835
0.286733
0.291523
0.296214
0.300814
0.305332
0.309772
0.314139
0.318436
0.32266
0.32681
0.330879
0.33486
0.338742
0.342515
0.346164
0.349678
0.353047
0.356267
0.359341
0.359341
0.359341
0.362289
0.365151
0.367995
0.37092
0.374065
0.377597
0.381704
0.386568
0.392325
0.399038
0.406657
0.415016
0.423849
0.43283
0.441629
0.449965
0.457639
0.464549
0.470672
0.476023
0.480619
0.484449
0.487469
0.489627
0.490894
0.491305
0.490968
0.490058
0.488794
0.487402
0.486085
0.485002
0.484255
0.48389
0.483905
0.484263
0.484906
0.485765
0.486771
0.487862
0.488987
0.490105
0.491189
0.492222
0.493199
0.494119
0.494992
0.495831
0.49665
0.497471
0.498312
0.499196
0.500143
0.501175
0.502309
0.503561
0.503561
0.50494
0.506444
0.50806
0.50976
0.511495
0.513196
0.514777
0.516141
0.517198
0.517878
0.518155
0.518056
0.517665
0.517118
0.51658
0.516218
0.516187
0.516602
0.517532
0.518996
0.520966
0.523373
0.526119
0.529093
0.532179
0.535269
0.538272
0.541119
0.543764
0.546184
0.548375
0.55035
0.552132
0.553753
0.555248
0.556651
0.557995
0.559311
0.560624
0.561954
0.563318
0.564726
0.566183
0.56769
0.569243
0.570834
0.572449
0.57407
0.575672
0.577225
0.578695
0.580037
0.581202
0.58213
0.582755
0.582998
0.582774
0.581986
0.580533
0.578309
0.575216
0.571171
0.571171
0.566134
0.560135
0.553322
0.546018
0.538775
0.532411
0.527987
0.526686
0.529531
0.537082
0.549209
0.549255
0.549255
0.565086
0.582593
0.600336
0.617236
0.632565
0.645879
0.656957
0.665742
0.672288
0.67672
0.679202
0.679917
0.679053
0.676794
0.673313
0.668775
0.663331
0.657121
0.650276
0.642915
0.63515
0.627085
0.618817
0.610436
0.602026
0.593661
0.58541
0.577332
0.569476
0.561879
0.554569
0.547561
0.540858
0.534455
0.528333
0.522471
0.516837
0.511398
0.506118
0.500961
0.495893
0.490884
0.485905
0.480933
0.475952
0.470947
0.46591
0.460836
0.455726
0.450581
0.445408
0.440213
0.435006
0.429797
0.424594
0.419405
0.414232
0.409074
0.403916
0.398731
0.393468
0.393468
0.38805
0.382365
0.376256
0.369526
0.361935
0.353222
0.343135
0.33147
0.318123
0.303137
0.286718
0.269237
0.251189
0.233136
0.215644
0.199233
0.184331
0.171255
0.160192
0.151197
0.144196
0.138992
0.135287
0.132711
0.13086
0.129336
0.12779
