-0.0288462
-0.00117911
0.000377991
-0.0112535
0.00383
-0.00734425
-0.021852
0.00669066
-0.0142815
-0.0096528
0.000486629
0.00741451
0.0101748
-0.00676096
-0.0139581
-0.0125549
-0.0105812
-0.00331483
0.000171871
0.00242635
-0.000619685
-0.00148653
-0.00277009
-0.00171742
-0.0021971
-0.0010789
0.00983595
0.001142
0.0103365
0.016135
-0.00372222
-0.010145
-0.00915387
-0.0324413
-0.0460666
-0.043272
-0.0291636
-0.0247122
-0.0207611
-0.0219643
-0.017856
-0.0158774
-0.0260889
-0.00897809
0.00261591
0.00122641
-0.00300206
-0.00299517
-0.00299802
0.0214095
0.0308504
0.0245447
-0.00310566
0.000342377
0.0143471
0.0150746
-0.00158654
-0.00158361
-0.00158585
0.00566108
0.0276991
0.0211174
0.0198674
-0.00521109
0.0158451
0.0437026
0.0609443
0.112072
-0.00263376
0.0978182
0.0669309
0.0657921
0.0124951
-0.0149789
-0.0149928
0.0804577
0.014109
-0.00118665
-0.00586443
0.0514315
0.0277434
0.0451712
0.0133171
-0.014743
0.0165985
-0.0306391
