-0.0005
-0.000154355
0.000139467
0.000388314
0.000888001
0.000598131
0.000774048
0.000920555
0.00104152
0.0011403
0.0012198
0.00128256
0.00133077
0.00136633
0.00139088
0.00140585
0.00141248
0.00141186
0.00140489
0.00139241
0.0013751
0.00135358
0.00132837
0.00129993
0.00126866
0.0012349
0.00119895
0.00116107
0.00112149
0.00108039
0.00103796
0.000994331
0.000949639
0.000903996
0.000857496
0.000810226
0.000762259
0.00071366
0.000664484
0.00061478
0.000564593
0.000513959
0.000462912
0.000411481
0.000359693
0.00030757
0.000255132
0.000202399
0.000149387
9.60686e-05
4.2463e-05
-1.14139e-05
-6.55479e-05
-0.000119926
-0.000174535
-0.000229365
-0.000284405
-0.000339647
-0.00039508
-0.000450696
-0.000506488
-0.000562447
-0.000618567
-0.000674841
-0.000731261
-0.000787821
-0.000844514
-0.000901335
-0.000958276
-0.00101533
-0.0010725
-0.00112976
-0.00118713
-0.00124458
-0.00130212
-0.00135974
-0.00141743
-0.00147518
-0.001533
-0.00159087
-0.00164879
-0.00170676
-0.00176476
-0.00182279
-0.00188085
-0.00193892
-0.00199701
-0.00205511
-0.00211321
-0.0021713
-0.00222938
-0.00228744
-0.00234548
-0.0024035
-0.00246147
-0.00251941
-0.0025773
-0.00263513
-0.00269291
-0.00275062
-0.00280826
-0.00286583
-0.00292331
-0.0029807
-0.003038
-0.0030952
-0.00315229
-0.00320928
-0.00326614
-0.00332288
-0.0033795
-0.00343598
-0.00349232
-0.00354852
-0.00360456
-0.00366046
-0.00371619
-0.00377175
-0.00382715
-0.00388237
-0.00393741
-0.00399227
-0.00404693
-0.00410141
-0.00415568
-0.00420975
-0.00426361
-0.00431726
-0.0043707
-0.00442391
-0.0044769
-0.00452966
-0.00458219
-0.00463449
-0.00468655
-0.00473836
-0.00478993
-0.00484125
-0.00489232
-0.00494313
-0.00499369
-0.00504399
-0.00509402
-0.00514379
-0.00519329
-0.00524252
-0.00529148
-0.00534016
-0.00538857
-0.0054367
-0.00548456
-0.00553213
-0.00557942
-0.00562642
-0.00567315
-0.00571958
-0.00576573
-0.00581159
-0.00585717
-0.00590246
-0.00594745
-0.00599216
-0.00603658
-0.00608071
-0.00612455
-0.0061681
-0.00621136
-0.00625434
-0.00629702
-0.00633942
-0.00638153
-0.00642335
-0.00646488
-0.00650613
-0.0065471
-0.00658778
-0.00662818
-0.0066683
-0.00670814
-0.0067477
-0.00678698
-0.00682599
-0.00686472
-0.00690318
-0.00694137
-0.00697929
-0.00701694
-0.00705432
-0.00709144
-0.00712829
-0.00716489
-0.00720122
-0.0072373
-0.00727312
-0.00730869
-0.00734401
-0.00737908
-0.00741389
-0.00744847
-0.0074828
-0.00751688
-0.00755073
-0.00758434
-0.00761771
-0.00765084
-0.00768375
-0.00771642
-0.00774887
-0.00778108
-0.00781308
-0.00784484
-0.00787639
-0.00790772
-0.00793883
-0.00796972
-0.0080004
-0.00803086
-0.00806111
-0.00809115
-0.00812099
-0.00815061
-0.00818003
-0.00820925
-0.00823826
-0.00826707
-0.00829567
-0.00832408
-0.00835229
-0.0083803
-0.00840812
-0.00843574
-0.00846316
-0.00849039
-0.00851743
-0.00854428
-0.00857093
-0.00859739
-0.00862367
-0.00864975
-0.00867564
-0.00870135
-0.00872686
-0.00875219
-0.00877733
-0.00880228
-0.00882705
-0.00885163
-0.00887602
-0.00890023
-0.00892424
-0.00894807
-0.00897172
-0.00899518
-0.00901845
-0.00904153
-0.00906443
-0.00908714
-0.00910966
-0.00913199
-0.00915413
-0.00917609
-0.00919785
-0.00921943
-0.00924082
-0.00926201
-0.00928302
-0.00930383
-0.00932446
-0.00934489
-0.00936512
-0.00938517
-0.00940502
-0.00942467
-0.00944413
-0.00946339
-0.00948246
-0.00950133
-0.00952
-0.00953848
-0.00955675
-0.00957483
-0.0095927
-0.00961037
-0.00962785
-0.00964511
-0.00966218
-0.00967904
-0.0096957
-0.00971215
-0.0097284
-0.00974444
-0.00976028
-0.0097759
-0.00979132
-0.00980653
-0.00982153
-0.00983632
-0.0098509
-0.00986527
-0.00987943
-0.00989337
-0.00990711
-0.00992063
-0.00993394
-0.00994703
-0.00995991
-0.00997257
-0.00998502
-0.00999726
-0.0100093
-0.0100211
-0.0100327
-0.010044
-0.0100552
-0.0100661
-0.0100769
-0.0100874
-0.0100976
-0.0101077
-0.0101176
-0.0101272
-0.0101366
-0.0101458
-0.0101548
-0.0101636
-0.0101721
-0.0101804
-0.0101886
-0.0101965
-0.0102041
-0.0102116
-0.0102188
-0.0102259
-0.0102327
-0.0102393
-0.0102457
-0.0102519
-0.0102578
-0.0102636
-0.0102691
-0.0102744
-0.0102795
-0.0102844
-0.0102891
-0.0102936
-0.0102978
-0.0103019
-0.0103057
-0.0103094
-0.0103128
-0.0103161
-0.0103191
-0.0103219
-0.0103245
-0.0103269
-0.0103291
-0.0103312
-0.010333
-0.0103346
-0.010336
-0.0103372
-0.0103383
-0.0103391
-0.0103397
-0.0103402
-0.0103405
-0.0103405
-0.0103404
-0.0103401
-0.0103396
-0.0103389
-0.0103381
-0.010337
-0.0103358
-0.0103344
-0.0103328
-0.0103311
-0.0103292
-0.0103271
-0.0103248
-0.0103224
-0.0103198
-0.010317
-0.010314
-0.0103109
-0.0103077
-0.0103043
-0.0103007
-0.0102969
-0.010293
-0.010289
-0.0102848
-0.0102804
-0.0102759
-0.0102713
-0.0102665
-0.0102616
-0.0102565
-0.0102513
-0.0102459
-0.0102404
-0.0102348
-0.0102291
-0.0102232
-0.0102172
-0.010211
-0.0102048
-0.0101984
-0.0101919
-0.0101853
-0.0101785
-0.0101717
-0.0101647
-0.0101576
-0.0101505
-0.0101432
-0.0101358
-0.0101283
-0.0101207
-0.010113
-0.0101052
-0.0100974
-0.0100894
-0.0100813
-0.0100732
-0.010065
-0.0100567
-0.0100483
-0.0100398
-0.0100312
-0.0100226
-0.0100139
-0.0100052
-0.00999635
-0.00998746
-0.0099785
-0.00996948
-0.00996041
-0.00995128
-0.00994209
-0.00993286
-0.00992357
-0.00991424
-0.00990486
-0.00989544
-0.00988598
-0.00987648
-0.00986694
-0.00985737
-0.00984777
-0.00983814
-0.00982849
-0.0098188
-0.0098091
-0.00979937
-0.00978963
-0.00977987
-0.0097701
-0.00976032
-0.00975053
-0.00974073
-0.00973092
-0.00972112
-0.00971131
-0.00970151
-0.00969171
-0.00968192
-0.00967213
-0.00966236
-0.0096526
-0.00964286
-0.00963313
-0.00962343
-0.00961375
-0.00960409
-0.00959445
-0.00958485
-0.00957528
-0.00956574
-0.00955623
-0.00954677
-0.00953734
-0.00952795
-0.00951861
-0.00950932
-0.00950007
-0.00949087
-0.00948173
-0.00947264
-0.0094636
-0.00945463
-0.00944571
-0.00943686
-0.00942807
-0.00941935
-0.0094107
-0.00940212
-0.00939361
-0.00938518
-0.00937682
-0.00936855
-0.00936035
-0.00935224
-0.00934421
-0.00933627
-0.00932841
-0.00932065
-0.00931298
-0.00930541
-0.00929793
-0.00929054
-0.00928326
-0.00927608
-0.00926901
-0.00926204
-0.00925517
-0.00924842
-0.00924177
-0.00923524
-0.00922882
-0.00922252
-0.00921634
-0.00921027
-0.00920433
-0.00919851
-0.00919281
-0.00918724
-0.00918179
-0.00917648
-0.0091713
-0.00916625
-0.00916133
-0.00915655
-0.0091519
-0.00914739
-0.00914303
-0.0091388
-0.00913472
-0.00913078
-0.00912699
-0.00912334
-0.00911985
-0.0091165
-0.0091133
-0.00911026
-0.00910737
-0.00910464
-0.00910206
-0.00909964
-0.00909738
-0.00909528
-0.00909334
-0.00909156
-0.00908995
-0.0090885
-0.00908722
-0.00908611
-0.00908516
-0.00908439
-0.00908378
-0.00908335
-0.00908309
-0.009083
-0.00908309
-0.00908335
-0.00908379
-0.0090844
-0.0090852
-0.00908618
-0.00908733
-0.00908867
-0.00909019
-0.00909189
-0.00909377
-0.00909584
-0.0090981
-0.00910054
-0.00910317
-0.00910599
-0.00910899
-0.00911218
-0.00911557
-0.00911914
-0.00912291
-0.00912686
-0.00913101
-0.00913535
-0.00913989
-0.00914462
-0.00914954
-0.00915466
-0.00915998
-0.00916549
-0.0091712
-0.0091771
-0.00918321
-0.00918951
-0.00919601
-0.00920271
-0.0092096
-0.0092167
-0.009224
-0.0092315
-0.00923919
-0.00924709
-0.00925519
-0.0092635
-0.009272
-0.00928071
-0.00928962
-0.00929873
-0.00930804
-0.00931756
-0.00932728
-0.0093372
-0.00934733
-0.00935766
-0.00936819
-0.00937893
-0.00938988
-0.00940102
-0.00941237
-0.00942393
-0.00943569
-0.00944765
-0.00945982
-0.00947219
-0.00948477
-0.00949755
-0.00951054
-0.00952373
-0.00953712
-0.00955072
-0.00956452
-0.00957853
-0.00959274
-0.00960715
-0.00962177
-0.0096366
-0.00965162
-0.00966685
-0.00968228
-0.00969792
-0.00971376
-0.0097298
-0.00974605
-0.00976249
-0.00977914
-0.00979599
-0.00981305
-0.0098303
-0.00984776
-0.00986541
-0.00988327
-0.00990133
-0.00991959
-0.00993805
-0.00995671
-0.00997556
-0.00999462
-0.0100139
-0.0100333
-0.010053
-0.0100728
-0.0100929
-0.0101132
-0.0101336
-0.0101543
-0.0101752
-0.0101962
-0.0102175
-0.010239
-0.0102606
-0.0102825
-0.0103045
-0.0103268
-0.0103492
-0.0103718
-0.0103946
-0.0104176
-0.0104408
-0.0104642
-0.0104877
-0.0105115
-0.0105354
-0.0105595
-0.0105838
-0.0106083
-0.010633
-0.0106578
-0.0106829
-0.0107081
-0.0107335
-0.0107591
-0.0107848
-0.0108108
-0.0108369
-0.0108632
-0.0108897
-0.0109163
-0.0109432
-0.0109702
-0.0109974
-0.0110247
-0.0110523
-0.01108
-0.0111079
-0.0111359
-0.0111641
-0.0111925
-0.0112211
-0.0112498
-0.0112788
-0.0113078
-0.0113371
-0.0113665
-0.011396
-0.0114258
-0.0114557
-0.0114857
-0.011516
-0.0115463
-0.0115769
-0.0116076
-0.0116384
-0.0116694
-0.0117006
-0.0117319
-0.0117634
-0.011795
-0.0118268
-0.0118587
-0.0118908
-0.011923
-0.0119554
-0.0119879
-0.0120206
-0.0120534
-0.0120863
-0.0121194
-0.0121526
-0.0121859
-0.0122194
-0.012253
-0.0122868
-0.0123207
-0.0123547
-0.0123888
-0.0124231
-0.0124575
-0.012492
-0.0125266
-0.0125614
-0.0125962
-0.0126312
-0.0126663
-0.0127015
-0.0127368
-0.0127723
-0.0128078
-0.0128434
-0.0128792
-0.012915
-0.012951
-0.012987
-0.0130232
-0.0130594
-0.0130957
-0.0131321
-0.0131686
-0.0132052
-0.0132419
-0.0132786
-0.0133154
-0.0133523
-0.0133893
-0.0134263
-0.0134635
-0.0135006
-0.0135379
-0.0135752
-0.0136126
-0.01365
-0.0136875
-0.013725
-0.0137626
-0.0138002
-0.0138379
-0.0138756
-0.0139134
-0.0139512
-0.013989
-0.0140269
-0.0140647
-0.0141027
-0.0141406
-0.0141786
-0.0142166
-0.0142546
-0.0142926
-0.0143306
-0.0143686
-0.0144067
-0.0144447
-0.0144827
-0.0145208
-0.0145588
-0.0145968
-0.0146348
-0.0146728
-0.0147108
-0.0147488
-0.0147867
-0.0148246
-0.0148625
-0.0149003
-0.0149381
-0.0149759
-0.0150136
-0.0150513
-0.0150889
-0.0151265
-0.015164
-0.0152015
-0.0152389
-0.0152763
-0.0153136
-0.0153508
-0.0153879
-0.015425
-0.015462
-0.0154989
-0.0155357
-0.0155725
-0.0156091
-0.0156457
-0.0156822
-0.0157185
-0.0157548
-0.0157909
-0.015827
-0.0158629
-0.0158987
-0.0159344
-0.01597
-0.0160055
-0.0160408
-0.016076
-0.0161111
-0.016146
-0.0161808
-0.0162155
-0.01625
-0.0162844
-0.0163186
-0.0163527
-0.0163866
-0.0164203
-0.0164539
-0.0164873
-0.0165206
-0.0165537
-0.0165866
-0.0166193
-0.0166519
-0.0166842
-0.0167164
-0.0167484
-0.0167802
-0.0168119
-0.0168433
-0.0168745
-0.0169056
-0.0169364
-0.016967
-0.0169974
-0.0170276
-0.0170576
-0.0170874
-0.017117
-0.0171463
-0.0171754
-0.0172043
-0.017233
-0.0172614
-0.0172896
-0.0173176
-0.0173453
-0.0173728
-0.0174001
-0.0174271
-0.0174538
-0.0174804
-0.0175066
-0.0175327
-0.0175584
-0.0175839
-0.0176092
-0.0176342
-0.0176589
-0.0176834
-0.0177076
-0.0177316
-0.0177552
-0.0177786
-0.0178018
-0.0178246
-0.0178472
-0.0178695
-0.0178916
-0.0179133
-0.0179348
-0.017956
-0.0179769
-0.0179976
-0.0180179
-0.018038
-0.0180577
-0.0180772
-0.0180964
-0.0181153
-0.0181339
-0.0181522
-0.0181702
-0.018188
-0.0182054
-0.0182225
-0.0182394
-0.0182559
-0.0182721
-0.0182881
-0.0183037
-0.018319
-0.0183341
-0.0183488
-0.0183632
-0.0183774
-0.0183912
-0.0184047
-0.0184179
-0.0184308
-0.0184434
-0.0184557
-0.0184677
-0.0184794
-0.0184908
-0.0185018
-0.0185126
-0.018523
-0.0185332
-0.018543
-0.0185526
-0.0185618
-0.0185707
-0.0185794
-0.0185877
-0.0185957
-0.0186034
-0.0186108
-0.0186179
-0.0186247
-0.0186312
-0.0186374
-0.0186433
-0.0186489
-0.0186541
-0.0186591
-0.0186638
-0.0186682
-0.0186723
-0.0186761
-0.0186796
-0.0186828
-0.0186856
-0.0186883
-0.0186906
-0.0186926
-0.0186943
-0.0186957
-0.0186969
-0.0186977
-0.0186983
-0.0186986
-0.0186986
-0.0186983
-0.0186977
-0.0186969
-0.0186957
-0.0186943
-0.0186926
-0.0186906
-0.0186884
-0.0186859
-0.0186831
-0.01868
-0.0186766
-0.018673
-0.0186691
-0.018665
-0.0186606
-0.0186559
-0.018651
-0.0186458
-0.0186403
-0.0186346
-0.0186286
-0.0186224
-0.0186159
-0.0186092
-0.0186022
-0.018595
-0.0185875
-0.0185798
-0.0185718
-0.0185636
-0.0185552
-0.0185465
-0.0185376
-0.0185284
-0.018519
-0.0185094
-0.0184996
-0.0184895
-0.0184792
-0.0184687
-0.0184579
-0.0184469
-0.0184358
-0.0184244
-0.0184127
-0.0184009
-0.0183889
-0.0183766
-0.0183642
-0.0183515
-0.0183387
-0.0183256
-0.0183124
-0.0182989
-0.0182853
-0.0182714
-0.0182574
-0.0182432
-0.0182288
-0.0182142
-0.0181994
-0.0181844
-0.0181693
-0.018154
-0.0181385
-0.0181229
-0.0181071
-0.0180911
-0.0180749
-0.0180586
-0.0180421
-0.0180255
-0.0180087
-0.0179918
-0.0179747
-0.0179574
-0.0179401
-0.0179225
-0.0179049
-0.0178871
-0.0178691
-0.017851
-0.0178328
-0.0178145
-0.017796
-0.0177774
-0.0177587
-0.0177399
-0.017721
-0.0177019
-0.0176828
-0.0176635
-0.0176441
-0.0176246
-0.017605
-0.0175854
-0.0175656
-0.0175457
-0.0175258
-0.0175058
-0.0174857
-0.0174655
-0.0174452
-0.0174249
-0.0174044
-0.017384
-0.0173634
-0.0173428
-0.0173222
-0.0173014
-0.0172807
-0.0172599
-0.017239
-0.0172181
-0.0171972
-0.0171762
-0.0171552
-0.0171342
-0.0171131
-0.017092
-0.017071
-0.0170498
-0.0170287
-0.0170076
-0.0169865
-0.0169654
-0.0169442
-0.0169231
-0.016902
-0.0168809
-0.0168599
-0.0168388
-0.0168178
-0.0167968
-0.0167759
-0.016755
-0.0167341
-0.0167133
-0.0166925
-0.0166718
-0.0166511
-0.0166305
-0.01661
-0.0165895
-0.0165691
-0.0165488
-0.0165286
-0.0165084
-0.0164883
-0.0164684
-0.0164485
-0.0164287
-0.0164091
-0.0163895
-0.0163701
-0.0163508
-0.0163316
-0.0163125
-0.0162936
-0.0162748
-0.0162561
-0.0162376
-0.0162192
-0.016201
-0.0161829
-0.016165
-0.0161472
-0.0161296
-0.0161122
-0.016095
-0.0160779
-0.016061
-0.0160443
-0.0160278
-0.0160115
-0.0159954
-0.0159795
-0.0159638
-0.0159483
-0.015933
-0.0159179
-0.0159031
-0.0158884
-0.015874
-0.0158599
-0.0158459
-0.0158322
-0.0158188
-0.0158056
-0.0157926
-0.0157799
-0.0157674
-0.0157552
-0.0157433
-0.0157316
-0.0157202
-0.0157091
-0.0156982
-0.0156876
-0.0156773
-0.0156673
-0.0156576
-0.0156481
-0.015639
-0.0156301
-0.0156216
-0.0156133
-0.0156053
-0.0155977
-0.0155903
-0.0155833
-0.0155766
-0.0155702
-0.0155641
-0.0155583
-0.0155528
-0.0155477
-0.0155429
-0.0155384
-0.0155342
-0.0155304
-0.0155269
-0.0155237
-0.0155209
-0.0155184
-0.0155163
-0.0155145
-0.015513
-0.0155119
-0.0155111
-0.0155107
-0.0155106
-0.0155108
-0.0155115
-0.0155124
-0.0155137
-0.0155154
-0.0155174
-0.0155198
-0.0155225
-0.0155256
-0.015529
-0.0155328
-0.015537
-0.0155415
-0.0155464
-0.0155516
-0.0155572
-0.0155631
-0.0155694
-0.0155761
-0.0155831
-0.0155905
-0.0155982
-0.0156063
-0.0156148
-0.0156236
-0.0156328
-0.0156424
-0.0156523
-0.0156625
-0.0156731
-0.0156841
-0.0156954
-0.0157071
-0.0157192
-0.0157315
-0.0157443
-0.0157574
-0.0157709
-0.0157847
-0.0157988
-0.0158133
-0.0158282
-0.0158434
-0.015859
-0.0158749
-0.0158911
-0.0159077
-0.0159247
-0.0159419
-0.0159596
-0.0159775
-0.0159958
-0.0160144
-0.0160334
-0.0160527
-0.0160723
-0.0160923
-0.0161126
-0.0161332
-0.0161541
-0.0161754
-0.016197
-0.0162189
-0.0162411
-0.0162637
-0.0162865
-0.0163097
-0.0163332
-0.016357
-0.0163811
-0.0164055
-0.0164302
-0.0164552
-0.0164806
-0.0165062
-0.0165321
-0.0165583
-0.0165848
-0.0166115
-0.0166386
-0.016666
-0.0166936
-0.0162664
-0.0162366
-0.0166917
-0.0167496
-0.0167781
-0.0168068
-0.0168358
-0.0168651
-0.0168946
-0.0169244
-0.0169544
-0.0169847
-0.0170153
-0.0170461
-0.0170772
-0.0171085
-0.0171401
-0.0171719
-0.0172039
-0.0172362
-0.0172688
-0.0173015
-0.0173345
-0.0173677
-0.0174012
-0.0174349
-0.0174687
-0.0175029
-0.0175372
-0.0175717
-0.0176065
-0.0176414
-0.0176766
-0.0177119
-0.0177475
-0.0177833
-0.0178192
-0.0178553
-0.0178917
-0.0179282
-0.0179649
-0.0180017
-0.0180388
-0.018076
-0.0181134
-0.018151
-0.0181887
-0.0182266
-0.0182646
-0.0183028
-0.0183411
-0.0183796
-0.0184183
-0.0184571
-0.018496
-0.0185351
-0.0185743
-0.0186136
-0.0186531
-0.0186927
-0.0187324
-0.0187722
-0.0188122
-0.0188523
-0.0188924
-0.0189327
-0.0189731
-0.0190136
-0.0190542
-0.0190949
-0.0191357
-0.0191766
-0.0192175
-0.0192586
-0.0192997
-0.0193409
-0.0193822
-0.0194236
-0.019465
-0.0195065
-0.0195481
-0.0195897
-0.0196314
-0.0196732
-0.019715
-0.0197568
-0.0197987
-0.0198406
-0.0198826
-0.0199246
-0.0199667
-0.0200088
-0.0200509
-0.020093
-0.0201352
-0.0201774
-0.0202196
-0.0202618
-0.020304
-0.0203463
-0.0203885
-0.0204308
-0.0204731
-0.0205153
-0.0205576
-0.0205998
-0.0206421
-0.0206843
-0.0207265
-0.0207687
-0.0208108
-0.020853
-0.0208951
-0.0209372
-0.0209793
-0.0210213
-0.0210633
-0.0211052
-0.0211471
-0.021189
-0.0212308
-0.0212726
-0.0213143
-0.0213559
-0.0213975
-0.021439
-0.0214805
-0.0215219
-0.0215632
-0.0216045
-0.0216457
-0.0216868
-0.0217278
-0.0217687
-0.0218096
-0.0218504
-0.0218911
-0.0219316
-0.0219721
-0.0220125
-0.0220528
-0.022093
-0.0221331
-0.0221731
-0.0222129
-0.0222527
-0.0222923
-0.0223319
-0.0223713
-0.0224105
-0.0224497
-0.0224887
-0.0225276
-0.0225664
-0.022605
-0.0226435
-0.0226818
-0.0227201
-0.0227581
-0.022796
-0.0228338
-0.0228714
-0.0229089
-0.0229462
-0.0229833
-0.0230203
-0.0230571
-0.0230938
-0.0231303
-0.0231666
-0.0232027
-0.0232387
-0.0232745
-0.0233101
-0.0233455
-0.0233808
-0.0234158
-0.0234507
-0.0234854
-0.0235199
-0.0235542
-0.0235883
-0.0236222
-0.0236559
-0.0236894
-0.0237226
-0.0237557
-0.0237886
-0.0238212
-0.0238537
-0.0238859
-0.0239179
-0.0239497
-0.0239813
-0.0240126
-0.0240437
-0.0240746
-0.0241053
-0.0241357
-0.0241659
-0.0241958
-0.0242255
-0.024255
-0.0242842
-0.0243132
-0.0243419
-0.0243704
-0.0243986
-0.0244266
-0.0244544
-0.0244818
-0.0245091
-0.024536
-0.0245627
-0.0245891
-0.0246153
-0.0246412
-0.0246668
-0.0246922
-0.0247173
-0.0247421
-0.0247666
-0.0247909
-0.0248149
-0.0248386
-0.024862
-0.0248851
-0.024908
-0.0249305
-0.0249528
-0.0249748
-0.0249965
-0.0250179
-0.025039
-0.0250598
-0.0250803
-0.0251005
-0.0251204
-0.02514
-0.0251593
-0.0251783
-0.025197
-0.0252154
-0.0252335
-0.0252512
-0.0252687
-0.0252858
-0.0253027
-0.0253192
-0.0253354
-0.0253512
-0.0253668
-0.025382
-0.0253969
-0.0254115
-0.0254258
-0.0254397
-0.0254533
-0.0254666
-0.0254796
-0.0254922
-0.0255045
-0.0255165
-0.0255281
-0.0255394
-0.0255504
-0.025561
-0.0255713
-0.0255813
-0.0255909
-0.0256002
-0.0256092
-0.0256178
-0.025626
-0.025634
-0.0256416
-0.0256488
-0.0256557
-0.0256623
-0.0256685
-0.0256744
-0.0256799
-0.0256851
-0.02569
-0.0256945
-0.0256986
-0.0257024
-0.0257059
-0.025709
-0.0257118
-0.0257142
-0.0257163
-0.025718
-0.0257194
-0.0257204
-0.0257211
-0.0257214
-0.0257214
-0.0257211
-0.0257204
-0.0257193
-0.0257179
-0.0257162
-0.0257141
-0.0257117
-0.0257089
-0.0257058
-0.0257023
-0.0256985
-0.0256943
-0.0256898
-0.025685
-0.0256798
-0.0256743
-0.0256684
-0.0256622
-0.0256556
-0.0256487
-0.0256415
-0.025634
-0.0256261
-0.0256178
-0.0256092
-0.0256003
-0.0255911
-0.0255815
-0.0255716
-0.0255614
-0.0255508
-0.02554
-0.0255287
-0.0255172
-0.0255053
-0.0254932
-0.0254807
-0.0254678
-0.0254547
-0.0254412
-0.0254275
-0.0254134
-0.025399
-0.0253843
-0.0253693
-0.025354
-0.0253383
-0.0253224
-0.0253062
-0.0252897
-0.0252728
-0.0252557
-0.0252383
-0.0252206
-0.0252026
-0.0251843
-0.0251658
-0.0251469
-0.0251278
-0.0251084
-0.0250887
-0.0250688
-0.0250486
-0.0250281
-0.0250073
-0.0249863
-0.0249651
-0.0249435
-0.0249217
-0.0248997
-0.0248774
-0.0248549
-0.0248321
-0.0248091
-0.0247858
-0.0247623
-0.0247386
-0.0247147
-0.0246905
-0.0246661
-0.0246414
-0.0246166
-0.0245916
-0.0245663
-0.0245408
-0.0245151
-0.0244893
-0.0244632
-0.0244369
-0.0244105
-0.0243838
-0.024357
-0.02433
-0.0243028
-0.0242755
-0.0242479
-0.0242202
-0.0241924
-0.0241644
-0.0241362
-0.0241079
-0.0240794
-0.0240508
-0.0240221
-0.0239932
-0.0239642
-0.023935
-0.0239057
-0.0238764
-0.0238468
-0.0238172
-0.0237875
-0.0237577
-0.0237277
-0.0236977
-0.0236676
-0.0236374
-0.0236071
-0.0235767
-0.0235463
-0.0235158
-0.0234852
-0.0234545
-0.0234238
-0.0233931
-0.0233623
-0.0233314
-0.0233005
-0.0232696
-0.0232386
-0.0232076
-0.0231766
-0.0231455
-0.0231144
-0.0230834
-0.0230523
-0.0230212
-0.0229901
-0.022959
-0.022928
-0.0228969
-0.0228659
-0.0228348
-0.0228039
-0.0227729
-0.022742
-0.0227111
-0.0226803
-0.0226495
-0.0226187
-0.022588
-0.0225574
-0.0225269
-0.0224964
-0.022466
-0.0224356
-0.0224054
-0.0223752
-0.0223452
-0.0223152
-0.0222853
-0.0222555
-0.0222259
-0.0221963
-0.0221669
-0.0221376
-0.0221084
-0.0220793
-0.0220504
-0.0220216
-0.021993
-0.0219644
-0.0219361
-0.0219079
-0.0218798
-0.0218519
-0.0218242
-0.0217967
-0.0217693
-0.0217421
-0.0217151
-0.0216882
-0.0216616
-0.0216351
-0.0216088
-0.0215828
-0.0215569
-0.0215313
-0.0215058
-0.0214806
-0.0214555
-0.0214308
-0.0214062
-0.0213818
-0.0213577
-0.0213338
-0.0213102
-0.0212868
-0.0212636
-0.0212407
-0.021218
-0.0211956
-0.0211735
-0.0211516
-0.0211299
-0.0211086
-0.0210874
-0.0210666
-0.0210461
-0.0210258
-0.0210058
-0.0209861
-0.0209666
-0.0209475
-0.0209286
-0.02091
-0.0208918
-0.0208738
-0.0208561
-0.0208387
-0.0208217
-0.0208049
-0.0207884
-0.0207723
-0.0207564
-0.0207409
-0.0207257
-0.0207108
-0.0206963
-0.020682
-0.0206681
-0.0206545
-0.0206412
-0.0206283
-0.0206156
-0.0206033
-0.0205914
-0.0205798
-0.0205685
-0.0205575
-0.0205469
-0.0205366
-0.0205267
-0.0205171
-0.0205078
-0.0204989
-0.0204903
-0.0204821
-0.0204742
-0.0204666
-0.0204594
-0.0204526
-0.020446
-0.0204399
-0.020434
-0.0204286
-0.0204234
-0.0204186
-0.0204142
-0.0204101
-0.0204063
-0.0204029
-0.0203998
-0.0203971
-0.0203947
-0.0203926
-0.0203909
-0.0203895
-0.0203885
-0.0203878
-0.0203874
-0.0203874
-0.0203877
-0.0203884
-0.0203893
-0.0203906
-0.0203923
-0.0203942
-0.0203965
-0.0203991
-0.0204021
-0.0204053
-0.0204089
-0.0204128
-0.020417
-0.0204215
-0.0204263
-0.0204315
-0.0204369
-0.0204427
-0.0204487
-0.020455
-0.0204617
-0.0204686
-0.0204758
-0.0204833
-0.0204911
-0.0204991
-0.0205075
-0.0205161
-0.0205249
-0.0205341
-0.0205435
-0.0205532
-0.0205631
-0.0205732
-0.0205837
-0.0205943
-0.0206052
-0.0206164
-0.0206277
-0.0206393
-0.0206511
-0.0206632
-0.0206754
-0.0206879
-0.0207006
-0.0207134
-0.0207265
-0.0202454
-0.0207398
-0.0207532
-0.0207669
-0.0207807
-0.0207946
-0.0208088
-0.0208231
-0.0208376
-0.0208522
-0.020867
-0.0208819
-0.0208969
-0.0209121
-0.0209274
-0.0209429
-0.0209584
-0.0209741
-0.0209898
-0.0210057
-0.0210217
-0.0210377
-0.0210538
-0.0210701
-0.0210863
-0.0211027
-0.0211191
-0.0211356
-0.0211521
-0.0211686
-0.0211852
-0.0212019
-0.0212186
-0.0212352
-0.0212519
-0.0212687
-0.0212854
-0.0213021
-0.0213188
-0.0213355
-0.0213522
-0.0213689
-0.0213855
-0.0214022
-0.0214187
-0.0214353
-0.0214518
-0.0214682
-0.0214846
-0.0215009
-0.0215172
-0.0215333
-0.0215494
-0.0215655
-0.0215814
-0.0215973
-0.021613
-0.0216287
-0.0216442
-0.0216597
-0.021675
-0.0216902
-0.0217053
-0.0217203
-0.0217352
-0.0217499
-0.0217645
-0.0217789
-0.0217932
-0.0218074
-0.0218214
-0.0218353
-0.021849
-0.0218626
-0.021876
-0.0218892
-0.0219023
-0.0219152
-0.021928
-0.0219406
-0.021953
-0.0219652
-0.0219773
-0.0219892
-0.0220009
-0.0220125
-0.0220238
-0.022035
-0.022046
-0.0220569
-0.0220675
-0.022078
-0.0220883
-0.0220984
-0.0221083
-0.0221181
-0.0221277
-0.022137
-0.0221463
-0.0221553
-0.0221641
-0.0221728
-0.0221813
-0.0221897
-0.0221978
-0.0222058
-0.0222136
-0.0222213
-0.0222287
-0.022236
-0.0222432
-0.0222502
-0.022257
-0.0222637
-0.0222702
-0.0222765
-0.0222827
-0.0222888
-0.0222947
-0.0223005
-0.0223061
-0.0223116
-0.0223169
-0.0223221
-0.0223272
-0.0223322
-0.022337
-0.0223417
-0.0223463
-0.0223508
-0.0223551
-0.0223593
-0.0223635
-0.0223675
-0.0223714
-0.0223752
-0.0223789
-0.0223826
-0.0223861
-0.0223895
-0.0223929
-0.0223961
-0.0223993
-0.0224024
-0.0224055
-0.0224084
-0.0224113
-0.0224141
-0.0224168
-0.0224195
-0.0224221
-0.0224247
-0.0224272
-0.0224296
-0.022432
-0.0224343
-0.0224366
-0.0224388
-0.022441
-0.0224431
-0.0224452
-0.0224472
-0.0224492
-0.0224512
-0.0224531
-0.022455
-0.0224568
-0.0224586
-0.0224604
-0.0224621
-0.0224638
-0.0224655
-0.0224671
-0.0224687
-0.0224703
-0.0224718
-0.0224733
-0.0224748
-0.0224763
-0.0224777
-0.022479
-0.0224804
-0.0224817
-0.022483
-0.0224842
-0.0224855
-0.0224866
-0.0224878
-0.0224889
-0.02249
-0.022491
-0.022492
-0.022493
-0.0224939
-0.0224948
-0.0224957
-0.0224965
-0.0224972
-0.0224979
-0.0224986
-0.0224992
-0.0224998
-0.0225003
-0.0225008
-0.0225012
-0.0225016
-0.0225019
-0.0225021
-0.0225023
-0.0225024
-0.0225025
-0.0225025
-0.0225024
-0.0225023
-0.022502
-0.0225018
-0.0225014
-0.022501
-0.0225004
-0.0224999
-0.0224992
-0.0224984
-0.0224976
-0.0224966
-0.0224956
-0.0224945
-0.0224933
-0.022492
-0.0224906
-0.0224891
-0.0224875
-0.0224858
-0.0224839
-0.022482
-0.02248
-0.0224778
-0.0224756
-0.0224732
-0.0224707
-0.0224681
-0.0224654
-0.0224626
-0.0224596
-0.0224565
-0.0224533
-0.0224499
-0.0224465
-0.0224428
-0.0224391
-0.0224352
-0.0224312
-0.022427
-0.0224227
-0.0224183
-0.0224137
-0.022409
-0.0224041
-0.0223991
-0.0223939
-0.0223886
-0.0223831
-0.0223775
-0.0223717
-0.0223658
-0.0223597
-0.0223535
-0.0223471
-0.0223405
-0.0223338
-0.0223269
-0.0223199
-0.0223126
-0.0223053
-0.0222977
-0.02229
-0.0222822
-0.0222741
-0.0222659
-0.0222576
-0.022249
-0.0222403
-0.0222314
-0.0222224
-0.0222132
-0.0222038
-0.0221942
-0.0221845
-0.0221745
-0.0221645
-0.0221542
-0.0221438
-0.0221332
-0.0221224
-0.0221114
-0.0221003
-0.022089
-0.0220775
-0.0220659
-0.0220541
-0.0220421
-0.0220299
-0.0220176
-0.0220051
-0.0219924
-0.0219795
-0.0219665
-0.0219533
-0.0219399
-0.0219263
-0.0219126
-0.0218987
-0.0218846
-0.0218704
-0.021856
-0.0218414
-0.0218267
-0.0218118
-0.0217967
-0.0217814
-0.021766
-0.0217505
-0.0217347
-0.0217188
-0.0217027
-0.0216865
-0.0216701
-0.0216536
-0.0216369
-0.02162
-0.021603
-0.0215858
-0.0215685
-0.021551
-0.0215333
-0.0215155
-0.0214976
-0.0214795
-0.0214612
-0.0214428
-0.0214243
-0.0214056
-0.0213868
-0.0213678
-0.0213487
-0.0213294
-0.02131
-0.0212905
-0.0212708
-0.021251
-0.021231
-0.021211
-0.0211908
-0.0211704
-0.02115
-0.0211294
-0.0211086
-0.0210878
-0.0210668
-0.0210458
-0.0210246
-0.0210032
-0.0209818
-0.0209603
-0.0209386
-0.0209168
-0.0208949
-0.020873
-0.0208509
-0.0208287
-0.0208064
-0.020784
-0.0207614
-0.0207388
-0.0207162
-0.0206934
-0.0206705
-0.0206475
-0.0206244
-0.0206013
-0.0205781
-0.0205547
-0.0205314
-0.0205079
-0.0204843
-0.0204607
-0.020437
-0.0204132
-0.0203894
-0.0203654
-0.0203415
-0.0203174
-0.0202933
-0.0202691
-0.0202449
-0.0202206
-0.0201963
-0.0201719
-0.0201475
-0.020123
-0.0200984
-0.0200739
-0.0200492
-0.0200246
-0.0199999
-0.0199751
-0.0199504
-0.0199256
-0.0199007
-0.0198759
-0.019851
-0.0198261
-0.0198011
-0.0197762
-0.0197512
-0.0197262
-0.0197012
-0.0196762
-0.0196511
-0.0196261
-0.019601
-0.019576
-0.0195509
-0.0195259
-0.0195008
-0.0194758
-0.0194508
-0.0194257
-0.0194007
-0.0193757
-0.0193507
-0.0193257
-0.0193008
-0.0192758
-0.0192509
-0.019226
-0.0192012
-0.0191763
-0.0191515
-0.0191267
-0.019102
-0.0190773
-0.0190526
-0.019028
-0.0190034
-0.0189789
-0.0189544
-0.01893
-0.0189056
-0.0188813
-0.018857
-0.0188328
-0.0188086
-0.0187845
-0.0187605
-0.0187365
-0.0187126
-0.0186888
-0.018665
-0.0186413
-0.0186177
-0.0185941
-0.0185707
-0.0185473
-0.018524
-0.0185007
-0.0184776
-0.0184546
-0.0184316
-0.0184087
-0.018386
-0.0183633
-0.0183407
-0.0183182
-0.0182958
-0.0182736
-0.0182514
-0.0182293
-0.0182074
-0.0181855
-0.0181638
-0.0181421
-0.0181206
-0.0180992
-0.0180779
-0.0180568
-0.0180358
-0.0180148
-0.017994
-0.0179734
-0.0179528
-0.0179324
-0.0179122
-0.017892
-0.017872
-0.0178522
-0.0178324
-0.0178128
-0.0177934
-0.0177741
-0.0177549
-0.0177359
-0.017717
-0.0176983
-0.0176797
-0.0176613
-0.017643
-0.0176249
-0.0176069
-0.0175891
-0.0175714
-0.017554
-0.0175366
-0.0175195
-0.0175025
-0.0174856
-0.0174689
-0.0174524
-0.0174361
-0.0174199
-0.0174039
-0.0173881
-0.0173725
-0.017357
-0.0173417
-0.0173266
-0.0173116
-0.0172969
-0.0172823
-0.0172679
-0.0172537
-0.0172396
-0.0172258
-0.0172121
-0.0171986
-0.0171853
-0.0171722
-0.0171593
-0.0171466
-0.0171341
-0.0171217
-0.0171096
-0.0170976
-0.0170859
-0.0170743
-0.017063
-0.0170518
-0.0170409
-0.0170301
-0.0170195
-0.0170092
-0.016999
-0.016989
-0.0169793
-0.0169697
-0.0169604
-0.0169513
-0.0169423
-0.0169336
-0.0169251
-0.0169168
-0.0169087
-0.0169008
-0.0168931
-0.0168856
-0.0168784
-0.0168713
-0.0168645
-0.0168579
-0.0168514
-0.0168452
-0.0168393
-0.0168335
-0.0168279
-0.0168226
-0.0168175
-0.0168126
-0.0168079
-0.0168034
-0.0167992
-0.0167951
-0.0167913
-0.0167877
-0.0167843
-0.0167812
-0.0167782
-0.0167755
-0.016773
-0.0167707
-0.0167686
-0.0167668
-0.0167652
-0.0167638
-0.0167626
-0.0167616
-0.0167609
-0.0167604
-0.0167601
-0.01676
-0.0167602
-0.0167605
-0.0167611
-0.0167619
-0.016763
-0.0167642
-0.0167657
-0.0167674
-0.0167693
-0.0167715
-0.0167739
-0.0167765
-0.0167793
-0.0167823
-0.0167856
-0.016789
-0.0167927
-0.0167967
-0.0168008
-0.0168052
-0.0168098
-0.0168146
-0.0168196
-0.0168249
-0.0168303
-0.016836
-0.016842
-0.0168481
-0.0168544
-0.016861
-0.0168678
-0.0168748
-0.0168821
-0.0168895
-0.0168972
-0.0169051
-0.0169132
-0.0169215
-0.0169301
-0.0169388
-0.0169478
-0.016957
-0.0169664
-0.016976
-0.0169859
-0.016996
-0.0170063
-0.0170168
-0.0170275
-0.0170384
-0.0170496
-0.0170609
-0.0170725
-0.0170843
-0.0170963
-0.0171085
-0.0171209
-0.0171335
-0.0171463
-0.0171594
-0.0171726
-0.0171861
-0.0171997
-0.0172136
-0.0172277
-0.0172419
-0.0172564
-0.0172711
-0.017286
-0.0173011
-0.0173164
-0.0173318
-0.0173475
-0.0173634
-0.0173795
-0.0173958
-0.0174123
-0.0174289
-0.0174458
-0.0174629
-0.0174801
-0.0174976
-0.0175152
-0.0175331
-0.0175511
-0.0175693
-0.0175878
-0.0176064
-0.0176251
-0.0176441
-0.0176633
-0.0176826
-0.0177022
-0.0177219
-0.0177418
-0.0177618
-0.0177821
-0.0178025
-0.0178231
-0.0178439
-0.0178649
-0.017886
-0.0179074
-0.0179288
-0.0179505
-0.0179723
-0.0179943
-0.0180165
-0.0180388
-0.0180613
-0.018084
-0.0181068
-0.0181298
-0.0181529
-0.0181762
-0.0181997
-0.0182233
-0.018247
-0.0182709
-0.018295
-0.0183192
-0.0183436
-0.0183681
-0.0183928
-0.0184175
-0.0184425
-0.0184676
-0.0184928
-0.0185181
-0.0185436
-0.0185692
-0.018595
-0.0186208
-0.0186468
-0.018673
-0.0186992
-0.0187256
-0.0187521
-0.0187787
-0.0188054
-0.0188322
-0.0188592
-0.0188862
-0.0189134
-0.0189407
-0.018968
-0.0189955
-0.0190231
-0.0190507
-0.0190785
-0.0191064
-0.0191343
-0.0191623
-0.0191904
-0.0192186
-0.0192469
-0.0192753
-0.0193037
-0.0193322
-0.0193608
-0.0193894
-0.0194181
-0.0194469
-0.0194757
-0.0195046
-0.0195335
-0.0195625
-0.0195916
-0.0196207
-0.0196498
-0.019679
-0.0197082
-0.0197375
-0.0197668
-0.0197961
-0.0198254
-0.0198548
-0.0198842
-0.0199136
-0.0199431
-0.0199725
-0.020002
-0.0200315
-0.020061
-0.0200904
-0.0201199
-0.0201494
-0.0201789
-0.0202084
-0.0202378
-0.0202673
-0.0202967
-0.0203261
-0.0203555
-0.0203848
-0.0204142
-0.0204435
-0.0204727
-0.020502
-0.0205311
-0.0205603
-0.0205894
-0.0206184
-0.0206474
-0.0206763
-0.0207052
-0.020734
-0.0207628
-0.0207914
-0.02082
-0.0208486
-0.020877
-0.0209054
-0.0209337
-0.0209619
-0.02099
-0.021018
-0.0210459
-0.0210738
-0.0211015
-0.0211291
-0.0211566
-0.021184
-0.0212113
-0.0212385
-0.0212655
-0.0212925
-0.0213193
-0.0213459
-0.0213725
-0.0213989
-0.0214251
-0.0214513
-0.0214773
-0.0215031
-0.0215288
-0.0215543
-0.0215797
-0.0216049
-0.02163
-0.0216549
-0.0216796
-0.0217042
-0.0217286
-0.0217528
-0.0217768
-0.0218007
-0.0218244
-0.0218479
-0.0218712
-0.0218943
-0.0219172
-0.0219399
-0.0219625
-0.0219848
-0.0220069
-0.0220288
-0.0220506
-0.0220721
-0.0220933
-0.0221144
-0.0221353
-0.0221559
-0.0221763
-0.0221965
-0.0222165
-0.0222362
-0.0222557
-0.022275
-0.022294
-0.0223128
-0.0223314
-0.0223497
-0.0223677
-0.0223856
-0.0224031
-0.0224205
-0.0224375
-0.0224544
-0.0224709
-0.0224872
-0.0225033
-0.0225191
-0.0225346
-0.0225499
-0.0225649
-0.0225796
-0.0225941
-0.0226083
-0.0226222
-0.0226358
-0.0226492
-0.0226623
-0.0226751
-0.0226877
-0.0226999
-0.0227119
-0.0227236
-0.022735
-0.0227462
-0.022757
-0.0227676
-0.0227779
-0.0227879
-0.0227975
-0.022807
-0.0228161
-0.0228249
-0.0228334
-0.0228417
-0.0228496
-0.0228573
-0.0228646
-0.0228717
-0.0228784
-0.0228849
-0.0228911
-0.0228969
-0.0229025
-0.0229078
-0.0229127
-0.0229174
-0.0229218
-0.0229259
-0.0229296
-0.0229331
-0.0229363
-0.0229391
-0.0229417
-0.022944
-0.022946
-0.0229476
-0.022949
-0.0229501
-0.0229508
-0.0229513
-0.0229515
-0.0229514
-0.0229509
-0.0229502
-0.0229492
-0.0229479
-0.0229463
-0.0229443
-0.0229421
-0.0229396
-0.0229368
-0.0229338
-0.0229304
-0.0229267
-0.0229227
-0.0229185
-0.0229139
-0.0229091
-0.0229039
-0.0228985
-0.0228928
-0.0228868
-0.0228806
-0.022874
-0.0228672
-0.0228601
-0.0228527
-0.022845
-0.022837
-0.0228288
-0.0228203
-0.0228115
-0.0228024
-0.0227931
-0.0227835
-0.0227737
-0.0227635
-0.0227531
-0.0227425
-0.0227315
-0.0227203
-0.0227089
-0.0226972
-0.0226852
-0.022673
-0.0226605
-0.0226478
-0.0226348
-0.0226216
-0.0226081
-0.0225944
-0.0225804
-0.0225662
-0.0225518
-0.0225371
-0.0225222
-0.022507
-0.0224916
-0.022476
-0.0224602
-0.0224441
-0.0224278
-0.0224113
-0.0223945
-0.0223776
-0.0223604
-0.022343
-0.0223254
-0.0223076
-0.0222896
-0.0222713
-0.0222529
-0.0222343
-0.0222154
-0.0221964
-0.0221772
-0.0221577
-0.0221381
-0.0221183
-0.0220983
-0.0220782
-0.0220578
-0.0220373
-0.0220166
-0.0219957
-0.0219746
-0.0219534
-0.021932
-0.0219105
-0.0218887
-0.0218669
-0.0218448
-0.0218226
-0.0218003
-0.0217778
-0.0217552
-0.0217324
-0.0217094
-0.0216864
-0.0216632
-0.0216398
-0.0216164
-0.0215928
-0.021569
-0.0215452
-0.0215212
-0.0214971
-0.0214729
-0.0214486
-0.0214242
-0.0213997
-0.021375
-0.0213503
-0.0213255
-0.0213006
-0.0212755
-0.0212504
-0.0212252
-0.0212
-0.0211746
-0.0211492
-0.0211237
-0.0210981
-0.0210725
-0.0210468
-0.021021
-0.0209952
-0.0209693
-0.0209434
-0.0209174
-0.0208914
-0.0208653
-0.0208392
-0.0208131
-0.0207869
-0.0207607
-0.0207345
-0.0207082
-0.020682
-0.0206557
-0.0206294
-0.0206031
-0.0205768
-0.0205505
-0.0205242
-0.0204979
-0.0204716
-0.0204453
-0.0204191
-0.0203928
-0.0203666
-0.0203404
-0.0203143
-0.0202882
-0.0202621
