2.5
2.49997
2.49988
2.49972
2.4995
2.4995
2.49922
2.49888
2.49847
2.498
2.49747
2.49688
2.49622
2.4955
2.49472
2.49388
2.49297
2.492
2.49097
2.48988
2.48873
2.48751
2.48623
2.48489
2.48349
2.48202
2.48049
2.4789
2.47725
2.47554
2.47376
2.47193
2.47003
2.46807
2.46605
2.46396
2.46182
2.45961
2.45734
2.45501
2.45262
2.45017
2.44765
2.44508
2.44244
2.43974
2.43699
2.43417
2.43129
2.42834
2.42534
2.42228
2.41916
2.41597
2.41273
2.40943
2.40606
2.40264
2.39915
2.39561
2.39201
2.38834
2.38462
2.38083
2.37699
2.37309
2.36913
2.36511
2.36103
2.35689
2.35269
2.34843
2.34412
2.33974
2.33531
2.33082
2.32627
2.32166
2.317
2.31227
2.30749
2.30265
2.29776
2.2928
2.28779
2.28272
2.2776
2.27241
2.26718
2.26188
2.25653
2.25112
2.24565
2.24013
2.23455
2.22892
2.22323
2.21749
2.21169
2.20583
2.19992
2.19396
2.18794
2.18186
2.17573
2.16955
2.16331
2.15702
2.15067
2.14427
2.13782
2.13131
2.12475
2.11814
2.11147
2.10475
2.09798
2.09116
2.08428
2.07735
2.07037
2.06334
2.05626
2.04912
2.04193
2.0347
2.02741
2.02007
2.01268
2.00524
1.99775
1.99021
1.98262
1.97498
1.96729
1.95955
1.95177
1.94393
1.93605
1.92812
1.92013
1.91211
1.90403
1.8959
1.88773
1.87951
1.87125
1.86294
1.85458
1.84617
1.83772
1.82922
1.82068
1.81209
1.80346
1.79478
1.78605
1.77728
1.76847
1.75961
1.75071
1.74177
1.73278
1.72375
1.71467
1.70555
1.69639
1.68719
1.67794
1.66866
1.65933
1.64996
1.64055
1.63109
1.6216
1.61207
1.60249
1.59288
1.58322
1.57353
1.5638
1.55402
1.54421
1.53436
1.52448
1.51455
1.50459
1.49458
1.48455
1.47447
1.46436
1.45421
1.44402
1.4338
1.42354
1.41325
1.40292
1.39256
1.38216
1.37172
1.36126
1.35076
1.34022
1.32965
1.31905
1.30841
1.29775
1.28705
1.27631
1.26555
1.25475
1.24393
1.23307
1.22218
1.21126
1.20031
1.18933
1.17832
1.16728
1.15621
1.14512
1.13399
1.12284
1.11165
1.10044
1.08921
1.07794
1.06665
1.05533
1.04399
1.03262
1.02122
1.0098
0.998349
0.986876
0.975379
0.963858
0.952312
0.940743
0.92915
0.917534
0.905894
0.894233
0.882549
0.870842
0.859114
0.847365
0.835594
0.823803
0.811991
0.800158
0.788306
0.776434
0.764542
0.752632
0.740702
0.728754
0.716788
0.704804
0.692802
0.680783
0.668747
0.656694
0.644625
0.63254
0.620439
0.608322
0.59619
0.584043
0.571882
0.559706
0.547517
0.535313
0.523097
0.510867
0.498624
0.486369
0.474102
0.461823
0.449532
0.437231
0.424918
0.412594
0.400261
0.387917
0.375564
0.363201
0.350829
0.338448
0.326059
0.313662
0.301257
0.288844
0.276424
0.263998
0.251564
0.239125
0.226679
0.214228
0.201771
0.189309
0.176843
0.164372
0.151897
0.139418
0.126936
0.114451
0.101963
0.0894717
0.0769786
0.0644837
0.0519871
0.0394892
0.0269903
0.0144907
0.00199082
-0.0105092
-0.0230089
-0.035508
-0.0480062
-0.0605033
-0.0729988
-0.0854925
-0.0979841
-0.110473
-0.12296
-0.135443
-0.147923
-0.160399
-0.172871
-0.185339
-0.197802
-0.210261
-0.222714
-0.235161
-0.247603
-0.260038
-0.272467
-0.284889
-0.297304
-0.309711
-0.322111
-0.334503
-0.346886
-0.359261
-0.371627
-0.383983
-0.39633
-0.408667
-0.420994
-0.43331
-0.445615
-0.457909
-0.470192
-0.482463
-0.494722
-0.506969
-0.519203
-0.531423
-0.543631
-0.555825
-0.568005
-0.580171
-0.592323
-0.604459
-0.616581
-0.628687
-0.640777
-0.652852
-0.66491
-0.676951
-0.688976
-0.700983
-0.712973
-0.724945
-0.736898
-0.748834
-0.76075
-0.772648
-0.784526
-0.796385
-0.808224
-0.820043
-0.831841
-0.843618
-0.855374
-0.867109
-0.878822
-0.890513
-0.902182
-0.913829
-0.925452
-0.937052
-0.948629
-0.960183
-0.971712
-0.983217
-0.994697
-1.00615
-1.01758
-1.02899
-1.04037
-1.05172
-1.06305
-1.07435
-1.08562
-1.09687
-1.10809
-1.11928
-1.13044
-1.14158
-1.15268
-1.16376
-1.17481
-1.18583
-1.19682
-1.20778
-1.21871
-1.2296
-1.24047
-1.25131
-1.26212
-1.27289
-1.28363
-1.29434
-1.30502
-1.31567
-1.32628
-1.33686
-1.3474
-1.35792
-1.36839
-1.37884
-1.38925
-1.39962
-1.40996
-1.42027
-1.43054
-1.44077
-1.45097
-1.46113
-1.47125
-1.48134
-1.49139
-1.5014
-1.51138
-1.52132
-1.53122
-1.54108
-1.5509
-1.56069
-1.57043
-1.58014
-1.58981
-1.59943
-1.60902
-1.61857
-1.62807
-1.63754
-1.64696
-1.65635
-1.66569
-1.67499
-1.68425
-1.69347
-1.70264
-1.71177
-1.72086
-1.72991
-1.73891
-1.74787
-1.75678
-1.76565
-1.77448
-1.78326
-1.792
-1.8007
-1.80934
-1.81795
-1.82651
-1.83502
-1.84348
-1.8519
-1.86028
-1.86861
-1.87689
-1.88512
-1.89331
-1.90145
-1.90954
-1.91758
-1.92558
-1.93353
-1.94143
-1.94928
-1.95708
-1.96483
-1.97254
-1.98019
-1.9878
-1.99535
-2.00286
-2.01031
-2.01772
-2.02508
-2.03238
-2.03963
-2.04684
-2.05399
-2.06109
-2.06814
-2.07513
-2.08208
-2.08897
-2.09581
-2.1026
-2.10934
-2.11602
-2.12265
-2.12923
-2.13575
-2.14222
-2.14864
-2.155
-2.16131
-2.16757
-2.17377
-2.17991
-2.18601
-2.19204
-2.19803
-2.20396
-2.20983
-2.21565
-2.22141
-2.22711
-2.23277
-2.23836
-2.2439
-2.24938
-2.25481
-2.26018
-2.26549
-2.27075
-2.27595
-2.2811
-2.28618
-2.29121
-2.29618
-2.3011
-2.30596
-2.31076
-2.3155
-2.32018
-2.32481
-2.32938
-2.33389
-2.33834
-2.34273
-2.34706
-2.35134
-2.35556
-2.35971
-2.36381
-2.36785
-2.37183
-2.37575
-2.37962
-2.38342
-2.38716
-2.39084
-2.39447
-2.39803
-2.40154
-2.40498
-2.40836
-2.41169
-2.41495
-2.41815
-2.42129
-2.42437
-2.4274
-2.43036
-2.43326
-2.43609
-2.43887
-2.44159
-2.44424
-2.44684
-2.44937
-2.45184
-2.45426
-2.45661
-2.45889
-2.46112
-2.46329
-2.46539
-2.46743
-2.46941
-2.47133
-2.47319
-2.47498
-2.47671
-2.47839
-2.47999
-2.48154
-2.48303
-2.48445
-2.48581
-2.48711
-2.48835
-2.48952
-2.49063
-2.49168
-2.49267
-2.4936
-2.49446
-2.49526
-2.496
-2.49667
-2.49729
-2.49784
-2.49833
-2.49875
-2.49912
-2.49942
-2.49966
-2.49983
-2.49995
-2.5
-2.49999
-2.49991
-2.49978
-2.49958
-2.49932
-2.49899
-2.49861
-2.49816
-2.49765
-2.49707
-2.49644
-2.49574
-2.49498
-2.49415
-2.49327
-2.49232
-2.49131
-2.49024
-2.4891
-2.4879
-2.48665
-2.48532
-2.48394
-2.4825
-2.48099
-2.47942
-2.47779
-2.47609
-2.47434
-2.47252
-2.47064
-2.4687
-2.4667
-2.46463
-2.46251
-2.46032
-2.45807
-2.45576
-2.45339
-2.45095
-2.44846
-2.4459
-2.44329
-2.44061
-2.43787
-2.43507
-2.43221
-2.42929
-2.42631
-2.42326
-2.42016
-2.417
-2.41377
-2.41049
-2.40714
-2.40374
-2.40027
-2.39675
-2.39316
-2.38951
-2.38581
-2.38205
-2.37822
-2.37434
-2.3704
-2.36639
-2.36233
-2.35821
-2.35403
-2.34979
-2.3455
-2.34114
-2.33673
-2.33226
-2.32772
-2.32314
-2.31849
-2.31378
-2.30902
-2.3042
-2.29932
-2.29439
-2.28939
-2.28434
-2.27924
-2.27407
-2.26885
-2.26357
-2.25824
-2.25285
-2.2474
-2.2419
-2.23634
-2.23072
-2.22505
-2.21932
-2.21354
-2.2077
-2.20181
-2.19586
-2.18986
-2.1838
-2.17769
-2.17152
-2.1653
-2.15903
-2.1527
-2.14632
-2.13988
-2.13339
-2.12685
-2.12025
-2.1136
-2.1069
-2.10014
-2.09334
-2.08648
-2.07956
-2.0726
-2.06558
-2.05852
-2.0514
-2.04423
-2.03701
-2.02973
-2.02241
-2.01504
-2.00761
-2.00014
-1.99262
-1.98504
-1.97742
-1.96975
-1.96202
-1.95425
-1.94643
-1.93856
-1.93065
-1.92268
-1.91467
-1.90661
-1.8985
-1.89034
-1.88214
-1.87389
-1.86559
-1.85724
-1.84885
-1.84042
-1.83193
-1.82341
-1.81483
-1.80621
-1.79755
-1.78884
-1.78008
-1.77128
-1.76244
-1.75355
-1.74462
-1.73565
-1.72663
-1.71757
-1.70846
-1.69931
-1.69013
-1.68089
-1.67162
-1.6623
-1.65295
-1.64355
-1.63411
-1.62463
-1.61511
-1.60555
-1.59594
-1.5863
-1.57662
-1.5669
-1.55714
-1.54734
-1.53751
-1.52763
-1.51772
-1.50776
-1.49777
-1.48775
-1.47768
-1.46758
-1.45744
-1.44727
-1.43706
-1.42681
-1.41653
-1.40621
-1.39586
-1.38547
-1.37505
-1.3646
-1.3541
-1.34358
-1.33302
-1.32243
-1.31181
-1.30115
-1.29046
-1.27974
-1.26898
-1.2582
-1.24738
-1.23653
-1.22565
-1.21474
-1.2038
-1.19283
-1.18183
-1.1708
-1.15974
-1.14865
-1.13754
-1.12639
-1.11522
-1.10402
-1.09279
-1.08153
-1.07025
-1.05894
-1.0476
-1.03624
-1.02485
-1.01344
-1.002
-0.990533
-0.979044
-0.96753
-0.955992
-0.94443
-0.932845
-0.921236
-0.909604
-0.89795
-0.886273
-0.874573
-0.862852
-0.85111
-0.839346
-0.827561
-0.815755
-0.803929
-0.792083
-0.780218
-0.768332
-0.756428
-0.744504
-0.732562
-0.720602
-0.708623
-0.696627
-0.684613
-0.672583
-0.660535
-0.648471
-0.636391
-0.624295
-0.612183
-0.600056
-0.587914
-0.575757
-0.563586
-0.551401
-0.539202
-0.526989
-0.514764
-0.502525
-0.490274
-0.478011
-0.465736
-0.453449
-0.44115
-0.428841
-0.416521
-0.404191
-0.39185
-0.3795
-0.36714
-0.354771
-0.342393
-0.330006
-0.317612
-0.305209
-0.292799
-0.280381
-0.267957
-0.255525
-0.243088
-0.230644
-0.218194
-0.20574
-0.193279
-0.180814
-0.168345
-0.155871
-0.143394
-0.130913
-0.118428
-0.105941
-0.0934507
-0.0809583
-0.0684639
-0.0559678
-0.0434703
-0.0309717
-0.0184723
-0.00597245
0.00652754
0.0190274
0.0315267
0.0440253
0.0565227
0.0690188
0.0815131
0.0940054
0.106495
0.118983
0.131467
0.143948
0.156425
0.168899
0.181368
0.193833
0.206293
0.218747
0.231197
0.24364
0.256078
0.268509
0.280933
0.29335
0.30576
0.318162
0.330557
0.342943
0.35532
0.367689
0.380048
0.392398
0.404738
0.417068
0.429388
0.441697
0.453994
0.466281
0.478556
0.490819
0.503069
0.515307
0.527532
0.539744
0.551942
0.564127
0.576298
0.588454
0.600595
0.612721
0.624832
0.636928
0.649007
0.661071
0.673117
0.685147
0.69716
0.709155
0.721133
0.733093
0.745034
0.756957
0.76886
0.780745
0.79261
0.804455
0.81628
0.828085
0.839869
0.851632
0.863373
0.875093
0.886792
0.898468
0.910121
0.921752
0.93336
0.944944
0.956505
0.968042
0.979555
0.991043
1.00251
1.01394
1.02536
1.03675
1.04811
1.05944
1.07075
1.08203
1.09329
1.10452
1.11572
1.12689
1.13803
1.14915
1.16023
1.17129
1.18232
1.19332
1.20429
1.21523
1.22614
1.23701
1.24786
1.25868
1.26946
1.28021
1.29093
1.30162
1.31228
1.3229
1.33349
1.34405
1.35457
1.36506
1.37552
1.38594
1.39632
1.40667
1.41699
1.42727
1.43751
1.44772
1.4579
1.46803
1.47813
1.48819
1.49822
1.50821
1.51816
1.52807
1.53794
1.54778
1.55758
1.56733
1.57705
1.58673
1.59637
1.60597
1.61553
1.62505
1.63453
1.64397
1.65336
1.66272
1.67203
1.6813
1.69053
1.69972
1.70887
1.71797
1.72703
1.73605
1.74502
1.75395
1.76283
1.77167
1.78047
1.78922
1.79793
1.80659
1.81521
1.82378
1.83231
1.84079
1.84923
1.85762
1.86596
1.87425
1.8825
1.8907
1.89886
1.90697
1.91502
1.92304
1.931
1.93891
1.94678
1.9546
1.96237
1.97009
1.97776
1.98538
1.99295
2.00047
2.00795
2.01537
2.02274
2.03006
2.03733
2.04455
2.05172
2.05883
2.0659
2.07291
2.07987
2.08678
2.09364
2.10044
2.1072
2.1139
2.12054
2.12714
2.13368
2.14017
2.1466
2.15298
2.15931
2.16558
2.1718
2.17796
2.18407
2.19013
2.19613
2.20207
2.20796
2.2138
2.21958
2.2253
2.23097
2.23658
2.24214
2.24764
2.25309
2.25848
2.26381
2.26908
2.2743
2.27946
2.28457
2.28962
2.29461
2.29954
2.30442
2.30923
2.31399
2.3187
2.32334
2.32793
2.33246
2.33692
2.34134
2.34569
2.34998
2.35422
2.3584
2.36251
2.36657
2.37057
2.37451
2.37839
2.38221
2.38598
2.38968
2.39332
2.3969
2.40043
2.40389
2.40729
2.41063
2.41392
2.41714
2.4203
2.4234
2.42644
2.42942
2.43234
2.4352
2.43799
2.44073
2.4434
2.44602
2.44857
2.45106
2.45349
2.45586
2.45817
2.46042
2.4626
2.46473
2.46679
2.46879
2.47073
2.4726
2.47442
2.47617
2.47786
2.47949
2.48106
2.48256
2.484
2.48538
2.4867
2.48796
2.48915
2.49029
2.49136
2.49236
2.49331
2.49419
2.49501
2.49577
2.49646
2.4971
2.49767
2.49818
2.49862
2.49901
2.49933
2.49959
2.49978
2.49992
2.49999
2.5
2.49994
2.49983
2.49965
2.49941
2.4991
2.49873
2.49831
2.49781
2.49726
2.49664
2.49597
2.49523
2.49442
2.49356
2.49263
2.49164
2.49058
2.48947
2.48829
2.48705
2.48575
2.48439
2.48296
2.48147
2.47992
2.47831
2.47664
2.4749
2.47311
2.47125
2.46932
2.46734
2.4653
2.46319
2.46102
2.45879
2.4565
2.45415
2.45174
2.44926
2.44672
2.44656
2.44656
2.44413
2.44147
2.43875
2.43597
2.43313
2.43023
2.42726
2.42424
2.42115
2.41801
2.4148
2.41154
2.40821
2.40483
2.40138
2.39787
2.39431
2.39068
2.387
2.38325
2.37945
2.37558
2.37166
2.36767
2.36363
2.35953
2.35537
2.35115
2.34687
2.34254
2.33814
2.33369
2.32917
2.3246
2.31998
2.31529
2.31054
2.30574
2.30088
2.29596
2.29099
2.28596
2.28087
2.27572
2.27052
2.26526
2.25994
2.25457
2.24914
2.24366
2.23811
2.23252
2.22686
2.22115
2.21539
2.20957
2.20369
2.19776
2.19178
2.18574
2.17964
2.17349
2.16729
2.16103
2.15472
2.14836
2.14194
2.13546
2.12894
2.12236
2.11572
2.10904
2.1023
2.09551
2.08867
2.08177
2.07482
2.06782
2.06077
2.05367
2.04652
2.03931
2.03206
2.02475
2.01739
2.00998
2.00253
1.99502
1.98746
1.97985
1.9722
1.96449
1.95673
1.94893
1.94108
1.93317
1.92522
1.91723
1.90918
1.90109
1.89294
1.88476
1.87652
1.86824
1.85991
1.85153
1.84311
1.83464
1.82613
1.81757
1.80896
1.80031
1.79162
1.78288
1.77409
1.76526
1.75639
1.74747
1.73851
1.72951
1.72046
1.71137
1.70223
1.69306
1.68384
1.67458
1.66528
1.65593
1.64655
1.63712
1.62765
1.61814
1.6086
1.59901
1.58938
1.57971
1.57
1.56025
1.55047
1.54064
1.53078
1.52088
1.51094
1.50096
1.49095
1.48089
1.4708
1.46068
1.45052
1.44032
1.43008
1.41981
1.4095
1.39916
1.38879
1.37838
1.36793
1.35745
1.34694
1.33639
1.32581
1.31519
1.30455
1.29387
1.28316
1.27241
1.26164
1.25083
1.23999
1.22912
1.21822
1.20729
1.19633
1.18534
1.17432
1.16327
1.15219
1.14108
1.12995
1.11878
1.10759
1.09637
1.08512
1.07385
1.06254
1.05122
1.03986
1.02848
1.01708
1.00564
0.994188
0.982706
0.9712
0.95967
0.948116
0.936538
0.924936
0.913312
0.901664
0.889995
0.878302
0.866588
0.854853
0.843095
0.831317
0.819518
0.807699
0.795859
0.783999
0.77212
0.760222
0.748304
0.736368
0.724413
0.712441
0.70045
0.688442
0.676417
0.664375
0.652316
0.640241
0.62815
0.616043
0.603921
0.591783
0.579631
0.567465
0.555284
0.543089
0.530881
0.518659
0.506425
0.494178
0.481918
0.469647
0.457364
0.445069
0.432763
0.420446
0.408119
0.395782
0.383435
0.371078
0.358712
0.346337
0.333953
0.321561
0.309161
0.296753
0.284337
0.271915
0.259486
0.24705
0.234608
0.222161
0.209707
0.197249
0.184785
0.172317
0.159845
0.147369
0.134889
0.122405
0.109919
0.0974294
0.0849377
0.0724439
0.0599483
0.0474512
0.0349529
0.0224538
0.00995406
-0.00254591
-0.0150458
-0.0275454
-0.0400442
-0.052542
-0.0650386
-0.0775335
-0.0900264
-0.102517
-0.115005
-0.127491
-0.139973
-0.152451
-0.164926
-0.177397
-0.189863
-0.202324
-0.214781
-0.227232
-0.239677
-0.252117
-0.26455
-0.276976
-0.289396
-0.301808
-0.314213
-0.32661
-0.338998
-0.351379
-0.36375
-0.376112
-0.388465
-0.400809
-0.413142
-0.425465
-0.437777
-0.450078
-0.462369
-0.474647
-0.486914
-0.499168
-0.51141
-0.523639
-0.535856
-0.548058
-0.560247
-0.572422
-0.584583
-0.596729
-0.60886
-0.620976
-0.633077
-0.645161
-0.65723
-0.669282
-0.681317
-0.693336
-0.705336
-0.71732
-0.729285
-0.741232
-0.753161
-0.765071
-0.776961
-0.788833
-0.800684
-0.812516
-0.824327
-0.836117
-0.847887
-0.859636
-0.871363
-0.883068
-0.894751
-0.906412
-0.91805
-0.929665
-0.941257
-0.952825
-0.96437
-0.97589
-0.987386
-0.998858
-1.0103
-1.02173
-1.03312
-1.04449
-1.05583
-1.06715
-1.07844
-1.08971
-1.10094
-1.11215
-1.12333
-1.13448
-1.14561
-1.15671
-1.16777
-1.17881
-1.18982
-1.2008
-1.21175
-1.22266
-1.23355
-1.24441
-1.25523
-1.26603
-1.27679
-1.28752
-1.29822
-1.30889
-1.31952
-1.33012
-1.34069
-1.35122
-1.36172
-1.37219
-1.38262
-1.39302
-1.40338
-1.41371
-1.424
-1.43425
-1.44447
-1.45466
-1.46481
-1.47492
-1.48499
-1.49503
-1.50503
-1.51499
-1.52492
-1.5348
-1.54465
-1.55446
-1.56423
-1.57396
-1.58365
-1.59331
-1.60292
-1.61249
-1.62202
-1.63151
-1.64097
-1.65037
-1.65974
-1.66907
-1.67836
-1.6876
-1.6968
-1.70596
-1.71507
-1.72415
-1.73318
-1.74216
-1.75111
-1.76001
-1.76886
-1.77767
-1.78644
-1.79516
-1.80384
-1.81247
-1.82106
-1.8296
-1.8381
-1.84655
-1.85495
-1.86331
-1.87162
-1.87988
-1.8881
-1.89627
-1.90439
-1.91246
-1.92049
-1.92847
-1.9364
-1.94428
-1.95211
-1.9599
-1.96763
-1.97532
-1.98296
-1.99055
-1.99808
-2.00557
-2.01301
-2.0204
-2.02773
-2.03502
-2.04225
-2.04944
-2.05657
-2.06365
-2.07068
-2.07766
-2.08459
-2.09146
-2.09828
-2.10505
-2.11177
-2.11843
-2.12504
-2.1316
-2.13811
-2.14456
-2.15095
-2.1573
-2.16359
-2.16982
-2.17601
-2.18213
-2.1882
-2.19422
-2.20019
-2.20609
-2.21195
-2.21774
-2.22349
-2.22917
-2.2348
-2.24038
-2.2459
-2.25136
-2.25677
-2.26212
-2.26741
-2.27265
-2.27783
-2.28295
-2.28801
-2.29302
-2.29797
-2.30287
-2.3077
-2.31248
-2.3172
-2.32187
-2.32647
-2.33102
-2.33551
-2.33994
-2.34431
-2.34862
-2.35288
-2.35707
-2.36121
-2.36529
-2.3693
-2.37326
-2.37716
-2.381
-2.38478
-2.38851
-2.39217
-2.39577
-2.39931
-2.40279
-2.40621
-2.40958
-2.41288
-2.41612
-2.4193
-2.42242
-2.42548
-2.42848
-2.43142
-2.43429
-2.43711
-2.43986
-2.44256
-2.44519
-2.44777
-2.45028
-2.45273
-2.45512
-2.45744
-2.45971
-2.46191
-2.46406
-2.46614
-2.46816
-2.47011
-2.47201
-2.47384
-2.47562
-2.47733
-2.47898
-2.48056
-2.48209
-2.48355
-2.48495
-2.48629
-2.48757
-2.48878
-2.48993
-2.49102
-2.49205
-2.49301
-2.49392
-2.49476
-2.49553
-2.49625
-2.4969
-2.49749
-2.49802
-2.49849
-2.49889
-2.49923
-2.49951
-2.49973
-2.49988
-2.49997
-2.5
-2.49997
-2.49987
-2.49971
-2.49949
-2.4992
-2.49886
-2.49845
-2.49798
-2.49744
-2.49685
-2.49619
-2.49547
-2.49468
-2.49384
-2.49293
-2.49196
-2.49093
-2.48983
-2.48867
-2.48745
-2.48617
-2.48483
-2.48342
-2.48196
-2.48042
-2.47883
-2.47718
-2.47546
-2.47546
-2.47368
-2.47184
-2.46994
-2.46798
-2.46595
-2.46387
-2.46172
-2.45951
-2.45724
-2.45491
-2.45251
-2.45006
-2.44754
-2.44496
-2.44232
-2.43962
-2.43686
-2.43404
-2.43116
-2.42821
-2.42521
-2.42214
-2.41902
-2.41583
-2.41259
-2.40928
-2.40591
-2.40249
-2.399
-2.39545
-2.39184
-2.38818
-2.38445
-2.38066
-2.37682
-2.37291
-2.36895
-2.36493
-2.36084
-2.3567
-2.3525
-2.34824
-2.34392
-2.33955
-2.33511
-2.33062
-2.32607
-2.32146
-2.31679
-2.31206
-2.30728
-2.30244
-2.29754
-2.29258
-2.28757
-2.2825
-2.27737
-2.27218
-2.26694
-2.26164
-2.25629
-2.25088
-2.24541
-2.23988
-2.2343
-2.22867
-2.22298
-2.21723
-2.21143
-2.20557
-2.19966
-2.19369
-2.18767
-2.18159
-2.17546
-2.16927
-2.16303
-2.15674
-2.15039
-2.14399
-2.13753
-2.13102
-2.12446
-2.11784
-2.11117
-2.10445
-2.09768
-2.09085
-2.08397
-2.07704
-2.07006
-2.06303
-2.05594
-2.0488
-2.04161
-2.03437
-2.02708
-2.01974
-2.01235
-2.00491
-1.99742
-1.98987
-1.98228
-1.97464
-1.96695
-1.95921
-1.95142
-1.94358
-1.9357
-1.92776
-1.91978
-1.91175
-1.90367
-1.89554
-1.88737
-1.87915
-1.87088
-1.86257
-1.8542
-1.8458
-1.83734
-1.82884
-1.8203
-1.81171
-1.80307
-1.79439
-1.78566
-1.77689
-1.76808
-1.75922
-1.75032
-1.74137
-1.73238
-1.72334
-1.71427
-1.70515
-1.69598
-1.68678
-1.67753
-1.66824
-1.65891
-1.64954
-1.64013
-1.63067
-1.62118
-1.61164
-1.60207
-1.59245
-1.58279
-1.5731
-1.56336
-1.55359
-1.54378
-1.53393
-1.52404
-1.51411
-1.50414
-1.49414
-1.4841
-1.47402
-1.46391
-1.45376
-1.44357
-1.43335
-1.42309
-1.41279
-1.40246
-1.3921
-1.3817
-1.37126
-1.36079
-1.35029
-1.33975
-1.32918
-1.31858
-1.30794
-1.29727
-1.28657
-1.27584
-1.26507
-1.25427
-1.24345
-1.23259
-1.2217
-1.21077
-1.19982
-1.18884
-1.17783
-1.16679
-1.15572
-1.14462
-1.1335
-1.12234
-1.11116
-1.09995
-1.08871
-1.07744
-1.06615
-1.05483
-1.04348
-1.03211
-1.02071
-1.00929
-0.99784
-0.986366
-0.974868
-0.963345
-0.951799
-0.940228
-0.928634
-0.917017
-0.905377
-0.893714
-0.882029
-0.870322
-0.858593
-0.846843
-0.835071
-0.823279
-0.811466
-0.799632
-0.787779
-0.775906
-0.764014
-0.752102
-0.740172
-0.728223
-0.716256
-0.704271
-0.692269
-0.680249
-0.668212
-0.656159
-0.644089
-0.632003
-0.619901
-0.607784
-0.595651
-0.583504
-0.571342
-0.559165
-0.546975
-0.534771
-0.522554
-0.510323
-0.49808
-0.485825
-0.473557
-0.461277
-0.448986
-0.436684
-0.424371
-0.412047
-0.399713
-0.387369
-0.375015
-0.362652
-0.350279
-0.337898
-0.325509
-0.313111
-0.300706
-0.288293
-0.275873
-0.263446
-0.251012
-0.238572
-0.226126
-0.213675
-0.201218
-0.188756
-0.176289
-0.163818
-0.151343
-0.138864
-0.126382
-0.113896
-0.101408
-0.088917
-0.0764238
-0.0639287
-0.0514321
-0.0389341
-0.0264352
-0.0139356
-0.00143572
0.0110642
0.0235639
0.036063
0.0485612
0.0610582
0.0735537
0.0860473
0.0985387
0.111028
0.123514
0.135997
0.148477
0.160953
0.173425
0.185893
0.198356
0.210814
0.223266
0.235714
0.248155
0.26059
0.273019
0.28544
0.297855
0.310262
0.322662
0.335053
0.347436
0.35981
0.372176
0.384532
0.396878
0.409215
0.421541
0.433856
0.446161
0.458455
0.470737
0.483008
0.495266
0.507512
0.519745
0.531966
0.544173
0.556366
0.568546
0.580711
0.592862
0.604998
0.617119
0.629224
0.641314
0.653387
0.665445
0.677485
0.689509
0.701516
0.713505
0.725476
0.737429
0.749363
0.761279
0.773176
0.785053
0.796911
0.808749
0.820567
0.832364
0.84414
0.855896
0.86763
0.879342
0.891032
0.9027
0.914345
0.925968
0.937567
0.949143
0.960695
0.972223
0.983727
0.995206
1.00666
1.01809
1.02949
1.04087
1.05222
1.06355
1.07485
1.08612
1.09737
1.10858
1.11977
1.13094
1.14207
1.15317
1.16425
1.1753
1.18632
1.1973
1.20826
1.21919
1.23009
1.24095
1.25179
1.26259
1.27337
1.28411
1.29482
1.30549
1.31614
1.32675
1.33733
1.34787
1.35838
1.36886
1.3793
1.38971
1.40008
1.41042
1.42072
1.43099
1.44122
1.45142
1.46158
1.4717
1.48179
1.49184
1.50185
1.51182
1.52176
1.53166
1.54152
1.55134
1.56112
1.57087
1.58057
1.59024
1.59986
1.60945
1.61899
1.6285
1.63796
1.64738
1.65676
1.6661
1.6754
1.68466
1.69387
1.70305
1.71218
1.72126
1.73031
1.73931
1.74826
1.75718
1.76605
1.77487
1.78365
1.79239
1.80108
1.80973
1.81833
1.82688
1.83539
1.84386
1.85228
1.86065
1.86897
1.87725
1.88548
1.89367
1.90181
1.9099
1.91794
1.92593
1.93388
1.94178
1.94962
1.95742
1.96518
1.97288
1.98053
1.98813
1.99569
2.00319
2.01064
2.01805
2.0254
2.0327
2.03995
2.04716
2.0543
2.0614
2.06845
2.07544
2.08239
2.08928
2.09612
2.1029
2.10963
2.11632
2.12294
2.12952
2.13604
2.14251
2.14892
2.15528
2.16159
2.16784
2.17404
2.18019
2.18628
2.19231
2.19829
2.20422
2.21009
2.2159
2.22166
2.22737
2.23302
2.23861
2.24414
2.24963
2.25505
2.26042
2.26573
2.27098
2.27618
2.28132
2.28641
2.29143
2.2964
2.30132
2.30617
2.31097
2.31571
2.32039
2.32501
2.32958
2.33408
2.33853
2.34292
2.34725
2.35153
2.35574
2.3599
2.36399
2.36803
2.37201
2.37593
2.37979
2.38359
2.38733
2.39101
2.39463
2.39819
2.40169
2.40513
2.40851
2.41183
2.41509
2.41829
2.42143
2.42451
2.42753
2.43049
2.43338
2.43622
2.43899
2.44171
2.44436
2.44695
2.44948
2.45195
2.45436
2.45671
2.45899
2.46122
2.46338
2.46548
2.46752
2.4695
2.47141
2.47327
2.47506
2.47679
2.47846
2.48006
2.48161
2.48309
2.48451
2.48587
2.48717
2.4884
2.48957
2.49068
2.49173
2.49271
2.49364
2.4945
2.49529
2.49603
2.4967
2.49731
2.49786
2.49835
2.49877
2.49913
2.49943
2.49967
2.49984
2.49995
2.5
2.49998
2.49991
2.49977
2.49957
2.4993
2.49898
2.49859
2.49813
2.49762
2.49704
2.49641
2.4957
2.49494
2.49411
2.49323
2.49228
2.49126
2.49019
2.48905
2.48785
2.48659
2.48526
2.48388
2.48243
2.48092
2.47935
2.47771
2.47602
2.47426
2.47244
2.47056
2.46861
2.46661
2.46454
2.46241
2.46022
2.45797
2.45566
2.45328
2.45084
2.44835
2.44579
2.44317
2.44049
2.43775
2.43494
2.43208
2.42916
2.42617
2.42313
2.42002
2.41685
2.41363
2.41034
2.40699
2.40358
2.40012
2.39659
2.393
2.38935
2.38564
2.38188
2.37805
2.37416
2.37022
2.36621
2.36215
2.35803
2.35385
2.3496
2.34531
2.34095
2.33653
2.33206
2.32752
2.32293
2.31828
2.31357
2.30881
2.30398
2.2991
2.29417
2.28917
2.28412
2.27901
2.27384
2.26862
2.26334
2.258
2.25261
2.24716
2.24165
2.23609
2.23047
2.2248
2.21907
2.21328
2.20744
2.20155
2.1956
2.18959
2.18353
2.17742
2.17125
2.16503
2.15875
2.15242
2.14603
2.13959
2.1331
2.12655
2.11996
2.1133
2.1066
2.09984
2.09303
2.08617
2.07926
2.07229
2.06527
2.0582
2.05108
2.04391
2.03669
2.02941
2.02209
2.01471
2.00728
1.99981
1.99228
1.98471
1.97708
1.9694
1.96168
1.95391
1.94608
1.93821
1.93029
1.92233
1.91431
1.90625
1.89814
1.88998
1.88177
1.87352
1.86522
1.85687
1.84848
1.84004
1.83156
1.82303
1.81445
1.80583
1.79716
1.78845
1.77969
1.77089
1.76205
1.75316
1.74422
1.73525
1.72623
1.71716
1.70806
1.69891
1.68972
1.68048
1.67121
1.66189
1.65253
1.64313
1.63369
1.62421
1.61468
1.60512
1.59552
1.58587
1.57619
1.56647
1.55671
1.54691
1.53707
1.52719
1.51728
1.50732
1.49733
1.4873
1.47724
1.46713
1.45699
1.44682
1.43661
1.42636
1.41607
1.40575
1.3954
1.38501
1.37459
1.36413
1.35364
1.34311
1.33255
1.32196
1.31133
1.30067
1.28998
1.27926
1.2685
1.25772
1.2469
1.23605
1.22517
1.21426
1.20332
1.19234
1.18134
1.17031
1.15925
1.14816
1.13704
1.1259
1.11472
1.10352
1.09229
1.08103
1.06975
1.05844
1.0471
1.03573
1.02435
1.01293
1.00149
0.990024
0.978533
0.967018
0.955479
0.943916
0.93233
0.92072
0.909087
0.897432
0.885754
0.874053
0.862331
0.850588
0.838823
0.827037
0.815231
0.803404
0.791557
0.77969
0.767804
0.755898
0.743974
0.732031
0.72007
0.708091
0.696094
0.68408
0.672048
0.66
0.647935
0.635854
0.623757
0.611645
0.599517
0.587375
0.575217
0.563045
0.55086
0.53866
0.526447
0.514221
0.501982
0.48973
0.477466
0.46519
0.452903
0.440604
0.428294
0.415974
0.403643
0.391302
0.378951
0.366591
0.354221
0.341843
0.329456
0.317061
0.304658
0.292248
0.27983
0.267405
0.254973
0.242535
0.230091
0.217641
0.205186
0.192726
0.180261
0.167791
0.155317
0.14284
0.130358
0.117874
0.105386
0.092896
0.0804035
0.067909
0.0554128
0.0429152
0.0304166
0.0179172
0.00541735
-0.00708264
-0.0195824
-0.0320818
-0.0445803
-0.0570777
-0.0695737
-0.0820679
-0.0945601
-0.10705
-0.119537
-0.132021
-0.144502
-0.156979
-0.169453
-0.181922
-0.194386
-0.206846
-0.2193
-0.231749
-0.244193
-0.25663
-0.269061
-0.281484
-0.293901
-0.306311
-0.318713
-0.331107
-0.343493
-0.35587
-0.368238
-0.380597
-0.392946
-0.405286
-0.417616
-0.429935
-0.442243
-0.45454
-0.466826
-0.479101
-0.491363
-0.503613
-0.51585
-0.528075
-0.540286
-0.552484
-0.564668
-0.576838
-0.588993
-0.601134
-0.61326
-0.62537
-0.637465
-0.649543
-0.661606
-0.673652
-0.685681
-0.697693
-0.709688
-0.721665
-0.733623
-0.745564
-0.757486
-0.769389
-0.781272
-0.793136
-0.804981
-0.816805
-0.828609
-0.840392
-0.852154
-0.863894
-0.875613
-0.887311
-0.898986
-0.910638
-0.922268
-0.933875
-0.945458
-0.957018
-0.968554
-0.980065
-0.991553
-1.00301
-1.01445
-1.02586
-1.03725
-1.04861
-1.05994
-1.07125
-1.08253
-1.09379
-1.10501
-1.11621
-1.12738
-1.13853
-1.14964
-1.16073
-1.17178
-1.18281
-1.19381
-1.20477
-1.21571
-1.22662
-1.2375
-1.24834
-1.25916
-1.26994
-1.28069
-1.29141
-1.3021
-1.31275
-1.32337
-1.33396
-1.34452
-1.35504
-1.36553
-1.37598
-1.3864
-1.39678
-1.40713
-1.41745
-1.42772
-1.43797
-1.44818
-1.45835
-1.46848
-1.47858
-1.48864
-1.49866
-1.50865
-1.5186
-1.52851
-1.53838
-1.54822
-1.55801
-1.56777
-1.57748
-1.58716
-1.5968
-1.6064
-1.61595
-1.62547
-1.63495
-1.64439
-1.65378
-1.66313
-1.67245
-1.68172
-1.69094
-1.70013
-1.70927
-1.71837
-1.72743
-1.73644
-1.74542
-1.75434
-1.76323
-1.77207
-1.78086
-1.78961
-1.79832
-1.80698
-1.81559
-1.82416
-1.83269
-1.84117
-1.8496
-1.85799
-1.86633
-1.87462
-1.88287
-1.89107
-1.89922
