-0.00438861
-0.00246668
-0.000785591
0.000713956
0.00676838
0.00206634
0.00329283
0.00440871
0.00542519
0.00635147
0.00719531
0.0079635
0.0086621
0.00929651
0.00987164
0.0103919
0.0108614
0.0112839
0.0116625
0.0120005
0.0123007
0.0125656
0.0127976
0.0129989
0.0131715
0.0133173
0.0134378
0.0135348
0.0136095
0.0136634
0.0136978
0.0137136
0.013712
0.013694
0.0136604
0.0136121
0.0135498
0.0134744
0.0133864
0.0132864
0.0131751
0.013053
0.0129206
0.0127783
0.0126265
0.0124658
0.0122963
0.0121186
0.0119329
0.0117393
0.0115382
0.0113297
0.0111142
0.0108918
0.0106629
0.0104276
0.0101861
0.00993856
0.00968519
0.00942614
0.00916156
0.00889159
0.00861636
0.008336
0.00805063
0.00776036
0.00746529
0.00716553
0.00686117
0.00655231
0.00623903
0.00592142
0.00559955
0.00527351
0.00494337
0.0046092
0.00427106
0.00392904
0.00358319
0.00323357
0.00288026
0.0025233
0.00216277
0.00179872
0.00143121
0.0010603
0.000686038
0.000308491
-7.22892e-05
-0.000456245
-0.000843321
-0.00123346
-0.00162661
-0.00202271
-0.0024217
-0.00282354
-0.00322815
-0.0036355
-0.00404551
-0.00445813
-0.00487331
-0.00529098
-0.00571109
-0.00613358
-0.00655839
-0.00698546
-0.00741472
-0.00784612
-0.0082796
-0.00871509
-0.00915254
-0.00959187
-0.010033
-0.0104759
-0.0109206
-0.0113668
-0.0118146
-0.012264
-0.0127147
-0.0131669
-0.0136203
-0.014075
-0.0145308
-0.0149878
-0.0154458
-0.0159048
-0.0163646
-0.0168253
-0.0172868
-0.0177489
-0.0182117
-0.0186751
-0.0191389
-0.0196032
-0.0200678
-0.0205327
-0.0209978
-0.0214631
-0.0219284
-0.0223938
-0.0228591
-0.0233244
-0.0237894
-0.0242542
-0.0247186
-0.0251827
-0.0256463
-0.0261094
-0.026572
-0.0270339
-0.0274951
-0.0279556
-0.0284152
-0.028874
-0.0293318
-0.0297886
-0.0302443
-0.030699
-0.0311524
-0.0316046
-0.0320556
-0.0325052
-0.0329534
-0.0334002
-0.0338455
-0.0342893
-0.0347314
-0.035172
-0.0356108
-0.0360479
-0.0364833
-0.0369168
-0.0373484
-0.0377782
-0.038206
-0.0386319
-0.0390557
-0.0394775
-0.0398971
-0.0403147
-0.0407301
-0.0411433
-0.0415543
-0.0419631
-0.0423695
-0.0427737
-0.0431756
-0.0435751
-0.0439722
-0.0443669
-0.0447592
-0.045149
-0.0455364
-0.0459214
-0.0463038
-0.0466837
-0.0470611
-0.047436
-0.0478083
-0.0481781
-0.0485453
-0.0489099
-0.0492719
-0.0496313
-0.0499882
-0.0503424
-0.050694
-0.051043
-0.0513894
-0.0517332
-0.0520743
-0.0524129
-0.0527488
-0.0530821
-0.0534128
-0.0537409
-0.0540663
-0.0543892
-0.0547095
-0.0550272
-0.0553423
-0.0556548
-0.0559647
-0.0562721
-0.0565769
-0.0568792
-0.057179
-0.0574762
-0.0577709
-0.0580631
-0.0583528
-0.05864
-0.0589248
-0.0592071
-0.0594869
-0.0597643
-0.0600393
-0.0603119
-0.0605821
-0.06085
-0.0611154
-0.0613785
-0.0616393
-0.0618978
-0.0621539
-0.0624078
-0.0626594
-0.0629087
-0.0631557
-0.0634006
-0.0636432
-0.0638836
-0.0641218
-0.0643579
-0.0645918
-0.0648235
-0.0650532
-0.0652807
-0.0655061
-0.0657294
-0.0659507
-0.0661699
-0.0663871
-0.0666022
-0.0668154
-0.0670265
-0.0672356
-0.0674428
-0.0676481
-0.0678513
-0.0680527
-0.0682521
-0.0684497
-0.0686453
-0.0688391
-0.069031
-0.0692211
-0.0694093
-0.0695957
-0.0697802
-0.069963
-0.070144
-0.0703232
-0.0705006
-0.0706762
-0.0708501
-0.0710223
-0.0711927
-0.0713615
-0.0715285
-0.0716938
-0.0718574
-0.0720193
-0.0721795
-0.0723381
-0.072495
-0.0726503
-0.0728039
-0.0729559
-0.0731063
-0.0732551
-0.0734022
-0.0735478
-0.0736917
-0.073834
-0.0739748
-0.074114
-0.0742516
-0.0743876
-0.0745221
-0.074655
-0.0747864
-0.0749162
-0.0750445
-0.0751712
-0.0752964
-0.0754201
-0.0755422
-0.0756629
-0.075782
-0.0758996
-0.0760156
-0.0761302
-0.0762433
-0.0763548
-0.0764649
-0.0765735
-0.0766805
-0.0767861
-0.0768902
-0.0769928
-0.0770938
-0.0771935
-0.0772916
-0.0773882
-0.0774834
-0.077577
-0.0776692
-0.0777599
-0.0778491
-0.0779369
-0.0780231
-0.0781079
-0.0781912
-0.078273
-0.0783533
-0.0784321
-0.0785095
-0.0785853
-0.0786597
-0.0787326
-0.078804
-0.0788739
-0.0789423
-0.0790092
-0.0790746
-0.0791385
-0.0792009
-0.0792619
-0.0793213
-0.0793792
-0.0794355
-0.0794904
-0.0795438
-0.0795956
-0.0796459
-0.0796947
-0.079742
-0.0797877
-0.0798319
-0.0798746
-0.0799157
-0.0799553
-0.0799933
-0.0800298
-0.0800647
-0.080098
-0.0801298
-0.08016
-0.0801887
-0.0802157
-0.0802412
-0.080265
-0.0802873
-0.080308
-0.0803271
-0.0803445
-0.0803604
-0.0803746
-0.0803872
-0.0803982
-0.0804075
-0.0804152
-0.0804213
-0.0804256
-0.0804284
-0.0804294
-0.0804288
-0.0804265
-0.0804225
-0.0804168
-0.0804095
-0.0804004
-0.0803896
-0.0803771
-0.0803628
-0.0803469
-0.0803291
-0.0803097
-0.0802885
-0.0802655
-0.0802408
-0.0802143
-0.080186
-0.0801559
-0.080124
-0.0800903
-0.0800548
-0.0800175
-0.0799783
-0.0799373
-0.0798945
-0.0798498
-0.0798033
-0.0797549
-0.0797046
-0.0796525
-0.0795984
-0.0795425
-0.0794846
-0.0794248
-0.0793631
-0.0792995
-0.0792339
-0.0791664
-0.0790969
-0.0790255
-0.078952
-0.0788766
-0.0787992
-0.0787198
-0.0786384
-0.078555
-0.0784696
-0.0783821
-0.0782926
-0.078201
-0.0781074
-0.0780117
-0.0779139
-0.077814
-0.077712
-0.077608
-0.0775018
-0.0773935
-0.077283
-0.0771705
-0.0770557
-0.0769389
-0.0768198
-0.0766986
-0.0765752
-0.0764496
-0.0763218
-0.0761918
-0.0760596
-0.0759251
-0.0757885
-0.0756495
-0.0755084
-0.0753649
-0.0752192
-0.0750712
-0.074921
-0.0747684
-0.0746135
-0.0744563
-0.0742968
-0.074135
-0.0739708
-0.0738043
-0.0736355
-0.0734642
-0.0732906
-0.0731147
-0.0729363
-0.0727555
-0.0725724
-0.0723868
-0.0721988
-0.0720084
-0.0718156
-0.0716203
-0.0714226
-0.0712224
-0.0710198
-0.0708147
-0.0706071
-0.070397
-0.0701844
-0.0699694
-0.0697518
-0.0695317
-0.0693091
-0.069084
-0.0688564
-0.0686262
-0.0683934
-0.0681581
-0.0679203
-0.0676799
-0.0674369
-0.0671913
-0.0669432
-0.0666925
-0.0664392
-0.0661832
-0.0659247
-0.0656636
-0.0653998
-0.0651335
-0.0648645
-0.0645929
-0.0643186
-0.0640417
-0.0637622
-0.06348
-0.0631951
-0.0629076
-0.0626175
-0.0623247
-0.0620292
-0.061731
-0.0614302
-0.0611267
-0.0608205
-0.0605116
-0.0602
-0.0598857
-0.0595688
-0.0592491
-0.0589268
-0.0586017
-0.058274
-0.0579435
-0.0576104
-0.0572745
-0.0569359
-0.0565946
-0.0562506
-0.0559039
-0.0555545
-0.0552023
-0.0548475
-0.0544899
-0.0541296
-0.0537666
-0.0534009
-0.0530325
-0.0526613
-0.0522875
-0.0519109
-0.0515317
-0.0511497
-0.050765
-0.0503776
-0.0499875
-0.0495947
-0.0491992
-0.048801
-0.0484001
-0.0479965
-0.0475903
-0.0471813
-0.0467697
-0.0463554
-0.0459384
-0.0455187
-0.0450964
-0.0446714
-0.0442438
-0.0438135
-0.0433806
-0.042945
-0.0425068
-0.042066
-0.0416225
-0.0411765
-0.0407278
-0.0402765
-0.0398227
-0.0393662
-0.0389071
-0.0384455
-0.0379814
-0.0375146
-0.0370453
-0.0365735
-0.0360991
-0.0356223
-0.0351429
-0.034661
-0.0341766
-0.0336897
-0.0332004
-0.0327086
-0.0322143
-0.0317176
-0.0312185
-0.030717
-0.030213
-0.0297067
-0.0291979
-0.0286868
-0.0281734
-0.0276576
-0.0271394
-0.026619
-0.0260962
-0.0255712
-0.0250439
-0.0245143
-0.0239825
-0.0234484
-0.0229122
-0.0223737
-0.021833
-0.0212902
-0.0207452
-0.0201981
-0.0196488
-0.0190975
-0.018544
-0.0179885
-0.017431
-0.0168714
-0.0163098
-0.0157461
-0.0151805
-0.014613
-0.0140435
-0.013472
-0.0128987
-0.0123235
-0.0117464
-0.0111674
-0.0105867
-0.0100041
-0.00941974
-0.00883362
-0.00824574
-0.00765614
-0.00706484
-0.00647185
-0.0058772
-0.00528092
-0.00468301
-0.00408351
-0.00348244
-0.00287981
-0.00227565
-0.00166999
-0.00111444
-0.000505734
0.00010443
0.00071603
0.00132905
0.00194346
0.00255925
0.00317638
0.00379485
0.00441462
0.00503567
0.00565797
0.00628151
0.00690626
0.00753219
0.00815928
0.0087875
0.00941683
0.0100472
0.0106787
0.0113112
0.0119447
0.0125792
0.0132146
0.013851
0.0144883
0.0151264
0.0157654
0.0164052
0.0170458
0.0176872
0.0183293
0.0189722
0.0196157
0.0202599
0.0209048
0.0215502
0.0221963
0.0228429
0.0234901
0.0241378
0.024786
0.0254346
0.0260837
0.0267332
0.0273831
0.0280333
0.028684
0.0293349
0.0299861
0.0306376
0.0312894
0.0319413
0.0325935
0.0332459
0.0338984
0.034551
0.0352038
0.0358567
0.0365096
0.0371626
0.0378156
0.0384686
0.0391216
0.0397745
0.0404274
0.0410802
0.041733
0.0423856
0.0430381
0.0436904
0.0443425
0.0449945
0.0456462
0.0462978
0.0469491
0.0476001
0.0482508
0.0489013
0.0495514
0.0502012
0.0508507
0.0514998
0.0521485
0.0527968
0.0534448
0.0540923
0.0547394
0.055386
0.0560322
0.0566779
0.0573232
0.0579679
0.0586121
0.0592558
0.059899
0.0605417
0.0611837
0.0618253
0.0624662
0.0631066
0.0637463
0.0643855
0.0650241
0.065662
0.0662993
0.066936
0.0675721
0.0682075
0.0688422
0.0694763
0.0701097
0.0707424
0.0713745
0.0720059
0.0726366
0.0732666
0.0738959
0.0745245
0.0751524
0.0757795
0.076406
0.0770318
0.0776568
0.0782811
0.0789048
0.0795276
0.0801498
0.0807712
0.0813919
0.0820119
0.0826312
0.0832497
0.0838675
0.0844846
0.085101
0.0857166
0.0863316
0.0869458
0.0875592
0.088172
0.088784
0.0893954
0.090006
0.0906159
0.0912252
0.0918337
0.0924415
0.0930486
0.0936551
0.0942608
0.0948659
0.0954703
0.096074
0.0966771
0.0972795
0.0978812
0.0984823
0.0990828
0.0996826
0.100282
0.10088
0.101478
0.102075
0.102672
0.103268
0.103864
0.104459
0.105053
0.105646
0.10624
0.106832
0.107424
0.108016
0.108606
0.109197
0.109787
0.110376
0.110965
0.111553
0.112141
0.112728
0.113314
0.113901
0.114486
0.115072
0.115657
0.116241
0.116825
0.117408
0.117991
0.118574
0.119156
0.119738
0.120319
0.1209
0.12148
0.12206
0.12264
0.123219
0.123798
0.124377
0.124955
0.125532
0.12611
0.126687
0.127264
0.12784
0.128416
0.128992
0.129567
0.130142
0.130717
0.131291
0.131866
0.132439
0.133013
0.133586
0.134159
0.134731
0.135304
0.135876
0.136447
0.137019
0.13759
0.138161
0.138731
0.139302
0.139872
0.140441
0.141011
0.14158
0.142149
0.142718
0.143286
0.143854
0.144422
0.144989
0.145556
0.146123
0.14669
0.147256
0.147822
0.148388
0.148954
0.149519
0.150084
0.150648
0.151212
0.151776
0.15234
0.152903
0.153466
0.154029
0.154591
0.155153
0.155715
0.156276
0.156836
0.157397
0.157957
0.158517
0.159076
0.159635
0.160193
0.160751
0.161308
0.161865
0.162422
0.162978
0.163534
0.164089
0.164643
0.165198
0.165751
0.166304
0.166856
0.167408
0.167959
0.16851
0.16906
0.169609
0.170158
0.170706
0.171253
0.1718
0.172346
0.172891
0.173435
0.173979
0.174522
0.175064
0.175605
0.176145
0.176685
0.177223
0.177761
0.178297
0.178833
0.179368
0.179901
0.180434
0.180966
0.181496
0.182026
0.182554
0.183081
0.183607
0.184132
0.184655
0.185178
0.185699
0.186218
0.186737
0.187254
0.187769
0.188284
0.188796
0.189308
0.189818
0.190326
0.190833
0.191338
0.191841
0.192343
0.192843
0.193342
0.193839
0.194334
0.194827
0.195318
0.195808
0.196295
0.196781
0.197265
0.197746
0.198226
0.198704
0.199179
0.199652
0.200124
0.200593
0.20106
0.201524
0.201986
0.202446
0.202904
0.203359
0.203812
0.204262
0.20471
0.205155
0.205598
0.206038
0.206475
0.20691
0.207342
0.207771
0.208197
0.208621
0.209042
0.20946
0.209875
0.210287
0.210696
0.211101
0.211504
0.211904
0.212301
0.212694
0.213084
0.213471
0.213855
0.214235
0.214613
0.214986
0.215356
0.215723
0.216087
0.216446
0.216803
0.217155
0.217504
0.21785
0.218191
0.218529
0.218863
0.219194
0.21952
0.219843
0.220162
0.220477
0.220788
0.221095
0.221398
0.221697
0.221992
0.222283
0.22257
0.222853
0.223131
0.223405
0.223675
0.223941
0.224202
0.22446
0.224712
0.224961
0.225205
0.225445
0.22568
0.225911
0.226137
0.226359
0.226576
0.226789
0.226997
0.2272
0.227399
0.227593
0.227783
0.227968
0.228148
0.228324
0.228494
0.22866
0.228822
0.228978
0.22913
0.229277
0.229419
0.229556
0.229688
0.229816
0.229938
0.230056
0.230169
0.230277
0.23038
0.230478
0.230571
0.230659
0.230742
0.23082
0.230893
0.230961
0.231024
0.231082
0.231136
0.231184
0.231227
0.231265
0.231298
0.231326
0.231348
0.231366
0.231379
0.231387
0.23139
0.231387
0.23138
0.231367
0.23135
0.231327
0.2313
0.231267
0.231229
0.231187
0.231139
0.231086
0.231028
0.230965
0.230898
0.230825
0.230747
0.230664
0.230576
0.230483
0.230385
0.230283
0.230175
0.230062
0.229945
0.229822
0.229695
0.229562
0.229425
0.229283
0.229136
0.228984
0.228827
0.228665
0.228499
0.228328
0.228152
0.227971
0.227786
0.227595
0.2274
0.227201
0.226996
0.226787
0.226573
0.226355
0.226132
0.225904
0.225672
0.225435
0.225193
0.224947
0.224697
0.224442
0.224183
0.223919
0.22365
0.223377
0.2231
0.222819
0.222533
0.222242
0.221948
0.221649
0.221345
0.221038
0.220726
0.22041
0.22009
0.219766
0.219437
0.219105
0.218768
0.218427
0.218082
0.217734
0.217381
0.217024
0.216663
0.216298
0.215929
0.215557
0.21518
0.2148
0.214416
0.214028
0.213636
0.213241
0.212841
0.212438
0.212032
0.211621
0.211207
0.21079
0.210368
0.209944
0.209515
0.209083
0.208648
0.208209
0.207767
0.207321
0.206872
0.20642
0.205964
0.205504
0.205042
0.204576
0.204107
0.203634
0.203159
0.20268
0.202198
0.201713
0.201224
0.200733
0.200238
0.199741
0.19924
0.198736
0.19823
0.19772
0.197207
0.196692
0.196173
0.195652
0.195127
0.1946
0.19407
0.193537
0.193001
0.192463
0.191922
0.191378
0.190831
0.190282
0.189729
0.189175
0.188617
0.188057
0.187494
0.186929
0.186361
0.185791
0.185218
0.184642
0.184064
0.183484
0.182901
0.182315
0.181728
0.181137
0.180545
0.17995
0.179352
0.178752
0.17815
0.177546
0.176939
0.17633
0.175719
0.175105
0.174489
0.173871
0.173251
0.172629
0.172004
0.171377
0.170748
0.170117
0.169484
0.168849
0.168212
0.167572
0.166931
0.166287
0.165641
0.164994
0.164391
0.166885
0.167061
0.16392
0.16309
0.162435
0.161777
0.161117
0.160456
0.159792
0.159127
0.15846
0.15779
0.157119
0.156446
0.155772
0.155095
0.154416
0.153736
0.153054
0.15237
0.151685
0.150997
0.150308
0.149617
0.148925
0.148231
0.147535
0.146837
0.146138
0.145437
0.144735
0.14403
0.143325
0.142618
0.141909
0.141198
0.140486
0.139773
0.139058
0.138342
0.137624
0.136904
0.136183
0.135461
0.134737
0.134012
0.133286
0.132558
0.131829
0.131098
0.130366
0.129633
0.128898
0.128162
0.127425
0.126687
0.125947
0.125206
0.124464
0.12372
0.122976
0.12223
0.121483
0.120735
0.119986
0.119235
0.118484
0.117731
0.116978
0.116223
0.115467
0.114711
0.113953
0.113194
0.112434
0.111674
0.110912
0.110149
0.109386
0.108621
0.107856
0.107089
0.106322
0.105554
0.104786
0.104016
0.103245
0.102474
0.101702
0.10093
0.100156
0.0993819
0.0986069
0.0978313
0.0970551
0.0962782
0.0955006
0.0947224
0.0939436
0.0931642
0.0923843
0.0916038
0.0908227
0.0900411
0.089259
0.0884765
0.0876934
0.08691
0.086126
0.0853417
0.0845569
0.0837718
0.0829863
0.0822005
0.0814143
0.0806278
0.079841
0.0790539
0.0782666
0.0774791
0.0766913
0.0759033
0.0751151
0.0743267
0.0735382
0.0727496
0.0719608
0.071172
0.070383
0.0695941
0.068805
0.068016
0.0672269
0.0664379
0.0656489
0.0648599
0.064071
0.0632822
0.0624935
0.061705
0.0609166
0.0601283
0.0593403
0.0585524
0.0577648
0.0569774
0.0561902
0.0554034
0.0546168
0.0538306
0.0530447
0.0522591
0.051474
0.0506892
0.0499049
0.0491209
0.0483375
0.0475545
0.046772
0.04599
0.0452086
0.0444277
0.0436474
0.0428676
0.0420885
0.04131
0.0405322
0.039755
0.0389786
0.0382028
0.0374278
0.0366535
0.03588
0.0351073
0.0343354
0.0335643
0.0327941
0.0320248
0.0312563
0.0304888
0.0297222
0.0289565
0.0281918
0.0274281
0.0266654
0.0259038
0.0251432
0.0243837
0.0236253
0.022868
0.0221118
0.0213568
0.0206029
0.0198503
0.0190988
0.0183486
0.0175997
0.0168521
0.0161057
0.0153607
0.014617
0.0138746
0.0131337
0.0123941
0.011656
0.0109193
0.0101841
0.00945033
0.00871809
0.00798738
0.00725822
0.00653062
0.00580462
0.00508022
0.00435745
0.00363633
0.00291688
0.00219913
0.00148308
0.000768773
5.62177e-05
-0.000654562
-0.00136355
-0.00207071
-0.00277604
-0.00347951
-0.00418111
-0.0048808
-0.00557857
-0.0062744
-0.00696826
-0.00766014
-0.00835002
-0.00903788
-0.00972368
-0.0104074
-0.0110891
-0.0117686
-0.012446
-0.0131213
-0.0137944
-0.0144653
-0.015134
-0.0158004
-0.0164647
-0.0171266
-0.0177862
-0.0184435
-0.0190985
-0.0197512
-0.0204014
-0.0210493
-0.0216947
-0.0223377
-0.0229783
-0.0236163
-0.0242519
-0.0248849
-0.0255154
-0.0261434
-0.0267688
-0.0273915
-0.0280117
-0.0286292
-0.0292441
-0.0298562
-0.0304657
-0.0310725
-0.0316765
-0.0322778
-0.0328763
-0.033472
-0.0340649
-0.0346549
-0.0352421
-0.0358265
-0.0364079
-0.0369864
-0.037562
-0.0381347
-0.0387044
-0.0392711
-0.0398349
-0.0403956
-0.0409533
-0.0415079
-0.0420594
-0.0426079
-0.0431533
-0.0436955
-0.0442346
-0.0447706
-0.0453033
-0.0458329
-0.0463593
-0.0468825
-0.0474024
-0.0479191
-0.0484326
-0.0489427
-0.0494495
-0.0499531
-0.0504533
-0.0509501
-0.0514437
-0.0519338
-0.0524206
-0.0529039
-0.0533839
-0.0538604
-0.0543335
-0.0548032
-0.0552694
-0.0557321
-0.0561913
-0.0566471
-0.0570993
-0.057548
-0.0579932
-0.0584349
-0.058873
-0.0593075
-0.0597385
-0.0601659
-0.0605897
-0.0610099
-0.0614265
-0.0618395
-0.0622489
-0.0626546
-0.0630567
-0.0634552
-0.06385
-0.0642411
-0.0646286
-0.0650124
-0.0653926
-0.0657691
-0.0661419
-0.066511
-0.0668764
-0.0672381
-0.0675961
-0.0679504
-0.068301
-0.0686479
-0.0689911
-0.0693306
-0.0696664
-0.0699984
-0.0703268
-0.0706514
-0.0709724
-0.0712896
-0.0716031
-0.0719128
-0.0722189
-0.0725213
-0.07282
-0.0731149
-0.0734062
-0.0736938
-0.0739777
-0.0742579
-0.0745344
-0.0748072
-0.0750764
-0.0753419
-0.0756037
-0.0758619
-0.0761164
-0.0763673
-0.0766145
-0.0768582
-0.0770982
-0.0773346
-0.0775674
-0.0777966
-0.0780222
-0.0782443
-0.0784628
-0.0786777
-0.0788891
-0.079097
-0.0793013
-0.0795021
-0.0796995
-0.0798933
-0.0800837
-0.0802706
-0.0804541
-0.0806342
-0.0808108
-0.080984
-0.0811539
-0.0813204
-0.0814835
-0.0816432
-0.0817996
-0.0819528
-0.0821026
-0.0822491
-0.0823924
-0.0825324
-0.0826692
-0.0828027
-0.0829331
-0.0830603
-0.0831843
-0.0833052
-0.0834229
-0.0835375
-0.083649
-0.0837575
-0.0838629
-0.0839653
-0.0840646
-0.0841609
-0.0842543
-0.0843447
-0.0844321
-0.0845166
-0.0845982
-0.084677
-0.0847528
-0.0848258
-0.084896
-0.0849634
-0.0850279
-0.0850897
-0.0851488
-0.0852051
-0.0852587
-0.0853096
-0.0853579
-0.0854034
-0.0854464
-0.0854867
-0.0855244
-0.0855596
-0.0855922
-0.0856222
-0.0856498
-0.0856748
-0.0856973
-0.0857174
-0.0857351
-0.0857503
-0.085763
-0.0857734
-0.0857815
-0.0857871
-0.0857905
-0.0857915
-0.0857902
-0.0857866
-0.0857807
-0.0857726
-0.0857622
-0.0857497
-0.0857349
-0.0857179
-0.0856987
-0.0856774
-0.085654
-0.0856284
-0.0856007
-0.0855708
-0.0855389
-0.0855049
-0.0854689
-0.0854308
-0.0853906
-0.0853484
-0.0853042
-0.085258
-0.0852098
-0.0851597
-0.0851075
-0.0850534
-0.0849973
-0.0849393
-0.0848794
-0.0848175
-0.0847537
-0.084688
-0.0846203
-0.0845508
-0.0844794
-0.0844061
-0.0843309
-0.0842538
-0.0841749
-0.0840941
-0.0840114
-0.0839269
-0.0838405
-0.0837523
-0.0836622
-0.0835702
-0.0834764
-0.0833808
-0.0832833
-0.0831839
-0.0830827
-0.0829796
-0.0828747
-0.0827679
-0.0826593
-0.0825488
-0.0824364
-0.0823222
-0.0822061
-0.0820881
-0.0819682
-0.0818464
-0.0817227
-0.0815971
-0.0814696
-0.0813401
-0.0812088
-0.0810754
-0.0809402
-0.0808029
-0.0806637
-0.0805225
-0.0803794
-0.0802342
-0.080087
-0.0799377
-0.0797864
-0.079633
-0.0794776
-0.0793201
-0.0791604
-0.0789987
-0.0788348
-0.0786687
-0.0785005
-0.0783301
-0.0781574
-0.0779825
-0.0778054
-0.077626
-0.0774443
-0.0772603
-0.077074
-0.0768853
-0.0766942
-0.0765008
-0.0763049
-0.0761065
-0.0759057
-0.0757024
-0.0754966
-0.0752882
-0.0750772
-0.0748637
-0.0746475
-0.0744286
-0.0742071
-0.0739829
-0.0737559
-0.0735262
-0.0732936
-0.0730583
-0.07282
-0.0725789
-0.0723349
-0.0720879
-0.071838
-0.071585
-0.071329
-0.0710699
-0.0708077
-0.0705424
-0.0702739
-0.0700022
-0.0697272
-0.069449
-0.0691674
-0.0688825
-0.0685943
-0.0683026
-0.0680075
-0.0677088
-0.0674067
-0.067101
-0.0667917
-0.0664788
-0.0661622
-0.0658419
-0.0655179
-0.0651901
-0.0648584
-0.064523
-0.0641836
-0.0638404
-0.0634931
-0.0631419
-0.0627866
-0.0624273
-0.0620639
-0.0616963
-0.0613246
-0.0609486
-0.0605684
-0.0601839
-0.0597951
-0.0594019
-0.0590043
-0.0586023
-0.0581958
-0.0577848
-0.0573693
-0.0569492
-0.0565246
-0.0572061
-0.0560953
-0.0556613
-0.0552226
-0.0547792
-0.054331
-0.053878
-0.0534202
-0.0529576
-0.05249
-0.0520175
-0.0515401
-0.0510578
-0.0505704
-0.050078
-0.0495805
-0.049078
-0.0485704
-0.0480576
-0.0475397
-0.0470167
-0.0464884
-0.045955
-0.0454163
-0.0448724
-0.0443232
-0.0437687
-0.043209
-0.0426439
-0.0420736
-0.0414979
-0.0409168
-0.0403304
-0.0397387
-0.0391416
-0.0385392
-0.0379313
-0.0373181
-0.0366996
-0.0360756
-0.0354463
-0.0348116
-0.0341716
-0.0335262
-0.0328755
-0.0322194
-0.031558
-0.0308913
-0.0302192
-0.0295419
-0.0288594
-0.0281716
-0.0274785
-0.0267803
-0.0260769
-0.0253683
-0.0246546
-0.0239359
-0.023212
-0.0224831
-0.0217493
-0.0210104
-0.0202667
-0.0195181
-0.0187646
-0.0180064
-0.0172434
-0.0164757
-0.0157034
-0.0149265
-0.014145
-0.0133591
-0.0125687
-0.0117739
-0.0109749
-0.0101716
-0.00936411
-0.00855251
-0.00773687
-0.00691725
-0.00609373
-0.00526637
-0.00443526
-0.00360046
-0.00276206
-0.00192013
-0.00107477
-0.000226038
0.000625966
0.00148116
0.00233946
0.00320077
0.00406501
0.00493208
0.00580189
0.00667435
0.00754937
0.00842684
0.00930667
0.0101888
0.011073
0.0119593
0.0128476
0.0137377
0.0146296
0.0155232
0.0164183
0.0173148
0.0182127
0.0191118
0.020012
0.0209133
0.0218155
0.0227184
0.0236221
0.0245264
0.0254311
0.0263362
0.0272416
0.0281471
0.0290527
0.0299582
0.0308635
0.0317686
0.0326733
0.0335775
0.0344811
0.035384
0.0362861
0.0371873
0.0380874
0.0389865
0.0398843
0.0407808
0.0416758
0.0425694
0.0434613
0.0443515
0.0452399
0.0461263
0.0470108
0.0478931
0.0487732
0.0496511
0.0505265
0.0513995
0.05227
0.0531377
0.0540028
0.0548651
0.0557244
0.0565808
0.0574341
0.0582843
0.0591313
0.059975
0.0608154
0.0616523
0.0624857
0.0633156
0.0641418
0.0649644
0.0657832
0.0665981
0.0674092
0.0682164
0.0690195
0.0698187
0.0706137
0.0714045
0.0721912
0.0729736
0.0737517
0.0745255
0.0752949
0.0760599
0.0768204
0.0775764
0.0783278
0.0790747
0.079817
0.0805547
0.0812876
0.0820159
0.0827395
0.0834583
0.0841723
0.0848815
0.0855859
0.0862855
0.0869802
0.0876701
0.088355
0.0890351
0.0897102
0.0903804
0.0910456
0.0917059
0.0923613
0.0930116
0.093657
0.0942975
0.0949329
0.0955633
0.0961888
0.0968093
0.0974248
0.0980353
0.0986408
0.0992413
0.0998369
0.100427
0.101013
0.101594
0.102169
0.10274
0.103306
0.103867
0.104423
0.104974
0.10552
0.106061
0.106598
0.107129
0.107656
0.108178
0.108695
0.109207
0.109714
0.110217
0.110715
0.111208
0.111697
0.11218
0.112659
0.113134
0.113603
0.114068
0.114529
0.114984
0.115435
0.115882
0.116324
0.116762
0.117195
0.117623
0.118047
0.118466
0.118882
0.119292
0.119698
0.1201
0.120498
0.120891
0.12128
0.121664
0.122044
0.12242
0.122792
0.123159
0.123522
0.123881
0.124236
0.124587
0.124933
0.125275
0.125614
0.125948
0.126278
0.126603
0.126925
0.127243
0.127557
0.127867
0.128172
0.128474
0.128772
0.129066
0.129356
0.129642
0.129924
0.130202
0.130477
0.130747
0.131014
0.131277
0.131536
0.131791
0.132042
0.13229
0.132534
0.132774
0.13301
0.133243
0.133471
0.133697
0.133918
0.134136
0.13435
0.13456
0.134767
0.13497
0.135169
0.135365
0.135557
0.135745
0.13593
0.136111
0.136289
0.136463
0.136633
0.1368
0.136963
0.137123
0.137279
0.137431
0.13758
0.137726
0.137867
0.138006
0.13814
0.138272
0.138399
0.138524
0.138644
0.138761
0.138875
0.138985
0.139092
0.139195
0.139295
0.139391
0.139483
0.139572
0.139658
0.13974
0.139819
0.139894
0.139966
0.140034
0.140099
0.14016
0.140218
0.140272
0.140323
0.14037
0.140414
0.140455
0.140491
0.140525
0.140555
0.140581
0.140604
0.140624
0.14064
0.140653
0.140662
0.140668
0.14067
0.140668
0.140664
0.140655
0.140644
0.140629
0.14061
0.140588
0.140562
0.140533
0.1405
0.140464
0.140425
0.140382
0.140335
0.140285
0.140232
0.140175
0.140114
0.14005
0.139983
0.139912
0.139838
0.13976
0.139678
0.139593
0.139505
0.139413
0.139318
0.139219
0.139116
0.13901
0.138901
0.138788
0.138672
0.138552
0.138428
0.138302
0.138171
0.138037
0.1379
0.137759
0.137615
0.137467
0.137315
0.13716
0.137002
0.13684
0.136675
0.136506
0.136333
0.136158
0.135978
0.135795
0.135609
0.135419
0.135226
0.135029
0.134828
0.134625
0.134417
0.134207
0.133992
0.133774
0.133553
0.133329
0.1331
0.132869
0.132634
0.132395
0.132153
0.131907
0.131658
0.131406
0.13115
0.130891
0.130628
0.130362
0.130092
0.129819
0.129543
0.129263
0.128979
0.128693
0.128402
0.128109
0.127812
0.127512
0.127208
0.126901
0.12659
0.126276
0.125959
0.125638
0.125314
0.124987
0.124656
0.124322
0.123985
0.123644
0.1233
0.122953
0.122602
0.122249
0.121891
0.121531
0.121167
0.1208
0.12043
0.120056
0.11968
0.1193
0.118916
0.11853
0.11814
0.117747
0.117351
0.116952
0.11655
0.116144
0.115735
0.115323
0.114908
0.11449
0.114069
0.113644
0.113217
0.112786
0.112353
0.111916
0.111476
0.111033
0.110587
0.110138
0.109686
0.109232
0.108774
0.108313
0.107849
0.107382
0.106912
0.106439
0.105964
0.105485
0.105004
0.104519
0.104032
0.103542
0.103049
0.102553
0.102054
0.101553
0.101049
0.100541
0.100032
0.099519
0.0990036
0.0984855
0.0979647
0.0974411
0.0969148
0.0963859
0.0958542
0.09532
0.094783
0.0942435
0.0937013
0.0931565
0.0926091
0.0920591
0.0915066
0.0909515
0.0903939
0.0898338
0.0892712
0.0887061
0.0881385
0.0875684
0.0869959
0.086421
0.0858436
0.0852639
0.0846817
0.0840972
0.0835104
0.0829212
0.0823297
0.0817358
0.0811397
0.0805413
0.0799407
0.0793378
0.0787327
0.0781253
0.0775158
0.0769041
0.0762902
0.0756742
0.075056
0.0744358
0.0738134
0.073189
0.0725625
0.0719339
0.0713033
0.0706708
0.0700362
0.0693996
0.0687611
0.0681207
0.0674783
0.066834
0.0661878
0.0655398
0.0648899
0.0642381
0.0635846
0.0629292
0.0622721
0.0616132
0.0609525
0.0602902
0.0596261
0.0589603
0.0582929
0.0576238
0.056953
0.0562807
0.0556068
0.0549313
0.0542542
0.0535756
0.0528954
0.0522138
0.0515307
0.0508461
0.0501601
0.0494726
0.0487838
0.0480936
0.047402
0.046709
0.0460147
0.0453192
0.0446223
0.0439242
0.0432248
0.0425242
0.0418224
0.0411194
0.0404152
0.0397099
0.0390035
0.0382959
0.0375873
0.0368776
0.0361669
0.0354551
0.0347423
0.0340286
0.0333139
0.0325982
0.0318816
0.0311641
0.0304457
0.0297265
0.0290064
0.0282855
0.0275638
0.0268413
0.026118
0.025394
0.0246693
0.0239439
0.0232178
0.0224911
0.0217637
0.0210356
0.020307
0.0195778
0.0188706
0.0181402
0.0174093
0.0166779
0.0159459
0.0152134
0.0144804
0.013747
0.0130132
0.0122789
0.0115443
0.0108093
0.0100739
0.00933824
0.00860228
0.00786605
0.00712955
0.00639283
0.00565589
0.00491876
0.00418145
0.003444
0.00270641
0.0019687
0.0012309
0.000493027
-0.000244904
-0.000982872
-0.00172086
-0.00245885
-0.00319682
-0.00393476
-0.00467265
-0.00541046
-0.00614819
-0.00688581
-0.00762332
-0.00836068
-0.0090979
-0.00983494
-0.0105718
-0.0113084
-0.0120449
-0.0127811
-0.013517
-0.0142527
-0.0149881
-0.0157233
-0.0164581
-0.0171926
-0.0179267
-0.0186605
-0.019394
-0.020127
-0.0208597
-0.021592
-0.0223239
-0.0230553
-0.0237863
-0.0245168
-0.0252469
-0.0259765
-0.0267056
-0.0274342
-0.0281623
-0.0288899
-0.029617
-0.0303435
-0.0310695
-0.0317949
-0.0325197
-0.033244
-0.0339676
-0.0346907
-0.0354131
-0.036135
-0.0368562
-0.0375768
-0.0382967
-0.039016
-0.0397347
-0.0404526
-0.04117
-0.0418866
-0.0426025
-0.0433178
-0.0440323
-0.0447462
-0.0454593
-0.0461718
-0.0468835
-0.0475945
-0.0483047
-0.0490143
-0.049723
-0.0504311
-0.0511384
-0.0518449
-0.0525507
-0.0532557
-0.05396
-0.0546635
-0.0553662
-0.0560682
-0.0567694
-0.0574698
-0.0581694
-0.0588683
-0.0595664
-0.0602637
-0.0609602
-0.0616559
-0.0623508
-0.063045
-0.0637383
-0.0644309
-0.0651227
-0.0658137
-0.0665038
-0.0671933
-0.0678819
-0.0685697
-0.0692567
-0.069943
-0.0706285
-0.0713131
-0.071997
-0.0726801
-0.0733625
-0.074044
-0.0747248
-0.0754048
-0.076084
-0.0767624
-0.0774401
-0.078117
-0.0787932
-0.0794686
-0.0801432
-0.080817
-0.0814902
-0.0821625
-0.0828341
-0.083505
-0.0841751
-0.0848445
-0.0855132
-0.0861811
-0.0868483
-0.0875148
-0.0881805
-0.0888456
-0.0895099
-0.0901736
-0.0908365
-0.0914987
-0.0921603
-0.0928211
-0.0934813
-0.0941408
-0.0947996
-0.0954577
-0.0961152
-0.096772
-0.0974282
-0.0980837
-0.0987386
-0.0993928
-0.100046
-0.100699
-0.101352
-0.102003
-0.102655
-0.103305
-0.103955
-0.104604
-0.105253
-0.105901
-0.106549
-0.107195
-0.107842
-0.108488
-0.109133
-0.109778
-0.110422
-0.111065
-0.111708
-0.112351
-0.112993
-0.113634
-0.114275
-0.114916
-0.115555
-0.116195
-0.116834
-0.117472
-0.11811
-0.118747
-0.119384
-0.120021
-0.120657
-0.121292
-0.121927
-0.122562
-0.123196
-0.12383
-0.124463
-0.125096
-0.125728
-0.12636
-0.126991
-0.127623
-0.128253
-0.128883
-0.129513
-0.130143
-0.130772
-0.1314
-0.132028
-0.132656
-0.133284
-0.133911
-0.134537
-0.135163
-0.135789
-0.136415
-0.13704
-0.137665
-0.138289
-0.138913
-0.139537
-0.14016
-0.140783
-0.141405
-0.142027
-0.142649
-0.14327
-0.143892
-0.144512
-0.145133
-0.145753
-0.146372
-0.146991
-0.14761
-0.148229
-0.148847
-0.149465
-0.150082
-0.150699
-0.151316
-0.151932
-0.152548
-0.153164
-0.153779
-0.154394
-0.155009
-0.155623
-0.156236
-0.15685
-0.157463
-0.158075
-0.158687
-0.159299
-0.159911
-0.160521
-0.161132
-0.161742
-0.162352
-0.162961
-0.16357
-0.164178
-0.164786
-0.165394
-0.166001
-0.166607
-0.167213
-0.167819
-0.168424
-0.169028
-0.169633
-0.170236
-0.170839
-0.171442
-0.172044
-0.172645
-0.173246
-0.173846
-0.174446
-0.175045
-0.175643
-0.176241
-0.176838
-0.177435
-0.178031
-0.178626
-0.17922
-0.179814
-0.180407
-0.181
-0.181591
-0.182182
-0.182772
-0.183362
-0.18395
-0.184538
-0.185125
-0.185711
-0.186296
-0.18688
-0.187463
-0.188046
-0.188627
-0.189208
-0.189787
-0.190366
-0.190943
-0.191519
-0.192095
-0.192669
-0.193242
-0.193814
-0.194385
-0.194955
-0.195523
-0.196091
-0.196657
-0.197221
-0.197785
-0.198347
-0.198908
-0.199467
-0.200025
-0.200582
-0.201137
-0.201691
-0.202243
-0.202794
-0.203343
-0.20389
-0.204436
-0.20498
-0.205523
-0.206064
-0.206603
-0.20714
-0.207676
-0.20821
-0.208742
-0.209272
-0.2098
-0.210326
-0.21085
-0.211373
-0.211893
-0.212411
-0.212927
-0.21344
-0.213952
-0.214462
-0.214969
-0.215474
-0.215976
-0.216476
-0.216974
-0.21747
-0.217963
-0.218453
-0.218941
-0.219427
-0.21991
-0.22039
-0.220867
-0.221342
-0.221814
-0.222284
-0.22275
-0.223214
-0.223675
-0.224132
-0.224587
-0.225039
-0.225488
-0.225934
-0.226377
-0.226816
-0.227253
-0.227686
-0.228116
-0.228543
-0.228966
-0.229386
-0.229803
-0.230216
-0.230626
-0.231032
-0.231435
-0.231834
-0.232229
-0.232621
-0.233009
-0.233394
-0.233775
-0.234152
-0.234525
-0.234894
-0.23526
-0.235621
-0.235979
-0.236332
-0.236682
-0.237028
-0.237369
-0.237707
-0.23804
-0.238369
-0.238694
-0.239015
-0.239331
-0.239644
-0.239952
-0.240255
-0.240554
-0.240849
-0.24114
-0.241426
-0.241708
-0.241985
-0.242257
-0.242526
-0.242789
-0.243048
-0.243303
-0.243552
-0.243798
-0.244038
-0.244274
-0.244505
-0.244732
-0.244954
-0.245171
-0.245383
-0.245591
-0.245793
-0.245991
-0.246185
-0.246373
-0.246557
-0.246735
-0.246909
-0.247078
-0.247243
