0
0.183647
0.272587
0.315618
0.336405
0.336405
0.34641
0.351188
0.353429
0.354437
0.354844
0.354956
0.354924
0.354818
0.354674
0.354509
0.354331
0.354144
0.35395
0.353749
0.353543
0.353331
0.353114
0.35289
0.35266
0.352424
0.352182
0.351933
0.351678
0.351415
0.351146
0.35087
0.350587
0.350297
0.35
0.349695
0.349382
0.349063
0.348735
0.348401
0.348058
0.347708
0.34735
0.346984
0.34661
0.346229
0.345839
0.345442
0.345037
0.344631
0.344213
0.343786
0.34335
0.342906
0.342453
0.341993
0.341524
0.341047
0.340563
0.34007
0.339569
0.339061
0.338544
0.33802
0.337487
0.336947
0.336399
0.335843
0.335279
0.334707
0.334127
0.333539
0.332944
0.332341
0.33173
0.331111
0.330485
0.32985
0.329208
0.328559
0.327902
0.327237
0.326565
0.325885
0.325197
0.324502
0.3238
0.32309
0.322373
0.321648
0.320916
0.320177
0.31943
0.318676
0.317915
0.317147
0.316372
0.315589
0.3148
0.314003
0.313199
0.312389
0.311571
0.310747
0.309916
0.309078
0.308233
0.307382
0.306524
0.305659
0.304787
0.30391
0.303025
0.302134
0.301237
0.300333
0.299423
0.298507
0.297584
0.296655
0.29572
0.294779
0.293832
0.292878
0.291919
0.290954
0.289983
0.289006
0.288023
0.287035
0.28604
0.28504
0.284035
0.283024
0.282007
0.280985
0.279957
0.278924
0.277886
0.276843
0.275794
0.27474
0.27368
0.272616
0.271547
0.270472
0.269393
0.268309
0.267219
0.266125
0.265027
0.263923
0.262815
0.261702
0.260584
0.259462
0.258335
0.257204
0.256069
0.254929
0.253784
0.252636
0.251483
0.250326
0.249165
0.247999
0.24683
0.245656
0.244478
0.243297
0.242111
0.240922
0.239729
0.238532
0.237331
0.236126
0.234918
0.233706
0.232491
0.231272
0.230049
0.228823
0.227594
0.22636
0.225124
0.223884
0.222641
0.221395
0.220145
0.218892
0.217636
0.216377
0.215115
0.21385
0.212581
0.21131
0.210035
0.208758
0.207478
0.206195
0.204909
0.20362
0.202329
0.201034
0.199738
0.198438
0.197136
0.195831
0.194523
0.193213
0.191901
0.190586
0.189268
0.187948
0.186626
0.185301
0.183974
0.182645
0.181314
0.17998
0.178644
0.177306
0.175966
0.174624
0.173279
0.171933
0.170584
0.169234
0.167882
0.166528
0.165172
0.163814
0.162454
0.161093
0.159729
0.158365
0.156998
0.15563
0.15426
0.152889
0.151516
0.150142
0.148766
0.147389
0.14601
0.14463
0.143249
0.141866
0.140483
0.139098
0.137711
0.136324
0.134936
0.133546
0.132156
0.130764
0.129372
0.127979
0.126585
0.12519
0.123794
0.122397
0.121
0.119602
0.118204
0.116804
0.115405
0.114005
0.112604
0.111203
0.109801
0.108399
0.106997
0.105594
0.104192
0.102789
0.101386
0.0999825
0.0985792
0.0971758
0.0957725
0.0943693
0.0929661
0.0915631
0.0901602
0.0887576
0.0873552
0.0859531
0.0845514
0.08315
0.0817491
0.0803487
0.0789488
0.0775494
0.0761506
0.0747525
0.073355
0.0719583
0.0705624
0.0691672
0.067773
0.0663796
0.0649872
0.0635957
0.0622053
0.0608159
0.0594277
0.0580406
0.0566548
0.0552702
0.0538868
0.0525048
0.0511242
0.049745
0.0483672
0.046991
0.0456163
0.0442432
0.0428717
0.0415019
0.0401338
0.0387675
0.037403
0.0360403
0.0346796
0.0333207
0.0319639
0.030609
0.0292563
0.0279056
0.0265571
0.0252107
0.0238666
0.0225248
0.0211853
0.0198481
0.0185133
0.017181
0.0158512
0.0145239
0.0131992
0.011877
0.0105576
0.0092408
0.00792676
0.00661549
0.00530704
0.00400145
0.00269876
0.001399
0.000102234
-0.00119151
-0.0024822
-0.00376978
-0.00505422
-0.00633548
-0.00761351
-0.00888827
-0.0101597
-0.0114279
-0.0126926
-0.0139539
-0.0152117
-0.0164661
-0.0177169
-0.0189641
-0.0202077
-0.0214477
-0.0226839
-0.0239164
-0.0251452
-0.0263701
-0.0275912
-0.0288084
-0.0300216
-0.0312309
-0.0324362
-0.0336375
-0.0348347
-0.0360277
-0.0372167
-0.0384014
-0.0395819
-0.0407581
-0.0419301
-0.0430977
-0.0442609
-0.0454197
-0.0465741
-0.047724
-0.0488694
-0.0500102
-0.0511465
-0.0522781
-0.0534051
-0.0545274
-0.0556449
-0.0567577
-0.0578657
-0.0589689
-0.0600672
-0.0611606
-0.0622491
-0.0633326
-0.0644111
-0.0654846
-0.066553
-0.0676164
-0.0686746
-0.0697276
-0.0707754
-0.071818
-0.0728553
-0.0738874
-0.0749141
-0.0759355
-0.0769514
-0.077962
-0.0789671
-0.0799667
-0.0809608
-0.0819494
-0.0829323
-0.0839097
-0.0848814
-0.0858475
-0.0868079
-0.0877625
-0.0887114
-0.0896545
-0.0905917
-0.0915232
-0.0924487
-0.0933684
-0.0942821
-0.0951899
-0.0960916
-0.0969874
-0.0978771
-0.0987607
-0.0996382
-0.10051
-0.101375
-0.102234
-0.103087
-0.103933
-0.104774
-0.105608
-0.106435
-0.107257
-0.108072
-0.10888
-0.109683
-0.110478
-0.111268
-0.11205
-0.112827
-0.113596
-0.114359
-0.115116
-0.115866
-0.116609
-0.117346
-0.118075
-0.118799
-0.119515
-0.120225
-0.120927
-0.121624
-0.122313
-0.122995
-0.12367
-0.124339
-0.125001
-0.125655
-0.126303
-0.126944
-0.127577
-0.128204
-0.128824
-0.129436
-0.130042
-0.13064
-0.131231
-0.131815
-0.132392
-0.132961
-0.133524
-0.134079
-0.134627
-0.135167
-0.135701
-0.136227
-0.136745
-0.137257
-0.13776
-0.138257
-0.138746
-0.139228
-0.139702
-0.140169
-0.140628
-0.14108
-0.141524
-0.141961
-0.14239
-0.142812
-0.143226
-0.143632
-0.144031
-0.144422
-0.144806
-0.145182
-0.14555
-0.145911
-0.146263
-0.146609
-0.146946
-0.147276
-0.147598
-0.147912
-0.148218
-0.148516
-0.148807
-0.14909
-0.149365
-0.149632
-0.149892
-0.150143
-0.150387
-0.150622
-0.15085
-0.15107
-0.151282
-0.151486
-0.151682
-0.15187
-0.15205
-0.152222
-0.152386
-0.152542
-0.15269
-0.15283
-0.152962
-0.153085
-0.153201
-0.153309
-0.153409
-0.1535
-0.153584
-0.153659
-0.153727
-0.153786
-0.153837
-0.15388
-0.153915
-0.153941
-0.15396
-0.15397
-0.153973
-0.153967
-0.153953
-0.15393
-0.1539
-0.153861
-0.153815
-0.15376
-0.153696
-0.153625
-0.153545
-0.153458
-0.153362
-0.153257
-0.153145
-0.153024
-0.152895
-0.152758
-0.152613
-0.152459
-0.152298
-0.152128
-0.151949
-0.151763
-0.151568
-0.151365
-0.151154
-0.150935
-0.150707
-0.150471
-0.150227
-0.149975
-0.149714
-0.149445
-0.149168
-0.148883
-0.14859
-0.148288
-0.147978
-0.14766
-0.147333
-0.146999
-0.146656
-0.146305
-0.145946
-0.145579
-0.145203
-0.144819
-0.144428
-0.144027
-0.143619
-0.143203
-0.142778
-0.142345
-0.141905
-0.141455
-0.140998
-0.140533
-0.14006
-0.139578
-0.139088
-0.138591
-0.138085
-0.137571
-0.137049
-0.136519
-0.135981
-0.135435
-0.134881
-0.134318
-0.133748
-0.13317
-0.132584
-0.131989
-0.131387
-0.130777
-0.130159
-0.129533
-0.128899
-0.128257
-0.127607
-0.126949
-0.126284
-0.12561
-0.124929
-0.12424
-0.123543
-0.122838
-0.122125
-0.121405
-0.120676
-0.11994
-0.119197
-0.118445
-0.117686
-0.116919
-0.116145
-0.115362
-0.114572
-0.113775
-0.11297
-0.112157
-0.111337
-0.110509
-0.109673
-0.10883
-0.107979
-0.107121
-0.106256
-0.105383
-0.104502
-0.103615
-0.102719
-0.101817
-0.100907
-0.0999893
-0.0990646
-0.0981326
-0.0971933
-0.0962467
-0.0952929
-0.0943319
-0.0933637
-0.0923882
-0.0914056
-0.0904159
-0.089419
-0.0884151
-0.0874041
-0.086386
-0.0853608
-0.0843287
-0.0832896
-0.0822435
-0.0811905
-0.0801306
-0.0790637
-0.07799
-0.0769095
-0.0758221
-0.0747279
-0.073627
-0.0725193
-0.0714049
-0.0702838
-0.069156
-0.0680216
-0.0668805
-0.0657329
-0.0645787
-0.0634179
-0.0622507
-0.0610769
-0.0598967
-0.05871
-0.057517
-0.0563175
-0.0551117
-0.0538996
-0.0526811
-0.0514564
-0.0502255
-0.0489883
-0.047745
-0.0464955
-0.0452398
-0.0439781
-0.0427103
-0.0414364
-0.0401565
-0.0388707
-0.0375789
-0.0362811
-0.0349775
-0.033668
-0.0323527
-0.0310315
-0.0297046
-0.028372
-0.0270336
-0.0256895
-0.0243398
-0.0229845
-0.0216236
-0.0202571
-0.0188851
-0.0175076
-0.0161247
-0.0147363
-0.0133425
-0.0119433
-0.0105388
-0.00912903
-0.00771395
-0.00629364
-0.00486813
-0.00343745
-0.00200162
-0.000560687
0.000885321
0.00233637
0.00379243
0.00525346
0.00671943
0.00819031
0.00966606
0.0111466
0.012632
0.0141222
0.0156171
0.0171167
0.018621
0.0201299
0.0216434
0.0231615
0.0246841
0.0262112
0.0277427
0.0292787
0.0308191
0.0323638
0.0339129
0.0354662
0.0370238
0.0385855
0.0401515
0.0417216
0.0432958
0.0448741
0.0464564
0.0480427
0.049633
0.0512272
0.0528253
0.0544272
0.056033
0.0576425
0.0592558
0.0608728
0.0624935
0.0641177
0.0657456
0.0673771
0.069012
0.0706505
0.0722924
0.0739377
0.0755863
0.0772383
0.0788937
0.0805522
0.082214
0.083879
0.0855471
0.0872183
0.0888926
0.09057
0.0922503
0.0939336
0.0956198
0.0973089
0.0990008
0.100696
0.102393
0.104093
0.105796
0.107502
0.10921
0.110921
0.112634
0.11435
0.116068
0.117789
0.119512
0.121237
0.122965
0.124695
0.126427
0.128161
0.129898
0.131636
0.133377
0.13512
0.136864
0.138611
0.14036
0.14211
0.143862
0.145616
0.147372
0.14913
0.150889
0.15265
0.154412
0.156176
0.157942
0.159708
0.161477
0.163247
0.165018
0.16679
0.168564
0.170339
0.172115
0.173892
0.175671
0.17745
0.179231
0.181012
0.182795
0.184578
0.186362
0.188148
0.189933
0.19172
0.193507
0.195295
0.197084
0.198873
0.200663
0.202453
0.204244
0.206035
0.207827
0.209619
0.211411
0.213204
0.214997
0.216789
0.218583
0.220376
0.222169
0.223962
0.225755
0.227549
0.229342
0.231135
0.232928
0.23472
0.236512
0.238304
0.240096
0.241887
0.243678
0.245468
0.247258
0.249048
0.250836
0.252625
0.254412
0.256199
0.257985
0.25977
0.261554
0.263338
0.26512
0.266902
0.268683
0.270462
0.272241
0.274018
0.275794
0.27757
0.279343
0.281116
0.282887
0.284657
0.286425
0.288192
0.289958
0.291722
0.293485
0.295245
0.297005
0.298762
0.300518
0.302272
0.304024
0.305775
0.307523
0.30927
0.311014
0.312757
0.314498
0.316236
0.317972
0.319707
0.321439
0.323168
0.324896
0.326621
0.328344
0.330064
0.331782
0.333497
0.33521
0.336921
0.338628
0.340333
0.342036
0.343735
0.345432
0.347126
0.348818
0.350506
0.352192
0.353874
0.355553
0.35723
0.358903
0.360573
0.362241
0.363904
0.365565
0.367222
0.368876
0.370527
0.372174
0.373818
0.375459
0.377095
0.378729
0.380358
0.381984
0.383607
0.385226
0.386841
0.388452
0.390059
0.391663
0.393262
0.394858
0.396449
0.398037
0.399621
0.4012
0.402776
0.404347
0.405914
0.407477
0.409035
0.410589
0.412139
0.413684
0.415225
0.416762
0.418294
0.419821
0.421344
0.422862
0.424376
0.425885
0.427389
0.428888
0.430383
0.431872
0.433357
0.434837
0.436312
0.437782
0.439247
0.440706
0.442161
0.443611
0.445055
0.446494
0.447928
0.449356
0.45078
0.452198
0.45361
0.455017
0.456419
0.457815
0.459205
0.46059
0.461969
0.463343
0.464711
0.466073
0.46743
0.46878
0.470125
0.471464
0.472797
0.474124
0.475445
0.47676
0.478069
0.479372
0.480669
0.48196
0.483244
0.484522
0.485794
0.48706
0.488319
0.489572
0.490819
0.492059
0.493293
0.49452
0.495741
0.496955
0.498162
0.499363
0.500557
0.501744
0.502925
0.504099
0.505266
0.506426
0.507579
0.508726
0.509865
0.510998
0.512123
0.513242
0.514353
0.515458
0.516555
0.517645
0.518727
0.519803
0.520871
0.521932
0.522986
0.524032
0.525071
0.526103
0.527127
0.528143
0.529152
0.530154
0.531148
0.532134
0.533113
0.534084
0.535047
0.536003
0.53695
0.53789
0.538823
0.539747
0.540664
0.541573
0.542473
0.543366
0.544251
0.545128
0.545997
0.546858
0.54771
0.548555
0.549392
0.55022
0.55104
0.551852
0.552656
0.553451
0.554239
0.555018
0.555788
0.55655
0.557304
0.55805
0.558787
0.559516
0.560236
0.560948
0.561651
0.562346
0.563032
0.563709
0.564379
0.565039
0.565691
0.566334
0.566969
0.567595
0.568212
0.56882
0.56942
0.570011
0.570593
0.571167
0.571732
0.572287
0.572835
0.573373
0.573902
0.574423
0.574934
0.575437
0.575931
0.576416
0.576892
0.577359
0.577817
0.578266
0.578706
0.579137
0.579559
0.579973
0.580377
0.580772
0.581158
0.581535
0.581903
0.582261
0.582611
0.582952
0.583283
0.583606
0.583919
0.584224
0.584519
0.584805
0.585082
0.585349
0.585608
0.585857
0.586098
0.586329
0.586551
0.586764
0.586967
0.587162
0.587347
0.587523
0.58769
0.587848
0.587996
0.588136
0.588266
0.588387
0.588499
0.588602
0.588695
0.588779
0.588855
0.588921
0.588977
0.589025
0.589063
0.589093
0.589113
0.589124
0.589125
0.589118
0.589101
0.589076
0.589041
0.588997
0.588943
0.588881
0.58881
0.588729
0.588639
0.588541
0.588433
0.588316
0.588189
0.588054
0.58791
0.587756
0.587594
0.587422
0.587242
0.587052
0.586853
0.586646
0.586429
0.586203
0.585968
0.585724
0.585472
0.58521
0.584939
0.584659
0.584371
0.584073
0.583766
0.583451
0.583127
0.582793
0.582451
0.5821
0.58174
0.581371
0.580994
0.580607
0.580212
0.579808
0.579395
0.578973
0.578543
0.578103
0.577656
0.577199
0.576733
0.576259
0.575777
0.575285
0.574785
0.574276
0.573759
0.573233
0.572698
0.572155
0.571603
0.571043
0.570474
0.569897
0.569311
0.568716
0.568113
0.567502
0.566882
0.566254
0.565617
0.564972
0.564319
0.563657
0.562987
0.562309
0.561622
0.560927
0.560224
0.559512
0.558793
0.558065
0.557329
0.556584
0.555832
0.555071
0.554303
0.553526
0.552741
0.551948
0.551147
0.551118
0.551118
0.550377
0.549545
0.548713
0.547876
0.547033
0.546183
0.545326
0.544461
0.543588
0.542708
0.54182
0.540924
0.54002
0.539108
0.538189
0.537262
0.536328
0.535386
0.534436
0.533479
0.532514
0.531542
0.530562
0.529575
0.52858
0.527578
0.526568
0.525551
0.524527
0.523495
0.522456
0.52141
0.520357
0.519296
0.518228
0.517153
0.516071
0.514982
0.513885
0.512782
0.511671
0.510554
0.509429
0.508298
0.50716
0.506015
0.504862
0.503704
0.502538
0.501365
0.500186
0.499
0.497808
0.496608
0.495402
0.49419
0.492971
0.491745
0.490513
0.489275
0.488029
0.486778
0.48552
0.484256
0.482985
0.481709
0.480425
0.479136
0.477841
0.476539
0.475231
0.473917
0.472597
0.471271
0.469939
0.468601
0.467257
0.465907
0.464552
0.46319
0.461823
0.46045
0.459071
0.457686
0.456296
0.4549
0.453499
0.452092
0.450679
0.449261
0.447838
0.446409
0.444974
0.443535
0.44209
0.440639
0.439184
0.437723
0.436257
0.434786
0.43331
0.431828
0.430342
0.428851
0.427355
0.425853
0.424347
0.422836
0.421321
0.4198
0.418275
0.416745
0.41521
0.413671
0.412127
0.410578
0.409026
0.407468
0.405906
0.40434
0.402769
0.401194
0.399615
0.398032
0.396444
0.394852
0.393256
0.391656
0.390051
0.388443
0.386831
0.385215
0.383595
0.381971
0.380343
0.378712
0.377076
0.375437
0.373795
0.372148
0.370499
0.368845
0.367188
0.365528
0.363864
0.362197
0.360526
0.358852
0.357175
0.355495
0.353811
0.352124
0.350435
0.348742
0.347046
0.345347
0.343645
0.34194
0.340233
0.338522
0.336809
0.335093
0.333374
0.331653
0.329929
0.328202
0.326473
0.324742
0.323008
0.321271
0.319532
0.317791
0.316048
0.314302
0.312554
0.310804
0.309052
0.307298
0.305542
0.303783
0.302023
0.300261
0.298497
0.296731
0.294963
0.293194
0.291423
0.28965
0.287876
0.2861
0.284323
0.282544
0.280763
0.278982
0.277198
0.275414
0.273628
0.271841
0.270053
0.268264
0.266473
0.264682
0.262889
0.261096
0.259301
0.257506
0.25571
0.253913
0.252115
0.250317
0.248518
0.246718
0.244918
0.243117
0.241315
0.239513
0.237711
0.235908
0.234105
0.232302
0.230498
0.228695
0.226891
0.225087
0.223282
0.221478
0.219674
0.21787
0.216066
0.214262
0.212458
0.210655
0.208852
0.207049
0.205246
0.203444
0.201642
0.199841
0.19804
0.19624
0.194441
0.192642
0.190843
0.189046
0.187249
0.185453
0.183658
0.181864
0.180071
0.178279
0.176488
0.174698
0.172909
0.171121
0.169334
0.167549
0.165765
0.163982
0.162201
0.160421
0.158642
0.156865
0.15509
0.153316
0.151543
0.149773
0.148004
0.146237
0.144471
0.142708
0.140946
0.139186
0.137428
0.135673
0.133919
0.132167
0.130417
0.12867
0.126925
0.125182
0.123441
0.121702
0.119966
0.118233
0.116501
0.114773
0.113046
0.111323
0.109602
0.107883
0.106167
0.104454
0.102744
0.101037
0.0993319
0.0976301
0.0959312
0.0942353
0.0925423
0.0908525
0.0891656
0.0874819
0.0858013
0.0841239
0.0824498
0.0807789
0.0791113
0.077447
0.0757861
0.0741286
0.0724746
0.0708241
0.0691771
0.0675336
0.0658938
0.0642576
0.062625
0.0609962
0.0593711
0.0577498
0.0561323
0.0545187
0.052909
0.0513032
0.0497013
0.0481035
0.0465097
0.04492
0.0433344
0.0417529
0.0401756
0.0386025
0.0370336
0.0354691
0.0339088
0.032353
0.0308015
0.0292544
0.0277117
0.0261736
0.02464
0.0231109
0.0215864
0.0200666
0.0185514
0.0170409
0.0155351
0.0140341
0.0125379
0.0110465
0.0095599
0.00807823
0.00660148
0.00512968
0.00366287
0.00220107
0.000744315
-0.000707358
-0.00215392
-0.00359534
-0.00503159
-0.00646263
-0.00788844
-0.00930898
-0.0107242
-0.0121341
-0.0135387
-0.0149379
-0.0163316
-0.0177199
-0.0191027
-0.02048
-0.0218518
-0.023218
-0.0245786
-0.0259336
-0.0272829
-0.0286265
-0.0299645
-0.0312966
-0.032623
-0.0339436
-0.0352584
-0.0365673
-0.0378703
-0.0391674
-0.0404586
-0.0417438
-0.043023
-0.0442962
-0.0455633
-0.0468244
-0.0480793
-0.0493281
-0.0505707
-0.0518072
-0.0530374
-0.0542614
-0.0554791
-0.0566905
-0.0578957
-0.0590944
-0.0602868
-0.0614728
-0.0626523
-0.0638255
-0.0649921
-0.0661522
-0.0673058
-0.0684529
-0.0695934
-0.0707273
-0.0718545
-0.0729751
-0.074089
-0.0751963
-0.0762968
-0.0773905
-0.0784775
-0.0795577
-0.0806311
-0.0816976
-0.0827572
-0.08381
-0.0848559
-0.0858948
-0.0869267
-0.0879517
-0.0889697
-0.0899806
-0.0909845
-0.0919814
-0.0929711
-0.0939537
-0.0949292
-0.0958975
-0.0968586
-0.0978126
-0.0987593
-0.0996987
-0.100631
-0.101556
-0.102473
-0.103384
-0.104287
-0.105182
-0.10607
-0.106951
-0.107824
-0.10869
-0.109549
-0.1104
-0.111243
-0.112079
-0.112907
-0.113728
-0.114541
-0.115347
-0.116145
-0.116935
-0.117718
-0.118493
-0.11926
-0.12002
-0.120772
-0.121516
-0.122252
-0.122981
-0.123701
-0.124414
-0.12512
-0.125817
-0.126506
-0.127188
-0.127862
-0.128527
-0.129185
-0.129835
-0.130477
-0.131111
-0.131737
-0.132355
-0.132965
-0.133567
-0.134161
-0.134747
-0.135325
-0.135895
-0.136456
-0.13701
-0.137555
-0.138093
-0.138622
-0.139143
-0.139656
-0.140161
-0.140657
-0.141145
-0.141626
-0.142097
-0.142561
-0.143017
-0.143464
-0.143903
-0.144333
-0.144756
-0.14517
-0.145575
-0.145973
-0.146362
-0.146743
-0.147115
-0.14748
-0.147835
-0.148183
-0.148522
-0.148853
-0.149175
-0.149489
-0.149795
-0.150092
-0.150381
-0.150661
-0.150933
-0.151197
-0.151452
-0.151699
-0.151937
-0.152167
-0.152388
-0.152601
-0.152806
-0.153002
-0.15319
-0.153369
-0.15354
-0.153702
-0.153856
-0.154001
-0.154138
-0.154267
-0.154387
-0.154498
-0.154601
-0.154696
-0.154782
-0.15486
-0.154929
-0.15499
-0.155042
-0.155086
-0.155121
-0.155148
-0.155167
-0.155177
-0.155178
-0.155172
-0.155156
-0.155132
-0.1551
-0.15506
-0.155011
-0.154953
-0.154887
-0.154813
-0.15473
-0.154639
-0.15454
-0.154432
-0.154315
-0.154191
-0.154058
-0.153916
-0.153767
-0.153608
-0.153442
-0.153267
-0.153084
-0.152892
-0.152693
-0.152484
-0.152268
-0.152043
-0.15181
-0.151569
-0.151319
-0.151061
-0.150795
-0.150521
-0.150238
-0.149948
-0.149649
-0.149342
-0.149026
-0.148703
-0.148371
-0.148031
-0.147683
-0.147327
-0.146963
-0.14659
-0.14621
-0.145821
-0.145424
-0.14502
-0.144607
-0.144186
-0.143757
-0.14332
-0.142875
-0.142422
-0.141962
-0.141493
-0.141016
-0.140531
-0.140531
-0.140039
-0.139538
-0.13903
-0.138514
-0.137989
-0.137457
-0.136917
-0.13637
-0.135814
-0.135251
-0.13468
-0.134101
-0.133514
-0.13292
-0.132318
-0.131708
-0.131091
-0.130466
-0.129833
-0.129192
-0.128544
-0.127889
-0.127225
-0.126554
-0.125876
-0.12519
-0.124496
-0.123795
-0.123087
-0.122371
-0.121647
-0.120916
-0.120178
-0.119432
-0.118679
-0.117918
-0.11715
-0.116374
-0.115592
-0.114802
-0.114004
-0.1132
-0.112388
-0.111569
-0.110742
-0.109908
-0.109068
-0.10822
-0.107365
-0.106502
-0.105633
-0.104756
-0.103873
-0.102982
-0.102084
-0.10118
-0.100268
-0.0993491
-0.0984234
-0.0974907
-0.0965512
-0.0956048
-0.0946514
-0.0936913
-0.0927242
-0.0917504
-0.0907698
-0.0897825
-0.0887884
-0.0877875
-0.08678
-0.0857658
-0.084745
-0.0837176
-0.0826836
-0.081643
-0.0805958
-0.0795422
-0.0784821
-0.0774155
-0.0763425
-0.0752631
-0.0741773
-0.0730852
-0.0719867
-0.070882
-0.069771
-0.0686538
-0.0675304
-0.0664009
-0.0652652
-0.0641234
-0.0629756
-0.0618218
-0.0606619
-0.0594961
-0.0583243
-0.0571467
-0.0559632
-0.0547739
-0.0535788
-0.052378
-0.0511714
-0.0499592
-0.0487414
-0.0475179
-0.0462889
-0.0450544
-0.0438144
-0.0425689
-0.0413181
-0.0400619
-0.0388003
-0.0375335
-0.0362615
-0.0349843
-0.0337019
-0.0324144
-0.0311219
-0.0298243
-0.0285217
-0.0272142
-0.0259018
-0.0245846
-0.0232626
-0.0219358
-0.0206043
-0.0192681
-0.0179273
-0.0165819
-0.015232
-0.0138776
-0.0125188
-0.0111555
-0.00978797
-0.0084161
-0.00703997
-0.00565964
-0.00427515
-0.00288654
-0.00149387
-9.71816e-05
0.00130348
0.00270806
0.00411653
0.00552882
0.00694489
0.00836471
0.00978821
0.0112154
0.0126461
0.0140804
0.0155182
0.0169594
0.018404
0.019852
0.0213034
0.0227579
0.0242157
0.0256767
0.0271408
0.0286079
0.0300781
0.0315513
0.0330274
0.0345064
0.0359882
0.0374729
0.0389602
0.0404503
0.0419431
0.0434384
0.0449364
0.046437
0.04794
0.0494455
0.0509533
0.0524634
0.0539758
0.0554905
0.0570074
0.0585264
0.0600475
0.0615708
0.063096
0.0646232
0.0661524
0.0676834
0.0692163
0.070751
0.0722875
0.0738257
0.0753655
0.076907
0.0784501
0.0799947
0.0815408
0.0830883
0.0846373
0.0861876
0.0877393
0.0892922
0.0908464
0.0924017
0.0939582
0.0955158
0.0970745
0.0986342
0.100195
0.101757
0.103319
0.104882
0.106447
0.108012
0.109577
0.111144
0.112711
0.114278
0.115846
0.117415
0.118984
0.120554
0.122124
0.123694
0.125264
0.126835
0.128406
0.129978
0.131549
0.13312
0.134692
0.136263
0.137835
0.139406
0.140978
0.142549
0.14412
0.14569
0.147261
0.148831
0.150401
0.15197
0.153539
0.155107
0.156675
0.158243
0.159809
0.161375
0.162941
0.164505
0.166069
0.167632
0.169194
0.170756
0.172316
0.173875
0.175433
0.176991
0.178547
0.180102
0.181656
0.183208
0.184759
0.186309
0.187858
0.189405
0.190951
0.192495
0.194038
0.195579
0.197119
0.198657
0.200193
0.201728
0.203261
0.204792
0.206321
0.207848
0.209374
0.210897
0.212418
0.213938
0.215455
0.21697
0.218483
0.219994
0.221502
0.223009
0.224512
0.226014
0.227513
0.22901
0.230504
0.231996
0.233485
0.234971
0.236455
0.237936
0.239414
0.24089
0.242363
0.243833
0.2453
0.246764
0.248225
0.249683
0.251138
0.25259
0.254039
0.255485
0.256927
0.258367
0.259803
0.261235
0.262665
0.26409
0.265513
0.266932
0.268347
0.269759
0.271167
0.272572
0.273973
0.27537
0.276764
0.278154
0.27954
0.280922
0.2823
0.283674
0.285044
0.28641
0.287773
0.289131
0.290484
0.291834
0.29318
0.294521
0.295858
0.297191
0.298519
0.299843
0.301163
0.302478
0.303788
0.305094
0.306396
0.307693
0.308985
0.310273
0.311555
0.312833
0.314107
0.315375
0.316639
0.317897
0.319151
0.3204
0.321644
0.322882
0.324116
0.325345
0.326568
0.327786
0.328999
0.330207
0.33141
0.332607
0.333799
0.334985
0.336166
0.337342
0.338512
0.339676
0.340835
0.341989
0.343136
0.344279
0.345415
0.346546
0.347671
0.34879
0.349903
0.351011
0.352113
0.353208
0.354298
0.355382
0.35646
0.357532
0.358597
0.359657
0.360711
0.361758
0.362799
0.363834
0.364863
0.365885
0.366901
0.367911
0.368914
0.369911
0.370902
0.371886
0.372864
0.373835
0.374799
0.375757
0.376709
0.377653
0.378591
0.379523
0.380447
0.381365
0.382276
0.383181
0.384078
0.384969
0.385853
0.38673
0.3876
0.388463
0.389319
0.390168
0.39101
0.391845
0.392672
0.393493
0.394307
0.395113
0.395912
0.396704
0.397489
0.398267
0.399037
0.3998
0.400555
0.401304
0.402044
0.402778
0.403504
0.404223
0.404934
0.405637
0.406333
0.407022
0.407703
0.408376
0.409042
0.409701
0.410351
0.410994
0.411629
0.412257
0.412877
0.413489
0.414093
0.414689
0.415278
0.415859
0.416432
0.416997
0.417555
0.418104
0.418646
0.419179
0.419705
0.420222
0.420732
0.421234
0.421727
0.422213
0.42269
0.42316
0.423621
0.424075
0.42452
0.424957
0.425386
0.425806
0.426219
0.426623
0.427019
0.427407
0.427787
0.428158
0.428522
0.428876
0.429223
0.429561
0.429891
0.430213
0.430526
0.430831
0.431128
0.431416
0.431695
0.431967
0.43223
0.432484
0.43273
0.432968
0.433197
0.433418
0.43363
0.433834
0.434029
0.434216
0.434394
0.434564
0.434725
0.434878
0.435022
0.435157
0.435284
0.435402
0.435512
0.435613
0.435706
0.43579
0.435865
0.435932
0.43599
0.43604
0.436081
0.436113
0.436136
0.436151
0.436158
0.436155
0.436144
0.436125
0.436096
0.436059
0.436013
0.435959
0.435896
0.435824
0.435743
0.435654
0.435556
0.43545
0.435334
0.43521
0.435077
0.434936
0.434786
0.434627
0.434459
0.434283
0.434098
0.433904
0.433702
0.433491
0.433271
0.433042
0.432805
0.432559
0.432304
0.432041
0.431769
0.431488
0.431198
0.4309
0.430593
0.430278
0.429953
0.42962
0.429278
0.428928
0.428569
0.428201
0.427825
0.42744
0.427046
0.426644
0.426233
0.425813
0.425385
0.424948
0.424502
0.424048
0.423585
0.423113
0.422633
0.422145
0.421647
0.421141
0.420627
0.420104
0.419572
0.419032
0.418484
0.417926
0.417361
0.416786
0.416204
0.415612
0.415012
0.414404
0.413787
0.413162
0.412529
0.411886
0.411236
0.410577
0.409909
0.409234
0.408549
0.407857
0.407156
0.406447
0.405729
0.405003
0.404269
0.403526
0.402775
0.402016
0.401248
0.400473
0.399689
0.398896
0.398096
0.397287
0.396471
0.395646
0.394812
0.393971
0.393122
0.392264
0.391398
0.390525
0.389643
0.388753
0.387855
0.386949
0.386035
0.385113
0.384182
0.383243
0.382297
0.381343
0.380382
0.379412
0.378435
0.37745
0.376457
0.375457
0.374448
0.373432
0.372408
0.371376
0.370337
0.36929
0.368235
0.367173
0.366102
0.365025
0.363939
0.362846
0.361746
0.360638
0.359522
0.358399
0.357269
0.356131
0.354986
0.353833
0.352673
0.351505
0.35033
0.349148
0.347959
0.346762
0.345558
0.344347
0.343129
0.341903
0.34067
0.339431
0.338184
0.33693
0.335669
0.334401
0.333126
0.331844
0.330555
0.329259
0.327956
0.326647
0.32533
0.324007
0.322677
0.32134
0.319997
0.318646
0.31729
0.315926
0.314556
0.313179
0.311796
0.310406
0.30901
0.307607
0.306198
0.304782
0.30336
0.301932
0.300497
0.299056
0.297609
0.296155
0.294696
0.29323
0.291758
0.29028
0.288796
0.287306
0.285809
0.284307
0.282799
0.281285
0.279765
0.27824
0.276708
0.275171
0.273628
0.272079
0.270524
0.268964
0.267398
0.265827
0.26425
0.262668
0.26108
0.259487
0.257888
0.256284
0.254674
0.25306
0.25144
0.249815
0.248184
0.246549
0.244908
0.243262
0.241611
0.239956
0.238295
0.236629
0.234959
0.233283
0.231603
0.229918
0.228228
0.226533
0.224834
0.22313
0.221422
0.219709
0.217991
0.216269
0.214543
0.212812
0.211077
0.209337
0.207593
0.205845
0.204093
0.202337
0.200576
0.198812
0.197043
0.19527
0.193494
0.191713
0.189929
0.18814
0.186348
0.184552
0.182753
0.180949
0.179142
0.177332
0.175518
0.1737
0.171879
0.170055
0.168227
0.166396
0.164561
0.162723
0.160882
0.159038
0.157191
0.155341
0.153487
0.151631
0.149771
0.147909
0.146044
0.144176
0.142305
0.140431
0.138555
0.136676
0.134794
0.13291
0.131023
0.129134
0.127242
0.125348
0.123452
0.121553
0.119652
0.117749
0.115844
0.113936
0.112026
0.110115
0.108201
0.106285
0.104368
0.102448
0.100527
0.0986037
0.0966788
0.0947523
0.0928241
0.0908943
0.0889629
0.08703
0.0850956
0.0831598
0.0812226
0.0792841
0.0773443
0.0754032
0.0734609
0.0715174
0.0695729
0.0676272
0.0656805
0.0637329
0.0617842
0.0598347
0.0578844
0.0559332
0.0539813
0.0520287
0.0500754
0.0481215
0.046167
0.0442119
0.0422564
0.0403004
0.038344
0.0363873
0.0344302
0.0324729
0.0305154
0.0285577
0.0265998
0.0246419
0.0226839
0.0207259
0.018768
0.0168102
0.0148525
0.012895
0.0109377
0.00898068
0.00702398
0.00506765
0.00311173
0.00115625
-0.000798731
-0.00275317
-0.00470703
-0.00666025
-0.0086128
-0.0105646
-0.0125157
-0.014466
-0.0164154
-0.0183639
-0.0203115
-0.022258
-0.0242036
-0.0261481
-0.0280914
-0.0300336
-0.0319746
-0.0339144
-0.0358528
-0.0377899
-0.0397257
-0.04166
-0.0435928
-0.0455241
-0.0474539
-0.049382
-0.0513085
-0.0532333
-0.0551564
-0.0570777
-0.0589972
-0.0609148
-0.0628305
-0.0647443
-0.0666561
-0.0685658
-0.0704734
-0.0723789
-0.0742823
-0.0761834
-0.0780823
-0.0799789
-0.0818732
-0.083765
-0.0856545
-0.0875415
-0.0894259
-0.0913079
-0.0931872
-0.0950639
-0.0969379
-0.0988091
-0.100678
-0.102543
-0.104406
-0.106266
-0.108123
-0.109977
-0.111828
-0.113676
-0.115521
-0.117363
-0.119201
-0.121037
-0.122869
-0.124698
-0.126523
-0.128345
-0.130164
-0.131979
-0.13379
-0.135598
-0.137403
-0.139204
-0.141001
-0.142794
-0.144584
-0.14637
-0.148152
-0.14993
-0.151704
-0.153475
-0.155241
-0.157003
-0.158762
-0.160516
-0.162266
-0.164011
-0.165753
-0.16749
-0.169223
-0.170952
-0.172676
-0.174396
-0.176111
-0.177822
-0.179528
-0.18123
-0.182927
-0.18462
-0.186307
-0.18799
-0.189669
-0.191342
-0.193011
-0.194675
-0.196333
-0.197987
-0.199636
-0.20128
-0.202919
-0.204553
-0.206182
-0.207805
-0.209423
-0.211036
-0.212644
-0.214247
-0.215844
-0.217435
-0.219022
-0.220603
-0.222178
-0.223748
-0.225313
-0.226871
-0.228425
-0.229972
-0.231514
-0.23305
-0.234581
-0.236105
-0.237624
-0.239137
-0.240644
-0.242145
-0.243641
-0.24513
-0.246613
-0.248091
-0.249562
-0.251027
-0.252486
-0.253939
-0.255386
-0.256826
-0.258261
-0.259689
-0.26111
-0.262526
-0.263935
-0.265338
-0.266734
-0.268124
-0.269507
-0.270884
-0.272254
-0.273618
-0.274975
-0.276326
-0.27767
-0.279007
-0.280338
-0.281662
-0.282979
-0.28429
-0.285593
-0.28689
-0.28818
-0.289464
-0.29074
-0.292009
-0.293272
-0.294528
-0.295776
-0.297018
-0.298253
-0.29948
-0.300701
-0.301914
-0.303121
-0.30432
-0.305512
-0.306697
-0.307875
-0.309045
-0.310209
-0.311365
-0.312514
-0.313655
-0.314789
-0.315916
-0.317036
-0.318148
-0.319253
-0.32035
-0.32144
-0.322523
-0.323598
-0.324666
-0.325726
-0.326778
-0.327824
-0.328861
-0.329891
-0.330914
-0.331929
-0.332936
-0.333935
-0.334927
-0.335912
