1309.14
1318.88
1228.32
1143.33
1064.21
1063.57
988.716
918.477
852.569
790.726
732.699
678.255
627.174
579.25
534.289
492.109
452.539
415.42
380.601
347.94
317.306
288.573
261.625
236.352
212.652
190.428
169.59
150.052
131.734
114.563
98.4677
83.3823
69.245
55.9979
43.5866
31.9602
21.0707
10.8733
1.32592
-7.61102
-15.9745
-23.7993
-31.118
-37.9612
-44.3574
-50.3337
-55.9151
-61.1253
-65.9864
-70.6109
-74.9234
-78.9424
-82.6853
-86.1681
-89.4062
-92.4137
-95.2039
-97.7895
-100.182
-102.393
-104.431
-106.308
-108.032
-109.611
-111.053
-112.366
-113.557
-114.632
-115.598
-116.459
-117.222
-117.892
-118.472
-118.968
-119.384
-119.723
-119.989
-120.186
-120.317
-120.384
-120.391
-120.34
-120.233
-120.073
-119.863
-119.603
-119.296
-118.944
-118.549
-118.111
-117.633
-117.116
-116.561
-115.97
-115.343
-114.682
-113.988
-113.263
-112.506
-111.718
-110.902
-110.057
-109.185
-108.285
-107.36
-106.409
-105.434
-104.435
-103.412
-102.367
-101.3
-100.212
-99.1025
-97.9732
-96.8244
-95.6567
-94.4707
-93.2669
-92.046
-90.8086
-89.5552
-88.2864
-87.0029
-85.7051
-84.3938
-83.0695
-81.7327
-80.3842
-79.0245
-77.6542
-76.274
-74.8844
-73.4862
-72.0799
-70.6662
-69.2457
-67.819
-66.3869
-64.9501
-63.509
-62.0645
-60.6172
-59.1678
-57.717
-56.2655
-54.8138
-53.3629
-51.9133
-50.4657
-49.0208
-47.5794
-46.1422
-44.7098
-43.2829
-41.8623
-40.4486
-39.0426
-37.6449
-36.2562
-34.8772
-33.5087
-32.1511
-30.8054
-29.472
-28.1517
-26.8452
-25.553
-24.2757
-23.0141
-21.7688
-20.5403
-19.3292
-18.1361
-16.9616
-15.8062
-14.6706
-13.5551
-12.4604
-11.387
-10.3352
-9.30567
-8.29878
-7.31499
-6.35471
-5.41837
-4.50634
-3.619
-2.7567
-1.91978
-1.10856
-0.323336
0.435606
1.16801
1.87362
2.55223
3.20362
3.8276
4.42402
4.99271
5.53356
6.04645
6.53129
6.98801
7.41656
7.81689
8.18899
8.53287
8.84854
9.13604
9.39542
9.62677
9.83015
10.0057
10.1535
10.2737
10.3665
10.432
10.4704
10.482
10.4669
10.4253
10.3575
10.2637
10.1443
9.99939
9.82937
9.63452
9.41513
9.17153
8.90404
8.61299
8.29874
7.96163
7.60202
7.22028
6.81677
6.39189
5.946
5.47951
4.9928
4.48627
3.96032
3.41535
2.85178
2.27001
1.67044
1.0535
0.419586
-0.230878
-0.897482
-1.57981
-2.27746
-2.99001
-3.71706
-4.4582
-5.21301
-5.98111
-6.76208
-7.55553
-8.36107
-9.1783
-10.0068
-10.8463
-11.6963
-12.5565
-13.4265
-14.3059
-15.1944
-16.0916
-16.9972
-17.9108
-18.8321
-19.7608
-20.6965
-21.639
-22.5878
-23.5428
-24.5035
-25.4697
-26.4412
-27.4176
-28.3986
-29.3841
-30.3736
-31.3671
-32.3642
-33.3646
-34.3682
-35.3747
-36.3839
-37.3956
-38.4096
-39.4256
-40.4435
-41.4631
-42.4842
-43.5066
-44.5301
-45.5546
-46.5799
-47.6059
-48.6324
-49.6593
-50.6863
-51.7135
-52.7407
-53.7677
-54.7944
-55.8207
-56.8466
-57.8718
-58.8963
-59.9201
-60.9429
-61.9648
-62.9857
-64.0054
-65.0239
-66.0411
-67.057
-68.0714
-69.0844
-70.0959
-71.1058
-72.114
-73.1206
-74.1255
-75.1285
-76.1298
-77.1292
-78.1267
-79.1223
-80.1159
-81.1076
-82.0972
-83.0848
-84.0703
-85.0537
-86.035
-87.0141
-87.9911
-88.9659
-89.9385
-90.9089
-91.877
-92.8429
-93.8065
-94.7679
-95.7269
-96.6836
-97.638
-98.5901
-99.5398
-100.487
-101.432
-102.375
-103.315
-104.252
-105.188
-106.12
-107.051
-107.978
-108.904
-109.826
-110.747
-111.664
-112.579
-113.492
-114.402
-115.309
-116.213
-117.115
-118.014
-118.911
-119.805
-120.695
-121.583
-122.469
-123.351
-124.23
-125.107
-125.98
-126.851
-127.718
-128.583
-129.444
-130.302
-131.157
-132.009
-132.857
-133.702
-134.544
-135.383
-136.218
-137.049
-137.877
-138.701
-139.522
-140.339
-141.152
-141.962
-142.768
-143.569
-144.367
-145.161
-145.951
-146.736
-147.518
-148.295
-149.068
-149.836
-150.6
-151.36
-152.115
-152.865
-153.611
-154.351
-155.088
-155.819
-156.545
-157.266
-157.982
-158.693
-159.398
-160.099
-160.793
-161.483
-162.167
-162.845
-163.517
-164.184
-164.845
-165.5
-166.149
-166.792
-167.429
-168.059
-168.684
-169.302
-169.913
-170.518
-171.117
-171.708
-172.293
-172.872
-173.443
-174.007
-174.564
-175.115
-175.658
-176.193
-176.722
-177.243
-177.756
-178.262
-178.76
-179.251
-179.734
-180.209
-180.676
-181.135
-181.586
-182.029
-182.464
-182.89
-183.309
-183.719
-184.12
-184.513
-184.898
-185.273
-185.64
-185.999
-186.349
-186.689
-187.021
-187.344
-187.658
-187.963
-188.259
-188.545
-188.823
-189.091
-189.35
-189.599
-189.839
-190.07
-190.291
-190.503
-190.705
-190.898
-191.081
-191.254
-191.418
-191.572
-191.716
-191.85
-191.975
-192.09
-192.195
-192.29
-192.375
-192.45
-192.516
-192.571
-192.617
-192.653
-192.678
-192.694
-192.7
-192.695
-192.681
-192.657
-192.623
-192.579
-192.524
-192.46
-192.386
-192.302
-192.208
-192.104
-191.99
-191.866
-191.732
-191.588
-191.435
-191.272
-191.098
-190.915
-190.723
-190.52
-190.308
-190.086
-189.855
-189.613
-189.363
-189.102
-188.833
-188.554
-188.265
-187.967
-187.66
-187.343
-187.017
-186.682
-186.338
-185.985
-185.623
-185.252
-184.872
-184.483
-184.085
-183.679
-183.264
-182.84
-182.408
-181.968
-181.519
-181.061
-180.596
-180.122
-179.64
-179.151
-178.653
-178.148
-177.634
-177.113
-176.585
-176.049
-175.505
-174.954
-174.396
-173.831
-173.258
-172.679
-172.093
-171.5
-170.9
-170.294
-169.681
-169.062
-168.436
-167.804
-167.166
-166.523
-165.873
-165.217
-164.556
-163.889
-163.217
-162.539
-161.857
-161.169
-160.476
-159.778
-159.075
-158.367
-157.655
-156.939
-156.218
-155.493
-154.764
-154.031
-153.294
-152.553
-151.809
-151.061
-150.31
-149.556
-148.798
-148.038
-147.274
-146.508
-145.739
-144.968
-144.194
-143.418
-142.64
-141.86
-141.078
-140.295
-139.509
-138.723
-137.935
-137.145
-136.355
-135.564
-134.772
-133.979
-133.186
-132.392
-131.598
-130.803
-130.009
-129.215
-128.421
-127.628
-126.835
-126.042
-125.251
-124.46
-123.67
-122.882
-122.094
-121.309
-120.524
-119.742
-118.961
-118.182
-117.405
-116.631
-115.859
-115.089
-114.322
-113.557
-112.796
-112.037
-111.282
-110.529
-109.78
-109.035
-108.293
-107.555
-106.82
-106.133
-105.445
-104.756
-104.067
-103.378
-102.69
-102.003
-101.318
-100.635
-99.954
-99.2757
-98.6003
-97.9283
-97.2597
-96.595
-95.9344
-95.2782
-94.6266
-93.9798
-93.338
-92.7015
-92.0704
-91.445
-90.8255
-90.2119
-89.6045
-89.0034
-88.4087
-87.8207
-87.2394
-86.6651
-86.0977
-85.5374
-84.9843
-84.4386
-83.9003
-83.3695
-82.8463
-82.3309
-81.8232
-81.3233
-80.8314
-80.3474
-79.8715
-79.4036
-78.944
-78.4925
-78.0493
-77.6143
-77.1877
-76.7695
-76.3596
-75.9582
-75.5651
-75.1806
-74.8045
-74.437
-74.0779
-73.7273
-73.3853
-73.0518
-72.7268
-72.4103
-72.1023
-71.8029
-71.5119
-71.2294
-70.9554
-70.6899
-70.4327
-70.184
-69.9437
-69.7117
-69.488
-69.2726
-69.0655
-68.8666
-68.6759
-68.4934
-68.319
-68.1526
-67.9942
-67.8438
-67.7014
-67.5668
-67.44
-67.3211
-67.2098
-67.1062
-67.0101
-66.9217
-66.8407
-66.7671
-66.7009
-66.642
-66.5903
-66.5457
-66.5083
-66.4779
-66.4544
-66.4378
-66.4281
-66.4251
-66.4287
-66.4389
-66.4557
-66.4789
-66.5085
-66.5443
-66.5864
-66.6346
-66.6889
-66.7492
-66.8154
-66.8874
-66.9651
-67.0485
-67.1375
-67.232
-67.3319
-67.4372
-67.5478
-67.6635
-67.7843
-67.9102
-68.0411
-68.1768
-68.3173
-68.4625
-68.6123
-68.7668
-68.9257
-69.089
-69.2566
-69.4285
-69.6045
-69.7847
-69.9689
-70.1571
-70.3491
-70.545
-70.7445
-70.9478
-71.1547
-71.365
-71.5789
-71.7961
-72.0167
-72.2405
-72.4675
-72.6977
-72.9309
-73.1671
-73.4063
-73.6483
-73.8932
-74.1408
-74.3912
-74.6442
-74.8998
-75.1579
-75.4186
-75.6816
-75.9471
-76.2149
-76.485
-76.7573
-77.0318
-77.3085
-77.5873
-77.8681
-78.151
-78.4358
-78.7226
-79.0112
-79.3018
-79.5941
-79.8882
-80.1841
-80.4817
-80.781
-81.082
-81.3845
-81.6887
-81.9944
-82.3017
-82.6104
-82.9207
-83.2324
-83.5455
-83.8601
-84.176
-84.4933
-84.8119
-85.1319
-85.4532
-85.7757
-86.0995
-86.4246
-86.7509
-87.0784
-87.4072
-87.7371
-88.0682
-88.4004
-88.7338
-89.0684
-89.404
-89.7408
-90.0787
-90.4177
-90.7577
-91.0989
-91.4411
-91.7843
-92.1286
-92.474
-92.8204
-93.1678
-93.5162
-93.8656
-94.216
-94.5675
-94.9199
-95.2733
-95.6276
-95.9829
-96.3392
-96.6965
-97.0547
-97.4138
-97.7738
-98.1348
-98.4967
-98.8595
-99.2232
-99.5878
-99.9532
-100.32
-100.687
-101.055
-101.424
-101.793
-102.164
-102.535
-102.907
-103.28
-103.654
-104.028
-104.404
-104.779
-105.156
-105.533
-105.911
-106.29
-106.669
-107.049
-107.429
-107.81
-108.192
-108.574
-108.957
-109.34
-109.723
-110.107
-110.491
-110.876
-111.261
-111.646
-112.031
-112.417
-112.803
-113.189
-113.575
-113.961
-114.348
-114.734
-115.12
-115.506
-115.892
-116.278
-116.663
-117.048
-117.433
-117.818
-118.202
-118.585
-118.968
-119.35
-119.732
-120.113
-120.493
-120.872
-121.25
-121.627
-122.003
-122.378
-122.752
-123.125
-123.496
-123.865
-124.233
-124.6
-124.964
-125.327
-125.688
-126.047
-126.405
-126.76
-127.112
-127.463
-127.811
-128.156
-128.499
-128.839
-129.177
-129.511
-129.843
-130.171
-130.496
-130.818
-131.136
-131.451
-131.763
-132.07
-132.374
-132.673
-132.969
-133.26
-133.547
-133.83
-134.108
-134.381
-134.65
-134.913
-135.172
-135.425
-135.673
-135.916
-136.153
-136.385
-136.61
-136.83
-137.044
-137.251
-137.453
-137.648
-137.836
-138.018
-138.193
-138.361
-138.523
-138.677
-138.823
-138.963
-139.095
-139.219
-139.336
-139.445
-139.546
-139.638
-139.723
-139.799
-139.867
-139.927
-139.978
-140.02
-140.053
-140.078
-140.094
-140.1
-140.097
-140.085
-140.064
-140.033
-139.993
-139.944
-139.884
-139.815
-139.736
-139.647
-139.549
-139.44
-139.322
-139.193
-139.055
-138.906
-138.747
-138.578
-138.398
-138.209
-138.009
-137.799
-137.579
-137.348
-137.107
-136.856
-136.595
-136.323
-136.042
-135.75
-135.448
-135.136
-134.814
-134.482
-134.14
-133.788
-133.426
-133.055
-132.674
-132.283
-131.883
-131.473
-131.055
-130.627
-130.19
-129.744
-129.289
-128.826
-128.354
-127.873
-127.385
-126.888
-126.383
-125.871
-125.351
-124.823
-124.288
-123.746
-123.197
-122.642
-122.079
-121.511
-120.936
-120.356
-119.77
-119.178
-118.581
-117.979
-117.372
-116.761
-116.145
-115.525
-114.902
-114.274
-113.644
-113.01
-112.373
-111.734
-111.092
-110.449
-109.803
-109.156
-108.508
-107.858
-107.208
-106.557
-105.906
-105.255
-104.605
-103.955
-103.306
-102.657
-102.011
-101.366
-100.722
-100.081
-99.4428
-98.8069
-98.1739
-97.5442
-96.9179
-96.2953
-95.6767
-95.0624
-94.4525
-93.8473
-93.2471
-92.6521
-92.0625
-91.4785
-90.9005
-90.3285
-89.7629
-89.2038
-88.6515
-88.1061
-87.5679
-87.0371
-86.5138
-85.9983
-85.4907
-84.9912
-84.4999
-84.0171
-83.5429
-83.0775
-82.621
-82.1736
-81.7353
-81.3064
-80.8869
-80.4771
-80.0769
-79.6866
-79.3062
-78.9358
-78.5755
-78.2254
-77.8857
-77.5562
-77.2372
-76.9288
-76.6308
-76.3435
-76.0668
-75.8009
-75.5456
-75.3011
-75.0675
-74.8446
-74.6325
-74.4313
-74.2409
-74.0613
-73.8925
-73.7345
-73.5873
-73.4509
-73.3252
-73.2102
-73.1058
-73.012
-72.9288
-72.8562
-72.7939
-72.7421
-72.7005
-72.6693
-72.6482
-72.6372
-72.6362
-72.6452
-72.664
-72.6926
-72.7308
-72.7785
-72.8358
-72.9024
-72.9782
-73.0632
-73.1571
-73.26
-73.3717
-73.4921
-73.621
-73.7583
-73.9039
-74.0577
-74.2195
-74.3892
-74.5667
-74.7519
-74.9446
-75.1446
-75.3519
-75.5662
-75.7876
-76.0157
-76.2506
-76.492
-76.7398
-76.9939
-77.254
-77.5202
-77.7922
-78.07
-78.3532
-78.642
-78.936
-79.2351
-79.5392
-79.8483
-80.162
-80.4804
-80.8032
-81.1303
-81.4617
-81.7971
-82.1364
-82.4795
-82.8263
-83.1767
-83.5304
-83.8875
-84.2477
-84.611
-84.9771
-85.3461
-85.7178
-86.092
-86.4687
-86.8478
-87.229
-87.6124
-87.9978
-88.3851
-88.7742
-89.165
-89.5573
-89.9512
-90.3465
-90.743
-91.1408
-91.5397
-91.9396
-92.3404
-92.7421
-93.1445
-93.5476
-93.9513
-94.3555
-94.7601
-95.1651
-95.5703
-95.9758
-96.3814
-96.7871
-97.1927
-97.5983
-98.0038
-98.409
-98.814
-99.2187
-99.623
-100.623
-100.686
-100.091
-100.396
-100.773
-101.151
-101.532
-101.915
-102.3
-102.686
-103.074
-103.462
-103.852
-104.242
-104.633
-105.024
-105.415
-105.806
-106.197
-106.588
-106.979
-107.369
-107.759
-108.148
-108.536
-108.923
-109.309
-109.695
-110.079
-110.462
-110.844
-111.224
-111.603
-111.981
-112.357
-112.732
-113.105
-113.477
-113.847
-114.215
-114.582
-114.947
-115.31
-115.671
-116.03
-116.388
-116.744
-117.097
-117.449
-117.799
-118.148
-118.494
-118.838
-119.18
-119.52
-119.859
-120.195
-120.529
-120.861
-121.192
-121.52
-121.846
-122.17
-122.493
-122.813
-123.131
-123.447
-123.761
-124.073
-124.383
-124.691
-124.997
-125.301
-125.603
-125.903
-126.201
-126.497
-126.791
-127.083
-127.373
-127.661
-127.947
-128.231
-128.513
-128.793
-129.071
-129.347
-129.621
-129.893
-130.163
-130.432
-130.698
-130.962
-131.224
-131.485
-131.743
-132
-132.254
-132.507
-132.758
-133.006
-133.253
-133.498
-133.741
-133.982
-134.221
-134.458
-134.693
-134.927
-135.158
-135.387
-135.615
-135.84
-136.064
-136.286
-136.505
-136.723
-136.939
-137.153
-137.365
-137.575
-137.783
-137.989
-138.193
-138.395
-138.595
-138.793
-138.989
-139.184
-139.376
-139.566
-139.754
-139.94
-140.124
-140.306
-140.486
-140.664
-140.84
-141.014
-141.186
-141.355
-141.523
-141.688
-141.852
-142.013
-142.172
-142.329
-142.484
-142.636
-142.787
-142.935
-143.081
-143.225
-143.366
-143.506
-143.643
-143.777
-143.91
-144.04
-144.168
-144.294
-144.417
-144.538
-144.656
-144.772
-144.886
-144.997
-145.106
-145.212
-145.316
-145.417
-145.516
-145.612
-145.706
-145.797
-145.886
-145.972
-146.055
-146.136
-146.214
-146.289
-146.362
-146.432
-146.499
-146.563
-146.625
-146.684
-146.74
-146.793
-146.843
-146.891
-146.935
-146.977
-147.016
-147.052
-147.084
-147.114
-147.141
-147.165
-147.185
-147.203
-147.217
-147.228
-147.237
-147.242
-147.243
-147.242
-147.237
-147.23
-147.218
-147.204
-147.186
-147.165
-147.141
-147.113
-147.082
-147.047
-147.009
-146.968
-146.923
-146.875
-146.823
-146.767
-146.708
-146.646
-146.58
-146.51
-146.437
-146.361
-146.28
-146.196
-146.109
-146.017
-145.922
-145.824
-145.721
-145.615
-145.505
-145.392
-145.275
-145.154
-145.029
-144.901
-144.768
-144.632
-144.493
-144.349
-144.202
-144.051
-143.896
-143.737
-143.575
-143.409
-143.239
-143.065
-142.888
-142.706
-142.521
-142.332
-142.14
-141.944
-141.744
-141.54
-141.333
-141.121
-140.907
-140.688
-140.466
-140.24
-140.011
-139.778
-139.541
-139.301
-139.058
-138.811
-138.56
-138.306
-138.048
-137.787
-137.523
-137.256
-136.985
-136.71
-136.433
-136.152
-135.869
-135.582
-135.292
-134.999
-134.703
-134.404
-134.102
-133.797
-133.489
-133.179
-132.866
-132.55
-132.232
-131.911
-131.587
-131.262
-130.933
-130.603
-130.27
-129.935
-129.598
-129.259
-128.917
-128.574
-128.229
-127.882
-127.534
-127.183
-126.832
-126.478
-126.123
-125.767
-125.41
-125.051
-124.692
-124.331
-123.969
-123.607
-123.243
-122.879
-122.515
-122.15
-121.784
-121.418
-121.052
-120.686
-120.319
-119.953
-119.587
-119.221
-118.855
-118.49
-118.125
-117.76
-117.397
-117.034
-116.672
-116.311
-115.952
-115.593
-115.236
-114.88
-114.525
-114.173
-113.821
-113.472
-113.125
-112.779
-112.436
-112.095
-111.756
-111.419
-111.085
-110.754
-110.425
-110.1
-109.777
-109.457
-109.14
-108.826
-108.516
-108.209
-107.905
-107.606
-107.309
-107.017
-106.728
-106.444
-106.163
-105.887
-105.615
-105.347
-105.084
-104.825
-104.57
-104.321
-104.076
-103.836
-103.601
-103.37
-103.145
-102.925
-102.711
-102.501
-102.297
-102.099
-101.906
-101.718
-101.536
-101.36
-101.189
-101.025
-100.866
-100.713
-100.566
-100.425
-100.291
-100.162
-100.04
-99.9233
-99.8133
-99.7096
-99.6122
-99.5212
-99.4366
-99.3584
-99.2867
-99.2214
-99.1627
-99.1105
-99.0648
-99.0256
-98.9931
-98.9671
-98.9477
-98.9349
-98.9287
-98.9291
-98.9361
-98.9497
-98.9699
-98.9967
-99.03
-99.0699
-99.1164
-99.1693
-99.2288
-99.2948
-99.3672
-99.4461
-99.5313
-99.623
-99.7209
-99.8252
-99.9357
-100.052
-100.175
-100.304
-100.44
-100.581
-100.728
-100.881
-101.04
-101.205
-101.375
-101.551
-101.733
-101.921
-102.113
-102.312
-102.515
-102.724
-102.938
-103.157
-103.382
-103.611
-103.845
-104.084
-104.327
-104.575
-104.828
-105.085
-105.346
-105.611
-105.881
-106.155
-106.432
-106.714
-106.999
-107.287
-107.58
-107.875
-108.174
-108.476
-108.781
-109.089
-109.4
-109.714
-110.03
-110.349
-110.67
-110.993
-111.318
-111.646
-111.975
-112.306
-112.638
-112.973
-113.308
-113.645
-113.982
-114.321
-114.661
-115.001
-115.342
-115.684
-116.025
-116.367
-116.709
-117.051
-117.392
-117.733
-118.074
-118.414
-118.753
-119.092
-119.429
-119.765
-120.099
-120.433
-120.764
-121.094
-121.421
-121.747
-122.071
-122.392
-122.71
-123.026
-123.339
-123.649
-123.956
-124.259
-124.559
-124.856
-125.149
-125.438
-125.723
-126.003
-126.279
-126.551
-126.818
-127.081
-127.338
-127.59
-127.837
-128.078
-128.313
-128.543
-128.767
-128.985
-129.196
-129.401
-129.599
-129.791
-129.975
-130.153
-130.323
-130.485
-130.64
-130.787
-130.926
-131.057
-131.18
-131.294
-131.399
-131.495
-131.583
-131.661
-131.73
-131.789
-131.838
-131.877
-131.906
-131.925
-131.933
-131.931
-131.917
-131.893
-131.857
-131.81
-131.751
-131.68
-131.597
-131.502
-131.395
-131.275
-131.142
-130.996
-130.837
-130.664
-130.478
-130.278
-130.065
-129.837
-129.594
-129.337
-129.066
-128.779
-128.478
-128.161
-127.828
-127.48
-127.116
-126.736
-126.34
-125.927
-125.497
-125.051
-124.588
-124.108
-123.61
-123.095
-122.562
-122.012
-121.443
-120.856
-120.251
-119.628
-118.986
-118.325
-117.645
-116.946
-114.44
-116.228
-115.491
-114.734
-113.958
-113.162
-112.346
-111.51
-110.655
-109.779
-108.883
-107.967
-107.031
-106.075
-105.098
-104.1
-103.082
-102.044
-100.985
-99.9059
-98.8059
-97.6855
-96.5446
-95.3832
-94.2013
-92.9991
-91.7766
-90.5338
-89.2709
-87.9879
-86.685
-85.3622
-84.0197
-82.6577
-81.2763
-79.8756
-78.456
-77.0175
-75.5603
-74.0848
-72.5911
-71.0795
-69.5503
-68.0037
-66.4401
-64.8598
-63.263
-61.6502
-60.0217
-58.3779
-56.7191
-55.0458
-53.3585
-51.6574
-49.9431
-48.216
-46.4767
-44.7256
-42.9632
-41.1901
-39.4068
-37.6138
-35.8117
-34.0011
-32.1827
-30.3569
-28.5244
-26.6859
-24.842
-22.9934
-21.1407
-19.2847
-17.4259
-15.5652
-13.7031
-11.8406
-9.9782
-8.11675
-6.25697
-4.39962
-2.54546
-0.695262
1.1502
2.99015
4.82381
6.65038
8.46908
10.2791
12.0797
13.87
15.6493
17.4168
19.1716
20.913
22.6402
24.3524
26.0488
27.7287
29.3913
31.0359
32.6616
34.2678
35.8537
37.4185
38.9617
40.4824
41.98
43.4538
44.9031
46.3273
47.7258
49.0979
50.4431
51.7607
53.0502
54.311
55.5426
56.7446
57.9163
59.0573
60.1673
61.2456
62.292
63.3061
64.2874
65.2356
66.1505
67.0317
67.8789
68.6918
69.4704
70.2142
70.9233
71.5973
72.2362
72.8398
73.4081
73.941
74.4385
74.9004
75.327
75.7181
76.0738
76.3942
76.6793
76.9294
77.1445
77.3248
77.4705
77.5818
77.6589
77.702
77.7114
77.6874
77.6303
77.5403
77.4179
77.2633
77.077
76.8593
76.6105
76.3312
76.0217
75.6824
75.3138
74.9164
74.4906
74.0369
73.5557
73.0477
72.5132
71.9528
71.367
70.7564
70.1214
69.4632
68.7817
68.0775
67.3511
66.6032
65.8342
65.0447
64.2353
63.4065
62.5589
61.693
60.8095
59.9087
58.9914
58.058
57.1091
56.1452
55.1669
54.1748
53.1693
52.1509
51.1202
50.0778
49.024
47.9595
46.8846
45.8
44.706
43.6032
42.4921
41.3729
40.2464
39.1127
37.9725
36.8261
35.674
34.5164
33.354
32.187
31.0157
29.8407
28.6622
27.4806
26.2962
25.1094
23.9205
22.7298
21.5377
20.3443
19.15
17.9551
16.7598
15.5644
14.3691
13.1742
11.9799
10.7865
9.59405
8.40288
7.21316
6.02506
4.83876
3.65444
2.47226
1.29237
0.114917
-1.05996
-2.23213
-3.40147
-4.56786
-5.7312
-6.89138
-8.0483
-9.20188
-10.352
-11.4987
-12.6418
-13.7812
-14.9169
-16.0489
-17.1771
-18.3015
-19.422
-20.5385
-21.6512
-22.7598
-23.8645
-24.9652
-26.0619
-27.1546
-28.2432
-29.3279
-30.4085
-31.4851
-32.5577
-33.6264
-34.6911
-35.7518
-36.8086
-37.8615
-38.9106
-39.9558
-40.9971
-42.0347
-43.0686
-44.0987
-45.1251
-46.1479
-47.1671
-48.1827
-49.1948
-50.2034
-51.2086
-52.2103
-53.2087
-54.2038
-55.1957
-56.1843
-57.1697
-58.1521
-59.1313
-60.1074
-61.0806
-62.0509
-63.0182
-63.9826
-64.9442
-65.9031
-66.8591
-67.8125
-68.7633
-69.7114
-70.6569
-71.5998
-72.5403
-73.4783
-74.4138
-75.3469
-76.2776
-77.206
-78.1321
-79.0559
-79.9774
-80.8966
-81.8137
-82.7285
-83.6412
-84.5517
-85.46
-86.3663
-87.2704
-88.1724
-89.0723
-89.9702
-90.8659
-91.7596
-92.6513
-93.5409
-94.4284
-95.3138
-96.1972
-97.0785
-97.9578
-98.8349
-99.71
-100.583
-101.454
-102.322
-103.189
-104.053
-104.916
-105.776
-106.633
-107.489
-108.342
-109.193
-110.041
-110.887
-111.731
-112.573
-113.411
-114.248
-115.081
-115.912
-116.741
-117.567
-118.39
-119.21
-120.027
-120.842
-121.653
-122.462
-123.267
-124.07
-124.869
-125.665
-126.458
-127.247
-128.033
-128.816
-129.595
-130.37
-131.142
-131.91
-132.674
-133.435
-134.191
-134.944
-135.692
-136.436
-137.176
-137.912
-138.644
-139.37
-140.093
-140.811
-141.524
-142.232
-142.935
-143.634
-144.328
-145.016
-145.699
-146.378
-147.05
-147.718
-148.38
-149.036
-149.687
-150.332
-150.971
-151.604
-152.232
-152.853
-153.468
-154.077
-154.68
-155.276
-155.866
-156.449
-157.026
-157.596
-158.159
-158.715
-159.264
-159.807
-160.342
-160.87
-161.391
-161.905
-162.411
-162.909
-163.4
-163.884
-164.36
-164.828
-165.288
-165.74
-166.185
-166.621
-167.049
-167.469
-167.881
-168.284
-168.679
-169.066
-169.444
-169.814
-170.175
-170.527
-170.871
-171.206
-171.532
-171.849
-172.157
-172.457
-172.747
-173.028
-173.3
-173.563
-173.817
-174.061
-174.296
-174.522
-174.739
-174.946
-175.144
-175.332
-175.511
-175.68
-175.84
-175.99
-176.131
-176.262
-176.383
-176.495
-176.597
-176.69
-176.773
-176.846
-176.909
-176.963
-177.007
-177.041
-177.066
-177.081
-177.086
-177.081
-177.067
-177.043
-177.01
-176.966
-176.913
-176.851
-176.778
-176.697
-176.605
-176.504
-176.393
-176.273
-176.143
-176.004
-175.856
-175.698
-175.53
-175.354
-175.167
-174.972
-174.768
-174.554
-174.331
-174.099
-173.858
-173.608
-173.349
-173.081
-172.804
-172.518
-172.224
-171.921
-171.609
-171.289
-170.96
-170.622
-170.277
-169.923
-169.561
-169.19
-168.812
-168.425
-168.031
-167.628
-167.218
-166.8
-166.375
-165.941
-165.501
-165.053
-164.597
-164.134
-163.665
-163.188
-162.704
-162.213
-161.715
-161.211
-160.7
-160.182
-159.658
-159.128
-158.591
-158.049
-157.5
-156.945
-156.385
-155.818
-155.246
-154.669
-154.086
-153.497
-152.904
-152.305
-151.701
-151.093
-150.479
-149.861
-149.238
-148.611
-147.98
-147.344
-146.704
-146.06
-145.412
-144.76
-144.104
-143.445
-142.783
-142.117
-141.448
-140.775
-140.1
-139.422
-138.741
-138.057
-137.371
-136.683
-135.992
-135.299
-134.603
-133.906
-133.207
-132.507
-131.805
-131.101
-130.396
-129.69
-128.982
-128.274
-127.565
-126.855
-126.144
-125.433
-124.721
-124.01
-123.298
-122.586
-121.874
-121.162
-120.451
-119.74
-119.03
-118.32
-117.611
-116.903
-116.196
-115.491
-114.786
-114.083
-113.382
-112.682
-111.984
-111.287
-110.593
-109.901
-109.211
-108.523
-107.838
-107.155
-106.475
-105.797
-105.123
-104.451
-103.783
-103.118
-102.456
-101.797
-101.142
-100.491
-99.8433
-99.1995
-98.5596
-97.9238
-97.2921
-96.6647
-96.0416
-95.4423
-94.8452
-94.2505
-93.6584
-93.0692
-92.4832
-91.9006
-91.3216
-90.7465
-90.1754
-89.6086
-89.0461
-88.4883
-87.9353
-87.3872
-86.8441
-86.3064
-85.774
-85.2471
-84.7259
-84.2105
-83.701
-83.1974
-82.7
-82.2088
-81.724
-81.2455
-80.7736
-80.3083
-79.8496
-79.3977
-78.9526
-78.5144
-78.0832
-77.659
-77.2419
-76.8319
-76.4291
-76.0336
-75.6454
-75.2645
-74.8909
-74.5248
-74.1662
-73.815
-73.4713
-73.1352
-72.8066
-72.4857
-72.1723
-71.8665
-71.5684
-71.2779
-70.9951
-70.7199
-70.4524
-70.1926
-69.9404
-69.696
-69.4591
-69.23
-69.0084
-68.7946
-68.5883
-68.3897
-68.1986
-68.0151
-67.8392
-67.6709
-67.51
-67.3566
-67.2107
-67.0722
-66.9411
-66.8174
-66.701
-66.5919
-66.4901
-66.3955
-66.3081
-66.2278
-66.1547
-66.0885
-66.0294
-65.9773
-65.932
-65.8937
-65.8621
-65.8373
-65.8192
-65.8078
-65.8029
-65.8046
-65.8128
-65.8274
-65.8484
-65.8757
-65.9092
-65.9489
-65.9947
-66.0466
-66.1045
-66.1683
-66.238
-66.3134
-66.3946
-66.4815
-66.5739
-66.6719
-66.7753
-66.8841
-66.9983
-67.1177
-67.2422
-67.3719
-67.5067
-67.6463
-67.7909
-67.9404
-68.0945
-68.2534
-68.4169
-68.5849
-68.7574
-68.9343
-69.1156
-69.3011
-69.4908
-69.6847
-69.8825
-70.0844
-70.2902
-70.4999
-70.7133
-70.9305
-71.1512
-71.3756
-71.6035
-71.8349
-72.0696
-72.3076
-72.5489
-72.7934
-73.041
-73.2917
-73.5454
-73.802
-74.0615
-74.3239
-74.589
-74.8568
-75.1273
-75.4003
-75.6759
-75.954
-76.2345
-76.5173
-76.8025
-77.09
-77.3796
-77.6715
-77.9654
-78.2614
-78.5595
-78.8595
-79.1614
-79.4652
-79.7709
-80.0783
-80.3875
-80.6984
-81.011
-81.3252
-81.6409
-81.9582
-82.277
-82.5973
-82.919
-83.2421
-83.5665
-83.8923
-84.2194
-84.5477
-84.8772
-85.208
-85.5399
-85.8729
-86.207
-86.5422
-86.8784
-87.2157
-87.5539
-87.8931
-88.2332
-88.5743
-88.9162
-89.2589
-89.6025
-89.9469
-90.2921
-90.6381
-90.9848
-91.3322
-91.6803
-92.029
-92.3785
-92.7285
-93.0792
-93.4305
-93.7823
-94.1347
-94.4876
-94.841
-95.1949
-95.5493
-95.9042
-96.2595
-96.6152
-96.9713
-97.3278
-97.6846
-98.0418
-98.3993
-98.7571
-99.1153
-99.4736
-99.8323
-100.191
-100.55
-100.909
-101.269
-101.629
-101.988
-102.348
-102.708
-103.068
-103.428
-103.788
-104.148
-104.509
-104.869
-105.229
-105.589
-105.948
-106.308
-106.668
-107.027
-107.386
-107.745
-108.104
-108.462
-108.821
-109.178
-109.536
-109.893
-110.25
-110.606
-110.961
-111.317
-111.671
-112.025
-112.379
-112.732
-113.084
-113.435
-113.786
-114.136
-114.485
-114.833
-115.18
-115.527
-115.872
-116.216
-116.559
-116.902
-117.243
-117.582
-117.921
-118.258
-118.594
-118.928
-119.261
-119.593
-119.923
-120.251
-120.578
-120.903
-121.226
-121.548
-121.868
-122.185
-122.501
-122.815
-123.126
-123.436
-123.743
-124.048
-124.35
-124.65
-124.948
-125.243
-125.535
-125.825
-126.112
-126.396
-126.678
-126.956
-127.231
-127.504
-127.773
-128.038
-128.301
-128.56
-128.816
-129.068
-129.316
-129.561
-129.802
-130.039
-130.272
-130.501
-130.726
-130.947
-131.163
-131.376
-131.583
-131.787
-131.985
-132.179
-132.369
-132.553
-132.733
-132.907
-133.077
-133.241
-133.4
-133.553
-133.702
-133.844
-133.981
-134.113
-134.238
-134.358
-134.472
-134.58
-134.682
-134.778
-134.867
-134.95
-135.027
-135.097
-135.161
-135.218
-135.268
-135.312
-135.349
-135.379
-135.401
-135.417
-135.426
-135.427
-135.422
-135.408
-135.388
-135.36
-135.325
-135.282
-135.231
-135.173
-135.107
-135.033
-134.952
-134.863
-134.765
-134.66
-134.547
-134.426
-134.297
-134.16
-134.015
-133.861
-133.7
-133.53
-133.353
-133.167
-132.973
-132.771
-132.56
-132.342
-132.115
-131.88
-131.637
-131.386
-131.127
-130.86
-130.585
-130.302
-130.01
-129.711
-129.404
-129.089
-128.767
-128.436
-128.098
-127.752
-127.399
-127.038
-126.67
-126.295
-125.912
-125.522
-125.125
-124.721
-124.31
-123.892
-123.468
-123.037
-122.6
-122.156
-121.707
-121.251
-120.789
-120.321
-119.848
-119.369
-118.885
-118.395
-117.901
-117.401
-116.897
-116.388
-115.875
-115.357
-114.835
-114.31
-113.78
-113.247
-112.711
-112.171
-111.628
-111.083
-110.534
-109.984
-109.431
-108.876
-108.319
-107.76
-107.2
-106.639
