-0.106731
-0.0823283
-0.0785155
-0.074587
0.0361602
-0.0704633
-0.0660938
-0.0614312
-0.0564435
-0.0511045
-0.0453941
-0.0392972
-0.0328031
-0.0259051
-0.0185995
-0.0108854
-0.00276405
0.00576145
0.0146866
0.0240057
0.0337124
0.0437994
0.0542593
0.0650844
0.0762667
0.0877987
0.0996726
0.111881
0.124417
0.137275
0.150447
0.163929
0.177714
0.1918
0.206181
0.220854
0.235816
0.251066
0.2666
0.282419
0.298521
0.314907
0.331577
0.348532
0.365773
0.383303
0.401124
0.419238
0.43765
0.454839
0.472367
0.490234
0.508436
0.526972
0.54584
0.56504
0.584571
0.604431
0.624621
0.645139
0.665986
0.687162
0.708667
0.730501
0.752663
0.775155
0.797976
0.821127
0.844608
0.868419
0.892561
0.917033
0.941835
0.966968
0.992432
1.01823
1.04435
1.0708
1.09758
1.12469
1.15213
1.17989
1.20798
1.23638
1.26511
1.29416
1.32353
1.35321
1.3832
1.4135
1.4441
1.47501
1.50622
1.53772
1.56951
1.60158
1.63394
1.66658
1.69948
1.73265
1.76608
1.79977
1.8337
1.86787
1.90227
1.9369
1.97175
2.00681
2.04208
2.07754
2.11318
2.149
2.18499
2.22114
2.25744
2.29388
2.33045
2.36713
2.40393
2.44082
2.4778
2.51486
2.55198
2.58915
2.62636
2.66361
2.70087
2.73813
2.77538
2.81262
2.84982
2.88698
2.92407
2.9611
2.99804
3.03488
3.07161
3.10821
3.14468
3.18099
3.21713
3.2531
3.28887
3.32444
3.35979
3.3949
3.42977
3.46438
3.49871
3.53275
3.5665
3.59993
3.63303
3.6658
3.69821
3.73026
3.76193
3.79321
3.8241
3.85456
3.8846
3.91421
3.94337
3.97207
4.00029
4.02804
4.0553
4.08206
4.1083
4.13403
4.15922
4.18388
4.208
4.23155
4.25455
4.27697
4.29882
4.32008
4.34075
4.36082
4.38029
4.39914
4.41739
4.43501
4.45201
4.46839
4.48413
4.49924
4.5137
4.52753
4.54072
4.55325
4.56515
4.57639
4.58699
4.59693
4.60623
4.61488
4.62288
4.63023
4.63693
4.64299
4.64841
4.65318
4.65732
4.66082
4.66369
4.66593
4.66754
4.66854
4.66891
4.66868
4.66784
4.66639
4.66435
4.66172
4.6585
4.6547
4.65034
4.6454
4.6399
4.63386
4.62726
4.62013
4.61247
4.60428
4.59558
4.58637
4.57666
4.56646
4.55578
4.54462
4.533
4.52092
4.50839
4.49542
4.48202
4.46819
4.45396
4.43931
4.42428
4.40885
4.39305
4.37688
4.36036
4.34348
4.32626
4.30871
4.29083
4.27264
4.25415
4.23536
4.21629
4.19694
4.17731
4.15743
4.1373
4.11692
4.09631
4.07547
4.05442
4.03315
4.01169
3.99003
3.96819
3.94618
3.92399
3.90164
3.87914
3.8565
3.83372
3.8108
3.78777
3.76462
3.74135
3.71799
3.69453
3.67098
3.64735
3.62365
3.59987
3.57604
3.55214
3.52819
3.5042
3.48017
3.45611
3.43201
3.40789
3.38376
3.35961
3.33545
3.31129
3.28713
3.26298
3.23884
3.21471
3.1906
3.16651
3.14245
3.11842
3.09443
3.07047
3.04655
3.02268
2.99886
2.97509
2.95137
2.92771
2.90411
2.88058
2.85711
2.8337
2.81037
2.78711
2.76393
2.74082
2.71779
2.69484
2.67198
2.6492
2.6265
2.6039
2.58138
2.55896
2.53663
2.51439
2.49224
2.4702
2.44824
2.42639
2.40464
2.38298
2.36143
2.33997
2.31862
2.29737
2.27622
2.25518
2.23424
2.2134
2.19266
2.17204
2.15151
2.13109
2.11078
2.09056
2.07046
2.05045
2.03056
2.01076
1.99107
1.97148
1.952
1.93262
1.91334
1.89416
1.87509
1.85611
1.83724
1.81847
1.79979
1.78121
1.76274
1.74435
1.72607
1.70788
1.68978
1.67178
1.65388
1.63606
1.61834
1.60071
1.58317
1.56571
1.54835
1.53107
1.51387
1.49677
1.47974
1.4628
1.44594
1.42916
1.41246
1.39583
1.37929
1.36282
1.34642
1.3301
1.31385
1.29767
1.28156
1.26552
1.24955
1.23365
1.21781
1.20203
1.18631
1.17066
1.15507
1.13953
1.12406
1.10863
1.09327
1.07796
1.06269
1.04749
1.03232
1.01721
1.00215
0.987129
0.972154
0.957223
0.942333
0.927483
0.912673
0.897901
0.883165
0.868464
0.853798
0.839164
0.824561
0.809989
0.795445
0.780929
0.766439
0.751975
0.737534
0.723115
0.708718
0.694341
0.679983
0.665643
0.651319
0.63701
0.622716
0.608434
0.594164
0.579905
0.565655
0.551414
0.53718
0.522952
0.50873
0.494511
0.480296
0.466082
0.451869
0.437657
0.423443
0.409228
0.39501
0.380787
0.366561
0.352328
0.338089
0.323843
0.309589
0.295325
0.281052
0.266769
0.252474
0.238168
0.223849
0.209516
0.19517
0.180809
0.166433
0.152042
0.137634
0.12321
0.108768
0.0943084
0.079831
0.065335
0.0508202
0.0362862
0.0217326
0.00715922
-0.00743423
-0.022048
-0.0366822
-0.0513372
-0.0660129
-0.0807095
-0.0954271
-0.110166
-0.124925
-0.139706
-0.154508
-0.16933
-0.184173
-0.199037
-0.213921
-0.228826
-0.24375
-0.258694
-0.273657
-0.288639
-0.30364
-0.318659
-0.333695
-0.348749
-0.363819
-0.378905
-0.394007
-0.409124
-0.424254
-0.439398
-0.454555
-0.469724
-0.484904
-0.500094
-0.515294
-0.530502
-0.545717
-0.560939
-0.576167
-0.591398
-0.606634
-0.621871
-0.637109
-0.652348
-0.667584
-0.682818
-0.698049
-0.713273
-0.728491
-0.743701
-0.758902
-0.774091
-0.789268
-0.804431
-0.819578
-0.834708
-0.849819
-0.86491
-0.879978
-0.895022
-0.910041
-0.925031
-0.939993
-0.954923
-0.969821
-0.984683
-0.999508
-1.01429
-1.02904
-1.04374
-1.0584
-1.07301
-1.08757
-1.10208
-1.11654
-1.13094
-1.14528
-1.15956
-1.17378
-1.18794
-1.20202
-1.21604
-1.22999
-1.24386
-1.25766
-1.27138
-1.28501
-1.29856
-1.31203
-1.32541
-1.33869
-1.35188
-1.36498
-1.37797
-1.39087
-1.40366
-1.41634
-1.42891
-1.44137
-1.45372
-1.46595
-1.47806
-1.49004
-1.5019
-1.51363
-1.52523
-1.5367
-1.54803
-1.55922
-1.57026
-1.58116
-1.59192
-1.60252
-1.61297
-1.62326
-1.6334
-1.64337
-1.65317
-1.66281
-1.67228
-1.68157
-1.69069
-1.69963
-1.70839
-1.71696
-1.72534
-1.73353
-1.74153
-1.74933
-1.75694
-1.76434
-1.77153
-1.77852
-1.7853
-1.79186
-1.79821
-1.80434
-1.81024
-1.81592
-1.82138
-1.8266
-1.83159
-1.83634
-1.84085
-1.84513
-1.84915
-1.85293
-1.85647
-1.85974
-1.86277
-1.86553
-1.86803
-1.87027
-1.87225
-1.87395
-1.87539
-1.87655
-1.87743
-1.87803
-1.87836
-1.8784
-1.87815
-1.87761
-1.87678
-1.87566
-1.87424
-1.87252
-1.8705
-1.86818
-1.86555
-1.86261
-1.85937
-1.85581
-1.85193
-1.84774
-1.84323
-1.83839
-1.83324
-1.82776
-1.82195
-1.81581
-1.80934
-1.80253
-1.79539
-1.78792
-1.77989
-1.77156
-1.76291
-1.75394
-1.74465
-1.73503
-1.72508
-1.71479
-1.70417
-1.6932
-1.68189
-1.67023
-1.65823
-1.64587
-1.63315
-1.62008
-1.60665
-1.59286
-1.57871
-1.56419
-1.54931
-1.53406
-1.51843
-1.50244
-1.48608
-1.46934
-1.45223
-1.43475
-1.41688
-1.39864
-1.38003
-1.36103
-1.34166
-1.32191
-1.30178
-1.28126
-1.26037
-1.2391
-1.21744
-1.19541
-1.17299
-1.15019
-1.12701
-1.10346
-1.07952
-1.0552
-1.0305
-1.00542
-0.979963
-0.954128
-0.927915
-0.901326
-0.87436
-0.847019
-0.819303
-0.791213
-0.762751
-0.733917
-0.704712
-0.675138
-0.645196
-0.614887
-0.584211
-0.553172
-0.521769
-0.490005
-0.457881
-0.425399
-0.392559
-0.359365
-0.325817
-0.291918
-0.257669
-0.223072
-0.188129
-0.152842
-0.117213
-0.0812446
-0.0449384
-0.00829682
0.0286779
0.0659836
0.103618
0.141578
0.179862
0.218467
0.25739
0.29663
0.336182
0.376046
0.416217
0.456695
0.497475
0.538554
0.579931
0.621601
0.663562
0.70581
0.748343
0.791158
0.834251
0.877619
0.921259
0.965167
1.00934
1.05378
1.09847
1.14342
1.18862
1.23407
1.27976
1.3257
1.37187
1.41828
1.46491
1.51178
1.55886
1.60617
1.65369
1.70142
1.74935
1.7975
1.84584
1.89437
1.9431
1.99202
2.04112
2.0904
2.13985
2.18948
2.23927
2.28923
2.33935
2.38962
2.44004
2.49061
2.54132
2.59217
2.64315
2.69427
2.7455
2.79686
2.84834
2.89993
2.95162
3.00342
3.05532
3.10731
3.15939
3.21156
3.26381
3.31613
3.36853
3.421
3.47353
3.52612
3.57876
3.63145
3.68419
3.73697
3.78979
3.84263
3.89551
3.9484
4.00132
4.05424
4.10718
4.16012
4.21306
4.26599
4.31891
4.37182
4.42471
4.47758
4.53042
4.58322
4.63599
4.68871
4.74138
4.79401
4.84657
4.89908
4.95151
5.00388
5.05617
5.10838
5.1605
5.21254
5.26448
5.31631
5.36805
5.41967
5.47118
5.52257
5.57384
5.62497
5.67597
5.72684
5.77755
5.82812
5.87854
5.9288
5.97889
6.02881
6.07856
6.12813
6.17752
6.22672
6.27572
6.32453
6.37313
6.42152
6.46969
6.51765
6.56538
6.61288
6.66015
6.70718
6.75396
6.80048
6.84676
6.89277
6.93851
6.98398
7.02918
7.07409
7.11871
7.16304
7.20707
7.2508
7.29422
7.33732
7.38009
7.42255
7.46467
7.50645
7.54789
7.58898
7.62972
7.67009
7.7101
7.74974
7.78901
7.82789
7.86638
7.90447
7.94217
7.97946
8.01634
8.05281
8.08885
8.12446
8.15964
8.19437
8.22866
8.2625
8.29588
8.3288
8.36125
8.39322
8.42471
8.45571
8.48622
8.51623
8.54574
8.57473
8.60321
8.63117
8.6586
8.68549
8.71184
8.73765
8.7629
8.7876
8.81173
8.8353
8.85828
8.88069
8.90251
8.92374
8.94437
8.9644
8.98381
9.00262
9.0208
9.03835
9.05527
9.07156
9.0872
9.10219
9.11653
9.13022
9.14323
9.15558
9.16725
9.17825
9.18855
9.19817
9.20709
9.21532
9.22284
9.22965
9.23574
9.24112
9.24577
9.2497
9.25289
9.25535
9.25707
9.25804
9.25827
9.25774
9.25646
9.25441
9.25161
9.24803
9.24369
9.23857
9.23267
9.226
9.21854
9.2103
9.20127
9.19145
9.18084
9.16943
9.15722
9.14421
9.13041
9.1158
9.10038
9.08416
9.06714
9.0493
9.03066
9.01121
8.99094
8.96987
8.94799
8.92529
8.90179
8.87747
8.85235
8.82641
8.79967
8.77212
8.74376
8.7146
8.68463
8.65387
8.62231
8.58994
8.55679
8.52284
8.4881
8.45258
8.41627
8.37919
8.34133
8.30269
8.26329
8.22312
8.1822
8.14052
8.09809
8.05492
8.01101
7.96636
7.92099
7.87489
7.82808
7.78056
7.73233
7.68341
7.63381
7.58351
7.53255
7.48092
7.42863
7.37569
7.32211
7.26789
7.21305
7.15759
7.10152
7.04486
6.98761
6.92978
6.87138
6.81242
6.75291
6.69287
6.6323
6.57121
6.50962
6.44753
6.38496
6.32191
6.25841
6.19446
6.13007
6.06526
6.00003
5.93441
5.8684
5.80202
5.73527
5.66818
5.60075
5.533
5.46494
5.39659
5.32795
5.25905
5.18989
5.1205
5.05087
4.98104
4.911
4.84079
4.7704
4.69986
4.62918
4.55837
4.48746
4.41644
4.34534
4.27418
4.20296
4.13171
4.06043
3.98914
3.91786
3.8466
3.77538
3.70421
3.6331
3.56207
3.49114
3.42032
3.34962
3.27907
3.20867
3.13843
3.06838
2.99853
2.92889
2.85948
2.7903
2.72139
2.65274
2.58437
2.51631
2.44855
2.38112
2.31403
2.24729
2.18092
2.11493
2.04932
1.98413
1.91935
1.85501
1.79111
1.72767
1.66469
1.6022
1.5402
1.47871
1.41773
1.35729
1.29738
1.23803
1.17923
1.12102
1.06338
1.00635
0.949914
0.894097
0.838906
0.784351
0.73044
0.677183
0.62459
0.572669
0.521429
0.470878
0.421025
0.371878
0.323444
0.275731
0.228746
0.182498
0.136991
0.0922335
0.0482313
0.00499063
-0.0374826
-0.0791826
-0.120104
-0.160242
-0.199591
-0.238146
-0.275904
-0.31286
-0.349009
-0.384349
-0.418876
-0.452587
-0.485478
-0.517547
-0.548792
-0.57921
-0.6088
-0.63756
-0.665488
-0.692583
-0.718844
-0.744271
-0.768863
-0.79262
-0.815541
-0.837628
-0.858881
-0.8793
-0.898886
-0.917642
-0.935567
-0.952664
-0.968936
-0.984383
-0.999009
-1.01282
-1.02581
-1.03798
-1.04935
-1.05991
-1.06967
-1.07863
-1.0868
-1.09418
-1.10077
-1.10658
-1.11161
-1.11587
-1.11937
-1.12211
-1.12409
-1.12532
-1.12582
-1.12557
-1.1246
-1.1229
-1.12049
-1.11737
-1.11354
-1.10902
-1.10381
-1.09792
-1.09135
-1.08412
-1.07624
-1.0677
-1.05852
-1.04871
-1.03827
-1.02722
-1.01556
-1.0033
-0.990447
-0.977014
-0.963008
-0.948438
-0.933314
-0.917644
-0.901438
-0.884706
-0.867456
-0.849698
-0.831441
-0.812696
-0.793471
-0.773778
-0.753624
-0.733021
-0.711977
-0.690504
-0.66861
-0.646306
-0.623602
-0.600507
-0.577032
-0.553186
-0.528981
-0.504425
-0.479529
-0.454303
-0.428757
-0.402901
-0.376745
-0.3503
-0.323574
-0.296579
-0.269324
-0.241819
-0.214074
-0.1861
-0.157906
-0.129502
-0.100898
-0.0721038
-0.0431294
-0.0139844
0.0153213
0.044778
0.074376
0.104106
0.133958
0.163922
0.19399
0.224151
0.254397
0.284717
0.315103
0.345546
0.376035
0.406563
0.43712
0.467697
0.498285
0.528876
0.559459
0.590028
0.620573
0.651085
0.693345
0.696061
0.684287
0.711353
0.741196
0.771013
0.800797
0.830539
0.860228
0.889855
0.919411
0.948886
0.978272
1.00756
1.03674
1.0658
1.09473
1.12353
1.15219
1.18069
1.20903
1.23721
1.26521
1.29302
1.32064
1.34806
1.37527
1.40227
1.42904
1.45558
1.48189
1.50795
1.53376
1.55931
1.5846
1.60962
1.63437
1.65883
1.683
1.70687
1.73045
1.75372
1.77668
1.79932
1.82164
1.84364
1.8653
1.88662
1.90761
1.92825
1.94854
1.96847
1.98805
2.00726
2.02611
2.04459
2.06269
2.08042
2.09777
2.11473
2.13131
2.14749
2.16329
2.17869
2.19369
2.2083
2.2225
2.23629
2.24968
2.26267
2.27524
2.2874
2.29915
2.31048
2.3214
2.3319
2.34198
2.35165
2.36089
2.36971
2.37812
2.3861
2.39366
2.4008
2.40752
2.41382
2.4197
2.42515
2.43019
2.43481
2.439
2.44278
2.44615
2.44909
2.45163
2.45375
2.45546
2.45675
2.45764
2.45812
2.4582
2.45788
2.45715
2.45603
2.45451
2.45259
2.45029
2.44759
2.44451
2.44105
2.43721
2.43299
2.4284
2.42344
2.41812
2.41242
2.40637
2.39997
2.39321
2.38611
2.37866
2.37087
2.36274
2.35429
2.3455
2.33639
2.32697
2.31723
2.30718
2.29683
2.28618
2.27523
2.264
2.25248
2.24068
2.22861
2.21626
2.20366
2.19079
2.17768
2.16431
2.1507
2.13686
2.12279
2.10849
2.09398
2.07925
2.06431
2.04917
2.03384
2.01831
2.0026
1.98672
1.97066
1.95444
1.93806
1.92153
1.90485
1.88803
1.87107
1.85399
1.83678
1.81946
1.80203
1.7845
1.76687
1.74915
1.73135
1.71347
1.69552
1.6775
1.65942
1.6413
1.62312
1.60491
1.58666
1.56839
1.55009
1.53178
1.51346
1.49514
1.47683
1.45852
1.44023
1.42197
1.40373
1.38552
1.36736
1.34924
1.33118
1.31317
1.29523
1.27736
1.25956
1.24185
1.22422
1.20669
1.18925
1.17192
1.1547
1.13759
1.1206
1.10374
1.087
1.07041
1.05395
1.03764
1.02149
1.00548
0.989642
0.973967
0.958461
0.943131
0.92798
0.913014
0.898235
0.88365
0.869262
0.855075
0.841094
0.827323
0.813765
0.800424
0.787305
0.774411
0.761745
0.749311
0.737114
0.725155
0.713439
0.701968
0.690746
0.679776
0.66906
0.658602
0.648405
0.63847
0.628801
0.619401
0.61027
0.601413
0.592831
0.584526
0.5765
0.568755
0.561294
0.554117
0.547227
0.540624
0.534311
0.528289
0.522558
0.517121
0.511978
0.50713
0.502579
0.498324
0.494367
0.490708
0.487347
0.484285
0.481523
0.479059
0.476896
0.475031
0.473466
0.4722
0.471232
0.470563
0.470191
0.470117
0.470339
0.470856
0.471668
0.472774
0.474171
0.47586
0.477839
0.480106
0.48266
0.4855
0.488622
0.492027
0.495711
0.499672
0.50391
0.50842
0.513202
0.518252
0.523568
0.529148
0.534988
0.541086
0.547439
0.554044
0.560898
0.567998
0.57534
0.582921
0.590738
0.598787
0.607064
0.615566
0.624289
0.633228
0.64238
0.651741
0.661307
0.671073
0.681035
0.691188
0.701528
0.712051
0.722751
0.733625
0.744666
0.75587
0.767233
0.778748
0.790411
0.802217
0.81416
0.826235
0.838437
0.850759
0.863197
0.875744
0.888395
0.901144
0.913986
0.926914
0.939922
0.953004
0.966154
0.979367
0.992635
1.00595
1.01931
1.03271
1.04614
1.05959
1.07306
1.08654
1.10002
1.1135
1.12698
1.14043
1.15386
1.16727
1.18064
1.19396
1.20723
1.22045
1.23361
1.24669
1.25969
1.27261
1.28544
1.29817
1.31079
1.3233
1.33569
1.34795
1.36008
1.37207
1.38391
1.39559
1.40711
1.41846
1.42963
1.44062
1.45142
1.46203
1.47242
1.48261
1.49258
1.50232
1.51183
1.5211
1.53012
1.53889
1.5474
1.55565
1.56362
1.57131
1.57872
1.58583
1.59264
1.59915
1.60535
1.61122
1.61678
1.622
1.62688
1.63142
1.63562
1.63945
1.64293
1.64604
1.64877
1.65113
1.65311
1.65469
1.65588
1.65667
1.65706
1.65704
1.6566
1.65574
1.65445
1.65273
1.65058
1.64799
1.64496
1.64148
1.63755
1.63316
1.62831
1.62299
1.61721
1.61095
1.60422
1.59701
1.58932
1.58114
1.57247
1.56331
1.55366
1.54351
1.53285
1.5217
1.51004
1.49787
1.48519
1.472
1.45829
1.44407
1.42933
1.41408
1.3983
1.382
1.36518
1.34783
1.32996
1.31156
1.29264
1.27319
1.25321
1.2327
1.21167
1.1901
1.16801
1.1454
1.12225
1.09858
1.07438
1.04965
1.02441
0.998633
0.972337
0.94552
0.918183
0.890327
0.861954
0.833066
0.803665
0.773751
0.743329
0.712399
0.680964
0.649027
0.61659
0.583655
0.550226
0.516306
0.481897
0.447003
0.411627
0.375772
0.339442
0.30264
0.265371
0.227637
0.189444
0.150794
0.111693
0.0721433
0.0321507
-0.00828061
-0.0491462
-0.0904413
-0.132161
-0.174301
-0.216856
-0.25982
-0.303189
-0.346957
-0.39112
-0.43567
-0.480604
-0.525914
-0.571596
-0.617644
-0.66405
-0.710811
-0.757918
-0.805367
-0.85315
-0.901261
-0.949694
-0.998442
-1.0475
-1.09686
-1.14651
-1.19645
-1.24667
-1.29716
-1.34792
-1.39894
-1.45021
-1.50173
-1.55348
-1.60546
-1.65765
-1.71007
-1.76268
-1.8155
-1.8685
-1.92168
-1.97504
-2.02856
-2.08223
-2.13606
-2.19001
-2.2441
-2.29831
-2.35264
-2.40706
-2.46158
-2.51618
-2.57086
-2.62561
-2.68041
-2.73526
-2.79014
-2.84506
-2.89999
-2.95493
-3.00987
-3.0648
-3.11971
-3.17459
-3.22942
-3.28421
-3.33893
-3.39358
-3.44814
-3.50262
-3.55699
-3.61124
-3.66537
-3.71936
-3.7732
-3.82689
-3.8804
-3.93374
-3.98688
-4.03982
-4.09255
-4.14505
-4.19731
-4.24933
-4.30108
-4.35256
-4.40376
-4.45466
-4.50526
-4.55553
-4.60548
-4.65508
-4.70432
-4.7532
-4.8017
-4.84981
-4.89752
-4.94481
-4.99167
-5.0381
-5.08407
-5.12958
-5.17461
-5.21915
-5.26319
-5.30672
-5.34973
-5.39219
-5.43411
-5.47546
-5.51624
-5.55644
-5.59604
-5.63502
-5.67339
-5.71111
-5.7482
-5.78462
-5.82038
-5.85545
-5.88983
-5.92351
-5.95647
-5.9887
-6.02019
-6.05093
-6.08091
-6.11012
-6.13855
-6.21193
-6.16619
-6.19301
-6.21903
-6.24422
-6.26858
-6.29209
-6.31475
-6.33654
-6.35747
-6.37751
-6.39666
-6.41491
-6.43226
-6.44869
-6.46419
-6.47877
-6.4924
-6.50509
-6.51683
-6.52761
-6.53743
-6.54627
-6.55414
-6.56103
-6.56693
-6.57183
-6.57575
-6.57866
-6.58057
-6.58148
-6.58137
-6.58025
-6.57812
-6.57498
-6.57082
-6.56564
-6.55945
-6.55223
-6.544
-6.53475
-6.52449
-6.51322
-6.50093
-6.48763
-6.47333
-6.45803
-6.44173
-6.42443
-6.40615
-6.38688
-6.36663
-6.34541
-6.32323
-6.30009
-6.276
-6.25096
-6.225
-6.1981
-6.17029
-6.14158
-6.11197
-6.08148
-6.05011
-6.01788
-5.9848
-5.95088
-5.91614
-5.88059
-5.84424
-5.8071
-5.7692
-5.73054
-5.69114
-5.65102
-5.61019
-5.56866
-5.52646
-5.4836
-5.4401
-5.39598
-5.35125
-5.30592
-5.26003
-5.21359
-5.16661
-5.11911
-5.07112
-5.02264
-4.97371
-4.92435
-4.87456
-4.82437
-4.7738
-4.72287
-4.67159
-4.62
-4.5681
-4.51593
-4.46349
-4.41081
-4.3579
-4.3048
-4.25151
-4.19806
-4.14446
-4.09074
-4.03692
-3.983
-3.92903
-3.875
-3.82094
-3.76688
-3.71282
-3.65878
-3.60479
-3.55086
-3.497
-3.44324
-3.38959
-3.33607
-3.28269
-3.22948
-3.17643
-3.12358
-3.07094
-3.01851
-2.96632
-2.91437
-2.86269
-2.81128
-2.76016
-2.70934
-2.65883
-2.60865
-2.5588
-2.50929
-2.46015
-2.41136
-2.36296
-2.31493
-2.26731
-2.22008
-2.17326
-2.12687
-2.0809
-2.03536
-1.99026
-1.9456
-1.9014
-1.85766
-1.81437
-1.77155
-1.7292
-1.68733
-1.64594
-1.60503
-1.5646
-1.52466
-1.48521
-1.44626
-1.4078
-1.36983
-1.33236
-1.29539
-1.25892
-1.22295
-1.18747
-1.1525
-1.11802
-1.08404
-1.05056
-1.01757
-0.985081
-0.953083
-0.921579
-0.890567
-0.860046
-0.830014
-0.800468
-0.771405
-0.742822
-0.714718
-0.687088
-0.659931
-0.633241
-0.607017
-0.581254
-0.555948
-0.531097
-0.506696
-0.482741
-0.459227
-0.436152
-0.413511
-0.391298
-0.369511
-0.348144
-0.327193
-0.306653
-0.28652
-0.266789
-0.247455
-0.228514
-0.209961
-0.191791
-0.173999
-0.15658
-0.13953
-0.122843
-0.106515
-0.0905405
-0.0749151
-0.0596336
-0.0446912
-0.030083
-0.0158041
-0.00184956
0.0117854
0.0251056
0.038116
0.0508213
0.0632262
0.0753356
0.0871542
0.0986867
0.109938
0.120912
0.131614
0.142048
0.152219
0.162132
0.17179
0.181199
0.190362
0.199284
0.20797
0.216423
0.224647
0.232648
0.240428
0.247992
0.255344
0.262489
0.269429
0.276168
0.282712
0.289062
0.295224
0.301201
0.306995
0.312612
0.318054
0.323325
0.328428
0.333366
0.338144
0.342764
0.347229
0.351543
0.355709
0.359729
0.363608
0.367347
0.370949
0.374418
0.377757
0.380968
0.384053
0.387017
0.38986
0.392586
0.395198
0.397697
0.400086
0.402369
0.404546
0.40662
0.408594
0.41047
0.412251
0.413937
0.415531
0.417036
0.418453
0.419785
0.421033
0.422199
0.423286
0.424294
0.425226
0.426083
0.426868
0.427581
0.428225
0.428802
0.429312
0.429757
0.430139
0.43046
0.43072
0.430922
0.431066
0.431154
0.431188
0.431168
0.431096
0.430973
0.430801
0.43058
0.430312
0.429997
0.429638
0.429235
0.428789
0.428302
0.427773
0.427205
0.426599
0.425954
0.425273
0.424555
0.423803
0.423016
0.422196
0.421344
0.42046
0.419545
0.4186
0.417626
0.416623
0.415593
0.414535
0.413451
0.41234
0.411205
0.410046
0.408862
0.407656
0.406426
0.405175
0.403902
0.402608
0.401294
0.39996
0.398607
0.397235
0.395845
0.394436
0.393011
0.391568
0.390109
0.388634
0.387143
0.385636
0.384115
0.38258
0.38103
0.379467
0.37789
0.3763
0.374697
0.373082
0.371454
0.369815
0.368164
0.366502
0.364829
0.363144
0.36145
0.359745
0.358029
0.356304
0.354569
0.352824
0.35107
0.349307
0.347535
0.345753
0.343963
0.342164
0.340357
0.338541
0.336716
0.334883
0.333042
0.331192
0.329334
0.327468
0.325594
0.323712
0.321821
0.319922
0.318015
0.316099
0.314176
0.312243
0.310303
0.308353
0.306395
0.304428
0.302452
0.300467
0.298473
0.296469
0.294456
0.292433
0.2904
0.288356
0.286302
0.284238
0.282162
0.280076
0.277977
0.275867
0.273745
0.271611
0.269463
0.267303
0.265129
0.262941
0.260739
0.258522
0.25629
0.254043
0.25178
0.249501
0.247204
0.244891
0.24256
0.24021
0.237842
0.235454
0.233046
0.230618
0.228169
0.225699
0.223206
0.220691
0.218153
0.21559
0.213003
0.210391
0.207753
0.205089
0.202397
0.199678
0.19693
0.194153
0.191345
0.188508
0.185639
0.182738
0.179804
0.176837
0.173835
0.170799
0.167726
0.164617
0.161471
0.158287
0.155063
0.1518
0.148497
0.145152
0.141766
0.138336
0.134863
0.131346
0.127783
0.124174
0.120518
0.116815
0.113063
0.109262
0.105411
0.101509
0.0975558
0.0935497
0.0894905
0.0853772
0.0812091
0.0769854
0.0727053
0.0683682
0.0639731
0.0595194
0.0550064
0.0504332
0.0457991
0.0411035
0.0363456
0.0315248
0.0266402
0.0216913
0.0166774
0.0115978
0.0064518
0.00123889
-0.00404162
-0.00939032
-0.0148078
-0.0202946
-0.0258514
-0.0314787
-0.0371769
-0.0429467
-0.0487885
-0.0547028
-0.0606901
-0.0667507
-0.0728853
-0.0790941
-0.0853775
-0.091736
-0.0981698
-0.104679
-0.111265
-0.117927
-0.124665
-0.13148
-0.138373
-0.145342
-0.152389
-0.159514
-0.166716
-0.173997
-0.181355
-0.188791
-0.196306
-0.203898
-0.211569
-0.219317
-0.227144
-0.235049
-0.243031
-0.251092
-0.25923
-0.267445
-0.275738
-0.284107
-0.292554
-0.301077
-0.309677
-0.318352
-0.327103
-0.33593
-0.344831
-0.353807
-0.362857
-0.371981
-0.381178
-0.390447
-0.399789
-0.409203
-0.418687
-0.428243
-0.437868
-0.447562
-0.457325
-0.467157
-0.477055
-0.48702
-0.497052
-0.507148
-0.517309
-0.527534
-0.537822
-0.548172
-0.558583
-0.569055
-0.579586
-0.590176
-0.600825
-0.61153
-0.622291
-0.633108
-0.643979
-0.654904
-0.665881
-0.67691
-0.68799
-0.699119
-0.710297
-0.721522
-0.732795
-0.744113
-0.755476
-0.766883
-0.778333
-0.789825
-0.801358
-0.81293
-0.824542
-0.836191
-0.847878
-0.8596
-0.871358
-0.883149
-0.894974
-0.906831
-0.918719
-0.930637
-0.942585
-0.954562
-0.966566
-0.978596
-0.990653
-1.00273
-1.01484
-1.02697
-1.03912
-1.05129
-1.06349
-1.0757
-1.08793
-1.10019
-1.11246
-1.12474
-1.13705
-1.14937
-1.16171
-1.17406
-1.18642
-1.1988
-1.21119
-1.2236
-1.23602
-1.24845
-1.26089
-1.27334
-1.28581
-1.29828
-1.31077
-1.32326
-1.33577
-1.34828
-1.36081
-1.37334
-1.38589
-1.39829
-1.41072
-1.42317
-1.43565
-1.44815
-1.46067
-1.47321
-1.48577
-1.49836
-1.51096
-1.52358
-1.53623
-1.54889
-1.56157
-1.57428
-1.587
-1.59974
-1.61251
-1.62529
-1.63809
-1.65092
-1.66377
-1.67664
-1.68953
-1.70244
-1.71538
-1.72834
-1.74133
-1.75435
-1.76739
-1.78046
-1.79356
-1.80669
-1.81984
-1.83303
-1.84626
-1.85952
-1.87281
-1.88614
-1.8995
-1.91291
-1.92636
-1.93985
-1.95338
-1.96695
-1.98057
-1.99424
-2.00796
-2.02173
-2.03555
-2.04943
-2.06336
-2.07735
-2.09139
-2.1055
-2.11967
-2.1339
-2.14819
-2.16256
-2.17699
-2.19149
-2.20607
-2.22072
-2.23544
-2.25024
-2.26513
-2.28009
-2.29513
-2.31026
-2.32548
-2.34079
-2.35618
-2.37167
-2.38725
-2.40292
-2.41869
-2.43456
-2.45053
-2.4666
-2.48278
-2.49906
-2.51545
-2.53194
-2.54855
-2.56527
-2.5821
-2.59904
-2.61611
-2.63329
-2.65059
-2.66801
-2.68555
-2.70321
-2.721
-2.73892
-2.75697
-2.77514
-2.79344
-2.81187
-2.83044
-2.84914
-2.86797
-2.88694
-2.90604
-2.92528
-2.94466
-2.96418
-2.98384
-3.00364
-3.02358
-3.04366
-3.06389
-3.08426
-3.10477
-3.12543
-3.14623
-3.16717
-3.18826
-3.2095
-3.23088
-3.25241
-3.27409
-3.29591
-3.31788
-3.34
-3.36226
-3.38467
-3.40722
-3.42992
-3.45277
-3.47576
-3.4989
-3.52218
-3.5456
-3.56917
-3.59288
-3.61674
-3.64073
-3.66487
-3.68915
-3.71356
-3.73812
-3.76281
-3.78764
-3.8126
-3.8377
-3.86293
-3.8883
-3.91379
-3.93941
-3.96516
-3.99104
-4.01704
-4.04317
-4.06942
-4.09578
-4.12227
-4.14887
-4.17559
-4.20242
-4.22936
-4.25641
-4.28357
-4.31084
-4.3382
-4.36567
-4.39324
-4.4209
-4.44866
-4.47651
-4.50445
-4.53247
-4.56058
-4.58877
-4.61705
-4.64539
-4.67382
-4.70231
-4.73087
-4.7595
-4.7882
-4.81695
-4.84576
-4.87462
-4.90354
-4.9325
-4.96151
-4.99056
-5.01965
-5.04878
-5.07794
-5.10712
-5.13634
-5.16557
-5.19483
-5.2241
-5.25338
-5.28267
-5.31197
-5.34126
-5.37056
-5.39985
-5.42913
-5.45839
-5.48764
-5.51687
-5.54608
-5.57525
-5.6044
-5.6335
-5.66257
-5.69159
-5.72057
-5.74949
-5.77835
-5.80716
-5.8359
-5.86457
-5.89317
-5.92169
-5.95013
-5.97848
-6.00674
-6.03491
-6.06298
-6.09095
-6.11881
-6.14655
-6.17418
-6.20169
-6.22907
-6.25633
-6.28345
-6.31043
-6.33726
-6.36395
-6.39048
-6.41686
-6.44308
-6.46912
-6.495
-6.5207
-6.54621
-6.57155
-6.59669
-6.62163
-6.64638
-6.67092
-6.69525
-6.71936
-6.74326
-6.76693
-6.79037
-6.81357
-6.83654
-6.85927
-6.88174
-6.90396
-6.92592
-6.94762
-6.96905
-6.9902
-7.01108
-7.03167
-7.05198
-7.07199
-7.0917
-7.11111
-7.13022
-7.149
-7.16748
-7.18562
-7.20344
-7.22093
-7.23808
-7.25489
-7.27135
-7.28746
-7.30321
-7.3186
-7.33363
-7.34828
-7.36256
-7.37645
-7.38996
-7.40309
-7.41581
-7.42814
-7.44006
-7.45158
-7.46268
-7.47337
-7.48363
-7.49347
-7.50287
-7.51184
-7.52038
-7.52846
-7.5361
-7.54329
-7.55003
-7.5563
-7.56211
-7.56745
-7.57232
-7.57671
-7.58063
-7.58406
-7.587
-7.58945
-7.59141
-7.59287
-7.59384
-7.59429
-7.59424
-7.59368
-7.5926
-7.59101
-7.5889
-7.58627
-7.58311
-7.57942
-7.5752
-7.57045
-7.56516
-7.55934
-7.55297
-7.54606
-7.53861
-7.53062
-7.52207
-7.51297
-7.50333
-7.49313
-7.48237
-7.47106
-7.4592
-7.44677
-7.43379
-7.42025
-7.40614
-7.39148
-7.37625
-7.36047
-7.34412
-7.3272
-7.30973
-7.29169
-7.2731
-7.25394
-7.23422
-7.21394
-7.1931
-7.1717
-7.14974
-7.12723
-7.10417
-7.08055
-7.05637
-7.03165
-7.00638
-6.98057
-6.95421
-6.92731
-6.89986
-6.87189
-6.84338
-6.81433
-6.78476
-6.75467
-6.72405
-6.69292
-6.66127
-6.62911
-6.59645
-6.56328
-6.52961
-6.49545
-6.4608
-6.42566
-6.39004
-6.35395
-6.31738
-6.28035
-6.24286
-6.20491
-6.16651
-6.12767
-6.08839
-6.04868
-6.00854
-5.96799
-5.92701
-5.88563
-5.84385
-5.80167
-5.75911
-5.71617
-5.67285
-5.62916
-5.58511
-5.54071
-5.49597
-5.45089
-5.40548
-5.35974
-5.31369
-5.26733
-5.22068
-5.17373
-5.1265
-5.079
-5.03123
-4.9832
-4.93492
-4.8864
-4.83764
-4.78866
-4.73947
-4.69007
-4.64047
-4.59068
-4.54071
-4.49057
-4.44026
-4.38981
-4.3392
-4.28846
-4.2376
-4.18662
-4.13552
-4.08433
-4.03305
-3.98168
-3.93025
-3.87875
-3.82719
-3.77559
-3.72396
-3.67229
-3.62061
-3.56892
-3.51724
-3.46556
-3.41389
-3.36226
-3.31066
-3.25911
-3.20761
