0
0.000454545
0.00090909
0.00136363
0.00181818
0.00181818
0.00227272
0.00272726
0.0031818
0.00363633
0.00409086
0.00454539
0.00499992
0.00545444
0.00590895
0.00636346
0.00681797
0.00727247
0.00772697
0.00818145
0.00863593
0.00909041
0.00954487
0.00999933
0.0104538
0.0109082
0.0113627
0.0118171
0.0122715
0.0127259
0.0131803
0.0136347
0.014089
0.0145434
0.0149978
0.0154521
0.0159064
0.0163607
0.016815
0.0172693
0.0177236
0.0181778
0.018632
0.0190863
0.0195405
0.0199947
0.0204488
0.020903
0.0213571
0.0218113
0.0222654
0.0227194
0.0231735
0.0236276
0.0240816
0.0245356
0.0249896
0.0254436
0.0258975
0.0263514
0.0268053
0.0272592
0.0277131
0.0281669
0.0286207
0.0290745
0.0295283
0.029982
0.0304357
0.0308894
0.0313431
0.0317967
0.0322503
0.0327039
0.0331575
0.033611
0.0340645
0.034518
0.0349714
0.0354248
0.0358782
0.0363316
0.0367849
0.0372382
0.0376915
0.0381447
0.0385979
0.0390511
0.0395042
0.0399573
0.0404104
0.0408635
0.0413165
0.0417694
0.0422224
0.0426753
0.0431282
0.043581
0.0440338
0.0444866
0.0449393
0.045392
0.0458446
0.0462972
0.0467498
0.0472023
0.0476548
0.0481073
0.0485597
0.0490121
0.0494644
0.0499167
0.050369
0.0508212
0.0512733
0.0517255
0.0521776
0.0526296
0.0530816
0.0535336
0.0539855
0.0544373
0.0548892
0.0553409
0.0557927
0.0562443
0.056696
0.0571476
0.0575991
0.0580506
0.0585021
0.0589535
0.0594048
0.0598561
0.0603074
0.0607586
0.0612097
0.0616608
0.0621119
0.0625629
0.0630138
0.0634647
0.0639155
0.0643663
0.0648171
0.0652678
0.0657184
0.066169
0.0666195
0.0670699
0.0675204
0.0679707
0.068421
0.0688712
0.0693214
0.0697716
0.0702216
0.0706716
0.0711216
0.0715715
0.0720213
0.0724711
0.0729208
0.0733705
0.0738201
0.0742696
0.0747191
0.0751685
0.0756178
0.0760671
0.0765163
0.0769655
0.0774146
0.0778636
0.0783126
0.0787615
0.0792103
0.0796591
0.0801078
0.0805565
0.081005
0.0814535
0.081902
0.0823503
0.0827986
0.0832469
0.083695
0.0841431
0.0845912
0.0850391
0.085487
0.0859348
0.0863826
0.0868303
0.0872779
0.0877254
0.0881729
0.0886202
0.0890675
0.0895148
0.089962
0.090409
0.0908561
0.091303
0.0917499
0.0921967
0.0926434
0.09309
0.0935366
0.093983
0.0944294
0.0948758
0.095322
0.0957682
0.0962143
0.0966603
0.0971062
0.0975521
0.0979978
0.0984435
0.0988891
0.0993347
0.0997801
0.100225
0.100671
0.101116
0.101561
0.102006
0.102451
0.102896
0.103341
0.103785
0.10423
0.104674
0.105119
0.105563
0.106007
0.106452
0.106896
0.10734
0.107784
0.108227
0.108671
0.109115
0.109558
0.110002
0.110445
0.110888
0.111332
0.111775
0.112218
0.112661
0.113103
0.113546
0.113989
0.114431
0.114874
0.115316
0.115758
0.1162
0.116643
0.117084
0.117526
0.117968
0.11841
0.118851
0.119293
0.119734
0.120175
0.120617
0.121058
0.121499
0.12194
0.12238
0.122821
0.123262
0.123702
0.124142
0.124583
0.125023
0.125463
0.125903
0.126343
0.126782
0.127222
0.127662
0.128101
0.12854
0.128979
0.129419
0.129858
0.130296
0.130735
0.131174
0.131613
0.132051
0.132489
0.132928
0.133366
0.133804
0.134242
0.134679
0.135117
0.135555
0.135992
0.13643
0.136867
0.137304
0.137741
0.138178
0.138615
0.139051
0.139488
0.139924
0.140361
0.140797
0.141233
0.141669
0.142105
0.14254
0.142976
0.143412
0.143847
0.144282
0.144717
0.145152
0.145587
0.146022
0.146457
0.146891
0.147326
0.14776
0.148194
0.148628
0.149062
0.149496
0.14993
0.150363
0.150797
0.15123
0.151663
0.152096
0.152529
0.152962
0.153395
0.153827
0.15426
0.154692
0.155124
0.155556
0.155988
0.15642
0.156852
0.157283
0.157715
0.158146
0.158577
0.159008
0.159439
0.15987
0.1603
0.160731
0.161161
0.161591
0.162022
0.162451
0.162881
0.163311
0.163741
0.16417
0.164599
0.165028
0.165457
0.165886
0.166315
0.166744
0.167172
0.1676
0.168028
0.168457
0.168884
0.169312
0.16974
0.170167
0.170595
0.171022
0.171449
0.171876
0.172303
0.172729
0.173156
0.173582
0.174008
0.174434
0.17486
0.175286
0.175712
0.176137
0.176562
0.176988
0.177413
0.177838
0.178262
0.178687
0.179111
0.179536
0.17996
0.180384
0.180808
0.181231
0.181655
0.182078
0.182502
0.182925
0.183348
0.183771
0.184193
0.184616
0.185038
0.18546
0.185882
0.186304
0.186726
0.187147
0.187569
0.18799
0.188411
0.188832
0.189253
0.189674
0.190094
0.190515
0.190935
0.191355
0.191775
0.192194
0.192614
0.193033
0.193452
0.193872
0.19429
0.194709
0.195128
0.195546
0.195964
0.196383
0.1968
0.197218
0.197636
0.198053
0.198471
0.198888
0.199305
0.199721
0.200138
0.200555
0.200971
0.201387
0.201803
0.202219
0.202634
0.20305
0.203465
0.20388
0.204295
0.20471
0.205125
0.205539
0.205953
0.206367
0.206781
0.207195
0.207609
0.208022
0.208435
0.208848
0.209261
0.209674
0.210087
0.210499
0.210911
0.211323
0.211735
0.212147
0.212558
0.21297
0.213381
0.213792
0.214203
0.214613
0.215024
0.215434
0.215844
0.216254
0.216664
0.217073
0.217483
0.217892
0.218301
0.21871
0.219119
0.219527
0.219935
0.220343
0.220751
0.221159
0.221567
0.221974
0.222381
0.222788
0.223195
0.223602
0.224008
0.224415
0.224821
0.225227
0.225632
0.226038
0.226443
0.226848
0.227253
0.227658
0.228063
0.228467
0.228871
0.229275
0.229679
0.230083
0.230486
0.23089
0.231293
0.231696
0.232098
0.232501
0.232903
0.233305
0.233707
0.234109
0.23451
0.234912
0.235313
0.235714
0.236115
0.236515
0.236916
0.237316
0.237716
0.238116
0.238515
0.238915
0.239314
0.239713
0.240112
0.24051
0.240909
0.241307
0.241705
0.242103
0.2425
0.242898
0.243295
0.243692
0.244089
0.244485
0.244882
0.245278
0.245674
0.24607
0.246465
0.246861
0.247256
0.247651
0.248046
0.24844
0.248834
0.249229
0.249623
0.250016
0.25041
0.250803
0.251196
0.251589
0.251982
0.252374
0.252767
0.253159
0.253551
0.253942
0.254334
0.254725
0.255116
0.255507
0.255897
0.256288
0.256678
0.257068
0.257458
0.257847
0.258237
0.258626
0.259015
0.259403
0.259792
0.26018
0.260568
0.260956
0.261344
0.261731
0.262118
0.262505
0.262892
0.263278
0.263665
0.264051
0.264437
0.264822
0.265208
0.265593
0.265978
0.266363
0.266747
0.267132
0.267516
0.2679
0.268284
0.268667
0.26905
0.269433
0.269816
0.270199
0.270581
0.270963
0.271345
0.271727
0.272108
0.272489
0.27287
0.273251
0.273632
0.274012
0.274392
0.274772
0.275152
0.275531
0.27591
0.276289
0.276668
0.277046
0.277425
0.277803
0.278181
0.278558
0.278935
0.279313
0.279689
0.280066
0.280443
0.280819
0.281195
0.28157
0.281946
0.282321
0.282696
0.283071
0.283446
0.28382
0.284194
0.284568
0.284942
0.285315
0.285688
0.286061
0.286434
0.286806
0.287178
0.28755
0.287922
0.288294
0.288665
0.289036
0.289407
0.289777
0.290148
0.290518
0.290887
0.291257
0.291626
0.291995
0.292364
0.292733
0.293101
0.293469
0.293837
0.294205
0.294572
0.29494
0.295306
0.295673
0.29604
0.296406
0.296772
0.297137
0.297503
0.297868
0.298233
0.298598
0.298962
0.299326
0.29969
0.300054
0.300418
0.300781
0.301144
0.301507
0.301869
0.302231
0.302593
0.302955
0.303316
0.303678
0.304039
0.304399
0.30476
0.30512
0.30548
0.30584
0.306199
0.306558
0.306917
0.307276
0.307635
0.307993
0.308351
0.308708
0.309066
0.309423
0.30978
0.310137
0.310493
0.310849
0.311205
0.311561
0.311916
0.312271
0.312626
0.312981
0.313335
0.313689
0.314043
0.314397
0.31475
0.315103
0.315456
0.315808
0.31616
0.316512
0.316864
0.317216
0.317567
0.317918
0.318269
0.318619
0.318969
0.319319
0.319669
0.320018
0.320367
0.320716
0.321065
0.321413
0.321761
0.322109
0.322456
0.322804
0.323151
0.323497
0.323844
0.32419
0.324536
0.324882
0.325227
0.325572
0.325917
0.326261
0.326606
0.32695
0.327294
0.327637
0.32798
0.328323
0.328666
0.329008
0.32935
0.329692
0.330034
0.330375
0.330716
0.331057
0.331398
0.331738
0.332078
0.332417
0.332757
0.333096
0.333435
0.333773
0.334112
0.33445
0.334787
0.335125
0.335462
0.335799
0.336136
0.336472
0.336808
0.337144
0.337479
0.337815
0.33815
0.338484
0.338819
0.339153
0.339487
0.33982
0.340154
0.340487
0.340819
0.341152
0.341484
0.341816
0.342147
0.342479
0.34281
0.343141
0.343471
0.343801
0.344131
0.344461
0.34479
0.345119
0.345448
0.345776
0.346105
0.346432
0.34676
0.347087
0.347414
0.347741
0.348068
0.348394
0.34872
0.349045
0.349371
0.349696
0.35002
0.350345
0.350669
0.350993
0.351316
0.35164
0.351963
0.352285
0.352608
0.35293
0.353252
0.353573
0.353895
0.354216
0.354536
0.354857
0.355177
0.355496
0.355816
0.356135
0.356454
0.356773
0.357091
0.357409
0.357727
0.358044
0.358361
0.358678
0.358995
0.359311
0.359627
0.359942
0.360258
0.360573
0.360888
0.361202
0.361516
0.36183
0.362144
0.362457
0.36277
0.363082
0.363395
0.363707
0.364019
0.36433
0.364641
0.364952
0.365263
0.365573
0.365883
0.366193
0.366502
0.366811
0.36712
0.367428
0.367736
0.368044
0.368352
0.368659
0.368966
0.369272
0.369579
0.369885
0.37019
0.370496
0.370801
0.371106
0.37141
0.371714
0.372018
0.372322
0.372625
0.372928
0.37323
0.373533
0.373835
0.374136
0.374438
0.374739
0.37504
0.37534
0.37564
0.37594
0.37624
0.376539
0.376838
0.377136
0.377435
0.377733
0.37803
0.378328
0.378625
0.378921
0.379218
0.379514
0.37981
0.380105
0.3804
0.380695
0.38099
0.381284
0.381578
0.381871
0.382164
0.382457
0.38275
0.383042
0.383334
0.383626
0.383917
0.384208
0.384499
0.38479
0.38508
0.385369
0.385659
0.385948
0.386237
0.386525
0.386814
0.387101
0.387389
0.387676
0.387963
0.38825
0.388536
0.388822
0.389107
0.389393
0.389678
0.389962
0.390247
0.390531
0.390814
0.391098
0.391381
0.391663
0.391946
0.392228
0.39251
0.392791
0.393072
0.393353
0.393633
0.393913
0.394193
0.394473
0.394752
0.395031
0.395309
0.395587
0.395865
0.396143
0.39642
0.396697
0.396973
0.397249
0.397525
0.397801
0.398076
0.398351
0.398625
0.3989
0.399174
0.399447
0.39972
0.399993
0.400266
0.400538
0.40081
0.401082
0.401353
0.401624
0.401894
0.402165
0.402434
0.402704
0.402973
0.403242
0.403511
0.403779
0.404047
0.404315
0.404582
0.404849
0.405115
0.405382
0.405647
0.405913
0.406178
0.406443
0.406708
0.406972
0.407236
0.407499
0.407763
0.408026
0.408288
0.40855
0.408812
0.409074
0.409335
0.409596
0.409856
0.410116
0.410376
0.410636
0.410895
0.411154
0.411412
0.41167
0.411928
0.412186
0.412443
0.4127
0.412956
0.413212
0.413468
0.413723
0.413978
0.414233
0.414488
0.414742
0.414995
0.415249
0.415502
0.415754
0.416007
0.416259
0.41651
0.416762
0.417013
0.417263
0.417513
0.417763
0.418013
0.418262
0.418511
0.41876
0.419008
0.419256
0.419503
0.41975
0.419997
0.420244
0.42049
0.420735
0.420981
0.421226
0.421471
0.421715
0.421959
0.422203
0.422446
0.422689
0.422932
0.423174
0.423416
0.423658
0.423899
0.42414
0.42438
0.42462
0.42486
0.4251
0.425339
0.425578
0.425816
0.426054
0.426292
0.426529
0.426766
0.427003
0.427239
0.427475
0.427711
0.427946
0.428181
0.428415
0.428649
0.428883
0.429117
0.42935
0.429583
0.429815
0.430047
0.430279
0.43051
0.430741
0.430972
0.431202
0.431432
0.431662
0.431891
0.43212
0.432348
0.432576
0.432804
0.433031
0.433259
0.433485
0.433712
0.433938
0.434163
0.434389
0.434613
0.434838
0.435062
0.435286
0.435509
0.435733
0.435955
0.436178
0.4364
0.436621
0.436843
0.437064
0.437284
0.437505
0.437724
0.437944
0.438163
0.438382
0.4386
0.438818
0.439036
0.439253
0.43947
0.439687
0.439903
0.440119
0.440335
0.44055
0.440764
0.440979
0.441193
0.441407
0.44162
0.441833
0.442046
0.442258
0.44247
0.442681
0.442892
0.443103
0.443313
0.443523
0.443733
0.443942
0.444151
0.44436
0.444568
0.444776
0.444983
0.445191
0.445397
0.445604
0.44581
0.446015
0.446221
0.446425
0.44663
0.446834
0.447038
0.447241
0.447444
0.447647
0.447849
0.448051
0.448253
0.448454
0.448655
0.448855
0.449055
0.449255
0.449454
0.449653
0.449852
0.45005
0.450248
0.450446
0.450643
0.450839
0.451036
0.451232
0.451427
0.451623
0.451817
0.452012
0.452206
0.4524
0.452593
0.452786
0.452979
0.453171
0.453363
0.453554
0.453746
0.453936
0.454127
0.454317
0.454506
0.454696
0.454885
0.455073
0.455261
0.455449
0.455636
0.455823
0.45601
0.456196
0.456382
0.456567
0.456753
0.456937
0.457122
0.457306
0.457489
0.457672
0.457855
0.458038
0.45822
0.458402
0.458583
0.458764
0.458944
0.459125
0.459304
0.459484
0.459663
0.459842
0.46002
0.460198
0.460375
0.460552
0.460729
0.460906
0.461082
0.461257
0.461432
0.461607
0.461782
0.461956
0.46213
0.462303
0.462314
0.462314
0.462476
0.462649
0.462821
0.462993
0.463164
0.463335
0.463506
0.463676
0.463846
0.464015
0.464184
0.464353
0.464522
0.46469
0.464857
0.465024
0.465191
0.465358
0.465524
0.465689
0.465855
0.46602
0.466184
0.466348
0.466512
0.466675
0.466838
0.467001
0.467163
0.467325
0.467486
0.467647
0.467808
0.467968
0.468128
0.468288
0.468447
0.468605
0.468764
0.468922
0.469079
0.469236
0.469393
0.46955
0.469706
0.469861
0.470017
0.470171
0.470326
0.47048
0.470634
0.470787
0.47094
0.471092
0.471244
0.471396
0.471547
0.471698
0.471849
0.471999
0.472149
0.472298
0.472447
0.472596
0.472744
0.472892
0.473039
0.473186
0.473333
0.473479
0.473625
0.473771
0.473916
0.474061
0.474205
0.474349
0.474492
0.474635
0.474778
0.474921
0.475062
0.475204
0.475345
0.475486
0.475626
0.475766
0.475906
0.476045
0.476184
0.476322
0.47646
0.476598
0.476735
0.476872
0.477009
0.477145
0.47728
0.477416
0.47755
0.477685
0.477819
0.477953
0.478086
0.478219
0.478351
0.478483
0.478615
0.478746
0.478877
0.479008
0.479138
0.479268
0.479397
0.479526
0.479655
0.479783
0.479911
0.480038
0.480165
0.480291
0.480418
0.480543
0.480669
0.480794
0.480918
0.481042
0.481166
0.48129
0.481413
0.481535
0.481657
0.481779
0.4819
0.482021
0.482142
0.482262
0.482382
0.482501
0.48262
0.482739
0.482857
0.482975
0.483092
0.483209
0.483326
0.483442
0.483558
0.483674
0.483789
0.483903
0.484017
0.484131
0.484245
0.484358
0.48447
0.484582
0.484694
0.484806
0.484917
0.485027
0.485137
0.485247
0.485357
0.485466
0.485574
0.485682
0.48579
0.485898
0.486005
0.486111
0.486217
0.486323
0.486429
0.486534
0.486638
0.486742
0.486846
0.486949
0.487052
0.487155
0.487257
0.487359
0.48746
0.487561
0.487662
0.487762
0.487862
0.487961
0.48806
0.488159
0.488257
0.488354
0.488452
0.488549
0.488645
0.488741
0.488837
0.488932
0.489027
0.489122
0.489216
0.48931
0.489403
0.489496
0.489588
0.48968
0.489772
0.489863
0.489954
0.490044
0.490135
0.490224
0.490313
0.490402
0.490491
0.490579
0.490666
0.490754
0.49084
0.490927
0.491013
0.491098
0.491184
0.491268
0.491353
0.491437
0.49152
0.491603
0.491686
0.491768
0.49185
0.491932
0.492013
0.492094
0.492174
0.492254
0.492333
0.492413
0.492491
0.49257
0.492647
0.492725
0.492802
0.492879
0.492955
0.493031
0.493106
0.493181
0.493256
0.49333
0.493404
0.493477
0.49355
0.493623
0.493695
0.493767
0.493838
0.493909
0.493979
0.494049
0.494119
0.494188
0.494257
0.494326
0.494394
0.494462
0.494529
0.494596
0.494662
0.494728
0.494794
0.494859
0.494924
0.494988
0.495052
0.495116
0.495179
0.495242
0.495304
0.495366
0.495428
0.495489
0.495549
0.49561
0.49567
0.495729
0.495788
0.495847
0.495905
0.495963
0.49602
0.496077
0.496134
0.49619
0.496246
0.496302
0.496356
0.496411
0.496465
0.496519
0.496572
0.496625
0.496678
0.49673
0.496782
0.496833
0.496884
0.496934
0.496984
0.497034
0.497083
0.497132
0.49718
0.497228
0.497276
0.497323
0.49737
0.497416
0.497462
0.497508
0.497553
0.497598
0.497642
0.497686
0.497729
0.497772
0.497815
0.497857
0.497899
0.49794
0.497981
0.498022
0.498062
0.498102
0.498141
0.49818
0.498219
0.498257
0.498295
0.498332
0.498369
0.498405
0.498441
0.498477
0.498512
0.498547
0.498582
0.498616
0.498649
0.498682
0.498715
0.498747
0.498779
0.498811
0.498842
0.498873
0.498903
0.498933
0.498962
0.498992
0.49902
0.499048
0.499076
0.499104
0.499131
0.499157
0.499183
0.499209
0.499235
0.499259
0.499284
0.499308
0.499332
0.499355
0.499378
0.4994
0.499422
0.499444
0.499465
0.499486
0.499507
0.499526
0.499546
0.499565
0.499584
0.499602
0.49962
0.499638
0.499655
0.499672
0.499688
0.499704
0.499719
0.499734
0.499749
0.499763
0.499777
0.49979
0.499803
0.499816
0.499828
0.499839
0.499851
0.499862
0.499872
0.499882
0.499892
0.499901
0.49991
0.499918
0.499926
0.499934
0.499941
0.499948
0.499954
0.49996
0.499966
0.499971
0.499976
0.49998
0.499984
0.499987
0.49999
0.499993
0.499995
0.499997
0.499998
0.499999
0.5
0.5
0.5
0.499999
0.499998
0.499996
0.499995
0.499992
0.49999
0.499986
0.499983
0.499979
0.499974
0.49997
0.499964
0.499959
0.499953
0.499946
0.499939
0.499932
0.499924
0.499916
0.499908
0.499899
0.49989
0.49988
0.49987
0.499859
0.499848
0.499837
0.499825
0.499813
0.4998
0.499787
0.499773
0.499759
0.499745
0.49973
0.499715
0.4997
0.499684
0.499667
0.499651
0.499633
0.499616
0.499598
0.499579
0.499561
0.499541
0.499522
0.499501
0.499481
0.49946
0.499439
0.499417
0.499395
0.499372
0.499349
0.499326
0.499302
0.499278
0.499253
0.499228
0.499203
0.499177
0.499151
0.499124
0.499097
0.499069
0.499041
0.499013
0.498984
0.498955
0.498926
0.498896
0.498865
0.498834
0.498803
0.498772
0.49874
0.498707
0.498674
0.498641
0.498607
0.498573
0.498539
0.498504
0.498468
0.498433
0.498396
0.49836
0.498323
0.498285
0.498248
0.498209
0.498171
0.498132
0.498092
0.498052
0.498012
0.497971
0.49793
0.497889
0.497847
0.497804
0.497762
0.497718
0.497675
0.497631
0.497586
0.497542
0.497496
0.497451
0.497405
0.497358
0.497311
0.497264
0.497216
0.497168
0.49712
0.497071
0.497022
0.496972
0.496922
0.496871
0.49682
0.496769
0.496717
0.496665
0.496612
0.496559
0.496506
0.496452
0.496398
0.496343
0.496288
0.496232
0.496176
0.49612
0.496063
0.496006
0.495949
0.495891
0.495832
0.495774
0.495714
0.495655
0.495595
0.495534
0.495474
0.495412
0.495351
0.495289
0.495226
0.495163
0.4951
0.495036
0.494972
0.494908
0.494843
0.494778
0.494712
0.494646
0.494579
0.494512
0.494445
0.494377
0.494309
0.49424
0.494171
0.494102
0.494032
0.493962
0.493891
0.49382
0.493749
0.493677
0.493605
0.493532
0.493459
0.493385
0.493312
0.493237
0.493163
0.493087
0.493012
0.492936
0.492936
0.49286
0.492783
0.492706
0.492628
0.49255
0.492472
0.492393
0.492314
0.492234
0.492154
0.492074
0.491993
0.491912
0.49183
0.491748
0.491666
0.491583
0.4915
0.491416
0.491332
0.491247
0.491162
0.491077
0.490991
0.490905
0.490819
0.490732
0.490645
0.490557
0.490469
0.49038
0.490291
0.490202
0.490112
0.490022
0.489932
0.489841
0.489749
0.489657
0.489565
0.489473
0.48938
0.489286
0.489193
0.489098
0.489004
0.488909
0.488813
0.488717
0.488621
0.488525
0.488428
0.48833
0.488232
0.488134
0.488035
0.487936
0.487837
0.487737
0.487637
0.487536
0.487435
0.487334
0.487232
0.48713
0.487027
0.486924
0.48682
0.486716
0.486612
0.486508
0.486402
0.486297
0.486191
0.486085
0.485978
0.485871
0.485763
0.485656
0.485547
0.485439
0.485329
0.48522
0.48511
0.485
0.484889
0.484778
0.484666
0.484555
0.484442
0.48433
0.484216
0.484103
0.483989
0.483875
0.48376
0.483645
0.483529
0.483414
0.483297
0.48318
0.483063
0.482946
0.482828
0.48271
0.482591
0.482472
0.482352
0.482232
0.482112
0.481991
0.48187
0.481749
0.481627
0.481505
0.481382
0.481259
0.481135
0.481012
0.480887
0.480763
0.480638
0.480512
0.480386
0.48026
0.480133
0.480006
0.479879
0.479751
0.479623
0.479494
0.479365
0.479236
0.479106
0.478976
0.478845
0.478714
0.478583
0.478451
0.478319
0.478186
0.478053
0.47792
0.477786
0.477652
0.477517
0.477382
0.477247
0.477111
0.476975
0.476838
0.476701
0.476564
0.476426
0.476288
0.47615
0.476011
0.475871
0.475732
0.475592
0.475451
0.47531
0.475169
0.475027
0.474885
0.474743
0.4746
0.474457
0.474313
0.474169
0.474025
0.47388
0.473735
0.473589
0.473443
0.473297
0.47315
0.473003
0.472855
0.472707
0.472559
0.47241
0.472261
0.472112
0.471962
0.471812
0.471661
0.47151
0.471359
0.471207
0.471054
0.470902
0.470749
0.470595
0.470442
0.470288
0.470133
0.469978
0.469823
0.469667
0.469511
0.469354
0.469198
0.46904
0.468883
0.468725
0.468566
0.468407
0.468248
0.468089
0.467929
0.467768
0.467607
0.467446
0.467285
0.467123
0.466961
0.466798
0.466635
0.466471
0.466308
0.466143
0.465979
0.465814
0.465648
0.465483
0.465316
0.46515
0.464983
0.464816
0.464648
0.46448
0.464311
0.464143
0.463973
0.463804
0.463634
0.463463
0.463293
0.463121
0.46295
0.462778
0.462606
0.462433
0.46226
0.462087
0.461913
0.461739
0.461564
0.461389
0.461214
0.461038
0.460862
0.460685
0.460509
0.460331
0.460154
0.459976
0.459797
0.459619
0.459439
0.45926
0.45908
0.4589
0.458719
0.458538
0.458357
0.458175
0.457993
0.45781
0.457627
0.457444
0.45726
0.457076
0.456892
0.456707
0.456521
0.456336
0.45615
0.455964
0.455777
0.45559
0.455402
0.455214
0.455026
0.454838
0.454649
0.454459
0.45427
0.45408
0.453889
0.453698
0.453507
0.453315
0.453123
0.452931
0.452738
0.452545
0.452352
0.452158
0.451964
0.451769
0.451574
0.451379
0.451183
0.450987
0.450791
0.450594
0.450397
0.450199
0.450001
0.449803
0.449604
0.449405
0.449206
0.449006
0.448806
0.448605
0.448404
0.448203
0.448001
0.447799
0.447597
0.447394
0.447191
0.446987
0.446784
0.446579
0.446375
0.44617
0.445964
0.445759
0.445553
0.445346
0.445139
0.444932
0.444724
0.444517
0.444308
0.4441
0.443891
0.443681
0.443471
0.443261
0.443051
0.44284
0.442629
0.442417
0.442205
0.441993
0.44178
0.441567
0.441354
0.44114
0.440926
0.440711
0.440496
0.440281
0.440066
0.43985
0.439633
0.439417
0.439199
0.438982
0.438764
0.438546
0.438328
0.438109
0.437889
0.43767
0.43745
0.43723
0.437009
0.436788
0.436566
0.436345
0.436123
0.4359
0.435677
0.435454
0.435231
0.435007
0.434782
0.434558
0.434333
0.434107
0.433882
0.433655
0.433429
0.433202
0.432975
0.432748
0.43252
0.432292
0.432063
0.431834
0.431605
0.431375
0.431145
0.430915
0.430684
0.430453
0.430221
0.42999
0.429757
0.429525
0.429292
0.429059
0.428825
0.428591
0.428357
0.428123
0.427888
0.427652
0.427417
0.42718
0.426944
0.426707
0.42647
0.426233
0.425995
0.425757
0.425518
0.425279
0.42504
0.424801
0.424561
0.424321
0.42408
0.423839
0.423598
0.423356
0.423114
0.422872
0.422629
0.422386
0.422142
0.421899
0.421654
0.42141
0.421165
0.42092
0.420675
0.420429
0.420183
0.419936
0.419689
0.419442
0.419194
0.418946
0.418698
0.418449
0.4182
0.417951
0.417701
0.417451
0.417201
0.41695
0.416699
0.416448
0.416196
0.415944
0.415692
0.415439
0.415186
0.414932
0.414679
0.414424
0.41417
0.413915
0.41366
0.413405
0.413149
0.412892
0.412636
0.412379
0.412122
0.411864
0.411606
0.411348
0.41109
0.410831
0.410571
0.410312
0.410052
0.409792
0.409531
0.40927
0.409009
0.408747
0.408485
0.408223
0.40796
0.407697
0.407434
0.40717
0.406906
0.406642
0.406377
0.406113
0.405847
0.405582
0.405316
0.405049
0.404783
0.404516
0.404248
0.403981
0.403713
0.403444
0.403176
0.402907
0.402637
0.402368
0.402098
0.401827
0.401557
0.401286
0.401014
0.400743
0.400471
0.400198
0.399926
0.399653
0.399379
0.399106
0.398832
0.398557
0.398283
0.398008
0.397732
0.397457
0.397181
0.396905
0.396628
0.396351
0.396074
0.395796
0.395518
0.39524
0.394962
0.394683
0.394403
0.394124
0.393844
0.393564
0.393283
0.393002
0.392721
0.39244
0.392158
0.391876
0.391593
0.391311
0.391027
0.390744
0.39046
0.390176
0.389892
0.389607
0.389322
0.389037
0.388751
0.388465
0.388179
0.387892
0.387605
0.387318
0.38703
0.386742
0.386454
0.386165
0.385876
0.385587
0.385298
0.385008
0.384718
0.384427
0.384136
0.383845
0.383554
0.383262
0.38297
0.382677
0.382385
0.382092
0.381798
0.381505
0.381211
0.380916
0.380622
0.380327
0.380032
0.379736
0.37944
0.379144
0.378848
0.378551
0.378254
0.377956
0.377659
0.377361
0.377062
0.376764
0.376465
0.376165
0.375866
0.375566
0.375266
0.374965
0.374664
0.374363
0.374062
0.37376
0.373458
0.373155
0.372853
0.37255
0.372246
0.371943
0.371639
0.371334
0.37103
0.370725
0.37042
0.370114
0.369809
0.369503
0.369196
0.36889
0.368583
0.368275
0.367968
0.36766
0.367352
0.367043
0.366734
0.366425
0.366116
0.365806
0.365496
0.365186
0.364875
0.364564
0.364253
0.363941
0.363629
0.363317
0.363005
0.362692
0.362379
0.362066
0.361752
0.361438
0.361124
0.36081
0.360495
0.36018
0.359864
0.359548
0.359232
0.358916
0.358599
0.358283
0.357965
0.357648
0.35733
0.357012
0.356694
0.356375
0.356056
0.355737
0.355417
0.355097
0.354777
0.354457
0.354136
0.353815
0.353494
0.353172
0.35285
0.352528
0.352205
0.351883
0.35156
0.351236
0.350913
0.350589
0.350264
0.34994
0.349615
0.34929
0.348965
0.348639
0.348313
0.347987
0.34766
0.347333
0.347006
0.346679
0.346351
0.346023
0.345695
0.345366
0.345037
0.344708
0.344379
0.344049
0.343719
0.343389
0.343059
0.342728
0.342397
0.342065
0.341734
0.341402
0.341069
0.340737
0.340404
0.340071
0.339738
0.339404
0.33907
0.338736
0.338401
0.338067
0.337732
0.337396
0.337061
0.336725
0.336389
0.336052
0.335716
0.335379
0.335041
0.334704
0.334366
0.334028
0.333689
0.333351
0.333012
0.332673
0.332333
0.331993
0.331653
0.331313
0.330973
0.330632
0.330291
0.329949
0.329608
0.329266
0.328923
0.328581
0.328238
0.327895
0.327552
0.327208
0.326864
0.32652
0.326176
0.325831
0.325486
0.325141
0.324796
0.32445
0.324104
0.323758
0.323411
0.323065
0.322717
0.32237
0.322023
0.321675
0.321327
0.320978
0.32063
0.320281
0.319931
0.319582
0.319232
0.318882
0.318532
0.318182
0.317831
0.31748
0.317129
0.316777
0.316425
0.316073
0.315721
0.315368
0.315015
0.314662
0.314309
0.313955
0.313601
0.313247
0.312893
0.312538
0.312183
0.311828
0.311472
0.311117
0.310761
0.310405
0.310048
0.309691
0.309334
0.308977
0.30862
0.308262
0.307904
0.307546
0.307187
0.306828
0.306469
0.30611
0.305751
0.305391
0.305031
0.30467
0.30431
0.303949
0.303588
0.303227
0.302865
0.302503
0.302141
0.301779
0.301417
0.301054
0.300691
0.300327
0.299964
0.2996
0.299236
0.298872
0.298507
0.298142
0.297777
0.297412
0.297047
0.296681
0.296315
0.295949
0.295582
0.295215
0.294848
0.294481
0.294114
0.293746
0.293378
0.29301
0.292641
0.292273
0.291904
0.291535
0.291165
0.290796
0.290426
0.290056
0.289685
0.289315
0.288944
0.288573
0.288201
0.28783
0.287458
0.287086
0.286714
0.286341
0.285969
0.285596
0.285222
0.284849
0.284475
0.284101
0.283727
0.283353
0.282978
0.282603
0.282228
0.281853
0.281477
0.281101
0.280725
0.280349
0.279973
0.279596
0.279219
0.278842
0.278464
0.278087
0.277709
0.277331
0.276952
0.276574
0.276195
0.275816
0.275437
0.275057
0.274678
0.274298
0.273918
0.273537
0.273157
0.272776
0.272395
0.272013
0.271632
0.27125
0.270868
0.270486
0.270104
0.269721
0.269338
0.268955
0.268572
0.268188
0.267805
0.267421
0.267036
0.266652
0.266267
0.265883
0.265498
0.265112
0.264727
0.264341
0.263955
0.263569
0.263183
0.262796
0.262409
0.262022
0.261635
0.261247
0.26086
0.260472
0.260084
0.259695
0.259307
0.258918
0.258529
0.25814
0.257751
0.257361
0.256971
0.256581
0.256191
0.255801
0.25541
0.255019
0.254628
0.254237
0.253845
0.253453
0.253062
0.252669
0.252277
0.251884
0.251492
0.251099
0.250706
0.250312
0.249919
0.249525
0.249131
0.248737
0.248342
0.247948
0.247553
0.247158
0.246763
0.246367
0.245971
0.245576
0.24518
0.244783
0.244387
0.24399
0.243593
0.243196
0.242799
0.242402
0.242004
0.241606
0.241208
0.24081
0.240411
0.240013
0.239614
0.239215
0.238816
0.238416
0.238016
0.237617
0.237217
0.236816
0.236416
0.236015
0.235614
0.235213
0.234812
0.234411
0.234009
0.233607
0.233205
0.232803
0.232401
0.231998
0.231596
0.231193
0.23079
0.230386
0.229983
0.229579
0.229175
0.228771
0.228367
0.227962
0.227558
0.227153
0.226748
0.226343
0.225937
0.225532
0.225126
0.22472
0.224314
0.223907
0.223501
0.223094
0.222687
0.22228
0.221873
0.221466
0.221058
0.22065
0.220242
0.219834
0.219426
0.219017
0.218608
0.2182
0.21779
0.217381
0.216972
0.216562
0.216152
0.215742
0.215332
0.214922
0.214511
0.214101
0.21369
0.213279
0.212868
0.212456
0.212045
0.211633
0.211221
0.210809
0.210397
0.209984
0.209572
0.209159
0.208746
0.208333
0.20792
0.207506
0.207092
0.206679
0.206265
0.205851
0.205436
0.205022
0.204607
0.204192
0.203777
0.203362
0.202947
0.202531
0.202116
0.2017
0.201284
