-0.000454545
-0.000371076
-0.000296849
-0.000230879
-0.000172302
0.000282234
-0.000120334
-7.43159e-05
-3.36168e-05
2.29041e-06
3.38859e-05
6.15896e-05
8.57786e-05
0.000106784
0.0001249
0.000140389
0.000153483
0.000164386
0.000173281
0.000180329
0.000185674
0.000189442
0.000191747
0.000192689
0.000192355
0.000190824
0.000188167
0.000184445
0.000179713
0.00017402
0.000167408
0.000159916
0.000151579
0.000142425
0.000132481
0.000121771
0.000110316
9.81342e-05
8.52414e-05
7.16521e-05
5.73787e-05
4.24324e-05
2.68226e-05
1.05577e-05
-6.35489e-06
-2.3909e-05
-4.20991e-05
-6.09208e-05
-8.037e-05
-0.000100451
-0.000121162
-0.0001425
-0.000164462
-0.000187049
-0.000210259
-0.000234091
-0.000258545
-0.000283622
-0.000309321
-0.000335643
-0.00036259
-0.000390162
-0.000418359
-0.000447185
-0.000476639
-0.000506723
-0.00053744
-0.000568789
-0.000600775
-0.000633397
-0.000666657
-0.000700559
-0.000735102
-0.000770289
-0.000806122
-0.000842602
-0.000879731
-0.00091751
-0.00095594
-0.000995024
-0.00103476
-0.00107515
-0.0011162
-0.00115791
-0.00120027
-0.0012433
-0.00128698
-0.00133132
-0.00137632
-0.00142197
-0.00146829
-0.00151526
-0.0015629
-0.00161118
-0.00166013
-0.00170972
-0.00175997
-0.00181087
-0.00186242
-0.00191461
-0.00196745
-0.00202093
-0.00207504
-0.00212979
-0.00218517
-0.00224118
-0.00229781
-0.00235505
-0.00241291
-0.00247138
-0.00253045
-0.00259011
-0.00265037
-0.00271122
-0.00277264
-0.00283463
-0.00289719
-0.00296031
-0.00302398
-0.00308819
-0.00315294
-0.00321821
-0.00328399
-0.00335029
-0.00341709
-0.00348437
-0.00355214
-0.00362038
-0.00368907
-0.00375822
-0.0038278
-0.00389782
-0.00396825
-0.00403908
-0.00411031
-0.00418192
-0.0042539
-0.00432624
-0.00439892
-0.00447193
-0.00454527
-0.00461891
-0.00469285
-0.00476706
-0.00484154
-0.00491628
-0.00499126
-0.00506646
-0.00514187
-0.00521748
-0.00529328
-0.00536924
-0.00544536
-0.00552163
-0.00559801
-0.00567451
-0.00575111
-0.00582779
-0.00590454
-0.00598134
-0.00605819
-0.00613505
-0.00621193
-0.0062888
-0.00636566
-0.00644248
-0.00651925
-0.00659596
-0.00667259
-0.00674914
-0.00682558
-0.0069019
-0.00697808
-0.00705412
-0.00713001
-0.00720571
-0.00728123
-0.00735655
-0.00743166
-0.00750654
-0.00758118
-0.00765557
-0.0077297
-0.00780355
-0.0078771
-0.00795036
-0.00802331
-0.00809593
-0.00816822
-0.00824016
-0.00831174
-0.00838296
-0.0084538
-0.00852424
-0.0085943
-0.00866394
-0.00873316
-0.00880196
-0.00887032
-0.00893824
-0.0090057
-0.0090727
-0.00913923
-0.00920528
-0.00927085
-0.00933593
-0.00940051
-0.00946458
-0.00952814
-0.00959117
-0.00965369
-0.00971567
-0.00977712
-0.00983802
-0.00989838
-0.00995819
-0.0100174
-0.0100761
-0.0101343
-0.0101918
-0.0102488
-0.0103052
-0.010361
-0.0104163
-0.010471
-0.010525
-0.0105785
-0.0106314
-0.0106837
-0.0107354
-0.0107866
-0.0108371
-0.010887
-0.0109363
-0.0109851
-0.0110332
-0.0110807
-0.0111277
-0.011174
-0.0112197
-0.0112648
-0.0113094
-0.0113533
-0.0113966
-0.0114394
-0.0114815
-0.0115231
-0.0115641
-0.0116045
-0.0116442
-0.0116834
-0.0117221
-0.0117601
-0.0117976
-0.0118345
-0.0118708
-0.0119065
-0.0119417
-0.0119763
-0.0120104
-0.0120439
-0.0120768
-0.0121092
-0.012141
-0.0121723
-0.0122031
-0.0122333
-0.012263
-0.0122921
-0.0123207
-0.0123488
-0.0123764
-0.0124035
-0.0124301
-0.0124561
-0.0124816
-0.0125067
-0.0125313
-0.0125553
-0.0125789
-0.012602
-0.0126246
-0.0126468
-0.0126685
-0.0126897
-0.0127105
-0.0127308
-0.0127507
-0.0127701
-0.0127891
-0.0128076
-0.0128257
-0.0128434
-0.0128607
-0.0128775
-0.012894
-0.01291
-0.0129257
-0.0129409
-0.0129557
-0.0129702
-0.0129843
-0.012998
-0.0130113
-0.0130243
-0.0130368
-0.0130491
-0.013061
-0.0130725
-0.0130837
-0.0130945
-0.013105
-0.0131152
-0.013125
-0.0131345
-0.0131437
-0.0131526
-0.0131612
-0.0131695
-0.0131775
-0.0131851
-0.0131925
-0.0131996
-0.0132064
-0.013213
-0.0132192
-0.0132252
-0.013231
-0.0132364
-0.0132416
-0.0132466
-0.0132513
-0.0132558
-0.01326
-0.013264
-0.0132678
-0.0132713
-0.0132746
-0.0132777
-0.0132805
-0.0132832
-0.0132856
-0.0132879
-0.0132899
-0.0132917
-0.0132934
-0.0132948
-0.0132961
-0.0132972
-0.0132981
-0.0132988
-0.0132994
-0.0132997
-0.0133
-0.0133
-0.0132999
-0.0132996
-0.0132992
-0.0132987
-0.0132979
-0.0132971
-0.0132961
-0.0132949
-0.0132937
-0.0132923
-0.0132907
-0.0132891
-0.0132873
-0.0132854
-0.0132834
-0.0132812
-0.013279
-0.0132766
-0.0132741
-0.0132716
-0.0132689
-0.0132661
-0.0132633
-0.0132603
-0.0132572
-0.0132541
-0.0132508
-0.0132475
-0.0132441
-0.0132406
-0.013237
-0.0132334
-0.0132297
-0.0132259
-0.013222
-0.0132181
-0.013214
-0.01321
-0.0132058
-0.0132016
-0.0131974
-0.013193
-0.0131887
-0.0131842
-0.0131797
-0.0131752
-0.0131706
-0.0131659
-0.0131612
-0.0131565
-0.0131517
-0.0131469
-0.013142
-0.013137
-0.0131321
-0.0131271
-0.013122
-0.0131169
-0.0131118
-0.0131066
-0.0131014
-0.0130962
-0.0130909
-0.0130856
-0.0130803
-0.0130749
-0.0130695
-0.0130641
-0.0130587
-0.0130532
-0.0130477
-0.0130421
-0.0130365
-0.0130309
-0.0130253
-0.0130197
-0.013014
-0.0130083
-0.0130025
-0.0129968
-0.012991
-0.0129852
-0.0129794
-0.0129735
-0.0129676
-0.0129617
-0.0129558
-0.0129498
-0.0129438
-0.0129378
-0.0129318
-0.0129258
-0.0129197
-0.0129136
-0.0129074
-0.0129013
-0.0128951
-0.0128889
-0.0128827
-0.0128764
-0.0128701
-0.0128638
-0.0128575
-0.0128511
-0.0128447
-0.0128383
-0.0128319
-0.0128254
-0.0128189
-0.0128123
-0.0128058
-0.0127992
-0.0127925
-0.0127859
-0.0127792
-0.0127725
-0.0127657
-0.0127589
-0.0127521
-0.0127452
-0.0127383
-0.0127314
-0.0127244
-0.0127174
-0.0127103
-0.0127032
-0.0126961
-0.0126889
-0.0126817
-0.0126745
-0.0126672
-0.0126599
-0.0126525
-0.012645
-0.0126376
-0.0126301
-0.0126225
-0.0126149
-0.0126072
-0.0125995
-0.0125918
-0.012584
-0.0125761
-0.0125682
-0.0125603
-0.0125523
-0.0125442
-0.0125361
-0.0125279
-0.0125197
-0.0125114
-0.0125031
-0.0124947
-0.0124862
-0.0124777
-0.0124692
-0.0124606
-0.0124519
-0.0124431
-0.0124344
-0.0124255
-0.0124166
-0.0124076
-0.0123986
-0.0123895
-0.0123803
-0.0123711
-0.0123618
-0.0123524
-0.012343
-0.0123335
-0.012324
-0.0123144
-0.0123047
-0.012295
-0.0122852
-0.0122753
-0.0122654
-0.0122554
-0.0122453
-0.0122352
-0.012225
-0.0122147
-0.0122044
-0.012194
-0.0121836
-0.0121731
-0.0121625
-0.0121518
-0.0121411
-0.0121304
-0.0121195
-0.0121087
-0.0120977
-0.0120867
-0.0120756
-0.0120645
-0.0120533
-0.012042
-0.0120307
-0.0120193
-0.0120079
-0.0119964
-0.0119849
-0.0119733
-0.0119616
-0.0119499
-0.0119382
-0.0119264
-0.0119145
-0.0119026
-0.0118906
-0.0118786
-0.0118666
-0.0118545
-0.0118424
-0.0118302
-0.011818
-0.0118057
-0.0117934
-0.0117811
-0.0117687
-0.0117564
-0.0117439
-0.0117315
-0.011719
-0.0117065
-0.0116939
-0.0116814
-0.0116688
-0.0116562
-0.0116436
-0.0116309
-0.0116183
-0.0116056
-0.011593
-0.0115803
-0.0115676
-0.011555
-0.0115423
-0.0115296
-0.0115169
-0.0115043
-0.0114916
-0.011479
-0.0114663
-0.0114537
-0.0114411
-0.0114286
-0.011416
-0.0114035
-0.011391
-0.0113785
-0.0113661
-0.0113537
-0.0113414
-0.0113291
-0.0113169
-0.0113047
-0.0112925
-0.0112804
-0.0112684
-0.0112564
-0.0112445
-0.0112327
-0.0112209
-0.0112092
-0.0111976
-0.0111861
-0.0111747
-0.0111633
-0.011152
-0.0111409
-0.0111298
-0.0111188
-0.011108
-0.0110972
-0.0110866
-0.011076
-0.0110656
-0.0110554
-0.0110452
-0.0110352
-0.0110253
-0.0110155
-0.0110059
-0.0109964
-0.0109871
-0.0109779
-0.0109689
-0.01096
-0.0109513
-0.0109428
-0.0109344
-0.0109262
-0.0109182
-0.0109103
-0.0109027
-0.0108952
-0.0108879
-0.0108808
-0.0108739
-0.0108672
-0.0108608
-0.0108545
-0.0108484
-0.0108426
-0.0108369
-0.0108315
-0.0108264
-0.0108214
-0.0108167
-0.0108122
-0.0108079
-0.0108039
-0.0108002
-0.0107967
-0.0107934
-0.0107904
-0.0107876
-0.0107852
-0.0107829
-0.010781
-0.0107793
-0.0107779
-0.0107768
-0.0107759
-0.0107753
-0.0107751
-0.0107751
-0.0107754
-0.010776
-0.0107769
-0.0107781
-0.0107796
-0.0107814
-0.0107835
-0.010786
-0.0107887
-0.0107918
-0.0107952
-0.0107989
-0.0108029
-0.0108073
-0.010812
-0.010817
-0.0108224
-0.0108281
-0.0108341
-0.0108404
-0.0108471
-0.0108542
-0.0108616
-0.0108693
-0.0108774
-0.0108858
-0.0108946
-0.0109037
-0.0109131
-0.010923
-0.0109331
-0.0109437
-0.0109546
-0.0109658
-0.0109774
-0.0109894
-0.0110017
-0.0110143
-0.0110274
-0.0110408
-0.0110545
-0.0110686
-0.0110831
-0.0110979
-0.0111131
-0.0111287
-0.0111446
-0.0111608
-0.0111775
-0.0111945
-0.0112118
-0.0112295
-0.0112476
-0.011266
-0.0112848
-0.0113039
-0.0113234
-0.0113432
-0.0113634
-0.011384
-0.0114049
-0.0114261
-0.0114477
-0.0114697
-0.0114919
-0.0115146
-0.0115376
-0.0115609
-0.0115845
-0.0116085
-0.0116328
-0.0116575
-0.0116825
-0.0117078
-0.0117335
-0.0117595
-0.0117858
-0.0118124
-0.0118393
-0.0118666
-0.0118942
-0.0119221
-0.0119503
-0.0119788
-0.0120076
-0.0120367
-0.0120661
-0.0120958
-0.0121258
-0.0121561
-0.0121867
-0.0122175
-0.0122487
-0.0122801
-0.0123118
-0.0123438
-0.012376
-0.0124085
-0.0124413
-0.0124743
-0.0125076
-0.0125412
-0.0125749
-0.012609
-0.0126432
-0.0126778
-0.0127125
-0.0127475
-0.0127827
-0.0128181
-0.0128538
-0.0128896
-0.0129257
-0.012962
-0.0129985
-0.0130352
-0.0130721
-0.0131091
-0.0131464
-0.0131839
-0.0132215
-0.0132593
-0.0132973
-0.0133355
-0.0133738
-0.0134123
-0.0134509
-0.0134897
-0.0135286
-0.0135677
-0.0136069
-0.0136463
-0.0136857
-0.0137254
-0.0137651
-0.0138049
-0.0138449
-0.013885
-0.0139252
-0.0139654
-0.0140058
-0.0140463
-0.0140868
-0.0141275
-0.0141682
-0.014209
-0.0142499
-0.0142908
-0.0143318
-0.0143729
-0.014414
-0.0144551
-0.0144963
-0.0145376
-0.0145788
-0.0146201
-0.0146615
-0.0147028
-0.0147442
-0.0147856
-0.014827
-0.0148684
-0.0149098
-0.0149512
-0.0149926
-0.015034
-0.0150753
-0.0151167
-0.015158
-0.0151993
-0.0152405
-0.0152817
-0.0153229
-0.015364
-0.0154051
-0.0154461
-0.0154871
-0.015528
-0.0155688
-0.0156096
-0.0156503
-0.0156909
-0.0157314
-0.0157718
-0.0158122
-0.0158524
-0.0158925
-0.0159326
-0.0159725
-0.0160123
-0.016052
-0.0160916
-0.0161311
-0.0161704
-0.0162096
-0.0162486
-0.0162876
-0.0163263
-0.016365
-0.0164034
-0.0164418
-0.0164799
-0.0165179
-0.0165558
-0.0165934
-0.0166309
-0.0166682
-0.0167053
-0.0167423
-0.016779
-0.0168156
-0.016852
-0.0168881
-0.0169241
-0.0169599
-0.0169954
-0.0170307
-0.0170659
-0.0171008
-0.0171354
-0.0171699
-0.0172041
-0.0172381
-0.0172719
-0.0173054
-0.0173387
-0.0173717
-0.0174045
-0.017437
-0.0174693
-0.0175013
-0.0175331
-0.0175646
-0.0175958
-0.0176268
-0.0176575
-0.0176879
-0.017718
-0.0177479
-0.0177775
-0.0178068
-0.0178358
-0.0178645
-0.017893
-0.0179211
-0.0179489
-0.0179765
-0.0180037
-0.0180307
-0.0180573
-0.0180837
-0.0181097
-0.0181354
-0.0181608
-0.0181859
-0.0182106
-0.0182351
-0.0182592
-0.018283
-0.0183065
-0.0183297
-0.0183525
-0.018375
-0.0183972
-0.018419
-0.0184405
-0.0184617
-0.0184825
-0.018503
-0.0185232
-0.018543
-0.0185625
-0.0185817
-0.0186005
-0.018619
-0.0186371
-0.0186549
-0.0186723
-0.0186894
-0.0187061
-0.0187225
-0.0187386
-0.0187543
-0.0187696
-0.0187846
-0.0187993
-0.0188136
-0.0188276
-0.0188412
-0.0188545
-0.0188674
-0.01888
-0.0188922
-0.0189041
-0.0189156
-0.0189268
-0.0189377
-0.0189482
-0.0189583
-0.0189681
-0.0189776
-0.0189867
-0.0189955
-0.019004
-0.0190121
-0.0190199
-0.0190273
-0.0190344
-0.0190412
-0.0190476
-0.0190537
-0.0190595
-0.0190649
-0.01907
-0.0190748
-0.0190792
-0.0190834
-0.0190872
-0.0190907
-0.0190939
-0.0190968
-0.0190993
-0.0191016
-0.0191035
-0.0191051
-0.0191065
-0.0191075
-0.0191082
-0.0191086
-0.0191088
-0.0191086
-0.0191082
-0.0191074
-0.0191064
-0.0191051
-0.0191035
-0.0191017
-0.0190996
-0.0190972
-0.0190945
-0.0190916
-0.0190884
-0.0190849
-0.0190812
-0.0190773
-0.019073
-0.0190686
-0.0190639
-0.019059
-0.0190538
-0.0190484
-0.0190427
-0.0190369
-0.0190308
-0.0190245
-0.019018
-0.0190112
-0.0190043
-0.0189972
-0.0189898
-0.0189823
-0.0189745
-0.0189666
-0.0189584
-0.0189501
-0.0189416
-0.018933
-0.0189241
-0.0189151
-0.0189059
-0.0188966
-0.0188871
-0.0188774
-0.0188676
-0.0188576
-0.0188475
-0.0188373
-0.0188269
-0.0188164
-0.0188057
-0.0187949
-0.018784
-0.018773
-0.0187618
-0.0187506
-0.0187392
-0.0187277
-0.0187161
-0.0187044
-0.0186926
-0.0186807
-0.0186688
-0.0186567
-0.0186446
-0.0186323
-0.01862
-0.0186076
-0.0185952
-0.0185826
-0.01857
-0.0185574
-0.0185447
-0.0185319
-0.018519
-0.0185062
-0.0184932
-0.0184802
-0.0184672
-0.0184541
-0.018441
-0.0184279
-0.0184147
-0.0184014
-0.0183882
-0.0183749
-0.0183616
-0.0183483
-0.0183349
-0.0183216
-0.0183082
-0.0182948
-0.0182813
-0.0182679
-0.0182545
-0.018241
-0.0182276
-0.0182141
-0.0182006
-0.0181872
-0.0181737
-0.0181602
-0.0181468
-0.0181333
-0.0181198
-0.0181064
-0.0180929
-0.0180795
-0.0180661
-0.0180527
-0.0180393
-0.0180259
-0.0180125
-0.0179991
-0.0179858
-0.0179724
-0.0179591
-0.0179458
-0.0179325
-0.0179192
-0.017906
-0.0178927
-0.0178795
-0.0178663
-0.0178531
-0.0178399
-0.0178268
-0.0178137
-0.0178006
-0.0177875
-0.0177744
-0.0177614
-0.0177483
-0.0177353
-0.0177224
-0.0177094
-0.0176964
-0.0176835
-0.0176706
-0.0176577
-0.0176448
-0.017632
-0.0176191
-0.0176063
-0.0175935
-0.0175807
-0.0175679
-0.0175552
-0.0175424
-0.0175297
-0.017517
-0.0175042
-0.0174916
-0.0174789
-0.0174662
-0.0174535
-0.0174409
-0.0174283
-0.0174156
-0.017403
-0.0173904
-0.0173778
-0.0173652
-0.0173526
-0.01734
-0.0173274
-0.0173148
-0.0173022
-0.0172897
-0.0172771
-0.0172645
-0.017252
-0.0172394
-0.0172268
-0.0172142
-0.0172017
-0.0171891
-0.0171765
-0.0171639
-0.0171513
-0.0171387
-0.0171261
-0.0171135
-0.0171009
-0.0170883
-0.0170757
-0.017063
-0.0170504
-0.0170377
-0.0170251
-0.0170124
-0.0169997
-0.016987
-0.0169743
-0.0169616
-0.0169489
-0.0169362
-0.0169234
-0.0169107
-0.0168979
-0.0168851
-0.0168723
-0.0168595
-0.0168467
-0.0168339
-0.016821
-0.0168082
-0.0167953
-0.0167824
-0.0167695
-0.0167566
-0.0167437
-0.0167308
-0.0167178
-0.0167049
-0.0166919
-0.0166789
-0.0166659
-0.0166529
-0.0166399
-0.0166269
-0.0166139
-0.0166008
-0.0165878
-0.0165747
-0.0165616
-0.0165486
-0.0165355
-0.0165224
-0.0165093
-0.0164962
-0.0164831
-0.0164699
-0.0164568
-0.0164437
-0.0164306
-0.0164174
-0.0164043
-0.0163912
-0.016378
-0.0163649
-0.0163517
-0.0163386
-0.0163255
-0.0163123
-0.0162992
-0.0162861
-0.016273
-0.0162599
-0.0162467
-0.0162336
-0.0162206
-0.0162075
-0.0161944
-0.0161813
-0.0161683
-0.0161553
-0.0161422
-0.0161292
-0.0161162
-0.0161033
-0.0160903
-0.0160774
-0.0160645
-0.0160516
-0.0160387
-0.0160258
-0.016013
-0.0160002
-0.0159874
-0.0159746
-0.0159619
-0.0159492
-0.0159365
-0.0159239
-0.0159112
-0.0158986
-0.0158861
-0.0158736
-0.0158611
-0.0158486
-0.0158362
-0.0158238
-0.0158115
-0.0157992
-0.0157869
-0.0157747
-0.0157625
-0.0157503
-0.0157382
-0.0157262
-0.0157141
-0.0157022
-0.0156902
-0.0156783
-0.0156665
-0.0156547
-0.015643
-0.0156313
-0.0156196
-0.015608
-0.0155965
-0.015585
-0.0155736
-0.0155622
-0.0155509
-0.0155396
-0.0155284
-0.0155172
-0.0155061
-0.015495
-0.015484
-0.0154731
-0.0154622
-0.0154514
-0.0154406
-0.0154299
-0.0154192
-0.0154086
-0.0153981
-0.0153876
-0.0153772
-0.0153669
-0.0153566
-0.0153463
-0.0153362
-0.0153261
-0.015316
-0.015306
-0.0152961
-0.0152863
-0.0152765
-0.0152667
-0.0152571
-0.0152475
-0.0152379
-0.0152284
-0.015219
-0.0152097
-0.0152004
-0.0151911
-0.015182
-0.0151729
-0.0151638
-0.0151548
-0.0151459
-0.0151371
-0.0151283
-0.0151195
-0.0151109
-0.0151023
-0.0150937
-0.0150852
-0.0150768
-0.0150684
-0.0150601
-0.0150518
-0.0150436
-0.0150355
-0.0150274
-0.0150194
-0.0150114
-0.0150035
-0.0149957
-0.0149879
-0.0149801
-0.0149724
-0.0149648
-0.0149572
-0.0149497
-0.0149422
-0.0149348
-0.0149274
-0.0149201
-0.0149128
-0.0149056
-0.0148984
-0.0148913
-0.0148842
-0.0148772
-0.0148702
-0.0148632
-0.0148563
-0.0148495
-0.0148427
-0.0148359
-0.0148292
-0.0148225
-0.0148159
-0.0148092
-0.0148027
-0.0147962
-0.0147897
-0.0147832
-0.0147768
-0.0147704
-0.0147641
-0.0147578
-0.0147515
-0.0147452
-0.014739
-0.0147328
-0.0147267
-0.0147205
-0.0147144
-0.0147084
-0.0147023
-0.0146963
-0.0146903
-0.0146844
-0.0146784
-0.0146725
-0.0146666
-0.0146607
-0.0146549
-0.0146491
-0.0146432
-0.0146374
-0.0146317
-0.0146259
-0.0146202
-0.0146145
-0.0146087
-0.0146031
-0.0145974
-0.0145917
-0.0145861
-0.0145804
-0.0145748
-0.0145692
-0.0145636
-0.014558
-0.0145524
-0.0145468
-0.0145412
-0.0145357
-0.0145301
-0.0145245
-0.014519
-0.0145135
-0.0145079
-0.0145024
-0.0144969
-0.0144913
-0.0144858
-0.0144803
-0.0144748
-0.0144693
-0.0144637
-0.0144582
-0.0144527
-0.0144472
-0.0144417
-0.0144362
-0.0144306
-0.0144251
-0.0144196
-0.0144141
-0.0144085
-0.014403
-0.0143975
-0.0143919
-0.0143864
-0.0143808
-0.0143753
-0.0143697
-0.0143641
-0.0143586
-0.014353
-0.0143474
-0.0143418
-0.0143362
-0.0143306
-0.014325
-0.0143194
-0.0143138
-0.0143082
-0.0143025
-0.0142969
-0.0142912
-0.0142856
-0.0142799
-0.0142742
-0.0142686
-0.0142629
-0.0142572
-0.0142515
-0.0142458
-0.0142401
-0.0142344
-0.0142286
-0.0142229
-0.0142172
-0.0142114
-0.0142056
-0.0141999
-0.0141941
-0.0141883
-0.0141826
-0.0141768
-0.014171
-0.0141652
-0.0141594
-0.0141535
-0.0141477
-0.0141419
-0.0141361
-0.0141302
-0.0141244
-0.0141185
-0.0141127
-0.0141068
-0.014101
-0.0140951
-0.0140892
-0.0140834
-0.0140775
-0.0140716
-0.0140657
-0.0140598
-0.0140539
-0.0140481
-0.0140422
-0.0140363
-0.0140304
-0.0140245
-0.0140186
-0.0140127
-0.0140068
-0.0140009
-0.013995
-0.0139891
-0.0139833
-0.0139774
-0.0139715
-0.0139656
-0.0139597
-0.0139538
-0.013948
-0.0139421
-0.0139362
-0.0139304
-0.0139245
-0.0139187
-0.0139128
-0.013907
-0.0139012
-0.0138953
-0.0138895
-0.0138837
-0.0138779
-0.0138721
-0.0138664
-0.0138606
-0.0138548
-0.0138491
-0.0138433
-0.0138376
-0.0138319
-0.0138262
-0.0138205
-0.0138148
-0.0138091
-0.0138035
-0.0137979
-0.0137922
-0.0137866
-0.013781
-0.0137755
-0.0137699
-0.0137644
-0.0137589
-0.0137533
-0.0137479
-0.0137424
-0.0137369
-0.0137315
-0.0137261
-0.0137207
-0.0137154
-0.01371
-0.0137047
-0.0136994
-0.0136941
-0.0136889
-0.0136837
-0.0136785
-0.0136733
-0.0136681
-0.013663
-0.0136579
-0.0136529
-0.0136478
-0.0136428
-0.0136378
-0.0136329
-0.013628
-0.0136231
-0.0136182
-0.0136134
-0.0136086
-0.0136038
-0.0135991
-0.0135944
-0.0135897
-0.0135851
-0.0135805
-0.0135759
-0.0135714
-0.0135669
-0.0135625
-0.013558
-0.0135537
-0.0135493
-0.013545
-0.0135408
-0.0135365
-0.0135324
-0.0135282
-0.0135241
-0.0135201
-0.0135161
-0.0135121
-0.0135082
-0.0135043
-0.0135004
-0.0134966
-0.0134929
-0.0134892
-0.0134855
-0.0134819
-0.0134783
-0.0134748
-0.0134714
-0.0134679
-0.0134646
-0.0134612
-0.0134579
-0.0134547
-0.0134515
-0.0134484
-0.0134453
-0.0134423
-0.0134393
-0.0134364
-0.0134335
-0.0134307
-0.0134279
-0.0134252
-0.0134226
-0.0134199
-0.0134174
-0.0134149
-0.0134124
-0.01341
-0.0134077
-0.0134054
-0.0134032
-0.013401
-0.0133989
-0.0133968
-0.0133948
-0.0133928
-0.0133909
-0.0133891
-0.0133873
-0.0133855
-0.0133838
-0.0133822
-0.0133806
-0.0133791
-0.0133777
-0.0133762
-0.0133749
-0.0133736
-0.0133723
-0.0133711
-0.01337
-0.0133689
-0.0133679
-0.0133669
-0.013366
-0.0133651
-0.0133642
-0.0133635
-0.0133627
-0.0133621
-0.0133614
-0.0133609
-0.0133603
-0.0133598
-0.0133594
-0.013359
-0.0133587
-0.0133584
-0.0133581
-0.0133579
-0.0133577
-0.0133576
-0.0133575
-0.0133575
-0.0133574
-0.0133575
-0.0133575
-0.0133576
-0.0133578
-0.0133579
-0.0133581
-0.0133583
-0.0133586
-0.0133589
-0.0133592
-0.0133595
-0.0133599
-0.0133603
-0.0133607
-0.0133611
-0.0133615
-0.013362
-0.0133624
-0.0133629
-0.0133634
-0.0133639
-0.0133644
-0.0133649
-0.0133654
-0.0133659
-0.0133664
-0.0133669
-0.0133674
-0.0133679
-0.0133683
-0.0133688
-0.0133692
-0.0133697
-0.0133701
-0.0133704
-0.0133708
-0.0133711
-0.0133714
-0.0133717
-0.0133719
-0.0133721
-0.0133722
-0.0133723
-0.0133723
-0.0133723
-0.0133723
-0.0133722
-0.013372
-0.0133717
-0.0133714
-0.013371
-0.0133706
-0.01337
-0.0133694
-0.0133687
-0.0133679
-0.013367
-0.013366
-0.013365
-0.0133638
-0.0133625
-0.0133611
-0.0133596
-0.0133579
-0.0133562
-0.0133543
-0.0133522
-0.0133501
-0.0133478
-0.0133453
-0.0133428
-0.01334
-0.0133371
-0.013334
-0.0133308
-0.0133274
-0.0133238
-0.01332
-0.0133161
-0.0133119
-0.0133076
-0.0133031
-0.0132983
-0.0132934
-0.0132882
-0.0132828
-0.0132772
-0.0132713
-0.0132653
-0.0132589
-0.0132524
-0.0132455
-0.0132385
-0.0132311
-0.0132235
-0.0132156
-0.0132074
-0.013199
-0.0131903
-0.0131812
-0.0131719
-0.0131622
-0.0131523
-0.013142
-0.0131314
-0.0131205
-0.0131092
-0.0130976
-0.0130856
-0.0130733
-0.0130606
-0.0130476
-0.0130342
-0.0130204
-0.0130062
-0.0129916
-0.0129767
-0.0129613
-0.0129455
-0.0129293
-0.0129127
-0.0128957
-0.0128782
-0.0128603
-0.0128419
-0.0128231
-0.0128038
-0.0127841
-0.0127639
-0.0127432
-0.0127221
-0.0127004
-0.0126783
-0.0126556
-0.0126324
-0.0126088
-0.0125846
-0.0125599
-0.0125346
-0.0125088
-0.0124825
-0.0124556
-0.0124281
-0.0124001
-0.0123716
-0.0123424
-0.0123127
-0.0122824
-0.0122514
-0.0122199
-0.0121878
-0.0121551
-0.0121218
-0.0120878
-0.0120532
-0.012018
-0.0119821
-0.0119456
-0.0119085
-0.0118707
-0.0118322
-0.0117931
-0.0117533
-0.0117129
-0.0116717
-0.0116299
-0.0115874
-0.0115442
-0.0115003
-0.0114557
-0.0114103
-0.0113643
-0.0113176
-0.0112701
-0.011222
-0.0111731
-0.0111234
-0.0110731
-0.011022
-0.0109702
-0.0109176
-0.0108643
-0.0108102
-0.0107554
-0.0106998
-0.0106435
-0.0105864
-0.0105286
-0.01047
-0.0104106
-0.0103505
-0.0102896
-0.010228
-0.0101656
-0.0101024
-0.0100384
-0.0099737
-0.00990821
-0.00984195
-0.00977493
-0.00970726
-0.00963892
-0.0095699
-0.00950018
-0.00942976
-0.00935862
-0.00928675
-0.00921416
-0.00914082
-0.00906675
-0.00899193
-0.00891636
-0.00884005
-0.00876299
-0.00868518
-0.00860663
-0.00852733
-0.00844729
-0.00836651
-0.008285
-0.00820277
-0.0081198
-0.00803612
-0.00795173
-0.00786662
-0.00778082
-0.00769433
-0.00760714
-0.00751929
-0.00743076
-0.00734156
-0.00725172
-0.00716123
-0.00707011
-0.00697837
-0.00688601
-0.00679304
-0.00669949
-0.00660535
-0.00651064
-0.00641537
-0.00631955
-0.0062232
-0.00612632
-0.00602893
-0.00593104
-0.00583267
-0.00573382
-0.00563451
-0.00553476
-0.00543458
-0.00533398
-0.00523297
-0.00513158
-0.00502981
-0.00492769
-0.00482521
-0.00472241
-0.0046193
-0.00451588
-0.00441218
-0.00430822
-0.004204
-0.00409955
-0.00399489
-0.00389001
-0.00378496
-0.00367973
-0.00357435
-0.00346883
-0.0033632
-0.00325746
-0.00315164
-0.00304574
-0.0029398
-0.00283382
-0.00272783
-0.00262183
-0.00251586
-0.00240991
-0.00230402
-0.0021982
-0.00209246
-0.00198682
-0.00188131
-0.00177593
-0.0016707
-0.00156564
-0.00146078
-0.00135611
-0.00125167
-0.00114746
-0.0010435
-0.000939817
-0.000836417
-0.000733318
-0.000630536
-0.000528088
-0.000425987
-0.00032425
-0.000222891
-0.000121927
-2.137e-05
7.87635e-05
0.00017846
0.000277705
0.000376485
0.000474786
0.000572594
0.000669897
0.000766682
0.000862936
0.000958646
0.0010538
0.00114839
0.00124239
0.00133581
0.00142863
0.00152083
0.00161241
0.00170335
0.00179366
0.00188331
0.00197229
0.00206061
0.00214825
0.00223519
0.00232144
0.00240699
0.00249182
0.00257594
0.00265933
0.00274198
0.0028239
0.00290507
0.00298548
0.00306515
0.00314404
0.00322218
0.00329954
0.00337612
0.00345192
0.00352694
0.00360118
0.00367462
0.00374727
0.00381912
0.00389017
0.00396043
0.00402988
0.00409852
0.00416636
0.0042334
0.00429962
0.00436504
0.00442965
0.00449345
0.00455645
0.00461863
0.00468
0.00474057
0.00480033
0.00485929
0.00491744
0.00497479
0.00503134
0.0050871
0.00514205
0.00519621
0.00524958
0.00530216
0.00535395
0.00540496
0.00545518
0.00550463
0.00555331
0.00560121
0.00564835
0.00569472
0.00574034
0.0057852
0.0058293
0.00587266
0.00591528
0.00595716
0.00599831
0.00603872
0.00607842
0.00611739
0.00615565
0.00619319
0.00623004
0.00626618
0.00630163
0.00633639
0.00637047
0.00640386
0.00643659
0.00646865
0.00650004
0.00653078
0.00656087
0.00659031
0.00661912
0.00664729
0.00667483
0.00670176
0.00672806
0.00675376
0.00677885
0.00680334
0.00682725
0.00685056
0.0068733
0.00689546
0.00691705
0.00693808
0.00695856
0.00697848
0.00699786
0.0070167
0.00703501
0.0070528
0.00707006
0.00708681
0.00710305
0.00711879
0.00713404
0.00714879
0.00716306
0.00717686
0.00719018
0.00720304
0.00721543
0.00722737
0.00723887
0.00724992
0.00726053
0.00727072
0.00728048
0.00728982
0.00729875
0.00730727
0.00731539
0.00732311
0.00733044
0.00733739
0.00734396
0.00735016
0.00735599
0.00736146
0.00736657
0.00737133
0.00737574
0.00737982
0.00738355
0.00738697
0.00739005
0.00739282
0.00739527
0.00739742
0.00739926
0.00740081
0.00740206
0.00740303
0.00740371
0.00740412
0.00740425
0.00740412
0.00740372
0.00740307
0.00740216
0.00740101
0.00739961
0.00739797
0.0073961
0.00739401
0.00739169
0.00738914
0.00738639
0.00738342
0.00738025
0.00737687
0.0073733
0.00736954
0.00736558
0.00736145
0.00735713
0.00735264
0.00734797
0.00734314
0.00733815
0.00733299
0.00732768
0.00732222
0.00731661
0.00731086
0.00730497
0.00729895
0.00729279
0.0072865
0.00728009
0.00727356
0.00726691
0.00726015
0.00725329
0.00724632
0.00723925
0.00723208
0.00722482
0.00721746
0.00721002
0.00720249
0.00719487
0.00718718
0.00717942
0.00717158
0.00716367
0.0071557
0.00714767
0.00713957
0.00713141
0.0071232
0.00711493
0.00710661
0.00709824
0.00708982
0.00708135
0.00707285
0.0070643
0.00705571
0.00704709
0.00703843
0.00702975
0.00702103
0.00701228
0.00700351
0.00699471
0.0069859
0.00697706
0.0069682
0.00695933
0.00695044
0.00694154
0.00693263
0.00692371
0.00691478
0.00690585
0.00689691
0.00688796
0.00687902
0.00687007
0.00686112
0.00685217
0.00684323
0.00683429
0.00682536
0.00681643
0.00680751
0.0067986
0.00678969
0.0067808
0.00677192
0.00676304
0.00675418
0.00674534
0.0067365
0.00672769
0.00671888
0.00671009
0.00670132
0.00669256
0.00668382
0.0066751
0.00666639
0.0066577
0.00664903
0.00664037
0.00663174
0.00662312
0.00661451
0.00660593
0.00659737
0.00658882
0.00658029
0.00657177
0.00656328
0.0065548
0.00654633
0.00653789
0.00652946
0.00652104
0.00651264
0.00650426
0.00649588
0.00648752
0.00647918
0.00647084
0.00646252
0.00645421
0.00644591
0.00643761
0.00642933
0.00642105
0.00641278
0.00640452
0.00639626
0.006388
0.00637975
0.0063715
0.00636325
0.006355
0.00634675
0.00633849
0.00633023
0.00632197
0.0063137
0.00630543
0.00629714
0.00628885
0.00628054
0.00627223
0.0062639
0.00625555
0.00624719
0.00623881
0.00623041
0.006222
0.00621356
0.00620509
0.00619661
0.00618809
0.00617955
0.00617098
0.00616238
0.00615375
0.00614508
0.00613638
0.00612764
0.00611887
0.00611006
0.0061012
0.00609231
0.00608336
0.00607438
0.00606535
0.00605626
0.00604713
0.00603795
0.00602872
0.00601943
0.00601008
0.00600068
0.00599122
0.0059817
0.00597212
0.00596248
0.00595277
0.00594299
0.00593315
0.00592324
0.00591327
0.00590322
0.00589309
0.0058829
0.00587263
0.00586228
0.00585186
0.00584136
0.00583078
0.00582011
0.00580937
0.00579854
0.00578763
0.00577664
0.00576555
0.00575439
0.00574313
0.00573178
0.00572035
0.00570882
0.00569721
0.0056855
0.00567369
0.0056618
0.00564981
0.00563773
0.00562555
0.00561327
0.0056009
0.00558843
0.00557586
0.0055632
0.00555044
0.00553757
0.00552462
0.00551156
0.0054984
0.00548515
0.00547179
0.00545834
0.00544478
0.00543113
0.00541738
0.00540353
0.00538958
0.00537554
0.00536139
0.00534715
0.00533281
0.00531838
0.00530385
0.00528922
0.0052745
0.00525968
0.00524477
0.00522977
0.00521468
0.0051995
0.00518423
0.00516887
0.00515342
0.00513788
0.00512226
0.00510656
0.00509077
0.0050749
0.00505896
0.00504293
0.00502683
0.00501065
0.0049944
0.00497808
0.00496169
0.00494523
0.0049287
0.00491211
0.00489546
0.00487875
0.00486198
0.00484516
0.00482828
0.00481135
0.00479437
0.00477735
0.00476028
0.00474317
0.00472602
0.00470884
0.00469162
0.00467437
0.0046571
0.0046398
0.00462248
0.00460514
0.00458778
0.00457042
0.00455304
0.00453566
0.00451827
0.00450089
0.00448351
0.00446613
0.00444877
0.00443142
0.00441409
0.00439678
0.0043795
0.00436225
0.00434503
0.00432784
0.0043107
0.0042936
0.00427655
0.00425955
0.00424261
0.00422573
0.00420892
0.00419218
0.00417551
0.00415891
0.0041424
0.00412598
0.00410965
0.00409341
0.00407727
0.00406124
0.00404532
0.00402951
0.00401382
0.00399825
0.00398281
0.0039675
0.00395233
0.00393731
0.00392243
0.0039077
0.00389313
0.00387872
0.00386448
0.00385041
0.00383651
0.0038228
0.00380927
0.00379594
0.0037828
0.00376987
0.00375714
0.00374462
0.00373233
0.00372025
0.0037084
0.00369679
0.00368541
0.00367427
0.00366339
0.00365276
0.00364238
0.00363227
0.00362243
0.00361287
0.00360358
0.00359458
0.00358586
0.00357745
0.00356933
0.00356152
0.00355402
0.00354684
0.00353997
0.00353344
0.00352723
0.00352136
0.00351583
0.00351065
0.00350582
0.00350135
0.00349724
0.00349348
0.00349009
0.00348707
0.00348441
0.00348211
0.00348019
0.00347866
0.00347753
0.00347679
0.00347646
0.00347655
0.00347705
0.00347797
0.00347932
0.0034811
0.00348332
0.00348599
0.0034891
0.00349267
0.0034967
0.00350119
0.00350615
0.00351158
0.00351749
0.00352389
0.00353076
0.00353813
0.00354599
0.00355435
0.00356322
0.00357259
0.00358247
0.00359286
0.00360377
0.0036152
0.00362716
0.00363964
0.00365265
0.0036662
0.00368028
0.0036949
0.00371007
0.00372578
0.00374203
0.00375884
0.0037762
0.00379412
0.00381259
0.00383162
0.00385122
0.00387138
0.0038921
0.0039134
0.00393526
0.00395769
0.0039807
0.00400428
0.00402844
0.00405318
0.0040785
0.00410439
0.00413087
0.00415793
0.00418557
0.0042138
0.00424262
0.00427202
0.004302
0.00433258
0.00436374
0.0043955
0.00442784
0.00446077
0.00449429
0.0045284
0.0045631
0.00459839
0.00463427
0.00467074
0.0047078
0.00474545
0.00478369
0.00482252
0.00486194
0.00490194
0.00494253
0.00498371
0.00502548
0.00506783
0.00511076
0.00515427
0.00519837
0.00524305
0.00528831
0.00533414
0.00538056
0.00542754
0.00547511
0.00552324
0.00557195
0.00562123
0.00567107
0.00572148
0.00577245
0.00582399
0.00587608
0.00592873
0.00598194
0.00603571
0.00609002
0.00614488
0.00620029
0.00625625
0.00631274
0.00636978
0.00642735
0.00648545
0.00654409
0.00660325
0.00666295
0.00672316
0.00678389
0.00684514
0.0069069
0.00696918
0.00703196
0.00709525
0.00715903
0.00722332
0.00728809
0.00735336
0.00741912
0.00748536
0.00755208
0.00761928
0.00768695
0.00775508
0.00782369
0.00789275
0.00796228
0.00803226
0.00810268
0.00817356
0.00824487
0.00831663
0.00838882
0.00846143
0.00853448
0.00860794
0.00868182
0.00875612
0.00883082
0.00890593
0.00898144
0.00905734
0.00913364
0.00921032
0.00928738
0.00936482
0.00944263
0.00952082
0.00959936
0.00967827
0.00975753
0.00983713
0.00991709
0.00999738
0.010078
0.010159
0.0102403
0.0103219
0.0104038
0.010486
0.0105686
0.0106514
0.0107345
0.010818
0.0109017
0.0109857
0.0110699
0.0111545
0.0112393
0.0113244
0.0114097
0.0114953
0.0115811
0.0116671
0.0117534
0.0118399
0.0119267
0.0120137
0.0121008
0.0121882
0.0122758
0.0123636
0.0124516
0.0125397
0.0126281
0.0127166
0.0128053
0.0128942
0.0129832
0.0130724
0.0131617
0.0132512
0.0133408
0.0134305
0.0135204
0.0136104
0.0137005
0.0137907
0.013881
0.0139714
0.0140619
0.0141525
0.0142432
0.014334
0.0144248
0.0145157
0.0146066
0.0146976
0.0147887
0.0148798
0.0149709
0.0150621
0.0151533
0.0152445
0.0153357
0.015427
0.0155182
0.0156094
0.0157007
0.0157919
0.0158831
0.0159743
0.0160654
0.0161565
0.0162475
0.0163385
0.0164295
0.0165204
0.0166112
0.016702
0.0167926
0.0168832
0.0169737
0.0170641
0.0171544
0.0172446
0.0173347
0.0174246
0.0175145
0.0176042
0.0176937
0.0177832
0.0178724
0.0179615
0.0180505
0.0181393
0.0182279
0.0183163
0.0184046
0.0184927
0.0185805
0.0186682
0.0187557
0.0188429
0.0189299
0.0190167
0.0191033
0.0191896
0.0192757
0.0193616
0.0194471
0.0195325
0.0196175
0.0197023
0.0197868
0.019871
0.019955
0.0200386
0.0201219
0.020205
0.0202877
0.0203701
0.0204521
0.0205339
0.0206153
0.0206963
0.0207771
0.0208574
0.0209374
0.0210171
0.0210963
0.0211752
0.0212538
0.0213319
0.0214096
0.021487
0.0215639
0.0216404
0.0217165
0.0217922
0.0218675
0.0219423
0.0220167
0.0220907
0.0221642
0.0222373
0.0223099
0.0223821
0.0224538
0.022525
0.0225957
0.022666
0.0227358
0.0228051
0.0228739
0.0229421
0.0230099
0.0230772
0.023144
0.0232102
0.023276
0.0233412
0.0234058
0.02347
0.0235335
0.0235966
0.0236591
0.023721
0.0237824
0.0238433
0.0239035
0.0239632
0.0240224
0.0240809
0.0241389
0.0241963
0.0242531
0.0243093
0.0243649
0.02442
0.0244744
0.0245282
0.0245815
0.0246341
0.0246861
0.0247375
0.0247883
0.0248384
0.024888
0.0249369
0.0249852
0.0250328
0.0250799
0.0251263
0.025172
0.0252172
0.0252616
0.0253055
0.0253487
0.0253913
0.0254332
0.0254745
0.0255151
0.0255551
0.0255945
0.0256331
0.0256712
0.0257086
0.0257453
0.0257814
0.0258168
0.0258516
0.0258857
0.0259192
0.025952
0.0259842
0.0260157
0.0260466
0.0260768
0.0261064
0.0261353
0.0261635
0.0261911
0.0262181
0.0262444
0.0262701
0.0262951
0.0263195
0.0263432
0.0263663
0.0263887
0.0264106
0.0264317
0.0264523
0.0264722
0.0264915
0.0265101
0.0265282
0.0265456
0.0265623
0.0265785
0.0265941
0.026609
0.0266233
0.026637
0.0266502
0.0266627
0.0266746
0.0266859
0.0266966
0.0267068
0.0267163
0.0267253
0.0267337
0.0267415
0.0267488
0.0267554
0.0267616
0.0267671
0.0267721
0.0267766
0.0267805
0.0267839
0.0267867
0.026789
0.0267908
0.026792
0.0267928
0.026793
0.0267927
0.0267919
0.0267906
0.0267888
0.0267865
0.0267837
0.0267804
0.0267767
0.0267725
0.0267678
0.0267627
0.0267571
0.026751
0.0267445
0.0267376
0.0267302
