-0.0005
-0.000154217
0.000173729
0.000484273
0.000777848
0.00105488
0.00131577
0.00181471
0.00156096
0.0017908
0.00200573
0.00220613
0.00239237
0.00256483
0.00272387
0.00286986
0.00300316
0.0031241
0.00323304
0.0033303
0.00341622
0.00349111
0.00355529
0.00360908
0.00365277
0.00368667
0.00371106
0.00372623
0.00373246
0.00373002
0.00371919
0.00370022
0.00367338
0.00363892
0.00359708
0.0035481
0.00349223
0.00342969
0.00336071
0.0032855
0.0032043
0.00311731
0.00302473
0.00292677
0.00282363
0.00271549
0.00260256
0.002485
0.00236302
0.00223677
0.00210639
0.00197204
0.00183389
0.0016921
0.00154683
0.00139822
0.00124643
0.00109159
0.000933859
0.000773364
0.000610241
0.00044462
0.000276629
0.000106391
-6.59728e-05
-0.000240346
-0.000416613
-0.000594664
-0.00077439
-0.000955686
-0.00113845
-0.00132258
-0.00150799
-0.00169457
-0.00188224
-0.0020709
-0.00226048
-0.00245088
-0.00264203
-0.00283385
-0.00302626
-0.00321919
-0.00341256
-0.0036063
-0.00380035
-0.00399464
-0.00418911
-0.00438369
-0.00457832
-0.00477295
-0.00496751
-0.00516196
-0.00535624
-0.00555029
-0.00574407
-0.00593752
-0.00613061
-0.00632328
-0.00651548
-0.00670719
-0.00689834
-0.00708891
-0.00727884
-0.00746811
-0.00765667
-0.00784449
-0.00803153
-0.00821775
-0.00840313
-0.00858763
-0.00877121
-0.00895385
-0.00913551
-0.00931616
-0.00949578
-0.00967434
-0.0098518
-0.0100282
-0.0102034
-0.0103774
-0.0105502
-0.0107218
-0.0108922
-0.0110613
-0.0112291
-0.0113956
-0.0115608
-0.0117246
-0.011887
-0.0120481
-0.0122077
-0.0123659
-0.0125227
-0.0126779
-0.0128317
-0.012984
-0.0131347
-0.013284
-0.0134316
-0.0135777
-0.0137223
-0.0138652
-0.0140065
-0.0141462
-0.0142843
-0.0144207
-0.0145555
-0.0146886
-0.01482
-0.0149497
-0.0150778
-0.0152041
-0.0153288
-0.0154517
-0.0155728
-0.0156923
-0.01581
-0.015926
-0.0160402
-0.0161526
-0.0162633
-0.0163723
-0.0164794
-0.0165848
-0.0166884
-0.0167903
-0.0168904
-0.0169886
-0.0170852
-0.0171799
-0.0172729
-0.017364
-0.0174534
-0.0175411
-0.0176269
-0.017711
-0.0177933
-0.0178738
-0.0179526
-0.0180296
-0.0181049
-0.0181784
-0.0182501
-0.0183202
-0.0183884
-0.018455
-0.0185198
-0.0185828
-0.0186442
-0.0187039
-0.0187618
-0.018818
-0.0188726
-0.0189255
-0.0189766
-0.0190262
-0.019074
-0.0191202
-0.0191647
-0.0192076
-0.0192489
-0.0192886
-0.0193266
-0.019363
-0.0193978
-0.0194311
-0.0194627
-0.0194928
-0.0195213
-0.0195482
-0.0195737
-0.0195975
-0.0196199
-0.0196407
-0.01966
-0.0196778
-0.0196941
-0.019709
-0.0197223
-0.0197342
-0.0197447
-0.0197537
-0.0197613
-0.0197674
-0.0197722
-0.0197755
-0.0197774
-0.0197779
-0.0197771
-0.0197749
-0.0197713
-0.0197664
-0.0197602
-0.0197526
-0.0197437
-0.0197335
-0.0197219
-0.0197091
-0.019695
-0.0196796
-0.019663
-0.0196451
-0.0196259
-0.0196055
-0.0195839
-0.019561
-0.019537
-0.0195117
-0.0194853
-0.0194576
-0.0194288
-0.0193988
-0.0193676
-0.0193353
-0.0193018
-0.0192672
-0.0192315
-0.0191947
-0.0191567
-0.0191177
-0.0190775
-0.0190363
-0.018994
-0.0189506
-0.0189062
-0.0188607
-0.0188141
-0.0187665
-0.0187179
-0.0186683
-0.0186177
-0.018566
-0.0185134
-0.0184598
-0.0184052
-0.0183496
-0.018293
-0.0182355
-0.0181771
-0.0181177
-0.0180574
-0.0179962
-0.017934
-0.017871
-0.017807
-0.0177422
-0.0176765
-0.0176099
-0.0175424
-0.0174741
-0.017405
-0.017335
-0.0172642
-0.0171926
-0.0171201
-0.0170469
-0.0169728
-0.016898
-0.0168224
-0.016746
-0.0166689
-0.0165911
-0.0165125
-0.0164331
-0.0163531
-0.0162723
-0.0161909
-0.0161087
-0.0160259
-0.0159424
-0.0158582
-0.0157734
-0.0156879
-0.0156019
-0.0155152
-0.0154278
-0.0153399
-0.0152514
-0.0151623
-0.0150727
-0.0149825
-0.0148917
-0.0148004
-0.0147086
-0.0146162
-0.0145234
-0.0144301
-0.0143362
-0.0142419
-0.0141472
-0.014052
-0.0139563
-0.0138602
-0.0137638
-0.0136669
-0.0135696
-0.0134719
-0.0133738
-0.0132754
-0.0131767
-0.0130776
-0.0129782
-0.0128784
-0.0127784
-0.0126781
-0.0125775
-0.0124766
-0.0123755
-0.0122741
-0.0121725
-0.0120706
-0.0119686
-0.0118663
-0.0117639
-0.0116613
-0.0115585
-0.0114556
-0.0113525
-0.0112494
-0.011146
-0.0110426
-0.0109391
-0.0108355
-0.0107319
-0.0106281
-0.0105244
-0.0104206
-0.0103167
-0.0102129
-0.010109
-0.0100052
-0.00990134
-0.00979754
-0.00969379
-0.00959008
-0.00948644
-0.00938287
-0.00927939
-0.00917601
-0.00907273
-0.00896957
-0.00886654
-0.00876364
-0.0086609
-0.00855831
-0.0084559
-0.00835366
-0.00825162
-0.00814978
-0.00804815
-0.00794673
-0.00784555
-0.00774462
-0.00764393
-0.0075435
-0.00744334
-0.00734346
-0.00724387
-0.00714458
-0.00704559
-0.00694693
-0.00684858
-0.00675058
-0.00665291
-0.0065556
-0.00645865
-0.00636207
-0.00626587
-0.00617005
-0.00607463
-0.00597962
-0.00588501
-0.00579083
-0.00569707
-0.00560375
-0.00551087
-0.00541844
-0.00532647
-0.00523497
-0.00514394
-0.00505339
-0.00496332
-0.00487376
-0.00478469
-0.00469613
-0.00460809
-0.00452057
-0.00443358
-0.00434712
-0.00426121
-0.00417584
-0.00409102
-0.00400677
-0.00392308
-0.00383996
-0.00375742
-0.00367547
-0.0035941
-0.00351332
-0.00343315
-0.00335358
-0.00327461
-0.00319627
-0.00311854
-0.00304144
-0.00296497
-0.00288913
-0.00281393
-0.00273937
-0.00266546
-0.0025922
-0.0025196
-0.00244766
-0.00237638
-0.00230577
-0.00223584
-0.00216658
-0.002098
-0.0020301
-0.00196289
-0.00189637
-0.00183054
-0.00176541
-0.00170098
-0.00163725
-0.00157423
-0.00151192
-0.00145032
-0.00138943
-0.00132927
-0.00126982
-0.00121109
-0.0011531
-0.00109582
-0.00103928
-0.000983474
-0.0009284
-0.000874063
-0.000820466
-0.000767609
-0.000715495
-0.000664126
-0.000613504
-0.00056363
-0.000514507
-0.000466136
-0.000418519
-0.000371656
-0.000325551
-0.000280203
-0.000235615
-0.000191788
-0.000148723
-0.000106422
-6.48849e-05
-2.41138e-05
1.58904e-05
5.51267e-05
9.35941e-05
0.000131292
0.000168218
0.000204373
0.000239756
0.000274365
0.0003082
0.000341261
0.000373546
0.000405055
0.000435787
0.000465742
0.000494919
0.000523319
0.000550939
0.00057778
0.000603842
0.000629123
0.000653625
0.000677346
0.000700286
0.000722445
0.000743823
0.000764419
0.000784234
0.000803267
0.000821517
0.000838986
0.000855673
0.000871578
0.0008867
0.000901041
0.000914599
0.000927375
0.000939369
0.000950582
0.000961012
0.000970661
0.000979528
0.000987614
0.000994918
0.00100144
0.00100718
0.00101215
0.00101633
0.00101973
0.00102235
0.0010242
0.00102526
0.00102554
0.00102505
0.00102378
0.00102173
0.0010189
0.0010153
0.00101092
0.00100577
0.000999836
0.00099313
0.00098565
0.000977397
0.000968369
0.00095857
0.000947998
0.000936654
0.00092454
0.000911656
0.000898001
0.000883578
0.000868387
0.000852428
0.000835702
0.000818211
0.000799954
0.000780933
0.000761148
0.000740601
0.000719291
0.000697221
0.000674391
0.000650802
0.000626454
0.00060135
0.000575489
0.000548874
0.000521505
0.000493382
0.000464509
0.000434885
0.000404511
0.00037339
0.000341522
0.000308908
0.00027555
0.00024145
0.000206608
0.000171027
0.000134707
9.76506e-05
5.98587e-05
2.13332e-05
-1.79243e-05
-5.79121e-05
-9.86286e-05
-0.000140072
-0.00018224
-0.000225131
-0.000268744
-0.000313076
-0.000358125
-0.000403889
-0.000450367
-0.000497555
-0.000545453
-0.000594056
-0.000643364
-0.000693374
-0.000744083
-0.000795489
-0.00084759
-0.000900382
-0.000953864
-0.00100803
-0.00106288
-0.00111842
-0.00117463
-0.00123151
-0.00128907
-0.0013473
-0.00140619
-0.00146575
-0.00152596
-0.00158683
-0.00164833
-0.00171048
-0.00177327
-0.0018367
-0.00190076
-0.00196546
-0.00203078
-0.00209673
-0.00216331
-0.0022305
-0.0022983
-0.00236672
-0.00243574
-0.00250537
-0.00257559
-0.0026464
-0.00271781
-0.0027898
-0.00286237
-0.00293552
-0.00300924
-0.00308352
-0.00315837
-0.00323377
-0.00330972
-0.00338622
-0.00346327
-0.00354085
-0.00361896
-0.00369759
-0.00377675
-0.00385642
-0.00393659
-0.00401728
-0.00409845
-0.00418012
-0.00426228
-0.00434492
-0.00442802
-0.0045116
-0.00459563
-0.00468012
-0.00476506
-0.00485044
-0.00493626
-0.0050225
-0.00510917
-0.00519625
-0.00528374
-0.00537163
-0.00545991
-0.00554858
-0.00563763
-0.00572705
-0.00581684
-0.00590699
-0.00599749
-0.00608833
-0.00617951
-0.00627102
-0.00636285
-0.00645499
-0.00654743
-0.00664018
-0.00673321
-0.00682653
-0.00692012
-0.00701398
-0.0071081
-0.00720246
-0.00729707
-0.00739191
-0.00748698
-0.00758226
-0.00767775
-0.00777345
-0.00786933
-0.0079654
-0.00806165
-0.00815806
-0.00825463
-0.00835135
-0.00844821
-0.00854521
-0.00864232
-0.00873955
-0.00883689
-0.00893432
-0.00903185
-0.00912945
-0.00922712
-0.00932486
-0.00942264
-0.00952047
-0.00961834
-0.00971623
-0.00981414
-0.00991205
-0.01001
-0.0101079
-0.0102058
-0.0103036
-0.0104014
-0.0104992
-0.0105969
-0.0106945
-0.0107921
-0.0108896
-0.010987
-0.0110843
-0.0111814
-0.0112785
-0.0113754
-0.0114722
-0.0115688
-0.0116653
-0.0117616
-0.0118577
-0.0119536
-0.0120494
-0.0121449
-0.0122402
-0.0123353
-0.0124302
-0.0125248
-0.0126191
-0.0127132
-0.012807
-0.0129006
-0.0129938
-0.0130868
-0.0131794
-0.0132717
-0.0133637
-0.0134553
-0.0135466
-0.0136375
-0.0137281
-0.0138183
-0.0139081
-0.0139975
-0.0140865
-0.014175
-0.0142632
-0.0143509
-0.0144382
-0.014525
-0.0146113
-0.0146972
-0.0147826
-0.0148675
-0.0149519
-0.0150358
-0.0151192
-0.015202
-0.0152843
-0.0153661
-0.0154473
-0.0155279
-0.015608
-0.0156874
-0.0157663
-0.0158446
-0.0159222
-0.0159992
-0.0160756
-0.0161514
-0.0162265
-0.0163009
-0.0163747
-0.0164477
-0.0165201
-0.0165918
-0.0166628
-0.0167331
-0.0168026
-0.0168715
-0.0169395
-0.0170068
-0.0170734
-0.0171392
-0.0172042
-0.0172684
-0.0173318
-0.0173944
-0.0174562
-0.0175172
-0.0175773
-0.0176366
-0.017695
-0.0177526
-0.0178093
-0.0178652
-0.0179201
-0.0179742
-0.0180273
-0.0180796
-0.0181309
-0.0181813
-0.0182308
-0.0182793
-0.0183269
-0.0183735
-0.0184192
-0.0184639
-0.0185076
-0.0185503
-0.018592
-0.0186327
-0.0186724
-0.0187111
-0.0187487
-0.0187853
-0.0188209
-0.0188554
-0.0188889
-0.0189213
-0.0189527
-0.018983
-0.0190122
-0.0190403
-0.0190673
-0.0190932
-0.019118
-0.0191418
-0.0191643
-0.0191858
-0.0192062
-0.0192254
-0.0192435
-0.0192604
-0.0192762
-0.0192909
-0.0193044
-0.0193167
-0.0193279
-0.0193379
-0.0193468
-0.0193545
-0.019361
-0.0193663
-0.0193705
-0.0193734
-0.0193752
-0.0193758
-0.0193752
-0.0193735
-0.0193705
-0.0193663
-0.019361
-0.0193545
-0.0193467
-0.0193378
-0.0193277
-0.0193164
-0.0193039
-0.0192902
-0.0192753
-0.0192592
-0.019242
-0.0192236
-0.0192039
-0.0191832
-0.0191612
-0.0191381
-0.0191138
-0.0190883
-0.0190617
-0.0190339
-0.019005
-0.0189749
-0.0189437
-0.0189114
-0.0188779
-0.0188433
-0.0188076
-0.0187708
-0.0187329
-0.0186939
-0.0186539
-0.0186127
-0.0185705
-0.0185273
-0.018483
-0.0184376
-0.0183913
-0.0183439
-0.0182955
-0.0182461
-0.0181958
-0.0181445
-0.0180922
-0.0180389
-0.0179848
-0.0179297
-0.0178737
-0.0178168
-0.0177591
-0.0177005
-0.017641
-0.0175807
-0.0175196
-0.0174576
-0.0173949
-0.0173314
-0.0172671
-0.0172021
-0.0171364
-0.0170699
-0.0170028
-0.016935
-0.0168665
-0.0167973
-0.0167276
-0.0166572
-0.0165862
-0.0165147
-0.0164426
-0.0163699
-0.0162967
-0.016223
-0.0161489
-0.0160742
-0.0159991
-0.0159236
-0.0158476
-0.0157713
-0.0156945
-0.0156174
-0.0155399
-0.0154621
-0.015384
-0.0153056
-0.0152269
-0.0151479
-0.0150687
-0.0149893
-0.0149096
-0.0148298
-0.0147497
-0.0146695
-0.0145891
-0.0145086
-0.014428
-0.0143473
-0.0142664
-0.0141855
-0.0141046
-0.0140235
-0.0139425
-0.0138614
-0.0137803
-0.0136992
-0.0136181
-0.013537
-0.0134559
-0.013375
-0.013294
-0.0132131
-0.0131323
-0.0130516
-0.012971
-0.0128905
-0.0128101
-0.0127298
-0.0126497
-0.0125697
-0.0124898
-0.0124101
-0.0123305
-0.0122511
-0.0121719
-0.0120929
-0.012014
-0.0119353
-0.0118568
-0.0117785
-0.0117004
-0.0116225
-0.0115448
-0.0114673
-0.01139
-0.0113129
-0.0112361
-0.0111594
-0.011083
-0.0110068
-0.0109309
-0.0108551
-0.0107796
-0.0107043
-0.0106293
-0.0105544
-0.0104798
-0.0104055
-0.0103313
-0.0102575
-0.0101838
-0.0101104
-0.0100372
-0.0099642
-0.00989147
-0.00981898
-0.00974672
-0.0096747
-0.00960291
-0.00953137
-0.00946006
-0.00938898
-0.00931815
-0.00924755
-0.0091772
-0.00910708
-0.00903721
-0.00896758
-0.00889819
-0.00882905
-0.00876016
-0.00869152
-0.00862312
-0.00855498
-0.0084871
-0.00841947
-0.0083521
-0.00828499
-0.00821815
-0.00815158
-0.00808528
-0.00801925
-0.00795351
-0.00788804
-0.00782287
-0.00775798
-0.0076934
-0.00762911
-0.00756513
-0.00750146
-0.0074381
-0.00737507
-0.00731237
-0.00725
-0.00718796
-0.00712628
-0.00706495
-0.00700398
-0.00694337
-0.00688314
-0.00682329
-0.00676382
-0.00670476
-0.0066461
-0.00658785
-0.00653002
-0.00647261
-0.00641565
-0.00635913
-0.00630306
-0.00624746
-0.00619233
-0.00613768
-0.00608352
-0.00602986
-0.00597671
-0.00592407
-0.00587197
-0.0058204
-0.00576937
-0.0057189
-0.005669
-0.00561967
-0.00557093
-0.00552278
-0.00547524
-0.00542831
-0.005382
-0.00533633
-0.0052913
-0.00524692
-0.00520321
-0.00516017
-0.0051178
-0.00507613
-0.00503516
-0.0049949
-0.00495535
-0.00491654
-0.00487846
-0.00484112
-0.00480453
-0.00476871
-0.00473366
-0.00469939
-0.0046659
-0.00463321
-0.00460132
-0.00457024
-0.00453998
-0.00451054
-0.00448193
-0.00445416
-0.00442724
-0.00440117
-0.00437595
-0.0043516
-0.00432812
-0.00430551
-0.00428378
-0.00426294
-0.00424299
-0.00422393
-0.00420578
-0.00418852
-0.00417217
-0.00415674
-0.00414222
-0.00412861
-0.00411593
-0.00410416
-0.00409333
-0.00408342
-0.00407444
-0.00406639
-0.00405927
-0.00405309
-0.00404784
-0.00404352
-0.00404014
-0.0040377
-0.00403619
-0.00403561
-0.00403597
-0.00403726
-0.00403949
-0.00404264
-0.00404672
-0.00405173
-0.00405766
-0.00406452
-0.00407229
-0.00408098
-0.00409059
-0.00410111
-0.00411253
-0.00412485
-0.00413808
-0.0041522
-0.00416721
-0.00418311
-0.00419989
-0.00421755
-0.00423608
-0.00425547
-0.00427573
-0.00429684
-0.00431881
-0.00434161
-0.00436526
-0.00438974
-0.00441504
-0.00444116
-0.0044681
-0.00449583
-0.00452437
-0.0045537
-0.00458382
-0.00461471
-0.00464637
-0.0046788
-0.00471198
-0.00474591
-0.00478057
-0.00481597
-0.0048521
-0.00488894
-0.00492648
-0.00496473
-0.00500367
-0.00504329
-0.00508359
-0.00512456
-0.00516618
-0.00520845
-0.00525137
-0.00529492
-0.00533909
-0.00538388
-0.00542928
-0.00547528
-0.00552186
-0.00556903
-0.00561677
-0.00566508
-0.00571394
-0.00576335
-0.00581329
-0.00586377
-0.00591477
-0.00596628
-0.00601829
-0.0060708
-0.00612379
-0.00617727
-0.00623121
-0.00628561
-0.00634047
-0.00639577
-0.0064515
-0.00650766
-0.00656424
-0.00662123
-0.00667862
-0.00673641
-0.00679458
-0.00685312
-0.00691204
-0.00697131
-0.00703094
-0.00709091
-0.00715122
-0.00721186
-0.00727282
-0.00733409
-0.00739566
-0.00745754
-0.0075197
-0.00758214
-0.00764486
-0.00770784
-0.00777109
-0.00783458
-0.00789832
-0.00796229
-0.0080265
-0.00809093
-0.00815557
-0.00822042
-0.00828547
-0.00835072
-0.00841615
-0.00848178
-0.00854758
-0.00861355
-0.00867968
-0.00874597
-0.0088124
-0.00887899
-0.0089457
-0.00901255
-0.00907952
-0.0091466
-0.00921379
-0.00928109
-0.00934849
-0.00941597
-0.00948354
-0.00955119
-0.00961891
-0.00968669
-0.00975454
-0.00982244
-0.00989039
-0.00995839
-0.0100264
-0.0100945
-0.0101626
-0.0102307
-0.0102988
-0.0103669
-0.0104351
-0.0105032
-0.0105713
-0.0106395
-0.0107076
-0.0107756
-0.0108437
-0.0109117
-0.0109797
-0.0110477
-0.0111156
-0.0111834
-0.0112512
-0.0113189
-0.0113866
-0.0114542
-0.0115217
-0.0115891
-0.0116565
-0.0117238
-0.0117909
-0.011858
-0.011925
-0.0119919
-0.0120586
-0.0121253
-0.0121918
-0.0122582
-0.0123245
-0.0123906
-0.0124566
-0.0125225
-0.0125882
-0.0126537
-0.0127192
-0.0127844
-0.0128495
-0.0129144
-0.0129792
-0.0130438
-0.0131082
-0.0131724
-0.0132364
-0.0133003
-0.0133639
-0.0134274
-0.0134906
-0.0135537
-0.0136165
-0.0136791
-0.0137415
-0.0138037
-0.0138656
-0.0139274
-0.0139888
-0.0140501
-0.0141111
-0.0141718
-0.0142323
-0.0142926
-0.0143526
-0.0144123
-0.0144718
-0.014531
-0.0145899
-0.0146485
-0.0147069
-0.0147649
-0.0148227
-0.0148802
-0.0149374
-0.0149942
-0.0150508
-0.0151071
-0.015163
-0.0152187
-0.015274
-0.0153289
-0.0153836
-0.0154379
-0.0154919
-0.0155455
-0.0155988
-0.0156517
-0.0157043
-0.0157566
-0.0158084
-0.0158599
-0.0159111
-0.0159618
-0.0160122
-0.0160622
-0.0161118
-0.016161
-0.0162098
-0.0162583
-0.0163063
-0.0163539
-0.0164011
-0.0164479
-0.0164943
-0.0165403
-0.0165858
-0.0166309
-0.0166756
-0.0167198
-0.0167637
-0.016807
-0.0168499
-0.0168924
-0.0169344
-0.016976
-0.0170171
-0.0170577
-0.0170978
-0.0171375
-0.0171768
-0.0172155
-0.0172537
-0.0172915
-0.0173288
-0.0173656
-0.0174019
-0.0174376
-0.0174729
-0.0175077
-0.017542
-0.0175757
-0.017609
-0.0176417
-0.0176739
-0.0177056
-0.0177368
-0.0177674
-0.0177975
-0.017827
-0.017856
-0.0178845
-0.0179124
-0.0179398
-0.0179666
-0.0179929
-0.0180186
-0.0180438
-0.0180684
-0.0180924
-0.0181159
-0.0181388
-0.0181612
-0.0181829
-0.0182041
-0.0182247
-0.0182448
-0.0182642
-0.0182831
-0.0183014
-0.0183191
-0.0183362
-0.0183527
-0.0183687
-0.018384
-0.0183987
-0.0184129
-0.0184264
-0.0184394
-0.0184517
-0.0184635
-0.0184746
-0.0184852
-0.0184951
-0.0185044
-0.0185131
-0.0185213
-0.0185288
-0.0185356
-0.0185419
-0.0185476
-0.0185526
-0.0185571
-0.0185609
-0.0185641
-0.0185667
-0.0185687
-0.0185701
-0.0185708
-0.018571
-0.0185705
-0.0185694
-0.0185677
-0.0185654
-0.0185625
-0.0185589
-0.0185547
-0.01855
-0.0185446
-0.0185386
-0.018532
-0.0185247
-0.0185169
-0.0185084
-0.0184994
-0.0184897
-0.0184794
-0.0184686
-0.0184571
-0.018445
-0.0184323
-0.018419
-0.0184051
-0.0183906
-0.0183755
-0.0183598
-0.0183436
-0.0183267
-0.0183092
-0.0182912
-0.0182725
-0.0182533
-0.0182335
-0.0182131
-0.0181922
-0.0181706
-0.0181485
-0.0181258
-0.0181026
-0.0180788
-0.0180544
-0.0180294
-0.0180039
-0.0179779
-0.0179512
-0.0179241
-0.0178963
-0.0178681
-0.0178393
-0.0178099
-0.01778
-0.0177496
-0.0177187
-0.0176872
-0.0176552
-0.0176227
-0.0175896
-0.0175561
-0.017522
-0.0174875
-0.0174524
-0.0174168
-0.0173807
-0.0173442
-0.0173071
-0.0172696
-0.0172316
-0.0171931
-0.0171541
-0.0171147
-0.0170748
-0.0170344
-0.0169936
-0.0169523
-0.0169106
-0.0168684
-0.0168258
-0.0167828
-0.0167393
-0.0166954
-0.016651
-0.0166063
-0.0165611
-0.0165156
-0.0164696
-0.0164232
-0.0163764
-0.0163292
-0.0162817
-0.0162338
-0.0161854
-0.0161367
-0.0160877
-0.0160383
-0.0159885
-0.0159384
-0.0158879
-0.0158371
-0.0157859
-0.0157344
-0.0156826
-0.0156304
-0.015578
-0.0155252
-0.0154721
-0.0154187
-0.015365
-0.015311
-0.0152568
-0.0152022
-0.0151474
-0.0150923
-0.0150369
-0.0149813
-0.0149254
-0.0148693
-0.0148129
-0.0147563
-0.0146995
-0.0146424
-0.0145851
-0.0145276
-0.0144699
-0.014412
-0.0143538
-0.0142955
-0.014237
-0.0141783
-0.0141194
-0.0140604
-0.0140012
-0.0139418
-0.0138823
-0.0138226
-0.0137628
-0.0137029
-0.0136428
-0.0135826
-0.0135223
-0.0134619
-0.0134013
-0.0133407
-0.01328
-0.0132191
-0.0131582
-0.0130972
-0.0130362
-0.0129751
-0.0129139
-0.0128527
-0.0127914
-0.0127301
-0.0126687
-0.0126074
-0.012546
-0.0124845
-0.0124231
-0.0123617
-0.0123003
-0.0122389
-0.0121775
-0.0121161
-0.0120547
-0.0119934
-0.0119321
-0.0118709
-0.0118097
-0.0117486
-0.0116876
-0.0116266
-0.0115657
-0.0115049
-0.0114441
-0.0113835
-0.011323
-0.0112626
-0.0112023
-0.0111421
-0.011082
-0.0110221
-0.0109623
-0.0109027
-0.0108432
-0.0107839
-0.0107248
-0.0106658
-0.010607
-0.0105484
-0.01049
-0.0104318
-0.0103737
-0.0103159
-0.0102583
-0.010201
-0.0101438
-0.0100869
-0.0100302
-0.00997379
-0.00991761
-0.00986169
-0.00980604
-0.00975065
-0.00969554
-0.00964071
-0.00958617
-0.00953192
-0.00947797
-0.00942432
-0.00937098
-0.00931796
-0.00926526
-0.00921288
-0.00916083
-0.00910912
-0.00905776
-0.00900674
-0.00895607
-0.00890576
-0.00885582
-0.00880624
-0.00875703
-0.0087082
-0.00865976
-0.0086117
-0.00856403
-0.00851676
-0.00846989
-0.00842343
-0.00837737
-0.00833173
-0.00828651
-0.00824171
-0.00819734
-0.0081534
-0.00810989
-0.00806682
-0.00802419
-0.00798201
-0.00794028
-0.00789899
-0.00785817
-0.0078178
-0.0077779
-0.00773846
-0.00769948
-0.00766098
-0.00762295
-0.0075854
-0.00754833
-0.00751174
-0.00747563
-0.00744
-0.00740487
-0.00737022
-0.00733606
-0.0073024
-0.00726923
-0.00723655
-0.00720438
-0.0071727
-0.00714152
-0.00711084
-0.00708067
-0.00705099
-0.00702182
-0.00699315
-0.00696499
-0.00693733
-0.00691017
-0.00688352
-0.00685737
-0.00683173
-0.00680659
-0.00678196
-0.00675782
-0.00673419
-0.00671106
-0.00668844
-0.00666631
-0.00664468
-0.00662355
-0.00660291
-0.00658278
-0.00656313
-0.00654398
-0.00652531
-0.00650714
-0.00648945
-0.00647224
-0.00645552
-0.00643928
-0.00642352
-0.00640824
-0.00639343
-0.00637909
-0.00636522
-0.00635181
-0.00633887
-0.0063264
-0.00631438
-0.00630281
-0.0062917
-0.00628104
-0.00627083
-0.00626106
-0.00625173
-0.00624285
-0.00623439
-0.00622637
-0.00621879
-0.00621162
-0.00620488
-0.00619857
-0.00619266
-0.00618718
-0.00618211
-0.00617744
-0.00617318
-0.00616933
-0.00616587
-0.00616282
-0.00616016
-0.00615789
-0.00615601
-0.00615452
-0.00615341
-0.00615269
-0.00615235
-0.00615238
-0.00615279
-0.00615358
-0.00615474
-0.00615627
-0.00615817
-0.00616044
-0.00616307
-0.00616607
-0.00616943
-0.00617315
-0.00617724
-0.00618169
-0.0061865
-0.00619167
-0.0061972
-0.0062031
-0.00620935
-0.00621596
-0.00622294
-0.00623028
-0.00623798
-0.00624604
-0.00625447
-0.00626327
-0.00627243
-0.00628196
-0.00629187
-0.00630215
-0.00631281
-0.00632384
-0.00633526
-0.00634706
-0.00635925
-0.00637182
-0.0063848
-0.00639817
-0.00641194
-0.00642611
-0.0064407
-0.0064557
-0.00647112
-0.00648696
-0.00650323
-0.00651993
-0.00653707
-0.00655465
-0.00657268
-0.00659116
-0.0066101
-0.00662951
-0.00664939
-0.00666975
-0.00669059
-0.00671192
-0.00673374
-0.00675607
-0.0067789
-0.00680225
-0.00682612
-0.00685052
-0.00687545
-0.00690093
-0.00692695
-0.00695353
-0.00698066
-0.00700837
-0.00703665
-0.00706551
-0.00709496
-0.007125
-0.00715565
-0.0071869
-0.00721876
-0.00725125
-0.00728435
-0.00731807
-0.00735243
-0.00738743
-0.00742306
-0.00745935
-0.00749629
-0.00753389
-0.00757216
-0.00761109
-0.0076507
-0.00769099
-0.00773196
-0.00777361
-0.00781596
-0.00785901
-0.00790275
-0.00794719
-0.00799234
-0.0080382
-0.00808477
-0.00813204
-0.00818003
-0.00822874
-0.00827816
-0.0083283
-0.00837916
-0.00843073
-0.00848303
-0.00853603
-0.00858976
-0.0086442
-0.00869935
-0.00875522
-0.00881179
-0.00886908
-0.00892706
-0.00898575
-0.00904513
-0.0091052
-0.00916597
-0.00922741
-0.00928954
-0.00935234
-0.0094158
-0.00947993
-0.00954471
-0.00961014
-0.00967621
-0.0097429
-0.00981023
-0.00987817
-0.00994672
-0.0100159
-0.0100856
-0.0101559
-0.0102268
-0.0102982
-0.0103702
-0.0104428
-0.0105158
-0.0105894
-0.0106635
-0.010738
-0.0108131
-0.0108886
-0.0109646
-0.011041
-0.0111178
-0.0111951
-0.0112727
-0.0113508
-0.0114292
-0.011508
-0.0115871
-0.0116665
-0.0117463
-0.0118264
-0.0119067
-0.0119873
-0.0120682
-0.0121494
-0.0122307
-0.0123123
-0.012394
-0.0124759
-0.012558
-0.0126403
-0.0127227
-0.0128051
-0.0128877
-0.0129704
-0.0130531
-0.0131359
-0.0132188
-0.0133016
-0.0133844
-0.0134673
-0.0135501
-0.0136328
-0.0137155
-0.0137982
-0.0138807
-0.0139631
-0.0140454
-0.0141276
-0.0142096
-0.0142914
-0.014373
-0.0144545
-0.0145357
-0.0146167
-0.0146975
-0.0147779
-0.0148581
-0.0149381
-0.0150177
-0.015097
-0.0151759
-0.0152545
-0.0153327
-0.0154106
-0.0154881
-0.0155651
-0.0156418
-0.015718
-0.0157937
-0.015869
-0.0159439
-0.0160182
-0.0160921
-0.0161654
-0.0162382
-0.0163105
-0.0163822
-0.0164534
-0.0165239
-0.016594
-0.0166634
-0.0167322
-0.0168004
-0.0168679
-0.0169349
-0.0170011
-0.0170667
-0.0171317
-0.017196
-0.0172595
-0.0173224
-0.0173846
-0.017446
-0.0175067
-0.0175667
-0.0176259
-0.0176844
-0.0177421
-0.017799
-0.0178552
-0.0179105
-0.0179651
-0.0180188
-0.0180718
-0.0181239
-0.0181752
-0.0182256
-0.0182752
-0.018324
-0.0183719
-0.0184189
-0.0184651
-0.0185104
-0.0185548
-0.0185983
-0.018641
-0.0186827
-0.0187235
-0.0187634
-0.0188024
-0.0188404
-0.0188776
-0.0189138
-0.018949
-0.0189833
-0.0190167
-0.0190491
-0.0190806
-0.0191111
-0.0191406
-0.0191692
-0.0191968
-0.0192234
-0.019249
-0.0192736
-0.0192973
-0.01932
-0.0193416
-0.0193623
-0.019382
-0.0194006
-0.0194183
-0.0194349
-0.0194506
-0.0194652
-0.0194788
-0.0194914
-0.019503
-0.0195135
-0.019523
-0.0195315
-0.019539
-0.0195454
-0.0195509
-0.0195552
-0.0195586
-0.0195609
-0.0195622
-0.0195624
-0.0195616
-0.0195598
-0.0195569
-0.019553
-0.019548
-0.0195421
-0.019535
-0.019527
-0.0195179
-0.0195078
-0.0194966
-0.0194844
-0.0194711
-0.0194569
-0.0194416
-0.0194252
-0.0194079
-0.0193895
-0.0193701
-0.0193496
-0.0193282
-0.0193057
-0.0192822
-0.0192576
-0.0192321
-0.0192056
-0.019178
-0.0191494
-0.0191199
-0.0190893
-0.0190577
-0.0190251
-0.0189916
-0.018957
-0.0189215
-0.018885
-0.0188475
-0.018809
-0.0187696
-0.0187292
-0.0186878
-0.0186455
-0.0186023
-0.018558
-0.0185129
-0.0184668
-0.0184198
-0.0183718
-0.0183229
-0.0182731
-0.0182224
-0.0181708
-0.0181183
-0.0180648
-0.0180105
-0.0179554
-0.0178993
-0.0178423
-0.0177845
-0.0177259
-0.0176664
-0.017606
-0.0175448
-0.0174828
-0.0174199
-0.0173562
-0.0172917
-0.0172265
-0.0171604
-0.0170935
-0.0170258
-0.0169574
-0.0168882
-0.0168182
-0.0167475
-0.016676
-0.0166038
-0.0165309
-0.0164572
-0.0163828
-0.0163078
-0.016232
-0.0161555
-0.0160784
-0.0160006
-0.0159221
-0.015843
-0.0157632
-0.0156828
-0.0156018
-0.0155201
-0.0154379
-0.015355
-0.0152715
-0.0151875
-0.0151029
-0.0150177
-0.014932
-0.0148457
-0.0147589
-0.0146716
-0.0145837
-0.0144954
-0.0144065
-0.0143172
-0.0142273
-0.014137
-0.0140463
-0.0139551
-0.0138635
-0.0137714
-0.0136789
-0.013586
-0.0134927
-0.0133991
-0.013305
-0.0132106
-0.0131158
-0.0130207
-0.0129253
-0.0128295
-0.0127334
-0.012637
-0.0125403
-0.0124433
-0.012346
-0.0122485
-0.0121508
-0.0120527
-0.0119545
-0.011856
-0.0117574
-0.0116585
-0.0115594
-0.0114602
-0.0113608
-0.0112612
-0.0111615
-0.0110617
-0.0109617
-0.0108616
-0.0107614
-0.0106611
-0.0105608
-0.0104603
-0.0103598
-0.0102593
-0.0101587
-0.0100581
-0.00995745
-0.00985681
-0.00975617
-0.00965554
-0.00955494
-0.00945437
-0.00935385
-0.00925338
-0.00915297
-0.00905264
-0.00895239
-0.00885225
-0.0087522
-0.00865228
-0.00855248
-0.00845281
-0.0083533
-0.00825394
-0.00815474
-0.00805572
-0.00795689
-0.00785826
-0.00775983
-0.00766161
-0.00756362
-0.00746587
-0.00736835
-0.0072711
-0.0071741
-0.00707738
-0.00698094
-0.00688478
-0.00678893
-0.00669339
-0.00659816
-0.00650326
-0.00640869
-0.00631447
-0.0062206
-0.00612709
-0.00603395
-0.00594119
-0.00584881
-0.00575682
-0.00566524
-0.00557407
-0.00548332
-0.00539299
-0.0053031
-0.00521365
-0.00512464
-0.00503609
-0.00494801
-0.0048604
-0.00477326
-0.00468661
-0.00460045
-0.0045148
-0.00442964
-0.004345
-0.00426088
-0.00417729
-0.00409423
-0.0040117
-0.00392972
-0.00384829
-0.00376742
-0.00368711
-0.00360737
-0.00352821
-0.00344962
-0.00337162
-0.00329421
-0.0032174
-0.00314119
-0.00306558
-0.00299059
-0.00291621
-0.00284246
-0.00276933
-0.00269683
-0.00262497
-0.00255375
-0.00248317
-0.00241324
-0.00234397
-0.00227535
-0.00220739
-0.0021401
-0.00207347
-0.00200752
-0.00194225
-0.00187765
-0.00181374
-0.00175052
-0.00168798
-0.00162614
-0.00156499
-0.00150455
-0.0014448
-0.00138576
-0.00132743
-0.00126981
-0.00121291
-0.00115672
-0.00110124
-0.00104649
-0.000992466
-0.000939164
-0.00088659
-0.000834746
-0.000783634
-0.000733256
-0.000683614
-0.00063471
-0.000586546
-0.000539123
-0.000492443
-0.000446508
-0.000401319
-0.000356877
-0.000313185
-0.000270244
-0.000228054
-0.000186617
-0.000145935
-0.000106008
-6.68378e-05
-2.84251e-05
9.22896e-06
4.61235e-05
8.22575e-05
0.00011763
0.000152241
0.000186089
0.000219173
0.000251493
0.000283048
0.000313837
0.00034386
0.000373117
0.000401607
0.00042933
0.000456284
0.000482471
0.000507889
0.000532538
0.000556418
0.000579528
0.000601869
0.000623441
0.000644243
0.000664275
0.000683536
0.000702028
0.00071975
0.000736702
0.000752884
0.000768295
0.000782937
0.00079681
0.000809912
0.000822245
0.000833809
0.000844603
0.000854629
0.000863886
0.000872375
0.000880095
0.000887048
0.000893233
0.000898651
0.000903301
0.000907186
0.000910304
0.000912657
0.000914244
0.000915066
0.000915124
0.000914418
0.000912948
0.000910716
0.00090772
0.000903963
0.000899445
0.000894165
0.000888125
0.000881326
0.000873767
0.00086545
0.000856375
0.000846542
0.000835953
0.000824608
0.000812508
0.000799654
0.000786045
0.000771684
0.00075657
0.000740705
0.000724088
0.000706722
0.000688607
0.000669744
0.000650133
0.000629776
0.000608673
0.000586825
0.000564234
0.0005409
0.000516824
0.000492007
0.00046645
0.000440155
0.000413122
0.000385352
0.000356847
0.000327608
0.000297635
0.000266931
0.000235496
0.000203331
0.000170438
0.000136819
0.000102474
6.74044e-05
3.16125e-05
-4.90076e-06
-4.21338e-05
-8.00851e-05
-0.000118753
-0.000158136
-0.000198233
-0.000239042
-0.000280561
-0.000322788
-0.000365722
-0.000409361
-0.000453703
-0.000498746
-0.000544488
-0.000590927
-0.000638062
-0.000685889
-0.000734408
-0.000783615
-0.000833509
-0.000884087
-0.000935347
-0.000987286
-0.0010399
-0.00109319
-0.00114716
-0.00120179
-0.00125709
-0.00131305
-0.00136968
-0.00142696
-0.0014849
-0.00154349
-0.00160273
-0.00166262
-0.00172315
-0.00178432
-0.00184613
-0.00190855
-0.00197157
-0.00203518
-0.00209937
-0.00216415
-0.00222951
-0.00229545
-0.00236197
-0.00242907
-0.00249675
-0.002565
-0.00263384
-0.00270325
-0.00277323
-0.00284378
-0.00291489
-0.00298658
-0.00305882
-0.00313163
-0.00320499
-0.00327891
-0.00335338
-0.00342839
-0.00350395
-0.00358005
-0.00365668
-0.00373385
-0.00381154
-0.00388975
-0.00396849
-0.00404773
-0.00412749
-0.00420775
-0.0042885
-0.00436975
-0.00445149
-0.00453371
-0.00461641
-0.00469957
-0.0047832
-0.00486729
-0.00495184
-0.00503683
-0.00512225
-0.00520812
-0.0052944
-0.00538111
-0.00546823
-0.00555576
-0.00564368
-0.005732
-0.0058207
-0.00590978
-0.00599923
-0.00608904
-0.00617921
-0.00626972
-0.00636057
-0.00645176
-0.00654326
-0.00663509
-0.00672722
-0.00681965
-0.00691237
-0.00700537
-0.00709865
-0.00719219
-0.007286
-0.00738005
-0.00747434
-0.00756887
-0.00766362
-0.00775858
-0.00785375
-0.00794912
-0.00804468
-0.00814042
-0.00823632
-0.00833239
-0.00842861
-0.00852498
-0.00862148
-0.00871811
-0.00881485
-0.0089117
-0.00900865
-0.00910569
-0.00920281
-0.0093
-0.00939725
-0.00949455
-0.0095919
-0.00968928
-0.00978668
-0.0098841
-0.00998152
-0.0100789
-0.0101763
-0.0102737
-0.0103711
-0.0104684
-0.0105656
-0.0106628
-0.01076
-0.010857
-0.010954
-0.0110508
-0.0111476
-0.0112442
-0.0113407
-0.0114371
-0.0115333
-0.0116293
-0.0117252
-0.0118209
-0.0119165
-0.0120118
-0.012107
-0.0122019
-0.0122966
-0.012391
-0.0124853
-0.0125792
-0.0126729
-0.0127664
-0.0128595
-0.0129524
-0.013045
-0.0131372
-0.0132292
-0.0133208
-0.013412
-0.013503
-0.0135935
-0.0136837
-0.0137735
-0.013863
-0.013952
-0.0140406
-0.0141288
-0.0142166
-0.014304
-0.0143909
-0.0144774
-0.0145634
-0.0146489
-0.014734
-0.0148185
-0.0149026
-0.0149861
-0.0150692
-0.0151517
-0.0152336
-0.015315
-0.0153959
-0.0154762
-0.0155559
-0.015635
-0.0157136
-0.0157915
-0.0158688
-0.0159456
-0.0160216
-0.0160971
-0.0161718
-0.016246
-0.0163194
-0.0163922
-0.0164643
-0.0165357
-0.0166064
-0.0166764
-0.0167457
-0.0168142
-0.016882
-0.0169491
-0.0170154
-0.0170809
-0.0171457
-0.0172096
-0.0172728
-0.0173352
-0.0173968
-0.0174575
-0.0175174
-0.0175765
-0.0176348
-0.0176922
-0.0177487
-0.0178044
-0.0178592
-0.0179131
-0.0179661
-0.0180183
-0.0180695
-0.0181198
-0.0181691
-0.0182176
-0.0182651
-0.0183117
-0.0183573
-0.0184019
-0.0184456
-0.0184883
-0.01853
-0.0185707
-0.0186105
-0.0186492
-0.0186869
-0.0187236
-0.0187593
-0.018794
-0.0188276
-0.0188601
-0.0188917
-0.0189221
-0.0189515
-0.0189799
-0.0190072
-0.0190334
-0.0190585
-0.0190825
-0.0191054
-0.0191273
-0.019148
-0.0191676
-0.0191861
-0.0192035
-0.0192198
-0.019235
-0.019249
-0.0192619
-0.0192737
-0.0192843
-0.0192938
-0.0193021
-0.0193093
-0.0193154
-0.0193203
-0.019324
-0.0193266
-0.019328
-0.0193283
-0.0193275
-0.0193254
-0.0193222
-0.0193179
-0.0193123
-0.0193057
-0.0192978
-0.0192888
-0.0192787
-0.0192674
-0.0192549
-0.0192412
-0.0192265
-0.0192105
-0.0191934
-0.0191752
-0.0191558
-0.0191353
-0.0191137
-0.0190909
-0.0190669
-0.0190419
-0.0190157
-0.0189884
-0.01896
-0.0189305
-0.0188999
-0.0188682
-0.0188354
-0.0188016
-0.0187666
-0.0187306
-0.0186935
-0.0186554
-0.0186162
-0.0185759
-0.0185347
-0.0184924
-0.0184491
-0.0184048
-0.0183595
-0.0183133
-0.018266
-0.0182178
-0.0181687
-0.0181186
-0.0180675
-0.0180156
-0.0179627
-0.0179089
-0.0178543
-0.0177988
-0.0177424
-0.0176852
-0.0176271
-0.0175682
-0.0175085
-0.017448
-0.0173868
-0.0173247
-0.0172619
-0.0171984
-0.0171342
-0.0170692
-0.0170035
-0.0169372
-0.0168702
-0.0168025
-0.0167343
-0.0166653
-0.0165958
-0.0165257
-0.016455
-0.0163838
-0.016312
-0.0162397
-0.0161669
-0.0160935
-0.0160197
-0.0159455
-0.0158707
-0.0157956
-0.01572
-0.015644
-0.0155676
-0.0154909
-0.0154138
-0.0153364
-0.0152586
-0.0151805
-0.0151021
-0.0150234
-0.0149445
-0.0148653
-0.0147859
-0.0147062
-0.0146263
-0.0145462
-0.014466
-0.0143855
-0.0143049
-0.0142242
-0.0141433
-0.0140623
-0.0139812
-0.0139
-0.0138188
-0.0137374
-0.013656
-0.0135745
-0.013493
-0.0134115
-0.0133299
-0.0132483
-0.0131668
-0.0130852
-0.0130037
-0.0129222
-0.0128407
-0.0127593
-0.0126779
-0.0125966
-0.0125154
-0.0124342
-0.0123532
-0.0122722
-0.0121913
-0.0121106
-0.0120299
-0.0119494
-0.011869
-0.0117887
-0.0117086
-0.0116286
-0.0115487
-0.011469
-0.0113895
-0.0113101
-0.0112309
-0.0111518
-0.011073
-0.0109943
-0.0109158
-0.0108374
-0.0107593
-0.0106814
-0.0106036
-0.0105261
-0.0104488
-0.0103716
-0.0102947
-0.010218
-0.0101415
-0.0100652
-0.0099892
-0.00991338
-0.00983778
-0.00976242
-0.0096873
-0.00961241
-0.00953776
-0.00946335
-0.0093892
-0.00931529
-0.00924163
-0.00916823
-0.00909509
-0.00902221
-0.0089496
-0.00887726
-0.0088052
-0.00873341
-0.0086619
-0.00859068
-0.00851974
-0.0084491
-0.00837876
-0.00830871
-0.00823898
-0.00816955
-0.00810045
-0.00803166
-0.0079632
-0.00789507
-0.00782727
-0.00775982
-0.00769271
-0.00762596
-0.00755956
-0.00749354
-0.00742788
-0.0073626
-0.0072977
-0.00723319
-0.00716908
-0.00710537
-0.00704207
-0.00697919
-0.00691674
-0.00685472
-0.00679313
-0.00673199
-0.00667131
-0.00661109
-0.00655134
-0.00649207
-0.00643328
-0.00637499
-0.0063172
-0.00625992
-0.00620315
-0.00614692
-0.00609122
-0.00603607
-0.00598146
-0.00592742
-0.00587395
-0.00582106
-0.00576875
-0.00571704
-0.00566594
-0.00561545
-0.00556558
-0.00551634
-0.00546774
-0.00541979
-0.00537249
-0.00532586
-0.00527991
-0.00523464
-0.00519006
-0.00514618
-0.005103
-0.00506055
-0.00501881
-0.00497781
-0.00493755
-0.00489804
-0.00485929
-0.0048213
