-0.0025
-0.00249887
-0.00249665
-0.00249341
-0.00248922
-0.00248413
-0.00247822
2.04593e-05
-0.00247147
-0.00246413
-0.00245613
-0.00244757
-0.00243852
-0.00242906
-0.00241926
-0.00240918
-0.00239892
-0.00238853
-0.00237811
-0.00236772
-0.00235745
-0.00234738
-0.00233758
-0.00232814
-0.00231914
-0.00231067
-0.0023028
-0.00229561
-0.0022892
-0.00228364
-0.00227901
-0.0022754
-0.0022729
-0.00227158
-0.00227152
-0.00227282
-0.00227553
-0.00227976
-0.00228557
-0.00229304
-0.00230224
-0.00231327
-0.00232617
-0.00234103
-0.00235792
-0.00237691
-0.00239805
-0.00242142
-0.00244707
-0.00247507
-0.0025055
-0.00253841
-0.00257387
-0.00261191
-0.00265259
-0.00269595
-0.00274203
-0.00279086
-0.00284249
-0.00289694
-0.00295424
-0.00301442
-0.00307749
-0.00314348
-0.00321239
-0.00328424
-0.00335903
-0.00343677
-0.00351744
-0.00360106
-0.00368761
-0.00377707
-0.00386944
-0.00396468
-0.00406278
-0.00416371
-0.00426743
-0.00437392
-0.00448313
-0.00459502
-0.00470955
-0.00482666
-0.00494631
-0.00506843
-0.00519297
-0.00531986
-0.00544905
-0.00558045
-0.005714
-0.00584963
-0.00598726
-0.0061268
-0.00626818
-0.00641131
-0.00655611
-0.00670248
-0.00685034
-0.00699959
-0.00715015
-0.0073019
-0.00745476
-0.00760863
-0.00776342
-0.007919
-0.0080753
-0.0082322
-0.00838961
-0.00854742
-0.00870552
-0.00886383
-0.00902222
-0.00918061
-0.00933888
-0.00949694
-0.00965469
-0.00981202
-0.00996884
-0.0101251
-0.0102806
-0.0104353
-0.0105891
-0.0107419
-0.0108936
-0.0110442
-0.0111935
-0.0113415
-0.0114881
-0.0116331
-0.0117766
-0.0119185
-0.0120586
-0.0121969
-0.0123334
-0.0124679
-0.0126005
-0.012731
-0.0128595
-0.0129857
-0.0131098
-0.0132317
-0.0133512
-0.0134684
-0.0135833
-0.0136958
-0.0138058
-0.0139134
-0.0140185
-0.0141212
-0.0142213
-0.0143189
-0.0144139
-0.0145065
-0.0145964
-0.0146838
-0.0147687
-0.014851
-0.0149308
-0.0150081
-0.0150829
-0.0151551
-0.0152249
-0.0152922
-0.0153571
-0.0154196
-0.0154797
-0.0155375
-0.015593
-0.0156461
-0.0156971
-0.0157458
-0.0157923
-0.0158368
-0.0158791
-0.0159195
-0.0159578
-0.0159942
-0.0160288
-0.0160615
-0.0160924
-0.0161216
-0.0161491
-0.016175
-0.0161993
-0.0162221
-0.0162435
-0.0162634
-0.0162821
-0.0162994
-0.0163155
-0.0163305
-0.0163443
-0.0163571
-0.0163689
-0.0163798
-0.0163898
-0.016399
-0.0164074
-0.0164151
-0.0164221
-0.0164286
-0.0164345
-0.0164399
-0.0164449
-0.0164494
-0.0164537
-0.0164576
-0.0164613
-0.0164649
-0.0164682
-0.0164715
-0.0164747
-0.0164779
-0.0164812
-0.0164845
-0.0164879
-0.0164914
-0.0164952
-0.0164991
-0.0165033
-0.0165078
-0.0165127
-0.0165178
-0.0165234
-0.0165293
-0.0165357
-0.0165426
-0.0165499
-0.0165577
-0.0165661
-0.016575
-0.0165844
-0.0165945
-0.0166051
-0.0166164
-0.0166283
-0.0166408
-0.016654
-0.0166678
-0.0166823
-0.0166975
-0.0167133
-0.0167299
-0.0167471
-0.0167651
-0.0167837
-0.016803
-0.0168231
-0.0168438
-0.0168652
-0.0168874
-0.0169102
-0.0169337
-0.0169579
-0.0169828
-0.0170083
-0.0170345
-0.0170614
-0.0170889
-0.017117
-0.0171458
-0.0171752
-0.0172052
-0.0172359
-0.0172671
-0.0172988
-0.0173312
-0.017364
-0.0173974
-0.0174314
-0.0174658
-0.0175007
-0.0175361
-0.017572
-0.0176083
-0.017645
-0.0176821
-0.0177197
-0.0177576
-0.0177958
-0.0178344
-0.0178734
-0.0179126
-0.0179522
-0.017992
-0.0180321
-0.0180724
-0.018113
-0.0181537
-0.0181947
-0.0182358
-0.018277
-0.0183184
-0.01836
-0.0184016
-0.0184433
-0.0184851
-0.0185269
-0.0185687
-0.0186106
-0.0186525
-0.0186943
-0.0187362
-0.0187779
-0.0188196
-0.0188612
-0.0189028
-0.0189442
-0.0189855
-0.0190266
-0.0190676
-0.0191084
-0.019149
-0.0191894
-0.0192295
-0.0192695
-0.0193092
-0.0193486
-0.0193878
-0.0194266
-0.0194652
-0.0195035
-0.0195414
-0.0195789
-0.0196162
-0.019653
-0.0196895
-0.0197256
-0.0197613
-0.0197965
-0.0198314
-0.0198658
-0.0198997
-0.0199332
-0.0199662
-0.0199988
-0.0200308
-0.0200624
-0.0200934
-0.0201239
-0.0201539
-0.0201834
-0.0202123
-0.0202406
-0.0202684
-0.0202956
-0.0203222
-0.0203483
-0.0203737
-0.0203986
-0.0204228
-0.0204464
-0.0204694
-0.0204917
-0.0205134
-0.0205345
-0.0205549
-0.0205746
-0.0205937
-0.0206121
-0.0206298
-0.0206469
-0.0206632
-0.0206789
-0.0206939
-0.0207081
-0.0207217
-0.0207345
-0.0207466
-0.020758
-0.0207687
-0.0207786
-0.0207878
-0.0207963
-0.0208041
-0.020811
-0.0208173
-0.0208228
-0.0208275
-0.0208315
-0.0208347
-0.0208372
-0.0208389
-0.0208398
-0.02084
-0.0208394
-0.020838
-0.0208359
-0.020833
-0.0208293
-0.0208248
-0.0208196
-0.0208135
-0.0208067
-0.0207992
-0.0207908
-0.0207817
-0.0207718
-0.0207611
-0.0207496
-0.0207374
-0.0207243
-0.0207105
-0.0206959
-0.0206806
-0.0206645
-0.0206476
-0.0206299
-0.0206114
-0.0205922
-0.0205722
-0.0205515
-0.0205299
-0.0205076
-0.0204846
-0.0204608
-0.0204362
-0.0204109
-0.0203848
-0.020358
-0.0203304
-0.0203021
-0.0202731
-0.0202433
-0.0202128
-0.0201815
-0.0201495
-0.0201168
-0.0200834
-0.0200492
-0.0200143
-0.0199788
-0.0199425
-0.0199055
-0.0198678
-0.0198294
-0.0197903
-0.0197505
-0.0197101
-0.0196689
-0.0196271
-0.0195846
-0.0195415
-0.0194977
-0.0194532
-0.0194081
-0.0193623
-0.0193159
-0.0192688
-0.0192211
-0.0191728
-0.0191238
-0.0190742
-0.019024
-0.0189732
-0.0189218
-0.0188698
-0.0188172
-0.018764
-0.0187102
-0.0186558
-0.0186008
-0.0185453
-0.0184892
-0.0184325
-0.0183753
-0.0183175
-0.0182592
-0.0182003
-0.0181409
-0.018081
-0.0180205
-0.0179595
-0.017898
-0.0178359
-0.0177734
-0.0177103
-0.0176467
-0.0175827
-0.0175181
-0.0174531
-0.0173875
-0.0173215
-0.017255
-0.0171881
-0.0171207
-0.0170528
-0.0169844
-0.0169156
-0.0168463
-0.0167766
-0.0167065
-0.0166359
-0.0165649
-0.0164934
-0.0164215
-0.0163492
-0.0162765
-0.0162033
-0.0161298
-0.0160558
-0.0159814
-0.0159067
-0.0158315
-0.0157559
-0.0156799
-0.0156035
-0.0155268
-0.0154497
-0.0153721
-0.0152942
-0.015216
-0.0151373
-0.0150583
-0.0149789
-0.0148991
-0.014819
-0.0147385
-0.0146577
-0.0145765
-0.014495
-0.0144131
-0.0143308
-0.0142482
-0.0141653
-0.014082
-0.0139984
-0.0139144
-0.0138301
-0.0137455
-0.0136605
-0.0135752
-0.0134896
-0.0134037
-0.0133174
-0.0132308
-0.0131439
-0.0130566
-0.0129691
-0.0128812
-0.012793
-0.0127045
-0.0126157
-0.0125266
-0.0124372
-0.0123474
-0.0122574
-0.012167
-0.0120764
-0.0119855
-0.0118942
-0.0118027
-0.0117108
-0.0116187
-0.0115263
-0.0114336
-0.0113406
-0.0112473
-0.0111537
-0.0110599
-0.0109658
-0.0108713
-0.0107767
-0.0106817
-0.0105865
-0.010491
-0.0103952
-0.0102991
-0.0102028
-0.0101063
-0.0100094
-0.00991234
-0.00981499
-0.00971739
-0.00961954
-0.00952144
-0.00942309
-0.0093245
-0.00922567
-0.0091266
-0.00902729
-0.00892775
-0.00882798
-0.00872799
-0.00862777
-0.00852732
-0.00842666
-0.00832579
-0.0082247
-0.00812341
-0.00802191
-0.00792021
-0.00781831
-0.00771621
-0.00761393
-0.00751146
-0.00740881
-0.00730597
-0.00720297
-0.00709979
-0.00699644
-0.00689294
-0.00678927
-0.00668545
-0.00658148
-0.00647737
-0.00637311
-0.00626872
-0.0061642
-0.00605955
-0.00595478
-0.00584989
-0.00574489
-0.00563978
-0.00553457
-0.00542927
-0.00532387
-0.00521838
-0.00511282
-0.00500718
-0.00490147
-0.00479569
-0.00468985
-0.00458396
-0.00447802
-0.00437204
-0.00426602
-0.00415997
-0.00405389
-0.0039478
-0.00391827
-0.00375216
-0.00364586
-0.00353954
-0.00343321
-0.00332686
-0.00322052
-0.00311419
-0.00300787
-0.00290157
-0.0027953
-0.00268906
-0.00258286
-0.00247672
-0.00237062
-0.0022646
-0.00215863
-0.00205275
-0.00194695
-0.00184123
-0.00173561
-0.0016301
-0.00152469
-0.00141939
-0.00131422
-0.00120917
-0.00110426
-0.000999483
-0.000894853
-0.000790374
-0.000686051
-0.00058189
-0.000477898
-0.000374078
-0.000270437
-0.00016698
-6.37111e-05
3.93635e-05
0.000142239
0.000244911
0.000347375
0.000449626
0.00055166
0.000653473
0.00075506
0.000856418
0.000957542
0.00105843
0.00115908
0.00125948
0.00135963
0.00145954
0.00155919
0.00165858
0.00175772
0.0018566
0.00195521
0.00205355
0.00215163
0.00224944
0.00234698
0.00244424
0.00254123
0.00263795
0.00273438
0.00283055
0.00292643
0.00302204
0.00311736
0.00321241
0.00330718
0.00340168
0.00349589
0.00358983
0.00368349
0.00377688
0.00386999
0.00396283
0.00405539
0.00414769
0.00423972
0.00433149
0.00442299
0.00451423
0.00460521
0.00469594
0.00478642
0.00487664
0.00496662
0.00505636
0.00514585
0.00523512
0.00532415
0.00541295
0.00550153
0.0055899
0.00567804
0.00576599
0.00585372
0.00594126
0.00602861
0.00611577
0.00620274
0.00628954
0.00637617
0.00646264
0.00654895
0.0066351
0.00672111
0.00680699
0.00689273
0.00697834
0.00706384
0.00714923
0.00723452
0.00731971
0.00740481
0.00748984
0.00757479
0.00765967
0.0077445
0.00782929
0.00791403
0.00799874
0.00808343
0.0081681
0.00825277
0.00833744
0.00842212
0.00850682
0.00859156
0.00867633
0.00876115
0.00884602
0.00893097
0.00901599
0.00910109
0.00918629
0.0092716
0.00935701
0.00944255
0.00952823
0.00961405
0.00970001
0.00978615
0.00987245
0.00995893
0.0100456
0.0101325
0.0102196
0.0103069
0.0103944
0.0104822
0.0105702
0.0106585
0.0107471
0.0108359
0.0109251
0.0110145
0.0111042
0.0111943
0.0112846
0.0113754
0.0114664
0.0115578
0.0116496
0.0117418
0.0118343
0.0119272
0.0120206
0.0121143
0.0122085
0.012303
0.0123981
0.0124935
0.0125894
0.0126858
0.0127826
0.0128799
0.0129777
0.013076
0.0131748
0.0132741
0.0133739
0.0134742
0.013575
0.0136763
0.0137782
0.0138807
0.0139837
0.0140872
0.0141913
0.014296
0.0144012
0.014507
0.0146133
0.0147203
0.0148278
0.0149359
0.0150446
0.0151539
0.0152638
0.0153743
0.0154854
0.0155971
0.0157094
0.0158223
0.0159357
0.0160498
0.0161645
0.0162798
0.0163957
0.0165121
0.0166292
0.0167469
0.0168651
0.0169839
0.0171033
0.0172233
0.0173439
0.017465
0.0175867
0.0177089
0.0178317
0.0179551
0.0180789
0.0182033
0.0183282
0.0184536
0.0185795
0.0187059
0.0188328
0.0189602
0.0190879
0.0192162
0.0193448
0.0194739
0.0196034
0.0197332
0.0198635
0.019994
0.020125
0.0202562
0.0203877
0.0205195
0.0206516
0.020784
0.0209165
0.0210493
0.0211822
0.0213153
0.0214485
0.0215818
0.0217153
0.0218488
0.0219823
0.0221158
0.0222494
0.0223828
0.0225162
0.0226496
0.0227827
0.0229158
0.0230486
0.0231812
0.0233136
0.0234456
0.0235774
0.0237088
0.0238398
0.0239704
0.0241005
0.0242302
0.0243593
0.0244879
0.0246158
0.0247431
0.0248697
0.0249956
0.0251208
0.0252451
0.0253686
0.0254913
0.025613
0.0257337
0.0258534
0.0259721
0.0260897
0.0262061
0.0263214
0.0264354
0.0265482
0.0266597
0.0267698
0.0268785
0.0269858
0.0270915
0.0271958
0.0272984
0.0273995
0.0274988
0.0275965
0.0276923
0.0277864
0.0278786
0.027969
0.0280573
0.0281437
0.0282281
0.0283104
0.0283906
0.0284686
0.0285444
0.028618
0.0286893
0.0287582
0.0288248
0.028889
0.0289507
0.02901
0.0290667
0.0291209
0.0291725
0.0292214
0.0292677
0.0293112
0.0293521
0.0293901
0.0294254
0.0294579
0.0294874
0.0295142
0.029538
0.0295588
0.0295767
0.0295917
0.0296036
0.0296125
0.0296184
0.0296212
0.0296209
0.0296176
0.0296111
0.0296015
0.0295889
0.0295731
0.0295541
0.029532
0.0295068
0.0294784
0.0294469
0.0294123
0.0293745
0.0293335
0.0292895
0.0292423
0.029192
0.0291387
0.0290822
0.0290227
0.0289601
0.0288945
0.0288259
0.0287543
0.0286797
0.0286022
0.0285218
0.0284385
0.0283523
0.0282634
0.0281716
0.0280771
0.0279799
0.02788
0.0277775
0.0276724
0.0275647
0.0274546
0.0273419
0.0272269
0.0271095
0.0269898
0.0268679
0.0267437
0.0266174
0.0264889
0.0263585
0.026226
0.0260916
0.0259554
0.0258173
0.0256775
0.0255359
0.0253928
0.0252481
0.0251019
0.0249542
0.0248052
0.0246548
0.0245032
0.0243504
0.0241965
0.0240416
0.0238856
0.0237288
0.0235711
0.0234125
0.0232533
0.0230934
0.0229329
0.0227719
0.0226105
0.0224486
0.0222864
0.0221239
0.0219612
0.0217984
0.0216355
0.0214726
0.0213097
0.0211469
0.0209842
0.0208218
0.0206597
0.0204979
0.0203364
0.0201754
0.0200149
0.019855
0.0196956
0.0195369
0.0193789
0.0192216
0.0190651
0.0189095
0.0187547
0.0186009
0.018448
0.0182961
0.0181452
0.0179954
0.0178468
0.0176992
0.0175529
0.0174078
0.0172639
0.0171212
0.0169799
0.0168399
0.0167012
0.0165639
0.0164279
0.0162934
0.0161603
0.0160287
0.0158984
0.0157697
0.0156424
0.0155167
0.0153924
0.0152696
0.0151483
0.0150286
0.0149104
0.0147937
0.0146785
0.0145649
0.0144527
0.0143421
0.0142331
0.0141255
0.0140194
0.0139149
0.0138118
0.0137102
0.0136101
0.0135114
0.0134142
0.0133184
0.013224
0.0131311
0.0130395
0.0129493
0.0128604
0.0127729
0.0126867
0.0126018
0.0125182
0.0124359
0.0123547
0.0122748
0.0121961
0.0121186
0.0120422
0.0119669
0.0118927
0.0118196
0.0117475
0.0116765
0.0116065
0.0115374
0.0114693
0.0114021
0.0113358
0.0112704
0.0112058
0.0111421
0.0110791
0.0110169
0.0109555
0.0108948
0.0108347
0.0107754
0.0107166
0.0106585
0.010601
0.010544
0.0104876
0.0104316
0.0103762
0.0103213
0.0102667
0.0102126
0.0101589
0.0101056
0.0100526
0.00999991
0.00994754
0.00989546
0.00984363
0.00979204
0.00974067
0.00968949
0.00963849
0.00958764
0.00953693
0.00948633
0.00943584
0.00938542
0.00933506
0.00928474
0.00923446
0.00918418
0.00913389
0.00908357
0.00903322
0.00898281
0.00893233
0.00888176
0.00883109
0.0087803
0.00872939
0.00867833
0.00862711
0.00857573
0.00852416
0.0084724
0.00842044
0.00836825
0.00831584
0.00826319
0.00821028
0.00815712
0.00810368
0.00804996
0.00799595
0.00794164
0.00788702
0.00783208
0.00777681
0.00772121
0.00766526
0.00760896
0.0075523
0.00749527
0.00743787
0.00738009
0.00732192
0.00726335
0.00720438
0.00714501
0.00708522
0.00702501
0.00696437
0.00690331
0.0068418
0.00677986
0.00671747
0.00665463
0.00659133
0.00652757
0.00646335
0.00639866
0.00633349
0.00626785
0.00620172
0.00613511
0.00606802
0.00600043
0.00593234
0.00586376
0.00579468
0.00572509
0.005655
0.0055844
0.00551329
0.00544166
0.00536952
0.00529686
0.00522368
0.00514999
0.00507576
0.00500102
0.00492574
0.00484995
0.00477362
0.00469676
0.00461938
0.00454147
0.00446302
0.00438404
0.00430454
0.0042245
0.00414393
0.00406283
0.00398119
0.00389903
0.00381634
0.00373312
0.00364937
0.0035651
0.0034803
0.00339497
0.00330913
0.00322276
0.00313587
0.00304847
0.00296055
0.00289034
0.00280136
0.00271184
0.00262179
0.00253121
0.0024401
0.00234848
0.00225633
0.00216368
0.00207052
0.00197686
0.00188271
0.00178806
0.00169293
0.00159732
0.00150123
0.00140467
0.00130766
0.00121018
0.00111226
0.00101389
0.00091509
0.000815856
0.000716199
0.000616125
0.000515642
0.000414756
0.000313475
0.000211807
0.000109759
7.33862e-06
-9.54461e-05
-0.000198587
-0.000302077
-0.000405907
-0.00051007
-0.000614556
-0.000719357
-0.000824465
-0.000929871
-0.00103557
-0.00114154
-0.00124779
-0.0013543
-0.00146106
-0.00156807
-0.00167532
-0.00178279
-0.00189047
-0.00199837
-0.00210646
-0.00221474
-0.00232319
-0.00243182
-0.00254061
-0.00264954
-0.00275862
-0.00286783
-0.00297716
-0.00308659
-0.00319613
-0.00330576
-0.00341548
-0.00352526
-0.00363511
-0.003745
-0.00385494
-0.00396492
-0.00407491
-0.00418492
-0.00429494
-0.00440494
-0.00451493
-0.0046249
-0.00473483
-0.00484472
-0.00495455
-0.00506432
-0.00517402
-0.00528363
-0.00539316
-0.00550259
-0.00561191
-0.00572111
-0.00583018
-0.00593912
-0.00604792
-0.00615656
-0.00626505
-0.00637336
-0.0064815
-0.00658945
-0.00669721
-0.00680477
-0.00691213
-0.00701926
-0.00712617
-0.00723285
-0.0073393
-0.00744549
-0.00755144
-0.00765713
-0.00776255
-0.00786769
-0.00797256
-0.00807715
-0.00818144
-0.00828544
-0.00838913
-0.00849252
-0.00859559
-0.00869834
-0.00880077
-0.00890287
-0.00900463
-0.00910605
-0.00920713
-0.00930787
-0.00940824
-0.00950827
-0.00960793
-0.00970722
-0.00980615
-0.00990471
-0.0100029
-0.0101007
-0.0101981
-0.0102951
-0.0103918
-0.0104881
-0.0105839
-0.0106794
-0.0107745
-0.0108691
-0.0109634
-0.0110573
-0.0111507
-0.0112438
-0.0113364
-0.0114287
-0.0115205
-0.0116119
-0.0117029
-0.0117935
-0.0118837
-0.0119734
-0.0120628
-0.0121517
-0.0122402
-0.0123283
-0.012416
-0.0125032
-0.0125901
-0.0126765
-0.0127625
-0.0128481
-0.0129333
-0.0130181
-0.0131024
-0.0131863
-0.0132698
-0.013353
-0.0134356
-0.0135179
-0.0135998
-0.0136813
-0.0137623
-0.013843
-0.0139232
-0.014003
-0.0140825
-0.0141615
-0.0142401
-0.0143183
-0.0143961
-0.0144736
-0.0145506
-0.0146272
-0.0147035
-0.0147793
-0.0148548
-0.0149298
-0.0150045
-0.0150788
-0.0151527
-0.0152262
-0.0152993
-0.015372
-0.0154444
-0.0155164
-0.0155879
-0.0156592
-0.01573
-0.0158005
-0.0158705
-0.0159403
-0.0160096
-0.0160786
-0.0161471
-0.0162154
-0.0162832
-0.0163507
-0.0164178
-0.0164846
-0.0165509
-0.0166169
-0.0166826
-0.0167479
-0.0168128
-0.0168773
-0.0169415
-0.0170053
-0.0170688
-0.0171319
-0.0171946
-0.0172569
-0.0173189
-0.0173806
-0.0174418
-0.0175028
-0.0175633
-0.0176235
-0.0176833
-0.0177427
-0.0178018
-0.0178605
-0.0179189
-0.0179768
-0.0180344
-0.0180917
-0.0181486
-0.0182051
-0.0182612
-0.0183169
-0.0183723
-0.0184273
-0.018482
-0.0185362
-0.0185901
-0.0186436
-0.0186967
-0.0187495
-0.0188018
-0.0188538
-0.0189054
-0.0189566
-0.0190074
-0.0190578
-0.0191079
-0.0191575
-0.0192068
-0.0192556
-0.0193041
-0.0193521
-0.0193998
-0.0194471
-0.0194939
-0.0195404
-0.0195864
-0.019632
-0.0196773
-0.0197221
-0.0197665
-0.0198105
-0.019854
-0.0198972
-0.0199399
-0.0199822
-0.0200241
-0.0200656
-0.0201067
-0.0201473
-0.0201875
-0.0202272
-0.0202666
-0.0203055
-0.0203439
-0.020382
-0.0204196
-0.0204567
-0.0204935
-0.0205297
-0.0205656
-0.020601
-0.020636
-0.0206705
-0.0207046
-0.0207382
-0.0207714
-0.0208042
-0.0208365
-0.0208683
-0.0208997
-0.0209307
-0.0209612
-0.0209913
-0.0210209
-0.0210501
-0.0210788
-0.0211071
-0.0211349
-0.0211623
-0.0211893
-0.0212158
-0.0212419
-0.0212675
-0.0212927
-0.0213174
-0.0213417
-0.0213655
-0.021389
-0.0214119
-0.0214345
-0.0214566
-0.0214783
-0.0214995
-0.0215204
-0.0215407
-0.0215607
-0.0215803
-0.0215994
-0.0216181
-0.0216364
-0.0216543
-0.0216717
-0.0216888
-0.0217054
-0.0217217
-0.0217375
-0.021753
-0.0217681
-0.0217827
-0.021797
-0.0218109
-0.0218244
-0.0218376
-0.0218503
-0.0218627
-0.0218748
-0.0218865
-0.0218978
-0.0219087
-0.0219194
-0.0219296
-0.0219396
-0.0219492
-0.0219584
-0.0219673
-0.021976
-0.0219843
-0.0219922
-0.0219999
-0.0220073
-0.0220143
-0.0220211
-0.0220276
-0.0220338
-0.0220397
-0.0220454
-0.0220507
-0.0220559
-0.0220607
-0.0220653
-0.0220697
-0.0220738
-0.0220776
-0.0220813
-0.0220847
-0.0220879
-0.0220908
-0.0220936
-0.0220961
-0.0220985
-0.0221006
-0.0221026
-0.0221044
-0.022106
-0.0221074
-0.0221086
-0.0221097
-0.0221106
-0.0221114
-0.022112
-0.0221125
-0.0221128
-0.022113
-0.0221131
-0.022113
-0.0221128
-0.0221125
-0.0221121
-0.0221115
-0.0221109
-0.0221102
-0.0221093
-0.0221084
-0.0221074
-0.0221063
-0.0221051
-0.0221038
-0.0221025
-0.022101
-0.0220996
-0.022098
-0.0220964
-0.0220947
-0.022093
-0.0220912
-0.0220894
-0.0220875
-0.0220855
-0.0220835
-0.0220815
-0.0220794
-0.0220773
-0.0220751
-0.0220729
-0.0220707
-0.0220684
-0.0220661
-0.0220637
-0.0220613
-0.0220588
-0.0220563
-0.0220538
-0.0220512
-0.0220486
-0.0220459
-0.0220432
-0.0220404
-0.0220376
-0.0220347
-0.0220318
-0.0220288
-0.0220258
-0.0220226
-0.0220195
-0.0220162
-0.0220128
-0.0220094
-0.0220059
-0.0220023
-0.0219986
-0.0219948
-0.0219909
-0.0219868
-0.0219827
-0.0219784
-0.021974
-0.0219694
-0.0219647
-0.0219598
-0.0219548
-0.0219496
-0.0219442
-0.0219386
-0.0219328
-0.0219268
-0.0219205
-0.0219141
-0.0219074
-0.0219004
-0.0218932
-0.0218857
-0.0218778
-0.0218697
-0.0218613
-0.0218526
-0.0218435
-0.0218341
-0.0218242
-0.0218141
-0.0218035
-0.0217925
-0.021781
-0.0217692
-0.0217568
-0.021744
-0.0217307
-0.0217169
-0.0217026
-0.0216878
-0.0216723
-0.0216563
-0.0216398
-0.0216226
-0.0216047
-0.0215862
-0.0215671
-0.0215473
-0.0215267
-0.0215054
-0.0214834
-0.0214606
-0.0214371
-0.0214127
-0.0213875
-0.0213614
-0.0213345
-0.0213066
-0.0212779
-0.0212482
-0.0212176
-0.0211859
-0.0211533
-0.0211197
-0.021085
-0.0210492
-0.0210123
-0.0209744
-0.0209353
-0.020895
-0.0208535
-0.0208108
-0.0207669
-0.0207218
-0.0206753
-0.0206276
-0.0205785
-0.0205281
-0.0204763
-0.0204232
-0.0203686
-0.0203126
-0.0202551
-0.0201961
-0.0201356
-0.0200736
-0.0200101
-0.019945
-0.0198783
-0.0198099
-0.01974
-0.0196684
-0.0195951
-0.0195201
-0.0194434
-0.019365
-0.0192848
-0.0192028
-0.019119
-0.0190335
-0.0189461
-0.0188569
-0.0187658
-0.0186728
-0.0185779
-0.0184812
-0.0183825
-0.0182819
-0.0181793
-0.0180747
-0.0179682
-0.0178597
-0.0177493
-0.0176368
-0.0175223
-0.0174057
-0.0172871
-0.0171665
-0.0170439
-0.0169192
-0.0167924
-0.0166636
-0.0165327
-0.0163997
-0.0162647
-0.0161276
-0.0159885
-0.0158472
-0.0157039
-0.0155585
-0.0154111
-0.0152616
-0.0151101
-0.0149565
-0.0148009
-0.0146432
-0.0144835
-0.0143218
-0.0141581
-0.0139925
-0.0138248
-0.0136552
-0.0134836
-0.0133101
-0.0131347
-0.0129574
-0.0127783
-0.0125972
-0.0124144
-0.0122297
-0.0120433
-0.011855
-0.0116651
-0.0114734
-0.01128
-0.011085
-0.0108883
-0.0106901
-0.0104903
-0.0102889
-0.0100861
-0.00988173
-0.00967597
-0.00946881
-0.00926028
-0.00905043
-0.00883929
-0.0086269
-0.00841331
-0.00819855
-0.00798266
-0.00776568
-0.00754767
-0.00732866
-0.00710869
-0.00688782
-0.00666609
-0.00661394
-0.00636364
-0.00613912
-0.00591373
-0.00568754
-0.0054606
-0.00523296
-0.00500468
-0.00477583
-0.00454644
-0.00431659
-0.00408633
-0.00385571
-0.0036248
-0.00339366
-0.00316233
-0.00293089
-0.00269939
-0.00246788
-0.00223644
-0.00200511
-0.00177396
-0.00154305
-0.00131243
-0.00108216
-0.000852312
-0.000622934
-0.000394086
-0.000165826
6.17864e-05
0.000288695
0.000514841
0.00074017
0.000964624
0.00118815
0.00141068
0.00163218
0.00185258
0.00207184
0.00228989
0.00250669
0.00272219
0.00293633
0.00314906
0.00336034
0.00357012
0.00377835
0.00398499
0.00418999
0.0043933
0.00459488
0.0047947
0.00499271
0.00518887
0.00538314
0.00557548
0.00576587
0.00595426
0.00614062
0.00632492
0.00650712
0.00668721
0.00686514
0.0070409
0.00721446
0.00738579
0.00755488
0.00772169
0.00788622
0.00804844
0.00820833
0.00836589
0.0085211
0.00867394
0.00882441
0.00897249
0.00911819
0.00926148
0.00940238
0.00954087
0.00967695
0.00981062
0.0099419
0.0100708
0.0101972
0.0103213
0.010443
0.0105623
0.0106793
0.0107939
0.0109061
0.011016
0.0111236
0.011229
0.011332
0.0114328
0.0115313
0.0116276
0.0117218
0.0118137
0.0119035
0.0119912
0.0120768
0.0121603
0.0122418
0.0123213
0.0123988
0.0124743
0.012548
0.0126197
0.0126897
0.0127578
0.0128241
0.0128887
0.0129515
0.0130127
0.0130723
0.0131303
0.0131867
0.0132416
0.013295
0.013347
0.0133975
0.0134467
0.0134946
0.0135412
0.0135865
0.0136306
0.0136736
0.0137154
0.0137561
0.0137958
0.0138344
0.0138721
0.0139088
0.0139447
0.0139796
0.0140138
0.0140471
0.0140797
0.0141115
0.0141427
0.0141732
0.0142032
0.0142325
0.0142613
0.0142895
0.0143173
0.0143446
0.0143715
0.014398
0.0144241
0.0144499
0.0144754
0.0145006
0.0145256
0.0145503
0.0145748
0.0145991
0.0146233
0.0146473
0.0146713
0.0146951
0.0147188
0.0147425
0.0147662
0.0147898
0.0148135
0.0148372
0.0148609
0.0148846
0.0149084
0.0149323
0.0149563
0.0149803
0.0150045
0.0150288
0.0150533
0.0150778
0.0151026
0.0151275
0.0151525
0.0151777
0.0152031
0.0152287
0.0152545
0.0152805
0.0153067
0.0153331
0.0153596
0.0153864
0.0154135
0.0154407
0.0154681
0.0154958
0.0155237
0.0155518
0.0155801
0.0156086
0.0156374
0.0156663
0.0156955
0.0157249
0.0157545
0.0157843
0.0158143
0.0158446
0.015875
0.0159056
0.0159365
0.0159675
0.0159987
0.0160301
0.0160617
0.0160935
0.0161255
0.0161576
0.0161899
0.0162224
0.016255
0.0162878
0.0163207
0.0163538
0.0163871
0.0164205
0.016454
0.0164877
0.0165215
0.0165555
0.0165896
0.0166238
0.0166581
0.0166925
0.0167271
0.0167617
0.0167965
0.0168314
0.0168663
0.0169014
0.0169365
0.0169718
0.0170071
0.0170425
0.017078
0.0171136
0.0171492
0.0171849
0.0172207
0.0172566
0.0172925
0.0173284
0.0173645
0.0174006
0.0174367
0.0174729
0.0175091
0.0175454
0.0175817
0.0176181
0.0176545
0.0176909
0.0177274
0.0177638
0.0178004
0.0178369
0.0178735
0.01791
0.0179466
0.0179832
0.0180199
0.0180565
0.0180931
0.0181297
0.0181664
0.018203
0.0182396
0.0182762
0.0183128
0.0183494
0.018386
0.0184225
0.018459
0.0184955
0.0185319
0.0185684
0.0186047
0.018641
0.0186773
0.0187135
0.0187497
0.0187858
0.0188218
0.0188578
0.0188937
0.0189295
0.0189652
0.0190008
0.0190364
0.0190718
0.0191071
0.0191423
0.0191774
0.0192124
0.0192473
0.019282
0.0193165
0.019351
0.0193852
0.0194193
0.0194533
0.019487
0.0195206
0.019554
0.0195872
0.0196203
0.0196531
0.0196856
0.019718
0.0197501
0.019782
0.0198137
0.0198451
0.0198762
0.019907
0.0199376
0.0199679
0.0199979
0.0200276
0.020057
0.0200861
0.0201149
0.0201433
0.0201713
0.0201991
0.0202264
0.0202534
0.02028
0.0203062
0.0203321
0.0203575
0.0203825
0.0204071
0.0204312
0.020455
0.0204782
0.020501
0.0205234
0.0205453
0.0205666
0.0205875
0.0206079
0.0206278
0.0206472
0.020666
0.0206843
0.0207021
0.0207193
0.020736
0.0207521
0.0207676
0.0207825
0.0207968
0.0208106
0.0208237
0.0208362
0.0208481
0.0208594
0.02087
0.02088
0.0208893
0.020898
0.020906
0.0209133
0.02092
0.020926
0.0209312
0.0209358
0.0209397
0.0209429
0.0209453
0.0209471
0.0209481
0.0209484
0.0209479
0.0209467
0.0209448
0.0209421
0.0209387
0.0209345
0.0209295
0.0209238
0.0209173
0.02091
0.020902
0.0208932
0.0208836
0.0208732
0.020862
0.0208501
0.0208373
0.0208238
0.0208095
0.0207943
0.0207784
0.0207617
0.0207442
0.0207259
0.0207068
0.0206869
0.0206662
0.0206447
0.0206224
0.0205993
0.0205754
0.0205507
0.0205252
0.0204989
0.0204718
0.0204439
0.0204153
0.0203859
0.0203556
0.0203246
0.0202928
0.0202603
0.0202269
0.0201928
0.0201579
0.0201223
0.0200859
0.0200488
0.0200108
0.0199722
0.0199328
0.0198926
0.0198517
0.0198101
0.0197678
0.0197247
0.0196809
0.0196364
0.0195912
0.0195453
0.0194987
0.0194514
0.0194034
0.0193548
0.0193054
0.0192554
0.0192048
0.0191534
0.0191014
0.0190488
0.0189955
0.0189416
0.0188871
0.018832
0.0187762
0.0187198
0.0186628
0.0186052
0.0185471
0.0184883
0.018429
0.0183691
0.0183086
0.0182476
0.018186
0.0181239
0.0180613
0.0179981
0.0179344
0.0178701
0.0178054
0.0177401
0.0176744
0.0176081
0.0175414
0.0174742
0.0174065
0.0173383
0.0172697
0.0172006
0.0171311
0.0170611
0.0169907
0.0169198
0.0168486
0.0167769
0.0167047
0.0166322
0.0165593
0.0164859
0.0164122
0.0163381
0.0162636
0.0161887
0.0161135
0.0160378
0.0159618
0.0158855
0.0158088
0.0157317
0.0156543
0.0155766
0.0154985
0.0154201
0.0153414
0.0152623
0.0151829
0.0151032
0.0150232
0.0149428
0.0148622
0.0147813
0.0147
0.0146185
0.0145367
0.0144545
0.0143721
0.0142894
0.0142065
0.0141232
0.0140397
0.0139559
0.0138718
0.0137875
0.0137029
0.013618
0.0135329
0.0134475
0.0133619
0.013276
0.0131899
0.0131035
0.0130168
0.0129299
0.0128428
0.0127554
0.0126678
0.0125799
0.0124918
0.0124034
0.0123149
0.012226
0.012137
0.0120477
0.0119582
0.0118684
0.0117785
0.0116883
0.0115978
0.0115072
0.0114163
0.0113252
0.0112339
0.0111423
0.0110505
0.0109585
0.0108663
0.0107739
0.0106813
0.0105884
0.0104953
0.010402
0.0103085
0.0102148
0.0101209
0.0100267
0.0099324
0.00983785
0.00974309
0.00964813
0.00955296
0.00945759
0.00936202
0.00926625
0.00917028
0.00907411
0.00897774
0.00888118
0.00878443
0.00868749
0.00859036
0.00849304
0.00839553
0.00829784
0.00819996
0.00810191
0.00800367
0.00790526
0.00780668
0.00770792
0.00760899
0.00750989
0.00741063
0.00731121
0.00721162
0.00711187
0.00701197
0.00691192
0.00681172
0.00671137
0.00661087
0.00651023
0.00640946
0.00630855
0.00620751
0.00610634
0.00600504
0.00590362
0.00580209
0.00570043
0.00559867
0.0054968
0.00539483
0.00529275
0.00519058
0.00508832
0.00498597
0.00488353
0.00478102
0.00467843
0.00457576
0.00447303
0.00437024
0.00426739
0.00416448
0.00406153
0.00395853
0.00385549
0.00383759
0.00373428
0.00367746
0.00359266
0.00348861
0.0033843
0.00327974
0.00317497
0.00306998
0.00296479
0.00285943
0.0027539
0.00264823
0.00254242
0.00243649
0.00233046
0.00222434
0.00211814
0.00201188
0.00190557
0.00179923
0.00169287
0.0015865
0.00148014
0.00137379
0.00126747
0.0011612
0.00105498
0.000948834
0.000842761
0.000736778
0.000630896
0.000525124
0.000419474
0.000313956
0.000208579
0.000103354
-1.70998e-06
-0.000106604
-0.00021132
-0.000315849
-0.000420182
-0.000524312
-0.00062823
-0.00073193
-0.000835404
-0.000938646
-0.00104165
-0.00114441
-0.00124691
-0.00134916
-0.00145115
-0.00155286
-0.00165431
-0.00175548
-0.00185637
-0.00195697
-0.00205728
-0.0021573
-0.00225702
-0.00235645
-0.00245557
-0.00255439
-0.00265291
-0.00275111
-0.00284901
-0.0029466
-0.00304387
-0.00314083
-0.00323748
-0.00333381
-0.00342984
-0.00352554
-0.00362094
-0.00371602
-0.00381079
-0.00390525
-0.0039994
-0.00409325
-0.00418679
-0.00428002
-0.00437296
-0.00446559
-0.00455793
-0.00464998
-0.00474174
-0.00483321
-0.00492439
-0.0050153
-0.00510593
-0.00519629
-0.00528638
-0.00537621
-0.00546578
-0.0055551
-0.00564417
-0.00573299
-0.00582158
-0.00590993
-0.00599805
-0.00608596
-0.00617364
-0.00626112
-0.00634839
-0.00643547
-0.00652235
-0.00660905
-0.00669557
-0.00678192
-0.00686811
-0.00695413
-0.00704001
-0.00712574
-0.00721134
-0.00729681
-0.00738216
-0.00746739
-0.00755252
-0.00763754
-0.00772248
-0.00780734
-0.00789212
-0.00797683
-0.00806149
-0.00814609
-0.00823065
-0.00831518
-0.00839968
-0.00848416
-0.00856863
-0.00865311
-0.00873759
-0.00882208
-0.0089066
-0.00899115
-0.00907575
-0.00916039
-0.00924509
-0.00932986
-0.0094147
-0.00949963
-0.00958465
-0.00966976
-0.00975499
-0.00984034
-0.00992581
-0.0100114
-0.0100972
-0.0101831
-0.0102691
-0.0103554
-0.0104418
-0.0105284
-0.0106151
-0.0107021
-0.0107893
-0.0108767
-0.0109644
-0.0110522
-0.0111403
-0.0112287
-0.0113173
-0.0114062
-0.0114953
-0.0115847
-0.0116744
-0.0117644
-0.0118547
-0.0119453
-0.0120362
-0.0121274
-0.012219
-0.0123109
-0.0124031
-0.0124956
-0.0125886
-0.0126818
-0.0127755
-0.0128694
-0.0129638
-0.0130585
-0.0131537
-0.0132492
-0.0133451
-0.0134413
-0.013538
-0.0136351
-0.0137326
-0.0138305
-0.0139288
-0.0140275
-0.0141267
-0.0142262
-0.0143262
-0.0144266
-0.0145274
-0.0146287
-0.0147304
-0.0148325
-0.014935
-0.015038
-0.0151414
-0.0152452
-0.0153494
-0.0154541
-0.0155592
-0.0156647
-0.0157706
-0.015877
-0.0159838
-0.0160909
-0.0161985
-0.0163065
-0.0164149
-0.0165237
-0.0166328
-0.0167424
-0.0168523
-0.0169626
-0.0170733
-0.0171843
-0.0172957
-0.0174074
-0.0175195
-0.0176318
-0.0177445
-0.0178575
-0.0179708
-0.0180844
-0.0181982
-0.0183123
-0.0184267
-0.0185412
-0.018656
-0.0187711
-0.0188863
-0.0190017
-0.0191172
-0.0192329
-0.0193488
-0.0194647
-0.0195808
-0.0196969
-0.0198131
-0.0199294
-0.0200456
-0.0201619
-0.0202782
-0.0203944
-0.0205105
-0.0206266
-0.0207426
-0.0208585
-0.0209742
-0.0210897
-0.021205
-0.0213202
-0.021435
-0.0215496
-0.0216639
-0.0217779
-0.0218915
-0.0220048
-0.0221176
-0.02223
-0.0223419
-0.0224533
-0.0225642
-0.0226745
-0.0227843
-0.0228934
-0.0230019
-0.0231097
-0.0232167
-0.0233231
-0.0234286
-0.0235333
-0.0236372
-0.0237401
-0.0238422
-0.0239433
-0.0240434
-0.0241425
-0.0242405
-0.0243374
-0.0244332
-0.0245278
-0.0246213
-0.0247134
-0.0248043
-0.0248939
-0.0249821
-0.025069
-0.0251544
-0.0252383
-0.0253208
-0.0254017
-0.0254811
-0.0255588
-0.0256349
-0.0257093
-0.025782
-0.025853
-0.0259221
-0.0259895
-0.026055
-0.0261185
-0.0261802
-0.0262399
-0.0262977
-0.0263534
-0.026407
-0.0264586
-0.026508
-0.0265553
-0.0266004
-0.0266433
-0.026684
-0.0267224
-0.0267585
-0.0267923
-0.0268237
-0.0268528
-0.0268795
-0.0269038
-0.0269256
-0.026945
-0.0269619
-0.0269764
-0.0269883
-0.0269976
-0.0270045
-0.0270087
-0.0270104
-0.0270095
-0.027006
-0.0269999
-0.0269912
-0.0269799
-0.0269659
-0.0269493
-0.02693
-0.0269081
-0.0268836
-0.0268564
-0.0268266
-0.0267941
-0.0267591
-0.0267213
-0.026681
-0.026638
-0.0265925
-0.0265443
-0.0264936
-0.0264403
-0.0263844
-0.0263261
-0.0262652
-0.0262018
-0.0261359
-0.0260676
-0.0259968
-0.0259237
-0.0258482
-0.0257703
-0.0256901
-0.0256076
-0.0255228
-0.0254358
-0.0253466
-0.0252553
-0.0251618
-0.0250663
-0.0249687
-0.0248691
-0.0247675
-0.024664
-0.0245586
-0.0244513
-0.0243423
-0.0242315
-0.0241191
-0.0240049
-0.0238892
-0.0237718
-0.023653
-0.0235327
-0.023411
-0.0232879
-0.0231635
-0.0230379
-0.022911
-0.022783
-0.0226539
-0.0225237
-0.0223926
-0.0222605
-0.0221275
-0.0219937
-0.0218591
-0.0217237
-0.0215877
-0.0214511
-0.0213139
-0.0211762
-0.0210381
-0.0208995
-0.0207606
-0.0206215
-0.020482
-0.0203424
-0.0202026
-0.0200627
-0.0199228
-0.019783
-0.0196431
-0.0195034
-0.0193638
-0.0192245
-0.0190854
-0.0189466
-0.0188081
-0.01867
-0.0185324
-0.0183952
-0.0182585
-0.0181224
-0.0179869
-0.017852
-0.0177177
-0.0175842
-0.0174514
-0.0173194
-0.0171882
-0.0170579
-0.0169284
-0.0167998
-0.0166722
-0.0165455
-0.0164197
-0.016295
-0.0161713
-0.0160487
-0.0159272
-0.0158067
-0.0156874
-0.0155692
-0.0154521
-0.0153362
-0.0152215
-0.015108
-0.0149956
-0.0148845
-0.0147747
-0.014666
-0.0145586
-0.0144524
-0.0143475
-0.0142438
-0.0141414
-0.0140403
-0.0139404
-0.0138417
-0.0137444
-0.0136482
-0.0135534
-0.0134597
-0.0133673
-0.0132762
-0.0131863
-0.0130976
-0.0130101
-0.0129238
-0.0128387
-0.0127548
-0.012672
-0.0125904
-0.01251
-0.0124307
-0.0123525
-0.0122754
-0.0121993
-0.0121244
-0.0120505
-0.0119776
