0
0.00035192
0.000698409
0.00103929
0.00137438
0.00170354
0.00202661
0.00238375
0.00234345
0.00265392
0.00295791
0.00325531
0.00354601
0.00382992
0.00410694
0.00437701
0.00464004
0.00489598
0.00514478
0.00538637
0.00562073
0.00584781
0.00606759
0.00628005
0.00648517
0.00668295
0.00687338
0.00705646
0.00723222
0.00740065
0.00756179
0.00771565
0.00786227
0.00800168
0.00813393
0.00825906
0.00837712
0.00848816
0.00859225
0.00868944
0.0087798
0.0088634
0.00894032
0.00901064
0.00907443
0.00913177
0.00918277
0.0092275
0.00926605
0.00929854
0.00932504
0.00934566
0.0093605
0.00936967
0.00937327
0.00937141
0.00936421
0.00935177
0.00933422
0.00931167
0.00928423
0.00925203
0.00921519
0.00917382
0.00912805
0.009078
0.0090238
0.00896556
0.00890342
0.0088375
0.00876793
0.00869483
0.00861832
0.00853853
0.0084556
0.00836964
0.00828078
0.00818915
0.00809486
0.00799806
0.00789885
0.00779737
0.00769373
0.00758807
0.00748049
0.00737113
0.00726009
0.0071475
0.00703349
0.00691815
0.00680161
0.00668399
0.00656539
0.00644593
0.00632572
0.00620487
0.00608348
0.00596166
0.00583951
0.00571714
0.00559465
0.00547214
0.00534971
0.00522744
0.00510545
0.00498381
0.00486262
0.00474198
0.00462196
0.00450265
0.00438413
0.00426649
0.00414981
0.00403416
0.00391962
0.00380627
0.00369416
0.00358338
0.00347399
0.00336606
0.00325965
0.00315482
0.00305163
0.00295014
0.0028504
0.00275247
0.00265639
0.00256222
0.00247001
0.00237979
0.00229161
0.00220551
0.00212152
0.0020397
0.00196006
0.00188264
0.00180748
0.00173459
0.00166402
0.00159577
0.00152987
0.00146635
0.00140522
0.00134649
0.00129019
0.00123631
0.00118489
0.00113591
0.0010894
0.00104534
0.00100376
0.000964645
0.000927998
0.000893816
0.000862097
0.000832835
0.000806022
0.00078165
0.000759708
0.000740184
0.000723065
0.000708337
0.000695981
0.000685981
0.000678318
0.000672971
0.000669917
0.000669134
0.000670598
0.000674282
0.00068016
0.000688204
0.000698385
0.000710673
0.000725036
0.000741443
0.00075986
0.000780254
0.000802589
0.00082683
0.000852941
0.000880885
0.000910623
0.000942116
0.000975327
0.00101021
0.00104674
0.00108486
0.00112453
0.00116572
0.00120838
0.00125246
0.00129793
0.00134475
0.00139286
0.00144222
0.0014928
0.00154455
0.00159741
0.00165136
0.00170634
0.00176232
0.00181924
0.00187706
0.00193574
0.00199524
0.0020555
0.0021165
0.00217818
0.0022405
0.00230342
0.0023669
0.00243089
0.00249535
0.00256025
0.00262554
0.00269117
0.00275712
0.00282333
0.00288978
0.00295642
0.00302322
0.00309013
0.00315712
0.00322416
0.00329121
0.00335823
0.00342519
0.00349206
0.0035588
0.00362538
0.00369178
0.00375795
0.00382387
0.00388951
0.00395485
0.00401985
0.00408448
0.00414873
0.00421257
0.00427596
0.0043389
0.00440135
0.0044633
0.00452472
0.00458559
0.0046459
0.00470562
0.00476474
0.00482324
0.0048811
0.00493832
0.00499487
0.00505074
0.00510592
0.0051604
0.00521417
0.00526721
0.00531952
0.00537109
0.00542192
0.00547198
0.00552129
0.00556983
0.0056176
0.0056646
0.00571082
0.00575626
0.00580092
0.0058448
0.00588789
0.00593021
0.00597175
0.00601251
0.00605249
0.00609171
0.00613016
0.00616785
0.00620478
0.00624096
0.0062764
0.0063111
0.00634507
0.00637832
0.00641086
0.00644269
0.00647383
0.00650428
0.00653407
0.00656319
0.00659166
0.00661949
0.00664669
0.00667328
0.00669927
0.00672467
0.00674949
0.00677375
0.00679747
0.00682066
0.00684332
0.00686548
0.00688716
0.00690836
0.00692911
0.00694941
0.00696929
0.00698875
0.00700783
0.00702652
0.00704485
0.00706284
0.00708049
0.00709784
0.00711488
0.00713164
0.00714814
0.00716439
0.00718041
0.00719621
0.00721181
0.00722723
0.00724248
0.00725757
0.00727253
0.00728737
0.0073021
0.00731674
0.00733131
0.00734582
0.00736027
0.0073747
0.00738911
0.00740352
0.00741794
0.00743238
0.00744686
0.0074614
0.00747599
0.00749067
0.00750543
0.00752029
0.00753527
0.00755037
0.00756561
0.007581
0.00759654
0.00761225
0.00762814
0.00764422
0.00766049
0.00767697
0.00769367
0.00771059
0.00772774
0.00774513
0.00776277
0.00778066
0.00779881
0.00781723
0.00783593
0.0078549
0.00787416
0.00789371
0.00791356
0.0079337
0.00795415
0.0079749
0.00799597
0.00801735
0.00803905
0.00806107
0.00808341
0.00810607
0.00812906
0.00815237
0.00817601
0.00819999
0.00822429
0.00824892
0.00827387
0.00829916
0.00832477
0.00835072
0.00837698
0.00840357
0.00843048
0.00845772
0.00848527
0.00851313
0.00854131
0.0085698
0.00859859
0.00862769
0.00865709
0.00868678
0.00871676
0.00874703
0.00877758
0.00880841
0.00883952
0.00887089
0.00890253
0.00893442
0.00896657
0.00899896
0.00903159
0.00906446
0.00909756
0.00913088
0.00916442
0.00919817
0.00923213
0.00926628
0.00930062
0.00933515
0.00936985
0.00940473
0.00943977
0.00947496
0.00951031
0.0095458
0.00958143
0.00961718
0.00965306
0.00968905
0.00972514
0.00976134
0.00979763
0.009834
0.00987045
0.00990698
0.00994356
0.00998021
0.0100169
0.0100536
0.0100904
0.0101272
0.010164
0.0102008
0.0102377
0.0102745
0.0103113
0.0103482
0.0103849
0.0104217
0.0104584
0.0104951
0.0105318
0.0105684
0.0106049
0.0106413
0.0106777
0.010714
0.0107503
0.0107864
0.0108224
0.0108584
0.0108942
0.0109299
0.0109655
0.0110009
0.0110363
0.0110715
0.0111065
0.0111415
0.0111762
0.0112108
0.0112453
0.0112796
0.0113137
0.0113476
0.0113814
0.011415
0.0114484
0.0114816
0.0115146
0.0115474
0.01158
0.0116125
0.0116447
0.0116767
0.0117085
0.0117401
0.0117714
0.0118025
0.0118335
0.0118641
0.0118946
0.0119248
0.0119548
0.0119846
0.0120141
0.0120434
0.0120724
0.0121012
0.0121298
0.0121581
0.0121861
0.0122139
0.0122415
0.0122688
0.0122959
0.0123227
0.0123492
0.0123755
0.0124015
0.0124273
0.0124529
0.0124781
0.0125031
0.0125279
0.0125524
0.0125766
0.0126006
0.0126243
0.0126478
0.012671
0.012694
0.0127167
0.0127391
0.0127613
0.0127832
0.0128049
0.0128263
0.0128474
0.0128683
0.012889
0.0129093
0.0129295
0.0129494
0.012969
0.0129884
0.0130075
0.0130264
0.0130451
0.0130634
0.0130816
0.0130995
0.0131172
0.0131346
0.0131517
0.0131687
0.0131854
0.0132018
0.013218
0.013234
0.0132498
0.0132653
0.0132806
0.0132956
0.0133104
0.013325
0.0133394
0.0133535
0.0133675
0.0133811
0.0133946
0.0134079
0.0134209
0.0134337
0.0134463
0.0134586
0.0134708
0.0134827
0.0134945
0.013506
0.0135173
0.0135284
0.0135393
0.01355
0.0135605
0.0135707
0.0135808
0.0135907
0.0136003
0.0136098
0.0136191
0.0136281
0.013637
0.0136457
0.0136542
0.0136624
0.0136705
0.0136784
0.0136862
0.0136937
0.013701
0.0137082
0.0137151
0.0137219
0.0137285
0.0137349
0.0137411
0.0137471
0.013753
0.0137587
0.0137642
0.0137695
0.0137746
0.0137796
0.0137844
0.013789
0.0137934
0.0137977
0.0138017
0.0138057
0.0138094
0.013813
0.0138164
0.0138196
0.0138226
0.0138255
0.0138283
0.0138308
0.0138332
0.0138354
0.0138375
0.0138393
0.0138411
0.0138426
0.013844
0.0138453
0.0138463
0.0138472
0.013848
0.0138486
0.013849
0.0138493
0.0138494
0.0138493
0.0138491
0.0138487
0.0138482
0.0138475
0.0138467
0.0138457
0.0138446
0.0138433
0.0138418
0.0138402
0.0138384
0.0138365
0.0138345
0.0138322
0.0138299
0.0138274
0.0138247
0.0138219
0.0138189
0.0138158
0.0138125
0.0138091
0.0138056
0.0138019
0.0137981
0.0137941
0.0137899
0.0137857
0.0137813
0.0137767
0.013772
0.0137672
0.0137622
0.0137571
0.0137518
0.0137464
0.0137409
0.0137352
0.0137294
0.0137235
0.0137174
0.0137112
0.0137048
0.0136983
0.0136917
0.013685
0.0136781
0.0136711
0.013664
0.0136567
0.0136493
0.0136418
0.0136341
0.0136263
0.0136184
0.0136104
0.0136022
0.013594
0.0135856
0.013577
0.0135684
0.0135596
0.0135507
0.0135417
0.0135326
0.0135233
0.013514
0.0135045
0.0134949
0.0134852
0.0134753
0.0134654
0.0134553
0.0134451
0.0134349
0.0134245
0.013414
0.0134033
0.0133926
0.0133818
0.0133708
0.0133598
0.0133486
0.0133374
0.013326
0.0133145
0.0133029
0.0132913
0.0132795
0.0132676
0.0132556
0.0132436
0.0132314
0.0132191
0.0132067
0.0131942
0.0131817
0.013169
0.0131563
0.0131434
0.0131305
0.0131174
0.0131043
0.0130911
0.0130778
0.0130644
0.0130509
0.0130374
0.0130237
0.01301
0.0129961
0.0129822
0.0129682
0.0129542
0.01294
0.0129258
0.0129114
0.012897
0.0128826
0.012868
0.0128534
0.0128387
0.0128239
0.012809
0.0127941
0.0127791
0.012764
0.0127489
0.0127336
0.0127183
0.012703
0.0126875
0.012672
0.0126565
0.0126408
0.0126251
0.0126094
0.0125935
0.0125776
0.0125617
0.0125457
0.0125296
0.0125134
0.0124972
0.012481
0.0124646
0.0124482
0.0124318
0.0124153
0.0123987
0.0123821
0.0123655
0.0123487
0.012332
0.0123151
0.0122982
0.0122813
0.0122643
0.0122473
0.0122302
0.012213
0.0121958
0.0121786
0.0121613
0.012144
0.0121266
0.0121091
0.0120917
0.0120741
0.0120565
0.0120389
0.0120213
0.0120035
0.0119858
0.011968
0.0119501
0.0119323
0.0119143
0.0118964
0.0118783
0.0118603
0.0118422
0.011824
0.0118059
0.0117876
0.0117694
0.0117511
0.0117327
0.0117143
0.0116959
0.0116774
0.0116589
0.0116404
0.0116218
0.0116032
0.0115845
0.0115658
0.0115471
0.0115283
0.0115095
0.0114907
0.0114718
0.0114528
0.0114339
0.0114149
0.0113958
0.0113767
0.0113576
0.0113385
0.0113193
0.0113001
0.0112808
0.0112615
0.0112421
0.0112228
0.0112034
0.0111839
0.0111644
0.0111449
0.0111253
0.0111057
0.0110861
0.0110664
0.0110467
0.0110269
0.0110072
0.0109873
0.0109675
0.0109476
0.0109277
0.0109077
0.0108877
0.0108676
0.0108476
0.0108274
0.0108073
0.0107871
0.0107669
0.0107466
0.0107263
0.010706
0.0106857
0.0106653
0.0106448
0.0106244
0.0106039
0.0105833
0.0105628
0.0105422
0.0105215
0.0105009
0.0104802
0.0104594
0.0104387
0.0104179
0.010397
0.0103762
0.0103553
0.0103344
0.0103134
0.0102924
0.0102714
0.0102504
0.0102293
0.0102082
0.0101871
0.010166
0.0101448
0.0101236
0.0101024
0.0100811
0.0100599
0.0100386
0.0100172
0.0099959
0.00997453
0.00995314
0.00993172
0.00991028
0.00988883
0.00986734
0.00984584
0.00982432
0.00980277
0.0097812
0.00975962
0.00973801
0.00971638
0.00969472
0.00967305
0.00965136
0.00962964
0.0096079
0.00958614
0.00956436
0.00954256
0.00952073
0.00949887
0.00947699
0.00945508
0.00943315
0.00941119
0.0093892
0.00936718
0.00934512
0.00932304
0.00930092
0.00927876
0.00925656
0.00923432
0.00921205
0.00918972
0.00916735
0.00914493
0.00912246
0.00909993
0.00907734
0.00905469
0.00903198
0.0090092
0.00898635
0.00896343
0.00894043
0.00891734
0.00889417
0.0088709
0.00884754
0.00882408
0.00880051
0.00877684
0.00875304
0.00872913
0.00870509
0.00868092
0.00865661
0.00863216
0.00860755
0.00858279
0.00855787
0.00853278
0.00850751
0.00848206
0.00845642
0.00843058
0.00840454
0.00837828
0.00835181
0.00832511
0.00829818
0.008271
0.00824357
0.00821589
0.00818794
0.00815971
0.00813121
0.00810241
0.00807332
0.00804392
0.0080142
0.00798416
0.00795379
0.00792308
0.00789202
0.00786061
0.00782884
0.00779669
0.00776416
0.00773125
0.00769794
0.00766423
0.00763011
0.00759557
0.00756061
0.00752521
0.00748938
0.0074531
0.00741637
0.00737918
0.00734153
0.00730341
0.00726482
0.00722574
0.00718618
0.00714613
0.00710558
0.00706453
0.00702299
0.00698093
0.00693837
0.00689529
0.0068517
0.00680759
0.00676296
0.00671781
0.00667214
0.00662595
0.00657923
0.00653199
0.00648423
0.00643595
0.00638715
0.00633783
0.00628799
0.00623764
0.00618678
0.00613541
0.00608353
0.00603116
0.00597829
0.00592493
0.00587109
0.00581677
0.00576197
0.00570671
0.00565099
0.00559482
0.0055382
0.00548115
0.00542368
0.00536578
0.00530748
0.00524878
0.00518969
0.00513022
0.00507039
0.00501019
0.00494966
0.00488879
0.0048276
0.00476611
0.00470432
0.00464224
0.0045799
0.0045173
0.00445446
0.00439139
0.00432811
0.00426463
0.00420097
0.00413713
0.00407314
0.00400901
0.00394476
0.0038804
0.00381594
0.00375141
0.00368681
0.00362217
0.0035575
0.00349282
0.00342814
0.00336347
0.00329884
0.00323426
0.00316974
0.00310531
0.00304097
0.00297675
0.00291266
0.00284871
0.00278493
0.00272132
0.0026579
0.00259469
0.00253171
0.00246896
0.00240646
0.00234423
0.00228229
0.00222064
0.0021593
0.00209829
0.00203762
0.00197729
0.00191734
0.00185776
0.00179857
0.00173979
0.00168142
0.00162349
0.00156599
0.00150894
0.00145236
0.00139625
0.00134062
0.00128549
0.00123086
0.00117675
0.00112316
0.0010701
0.00101758
0.000965614
0.000914202
0.000863354
0.000813077
0.000763379
0.000714265
0.000665742
0.000617816
0.000570492
0.000523776
0.000477671
0.000432182
0.000387314
0.000343069
0.000299452
0.000256464
0.000214109
0.000172388
0.000131304
9.08575e-05
5.10503e-05
1.18829e-05
-2.66444e-05
-6.45313e-05
-0.000101778
-0.000138386
-0.000174355
-0.000209686
-0.000244382
-0.000278444
-0.000311875
-0.000344676
-0.000376852
-0.000408404
-0.000439336
-0.000469653
-0.000499357
-0.000528454
-0.000556947
-0.000584842
-0.000612144
-0.000638857
-0.000664988
-0.000690543
-0.000715526
-0.000739945
-0.000763807
-0.000787117
-0.000809882
-0.00083211
-0.000853808
-0.000874983
-0.000895643
-0.000915796
-0.000935449
-0.000954611
-0.00097329
-0.000991495
-0.00100923
-0.00102651
-0.00104334
-0.00105974
-0.0010757
-0.00109124
-0.00110636
-0.00112108
-0.00113541
-0.00114935
-0.00116292
-0.00117612
-0.00118896
-0.00120145
-0.00121361
-0.00122544
-0.00123695
-0.00124815
-0.00125905
-0.00126965
-0.00127998
-0.00129004
-0.00129983
-0.00130937
-0.00131867
-0.00132774
-0.00133657
-0.0013452
-0.00135362
-0.00136184
-0.00136987
-0.00137772
-0.0013854
-0.00139292
-0.00140029
-0.00140751
-0.00141459
-0.00142155
-0.00142839
-0.00143511
-0.00144174
-0.00144826
-0.0014547
-0.00146106
-0.00146734
-0.00147356
-0.00147972
-0.00148583
-0.00149189
-0.00149791
-0.00150391
-0.00150987
-0.00151582
-0.00152176
-0.00152768
-0.00153361
-0.00153954
-0.00154548
-0.00155144
-0.00155741
-0.00156341
-0.00156944
-0.00157551
-0.00158161
-0.00158775
-0.00159394
-0.00160018
-0.00160648
-0.00161283
-0.00161924
-0.00162572
-0.00163226
-0.00163888
-0.00164556
-0.00165232
-0.00165916
-0.00166607
-0.00167307
-0.00168014
-0.0016873
-0.00169455
-0.00170188
-0.0017093
-0.00171681
-0.00172441
-0.00173209
-0.00173987
-0.00174773
-0.00175569
-0.00176373
-0.00177186
-0.00178007
-0.00178837
-0.00179675
-0.00180522
-0.00181377
-0.00182241
-0.00183112
-0.00183991
-0.00184878
-0.00185773
-0.00186676
-0.00187585
-0.00188502
-0.00189425
-0.00190356
-0.00191292
-0.00192235
-0.00193184
-0.00194138
-0.00195098
-0.00196062
-0.00197032
-0.00198005
-0.00198983
-0.00199965
-0.0020095
-0.00201938
-0.00202929
-0.00203922
-0.00204917
-0.00205914
-0.00206912
-0.0020791
-0.00208909
-0.00209908
-0.00210906
-0.00211903
-0.00212899
-0.00213893
-0.00214885
-0.00215874
-0.00216859
-0.00217842
-0.0021882
-0.00219793
-0.00220761
-0.00221724
-0.00222681
-0.00223631
-0.00224574
-0.0022551
-0.00226438
-0.00227357
-0.00228268
-0.00229169
-0.0023006
-0.0023094
-0.0023181
-0.00232668
-0.00233514
-0.00234348
-0.00235169
-0.00235977
-0.00236771
-0.0023755
-0.00238315
-0.00239064
-0.00239798
-0.00240515
-0.00241216
-0.00241899
-0.00242565
-0.00243213
-0.00243842
-0.00244452
-0.00245043
-0.00245613
-0.00246164
-0.00246693
-0.00247202
-0.00247689
-0.00248153
-0.00248596
-0.00249015
-0.00249411
-0.00249784
-0.00250133
-0.00250457
-0.00250757
-0.00251031
-0.0025128
-0.00251503
-0.002517
-0.00251871
-0.00252015
-0.00252132
-0.00252221
-0.00252283
-0.00252316
-0.00252322
-0.00252298
-0.00252246
-0.00252165
-0.00252055
-0.00251915
-0.00251745
-0.00251545
-0.00251315
-0.00251055
-0.00250764
-0.00250442
-0.00250089
-0.00249705
-0.0024929
-0.00248843
-0.00248365
-0.00247855
-0.00247313
-0.00246739
-0.00246133
-0.00245495
-0.00244824
-0.00244121
-0.00243386
-0.00242619
-0.00241818
-0.00240986
-0.0024012
-0.00239222
-0.00238292
-0.00237328
-0.00236333
-0.00235304
-0.00234243
-0.00233149
-0.00232022
-0.00230863
-0.00229672
-0.00228448
-0.00227192
-0.00225903
-0.00224582
-0.00223229
-0.00221844
-0.00220426
-0.00218977
-0.00217496
-0.00215984
-0.0021444
-0.00212864
-0.00211257
-0.00209619
-0.0020795
-0.00206251
-0.0020452
-0.00202759
-0.00200967
-0.00199146
-0.00197294
-0.00195412
-0.00193501
-0.0019156
-0.0018959
-0.00187591
-0.00185563
-0.00183506
-0.00181421
-0.00179308
-0.00177166
-0.00174997
-0.00172799
-0.00170575
-0.00168323
-0.00166045
-0.00163739
-0.00161408
-0.00159049
-0.00156665
-0.00154255
-0.0015182
-0.00149359
-0.00146873
-0.00144363
-0.00141827
-0.00139268
-0.00136684
-0.00134076
-0.00131445
-0.00128791
-0.00126113
-0.00123413
-0.00120689
-0.00117944
-0.00115176
-0.00112387
-0.00109576
-0.00106743
-0.0010389
-0.00101015
-0.0009812
-0.000952044
-0.000922687
-0.00089313
-0.000863377
-0.000833428
-0.000803288
-0.000772958
-0.000742441
-0.000711738
-0.000680853
-0.000649787
-0.000618543
-0.000587123
-0.000555529
-0.000523764
-0.00049183
-0.000459728
-0.000427462
-0.000395033
-0.000362443
-0.000329695
-0.00029679
-0.000263731
-0.000230519
-0.000197158
-0.000163648
-0.000129991
-9.61909e-05
-6.22479e-05
-2.81646e-05
6.05736e-06
4.04159e-05
7.49093e-05
0.000109536
0.000144293
0.00017918
0.000214194
0.000249334
0.000284599
0.000319985
0.000355492
0.000391118
0.000426862
0.000462721
0.000498694
0.00053478
0.000570976
0.000607282
0.000643695
0.000680214
0.000716839
0.000753566
0.000790395
0.000827324
0.000864352
0.000901477
0.000938698
0.000976014
0.00101342
0.00105092
0.00108851
0.00112619
0.00116396
0.00120181
0.00123975
0.00127777
0.00131588
0.00135406
0.00139232
0.00143067
0.00146909
0.00150758
0.00154615
0.0015848
0.00162351
0.0016623
0.00170115
0.00174008
0.00177907
0.00181812
0.00185725
0.00189643
0.00193568
0.00197499
0.00201435
0.00205378
0.00209326
0.0021328
0.0021724
0.00221205
0.00225175
0.0022915
0.00233131
0.00237116
0.00241106
0.002451
0.002491
0.00253103
0.00257111
0.00261123
0.0026514
0.0026916
0.00273184
0.00277211
0.00281243
0.00285278
0.00289316
0.00293357
0.00297402
0.00301449
0.003055
0.00309553
0.00313609
0.00317667
0.00321728
0.00325792
0.00329857
0.00333924
0.00337994
0.00342065
0.00346138
0.00350213
0.00354289
0.00358367
0.00362446
0.00366526
0.00370607
0.00374689
0.00378772
0.00382856
0.0038694
0.00391025
0.0039511
0.00399195
0.00403281
0.00407367
0.00411453
0.00415538
0.00419624
0.00423709
0.00427794
0.00431878
0.00435962
0.00440045
0.00444127
0.00448208
0.00452289
0.00456368
0.00460446
0.00464523
0.00468599
0.00472673
0.00476745
0.00480817
0.00484886
0.00488954
0.0049302
0.00497084
0.00501146
0.00505206
0.00509264
0.0051332
0.00517374
0.00521426
0.00525475
0.00529522
0.00533566
0.00537608
0.00541648
0.00545685
0.00549719
0.00553751
0.0055778
0.00561806
0.0056583
0.0056985
0.00573868
0.00577883
0.00581896
0.00585905
0.00589911
0.00593915
0.00597915
0.00601912
0.00605907
0.00609898
0.00613887
0.00617872
0.00621855
0.00625834
0.00629811
0.00633784
0.00637754
0.00641722
0.00645686
0.00649647
0.00653606
0.00657561
0.00661514
0.00665463
0.0066941
0.00673354
0.00677295
0.00681233
0.00685168
0.00689101
0.0069303
0.00696957
0.00700882
0.00704803
0.00708722
0.00712639
0.00716552
0.00720464
0.00724372
0.00728278
0.00732182
0.00736084
0.00739983
0.00743879
0.00747774
0.00751666
0.00755556
0.00759443
0.00763329
0.00767212
0.00771093
0.00774972
0.0077885
0.00782725
0.00786598
0.00790469
0.00794338
0.00798205
0.0080207
0.00805934
0.00809795
0.00813655
0.00817512
0.00821368
0.00825222
0.00829074
0.00832924
0.00836773
0.00840619
0.00844464
0.00848306
0.00852147
0.00855986
0.00859822
0.00863657
0.0086749
0.0087132
0.00875148
0.00878974
0.00882798
0.00886619
0.00890438
0.00894254
0.00898068
0.00901879
0.00905687
0.00909492
0.00913294
0.00917093
0.00920889
0.00924681
0.0092847
0.00932255
0.00936036
0.00939813
0.00943586
0.00947355
0.00951119
0.00954878
0.00958632
0.00962381
0.00966124
0.00969862
0.00973594
0.00977319
0.00981039
0.00984751
0.00988457
0.00992155
0.00995845
0.00999528
0.010032
0.0100687
0.0101053
0.0101417
0.0101781
0.0102144
0.0102506
0.0102866
0.0103226
0.0103584
0.0103941
0.0104297
0.0104652
0.0105005
0.0105357
0.0105708
0.0106056
0.0106404
0.010675
0.0107094
0.0107436
0.0107777
0.0108116
0.0108453
0.0108788
0.0109121
0.0109452
0.0109781
0.0110108
0.0110433
0.0110755
0.0111075
0.0111392
0.0111707
0.011202
0.011233
0.0112637
0.0112941
0.0113243
0.0113541
0.0113837
0.0114129
0.0114419
0.0114705
0.0114988
0.0115267
0.0115543
0.0115816
0.0116085
0.011635
0.0116612
0.011687
0.0117123
0.0117373
0.0117619
0.0117861
0.0118098
0.0118331
0.011856
0.0118785
0.0119004
0.011922
0.011943
0.0119636
0.0119837
0.0120033
0.0120224
0.012041
0.0120591
0.0120766
0.0120937
0.0121101
0.0121261
0.0121415
0.0121563
0.0121706
0.0121843
0.0121975
0.01221
0.012222
0.0122334
0.0122441
0.0122543
0.0122638
0.0122728
0.0122811
0.0122887
0.0122958
0.0123022
0.012308
0.0123131
0.0123176
0.0123214
0.0123245
0.012327
0.0123289
0.01233
0.0123305
0.0123304
0.0123295
0.012328
0.0123258
0.0123229
0.0123194
0.0123152
0.0123103
0.0123047
0.0122985
0.0122915
0.0122839
0.0122757
0.0122667
0.0122571
0.0122468
0.0122359
0.0122243
0.012212
0.0121991
0.0121856
0.0121714
0.0121565
0.0121411
0.012125
0.0121082
0.0120909
0.0120729
0.0120544
0.0120352
0.0120155
0.0119951
0.0119742
0.0119528
0.0119309
0.0119084
0.0118853
0.0118618
0.0118378
0.0118132
0.0117882
0.0117627
0.0117368
0.0117104
0.0116835
0.0116562
0.0116285
0.0116003
0.0115718
0.0115428
0.0115135
0.0114838
0.0114538
0.0114234
0.0113927
0.0113616
0.0113303
0.0112987
0.0112667
0.0112345
0.0112021
0.0111694
0.0111365
0.0111033
0.01107
0.0110364
0.0110027
0.0109688
0.0109348
0.0109006
0.0108663
0.0108318
0.0107973
0.0107627
0.010728
0.0106933
0.0106585
0.0106236
0.0105887
0.0105539
0.010519
0.0104841
0.0104492
0.0104144
0.0103796
0.0103449
0.0103102
0.0102756
0.0102411
0.0102067
0.0101724
0.0101382
0.0101042
0.0100702
0.0100364
0.0100028
0.00996929
0.00993597
0.00990281
0.00986984
0.00983705
0.00980445
0.00977205
0.00973985
0.00970787
0.00967609
0.00964453
0.0096132
0.00958209
0.00955121
0.00952056
0.00949015
0.00945998
0.00943005
0.00940036
0.00937091
0.00934171
0.00931275
0.00928404
0.00925558
0.00922736
0.00919938
0.00917165
0.00914416
0.00911691
0.0090899
0.00906313
0.00903659
0.00901028
0.0089842
0.00895835
0.00893271
0.0089073
0.00888209
0.0088571
0.00883231
0.00880771
0.00878331
0.0087591
0.00873507
0.00871122
0.00868754
0.00866402
0.00864066
0.00861746
0.00859439
0.00857147
0.00854868
0.00852601
0.00850345
0.00848101
0.00845866
0.00843641
0.00841425
0.00839217
0.00837015
0.0083482
0.0083263
0.00830445
0.00828263
0.00826085
0.00823909
0.00821734
0.0081956
0.00817386
0.0081521
0.00813033
0.00810853
0.00808669
0.00806481
0.00804288
0.00802089
0.00799883
0.0079767
0.00795449
0.00793218
0.00790978
0.00788727
0.00786465
0.00784191
0.00781904
0.00779604
0.00777289
0.0077496
0.00772614
0.00770253
0.00767875
0.00765479
0.00763065
0.00760633
0.00758181
0.00755709
0.00753217
0.00750703
0.00748168
0.00745611
0.00743031
0.00740428
0.00737802
0.00735151
0.00732477
0.00729777
0.00727052
0.00724301
0.00721524
0.00718721
0.0071589
0.00713033
0.00710149
0.00707237
0.00704297
0.00701329
0.00698332
0.00695307
0.00692254
0.00689171
0.00686059
0.00682918
0.00679748
0.00676548
0.00673318
0.00670059
0.0066677
0.00663452
0.00660103
0.00656725
0.00653317
0.0064988
0.00646413
0.00642916
0.00639389
0.00635833
0.00632248
0.00628633
0.0062499
0.00621317
0.00617615
0.00613885
0.00610126
0.00606339
0.00602524
0.0059868
0.00594809
0.00590911
0.00586986
0.00583033
0.00579054
0.00575048
0.00571016
0.00566959
0.00562875
0.00558767
0.00554634
0.00550476
0.00546294
0.00542088
0.00537858
0.00533605
0.00529329
0.00525031
0.0052071
0.00516368
0.00512004
0.0050762
0.00503214
0.00498788
0.00494343
0.00489878
0.00485393
0.00480891
0.00476369
0.0047183
0.00467273
0.00462699
0.00458108
0.00453501
0.00448878
0.0044424
0.00439586
0.00434917
0.00430234
0.00425537
0.00420826
0.00416101
0.00411364
0.00406615
0.00401853
0.0039708
0.00392295
0.00387498
0.00382692
0.00377875
0.00373047
0.00368211
0.00363365
0.00358509
0.00353646
0.00348773
0.00343893
0.00339005
0.0033411
0.00329208
0.00324299
0.00319383
0.00314461
0.00309533
0.003046
0.00299661
0.00294717
0.00289768
0.00284814
0.00279856
0.00274894
0.00269928
0.00264958
0.00259985
0.00255009
0.00250029
0.00245047
0.00240062
0.00235075
0.00230085
0.00225093
0.002201
0.00215104
0.00210107
0.00205109
0.00200109
0.00195108
0.00190107
0.00185104
0.00180101
0.00175097
0.00170093
0.00165088
0.00160083
0.00155078
0.00150074
0.00145069
0.00140064
0.0013506
0.00130056
0.00125053
0.0012005
0.00115048
0.00110047
0.00105046
0.00100047
0.000950483
0.000900508
0.000850545
0.000800593
0.000750655
0.00070073
0.000650819
0.000600923
0.000551042
0.000501177
0.000451329
0.000401499
0.000351686
0.000301892
0.000252117
0.000202362
0.000152627
0.000102914
5.32223e-05
3.55317e-06
-4.60928e-05
-9.57148e-05
-0.000145312
-0.000194885
-0.000244431
-0.00029395
-0.000343442
-0.000392905
-0.000442339
-0.000491743
-0.000541117
-0.000590458
-0.000639766
-0.000689041
-0.000738281
-0.000787486
-0.000836653
-0.000885783
-0.000934874
-0.000983924
-0.00103293
-0.0010819
-0.00113082
-0.0011797
-0.00122853
-0.00127732
-0.00132605
-0.00137474
-0.00142337
-0.00147195
-0.00152048
-0.00156894
-0.00161735
-0.0016657
-0.00171399
-0.00176222
-0.00181038
-0.00185847
-0.0019065
-0.00195446
-0.00200234
-0.00205015
-0.00209788
-0.00214554
-0.00219311
-0.00224061
-0.00228802
-0.00233534
-0.00238258
-0.00242972
-0.00247677
-0.00252373
-0.00257059
-0.00261735
-0.00266401
-0.00271057
-0.00275702
-0.00280336
-0.0028496
-0.00289572
-0.00294172
-0.00298761
-0.00303337
-0.00307902
-0.00312454
-0.00316993
-0.00321519
-0.00326032
-0.00330532
-0.00335018
-0.0033949
-0.00343948
-0.00348392
-0.00352821
-0.00357235
-0.00361634
-0.00366018
-0.00370387
-0.00374739
-0.00379076
-0.00383396
-0.003877
-0.00391988
-0.00396258
-0.00400512
-0.00404748
-0.00408967
-0.00413168
-0.00417351
-0.00421516
-0.00425663
-0.00429791
-0.00433901
-0.00437992
-0.00442064
-0.00446117
-0.0045015
-0.00454164
-0.00458158
-0.00462132
-0.00466087
-0.00470021
-0.00473935
-0.00477829
-0.00481702
-0.00485554
-0.00489386
-0.00493197
-0.00496987
-0.00500756
-0.00504504
-0.0050823
-0.00511935
-0.00515619
-0.00519282
-0.00522922
-0.00526542
-0.00530139
-0.00533715
-0.00537269
-0.00540802
-0.00544312
-0.00547801
-0.00551268
-0.00554714
-0.00558137
-0.00561539
-0.00564919
-0.00568277
-0.00571613
-0.00574928
-0.00578221
-0.00581492
-0.00584742
-0.0058797
-0.00591177
-0.00594363
-0.00597527
-0.00600669
-0.00603791
-0.00606891
-0.00609971
-0.00613029
-0.00616067
-0.00619084
-0.00622081
-0.00625057
-0.00628013
-0.00630948
-0.00633864
-0.00636759
-0.00639635
-0.00642491
-0.00645327
-0.00648144
-0.00650942
-0.00653721
-0.00656481
-0.00659222
-0.00661944
-0.00664649
-0.00667335
-0.00670002
-0.00672652
-0.00675285
-0.00677899
-0.00680496
-0.00683077
-0.0068564
-0.00688186
-0.00690716
-0.00693229
-0.00695726
-0.00698207
-0.00700672
-0.00703121
-0.00705555
-0.00707973
-0.00710377
-0.00712765
-0.00715138
-0.00717497
-0.00719842
-0.00722172
-0.00724488
-0.00726791
-0.0072908
-0.00731355
-0.00733616
-0.00735865
-0.00738101
-0.00740323
-0.00742534
-0.00744731
-0.00746916
-0.00749089
-0.0075125
-0.00753399
-0.00755536
-0.00757662
-0.00759776
-0.00761878
-0.0076397
-0.0076605
-0.00768119
-0.00770178
-0.00772226
-0.00774262
-0.00776289
-0.00778305
-0.0078031
-0.00782306
-0.00784291
-0.00786266
-0.00788231
-0.00790186
-0.00792131
-0.00794066
-0.00795991
-0.00797907
-0.00799813
-0.00801709
-0.00803595
-0.00805472
-0.0080734
-0.00809197
-0.00811045
-0.00812884
-0.00814713
-0.00816532
-0.00818342
-0.00820142
-0.00821933
-0.00823714
-0.00825485
-0.00827246
-0.00828998
-0.0083074
-0.00832471
-0.00834193
-0.00835905
-0.00837607
-0.00839299
-0.0084098
-0.00842651
-0.00844311
-0.00845961
-0.00847601
-0.00849229
-0.00850847
-0.00852453
-0.00854049
-0.00855633
-0.00857206
-0.00858768
-0.00860317
-0.00861855
-0.00863382
-0.00864895
-0.00866397
-0.00867886
-0.00869363
-0.00870827
-0.00872278
-0.00873716
-0.00875141
-0.00876552
-0.0087795
-0.00879333
-0.00880703
-0.00882059
-0.008834
-0.00884726
-0.00886038
-0.00887334
-0.00888616
-0.00889882
-0.00891132
-0.00892367
-0.00893585
-0.00894788
-0.00895973
-0.00897142
-0.00898294
-0.00899429
-0.00900547
-0.00901647
-0.00902729
-0.00903793
-0.00904839
-0.00905867
-0.00906875
-0.00907865
-0.00908836
-0.00909787
-0.0091072
-0.00911633
-0.00912528
-0.00913404
-0.0091426
-0.00915098
-0.00915915
-0.00916713
-0.0091749
-0.00918246
-0.00918982
-0.00919697
-0.0092039
-0.00921061
-0.00921711
-0.00922338
-0.00922943
-0.00923526
-0.00924085
-0.00924621
-0.00925133
-0.00925622
-0.00926087
-0.00926528
-0.00926944
-0.00927335
-0.00927702
-0.00928043
-0.00928359
-0.0092865
-0.00928915
-0.00929153
-0.00929366
-0.00929552
-0.00929712
-0.00929845
-0.00929951
-0.0093003
-0.00930082
-0.00930106
-0.00930103
-0.00930072
-0.00930013
-0.00929927
-0.00929812
-0.00929669
-0.00929497
-0.00929297
-0.00929069
-0.00928812
-0.00928526
-0.00928211
-0.00927867
-0.00927494
-0.00927092
-0.00926661
-0.00926201
-0.00925711
-0.00925192
-0.00924644
-0.00924066
-0.00923459
-0.00922823
-0.00922157
-0.00921461
-0.00920736
-0.00919981
-0.00919197
-0.00918384
-0.00917541
-0.00916668
-0.00915766
-0.00914835
-0.00913874
-0.00912883
-0.00911864
-0.00910815
-0.00909737
-0.0090863
-0.00907494
-0.00906328
-0.00905134
-0.00903911
-0.00902659
-0.00901378
-0.00900068
-0.0089873
-0.00897363
-0.00895968
-0.00894544
-0.00893093
-0.00891613
-0.00890105
-0.00888569
-0.00887005
-0.00885413
-0.00883794
-0.00882147
-0.00880473
-0.00878772
-0.00877043
-0.00875287
-0.00873505
-0.00871695
-0.00869859
-0.00867996
-0.00866107
-0.00864191
-0.0086225
-0.00860282
-0.00858288
-0.00856268
-0.00854223
-0.00852152
-0.00850055
-0.00847934
-0.00845787
-0.00843615
-0.00841418
-0.00839196
-0.0083695
-0.00834679
-0.00832383
-0.00830064
-0.0082772
-0.00825352
-0.00822961
-0.00820545
-0.00818106
-0.00815644
-0.00813158
-0.00810649
-0.00808116
-0.00805561
-0.00802983
-0.00800382
-0.00797759
-0.00795113
-0.00792445
-0.00789754
-0.00787042
-0.00784307
-0.00781551
-0.00778773
-0.00775973
-0.00773151
-0.00770309
-0.00767445
-0.0076456
-0.00761654
-0.00758727
-0.00755779
-0.00752811
-0.00749822
-0.00746813
-0.00743783
-0.00740734
-0.00737664
-0.00734574
-0.00731465
-0.00728336
-0.00725187
-0.00722019
-0.00718831
-0.00715624
-0.00712399
-0.00709154
-0.0070589
-0.00702608
-0.00699307
-0.00695988
-0.0069265
-0.00689294
-0.0068592
-0.00682528
-0.00679119
-0.00675691
-0.00672246
-0.00668783
-0.00665304
-0.00661807
-0.00658292
-0.00654762
-0.00651214
-0.00647649
-0.00644068
-0.00640471
-0.00636858
-0.00633228
-0.00629583
-0.00625922
-0.00622245
-0.00618552
-0.00614845
-0.00611122
-0.00607384
-0.00603631
-0.00599864
-0.00596082
-0.00592285
-0.00588474
-0.0058465
-0.00580811
-0.00576959
-0.00573093
-0.00569213
-0.00565321
-0.00561415
-0.00557496
-0.00553565
-0.00549621
-0.00545665
-0.00541697
-0.00537717
-0.00533725
-0.00529721
-0.00525706
-0.00521679
-0.00517642
-0.00513593
-0.00509534
-0.00505465
-0.00501385
-0.00497295
-0.00493195
-0.00489085
-0.00484966
-0.00480837
-0.004767
-0.00472553
-0.00468397
-0.00464233
-0.00460061
-0.0045588
-0.00451691
-0.00447495
-0.00443291
-0.00439079
-0.0043486
-0.00430635
-0.00426402
-0.00422162
-0.00417916
-0.00413664
-0.00409406
-0.00405141
-0.00400871
-0.00396595
-0.00392314
-0.00388028
-0.00383736
-0.00379439
-0.00375138
-0.00370832
-0.00366522
-0.00362207
-0.00357888
-0.00353566
-0.00349239
-0.00344909
-0.00340575
-0.00336238
-0.00331897
-0.00327554
-0.00323207
-0.00318858
-0.00314505
-0.0031015
-0.00305793
-0.00301433
-0.00297071
-0.00292706
-0.0028834
-0.00283971
-0.00279601
-0.00275228
-0.00270854
-0.00266479
-0.00262102
-0.00257723
-0.00253343
-0.00248962
-0.00244579
-0.00240195
-0.0023581
-0.00231424
-0.00227037
-0.0022265
-0.00218261
-0.00213872
-0.00209481
-0.00205091
-0.00200699
-0.00196307
-0.00191915
-0.00187522
-0.00183129
-0.00178735
-0.00174342
-0.00169948
-0.00165554
-0.0016116
-0.00156766
-0.00152373
-0.00147979
-0.00143586
-0.00139194
-0.00134801
-0.0013041
-0.00126019
-0.00121629
-0.0011724
-0.00112852
-0.00108466
-0.00104081
-0.000996971
-0.000953151
-0.000909351
-0.000865571
-0.000821814
-0.000778082
-0.000734377
-0.0006907
-0.000647056
-0.000603445
-0.000559871
-0.000516336
-0.000472843
-0.000429396
-0.000385998
-0.000342651
-0.000299359
-0.000256126
-0.000212956
-0.000169852
-0.000126818
-8.38596e-05
-4.09797e-05
1.81678e-06
4.45252e-05
8.71408e-05
0.000129659
0.000172074
0.00021438
0.000256574
0.000298648
0.000340598
0.000382417
0.0004241
0.00046564
0.000507031
0.000548267
0.000589341
0.000630247
0.000670978
0.000711526
0.000751886
0.00079205
0.000832011
0.000871761
0.000911294
0.000950601
0.000989676
0.00102851
0.0010671
0.00110543
0.00114349
0.00118129
0.00121881
0.00125604
0.00129298
0.00132961
0.00136594
0.00140194
0.00143762
0.00147297
0.00150798
0.00154264
0.00157694
0.00161088
0.00164445
0.00167765
0.00171045
0.00174287
0.00177488
0.0018065
0.00183769
0.00186848
0.00189883
0.00192876
0.00195825
0.00198729
0.00201589
0.00204404
0.00207172
0.00209895
0.00212571
0.00215199
0.0021778
0.00220313
0.00222798
0.00225234
0.00227621
0.00229959
0.00232248
0.00234487
0.00236676
0.00238815
0.00240904
0.00242943
0.00244931
0.0024687
0.00248758
0.00250595
0.00252383
0.00254121
0.00255808
0.00257446
0.00259034
0.00260573
0.00262063
0.00263505
0.00264897
0.00266242
0.00267539
0.00268789
0.00269992
0.00271149
0.00272259
0.00273325
0.00274346
0.00275322
0.00276256
0.00277146
0.00277994
0.00278801
0.00279567
0.00280293
0.00280979
0.00281628
0.00282238
0.00282812
0.0028335
0.00283853
0.00284322
0.00284757
0.00285161
0.00285532
0.00285874
0.00286186
0.00286469
0.00286725
0.00286955
0.00287159
0.00287339
0.00287495
0.0028763
0.00287742
0.00287835
0.00287908
0.00287964
0.00288002
0.00288024
0.00288031
0.00288025
0.00288005
0.00287974
0.00287932
0.0028788
0.0028782
0.00287752
0.00287677
0.00287597
0.00287512
0.00287424
0.00287333
0.0028724
0.00287147
0.00287054
0.00286962
0.00286873
0.00286786
0.00286704
