-0.000357143
0.000989651
0.00227183
0.00349126
0.00464976
0.00574912
0.00679109
0.00845735
0.0077774
0.00870968
0.00958962
0.0104188
0.0111989
0.0119313
0.0126176
0.0132593
0.0138577
0.0144144
0.0149307
0.015408
0.0158475
0.0162505
0.0166184
0.0169523
0.0172534
0.0175229
0.017762
0.0179718
0.0181533
0.0183076
0.0184358
0.0185389
0.0186178
0.0186735
0.0187069
0.018719
0.0187106
0.0186826
0.0186359
0.0185712
0.0184893
0.018391
0.0182771
0.0181483
0.0180053
0.0178488
0.0176794
0.0174978
0.0173046
0.0171005
0.0168859
0.0166614
0.0164275
0.0161848
0.0159338
0.0156751
0.015409
0.015136
0.0148567
0.0145714
0.0142806
0.0139846
0.0136839
0.0133789
0.0130698
0.0127571
0.0124411
0.0121221
0.0118004
0.0114764
0.0111502
0.0108222
0.0104927
0.0101618
0.00982992
0.00949716
0.00916377
0.00882998
0.00849598
0.00816195
0.00782809
0.00749456
0.00716153
0.00682915
0.00649757
0.00616693
0.00583737
0.005509
0.00518196
0.00485634
0.00453227
0.00420983
0.00388912
0.00357024
0.00325326
0.00293826
0.00262531
0.0023145
0.00200587
0.00169949
0.00139541
0.00109369
0.00079438
0.00049752
0.000203153
-8.86808e-05
-0.000377947
-0.000664611
-0.000948643
-0.00123002
-0.0015087
-0.00178468
-0.00205792
-0.00232842
-0.00259614
-0.00286109
-0.00312323
-0.00338257
-0.00363908
-0.00389276
-0.0041436
-0.00439159
-0.00463672
-0.004879
-0.00511842
-0.00535497
-0.00558865
-0.00581946
-0.00604741
-0.00627248
-0.00649469
-0.00671404
-0.00693052
-0.00714414
-0.00735492
-0.00756284
-0.00776792
-0.00797017
-0.00816958
-0.00836618
-0.00855996
-0.00875094
-0.00893913
-0.00912453
-0.00930716
-0.00948702
-0.00966414
-0.00983852
-0.0100102
-0.0101791
-0.0103454
-0.0105089
-0.0106698
-0.0108281
-0.0109837
-0.0111367
-0.0112871
-0.011435
-0.0115802
-0.0117229
-0.0118631
-0.0120008
-0.012136
-0.0122687
-0.012399
-0.0125269
-0.0126524
-0.0127754
-0.0128962
-0.0130146
-0.0131307
-0.0132445
-0.013356
-0.0134653
-0.0135724
-0.0136773
-0.01378
-0.0138806
-0.0139791
-0.0140754
-0.0141697
-0.014262
-0.0143523
-0.0144405
-0.0145268
-0.0146112
-0.0146936
-0.0147741
-0.0148528
-0.0149296
-0.0150047
-0.0150779
-0.0151494
-0.0152191
-0.0152871
-0.0153534
-0.0154181
-0.0154811
-0.0155425
-0.0156023
-0.0156605
-0.0157172
-0.0157724
-0.0158261
-0.0158783
-0.015929
-0.0159783
-0.0160262
-0.0160727
-0.0161179
-0.0161617
-0.0162041
-0.0162453
-0.0162852
-0.0163238
-0.0163612
-0.0163973
-0.0164323
-0.016466
-0.0164986
-0.0165301
-0.0165603
-0.0165895
-0.0166176
-0.0166446
-0.0166705
-0.0166954
-0.0167192
-0.016742
-0.0167638
-0.0167846
-0.0168044
-0.0168233
-0.0168412
-0.0168581
-0.0168741
-0.0168892
-0.0169034
-0.0169167
-0.0169291
-0.0169406
-0.0169512
-0.016961
-0.0169699
-0.016978
-0.0169853
-0.0169917
-0.0169973
-0.0170021
-0.017006
-0.0170092
-0.0170116
-0.0170132
-0.017014
-0.017014
-0.0170133
-0.0170118
-0.0170095
-0.0170064
-0.0170026
-0.016998
-0.0169927
-0.0169867
-0.0169799
-0.0169723
-0.016964
-0.016955
-0.0169452
-0.0169347
-0.0169234
-0.0169114
-0.0168987
-0.0168852
-0.0168711
-0.0168561
-0.0168405
-0.0168241
-0.016807
-0.0167892
-0.0167706
-0.0167513
-0.0167313
-0.0167106
-0.0166891
-0.0166669
-0.016644
-0.0166203
-0.0165959
-0.0165708
-0.016545
-0.0165185
-0.0164912
-0.0164632
-0.0164345
-0.016405
-0.0163749
-0.016344
-0.0163124
-0.0162801
-0.0162471
-0.0162133
-0.0161789
-0.0161437
-0.0161078
-0.0160713
-0.016034
-0.015996
-0.0159573
-0.015918
-0.0158779
-0.0158372
-0.0157957
-0.0157536
-0.0157108
-0.0156674
-0.0156233
-0.0155785
-0.015533
-0.0154869
-0.0154402
-0.0153928
-0.0153448
-0.0152961
-0.0152468
-0.0151969
-0.0151464
-0.0150953
-0.0150436
-0.0149913
-0.0149384
-0.014885
-0.0148309
-0.0147764
-0.0147212
-0.0146655
-0.0146093
-0.0145526
-0.0144953
-0.0144376
-0.0143793
-0.0143206
-0.0142614
-0.0142017
-0.0141415
-0.0140809
-0.0140199
-0.0139585
-0.0138966
-0.0138343
-0.0137716
-0.0137086
-0.0136452
-0.0135814
-0.0135172
-0.0134528
-0.013388
-0.0133229
-0.0132575
-0.0131917
-0.0131258
-0.0130595
-0.012993
-0.0129263
-0.0128593
-0.0127921
-0.0127247
-0.0126572
-0.0125894
-0.0125215
-0.0124534
-0.0123852
-0.0123168
-0.0122483
-0.0121798
-0.0121111
-0.0120424
-0.0119736
-0.0119047
-0.0118358
-0.0117669
-0.0116979
-0.011629
-0.01156
-0.0114911
-0.0114222
-0.0113534
-0.0112846
-0.0112159
-0.0111473
-0.0110787
-0.0110103
-0.010942
-0.0108738
-0.0108057
-0.0107378
-0.0106701
-0.0106025
-0.0105351
-0.010468
-0.010401
-0.0103342
-0.0102677
-0.0102014
-0.0101353
-0.0100696
-0.010004
-0.00993879
-0.00987384
-0.00980918
-0.00974483
-0.00968079
-0.00961708
-0.0095537
-0.00949066
-0.00942798
-0.00936565
-0.00930369
-0.0092421
-0.0091809
-0.00912008
-0.00905967
-0.00899965
-0.00894005
-0.00888087
-0.00882212
-0.00876379
-0.0087059
-0.00864846
-0.00859147
-0.00853493
-0.00847885
-0.00842324
-0.0083681
-0.00831344
-0.00825926
-0.00820556
-0.00815236
-0.00809965
-0.00804743
-0.00799572
-0.00794451
-0.00789381
-0.00784363
-0.00779395
-0.0077448
-0.00769616
-0.00764805
-0.00760046
-0.0075534
-0.00750687
-0.00746087
-0.0074154
-0.00737046
-0.00732606
-0.00728219
-0.00723886
-0.00719607
-0.00715381
-0.00711209
-0.00707091
-0.00703027
-0.00699016
-0.0069506
-0.00691157
-0.00687307
-0.00683511
-0.00679769
-0.0067608
-0.00672444
-0.00668861
-0.00665332
-0.00661855
-0.00658431
-0.0065506
-0.0065174
-0.00648473
-0.00645258
-0.00642095
-0.00638983
-0.00635923
-0.00632913
-0.00629954
-0.00627046
-0.00624188
-0.0062138
-0.00618622
-0.00615913
-0.00613253
-0.00610642
-0.00608079
-0.00605565
-0.00603099
-0.0060068
-0.00598308
-0.00595984
-0.00593706
-0.00591474
-0.00589288
-0.00587147
-0.00585052
-0.00583002
-0.00580997
-0.00579036
-0.00577118
-0.00575244
-0.00573414
-0.00571626
-0.00569881
-0.00568178
-0.00566517
-0.00564898
-0.0056332
-0.00561783
-0.00560287
-0.00558831
-0.00557415
-0.00556038
-0.00554701
-0.00553403
-0.00552144
-0.00550924
-0.00549742
-0.00548598
-0.00547491
-0.00546422
-0.00545391
-0.00544396
-0.00543438
-0.00542517
-0.00541632
-0.00540783
-0.0053997
-0.00539192
-0.0053845
-0.00537744
-0.00537073
-0.00536436
-0.00535835
-0.00535268
-0.00534736
-0.00534238
-0.00533774
-0.00533345
-0.0053295
-0.00532589
-0.00532262
-0.00531969
-0.00531709
-0.00531483
-0.00531291
-0.00531133
-0.00531008
-0.00530917
-0.0053086
-0.00530836
-0.00530846
-0.0053089
-0.00530967
-0.00531078
-0.00531223
-0.00531402
-0.00531614
-0.00531861
-0.00532141
-0.00532456
-0.00532805
-0.00533188
-0.00533606
-0.00534058
-0.00534545
-0.00535067
-0.00535624
-0.00536216
-0.00536843
-0.00537506
-0.00538204
-0.00538937
-0.00539707
-0.00540513
-0.00541355
-0.00542233
-0.00543148
-0.005441
-0.00545089
-0.00546115
-0.00547179
-0.0054828
-0.00549419
-0.00550596
-0.00551811
-0.00553064
-0.00554357
-0.00555688
-0.00557058
-0.00558467
-0.00559916
-0.00561405
-0.00562934
-0.00564503
-0.00566112
-0.00567762
-0.00569452
-0.00571184
-0.00572956
-0.0057477
-0.00576626
-0.00578523
-0.00580462
-0.00582443
-0.00584467
-0.00586533
-0.00588642
-0.00590793
-0.00592988
-0.00595225
-0.00597506
-0.0059983
-0.00602198
-0.00604609
-0.00607065
-0.00609564
-0.00612106
-0.00614693
-0.00617325
-0.0062
-0.0062272
-0.00625484
-0.00628292
-0.00631145
-0.00634043
-0.00636985
-0.00639962
-0.00642981
-0.00646044
-0.00649151
-0.00652301
-0.00655494
-0.00658732
-0.00662013
-0.00665338
-0.00668706
-0.00672119
-0.00675575
-0.00679075
-0.00682619
-0.00686206
-0.00689837
-0.00693512
-0.0069723
-0.00700992
-0.00704797
-0.00708644
-0.00712535
-0.00716468
-0.00720444
-0.00724463
-0.00728523
-0.00732625
-0.00736769
-0.00740954
-0.00745181
-0.00749448
-0.00753755
-0.00758103
-0.00762491
-0.00766918
-0.00771384
-0.00775889
-0.00780433
-0.00785014
-0.00789633
-0.0079429
-0.00798983
-0.00803712
-0.00808478
-0.00813278
-0.00818114
-0.00822984
-0.00827889
-0.00832826
-0.00837797
-0.008428
-0.00847836
-0.00852902
-0.00858
-0.00863128
-0.00868285
-0.00873472
-0.00878688
-0.00883931
-0.00889202
-0.008945
-0.00899825
-0.00905175
-0.0091055
-0.00915949
-0.00921373
-0.00926819
-0.00932288
-0.0093778
-0.00943292
-0.00948825
-0.00954378
-0.00959951
-0.00965542
-0.00971152
-0.00976778
-0.00982422
-0.00988081
-0.00993756
-0.00999445
-0.0100515
-0.0101087
-0.010166
-0.0102234
-0.0102809
-0.0103385
-0.0103963
-0.0104541
-0.010512
-0.01057
-0.0106281
-0.0106862
-0.0107444
-0.0108026
-0.0108609
-0.0109192
-0.0109775
-0.0110359
-0.0110943
-0.0111527
-0.0112111
-0.0112694
-0.0113278
-0.0113862
-0.0114445
-0.0115028
-0.0115611
-0.0116193
-0.0116774
-0.0117355
-0.0117935
-0.0118515
-0.0119094
-0.0119671
-0.0120248
-0.0120824
-0.0121399
-0.0121972
-0.0122545
-0.0123116
-0.0123685
-0.0124253
-0.012482
-0.0125385
-0.0125949
-0.012651
-0.012707
-0.0127628
-0.0128185
-0.0128739
-0.0129291
-0.0129841
-0.0130389
-0.0130934
-0.0131477
-0.0132018
-0.0132556
-0.0133092
-0.0133625
-0.0134156
-0.0134684
-0.0135209
-0.0135731
-0.013625
-0.0136766
-0.0137279
-0.0137789
-0.0138295
-0.0138799
-0.0139298
-0.0139795
-0.0140288
-0.0140777
-0.0141263
-0.0141745
-0.0142224
-0.0142698
-0.0143169
-0.0143635
-0.0144098
-0.0144556
-0.014501
-0.014546
-0.0145906
-0.0146347
-0.0146784
-0.0147216
-0.0147643
-0.0148066
-0.0148484
-0.0148898
-0.0149306
-0.0149709
-0.0150108
-0.0150501
-0.0150889
-0.0151272
-0.015165
-0.0152022
-0.0152389
-0.015275
-0.0153106
-0.0153456
-0.01538
-0.0154138
-0.0154471
-0.0154798
-0.0155118
-0.0155433
-0.0155741
-0.0156044
-0.015634
-0.0156629
-0.0156912
-0.0157189
-0.0157459
-0.0157723
-0.015798
-0.015823
-0.0158473
-0.015871
-0.015894
-0.0159162
-0.0159378
-0.0159586
-0.0159788
-0.0159982
-0.0160169
-0.0160348
-0.016052
-0.0160685
-0.0160842
-0.0160992
-0.0161134
-0.0161269
-0.0161395
-0.0161514
-0.0161626
-0.0161729
-0.0161825
-0.0161913
-0.0161992
-0.0162064
-0.0162128
-0.0162184
-0.0162232
-0.0162272
-0.0162303
-0.0162327
-0.0162342
-0.016235
-0.0162349
-0.016234
-0.0162323
-0.0162297
-0.0162264
-0.0162222
-0.0162172
-0.0162114
-0.0162048
-0.0161974
-0.0161891
-0.0161801
-0.0161702
-0.0161596
-0.0161481
-0.0161359
-0.0161229
-0.016109
-0.0160944
-0.0160791
-0.0160629
-0.016046
-0.0160284
-0.01601
-0.0159909
-0.015971
-0.0159504
-0.0159291
-0.0159071
-0.0158845
-0.0158611
-0.0158371
-0.0158124
-0.0157871
-0.0157611
-0.0157346
-0.0157074
-0.0156797
-0.0156513
-0.0156225
-0.0155931
-0.0155631
-0.0155327
-0.0155018
-0.0154704
-0.0154386
-0.0154063
-0.0153736
-0.0153406
-0.0153072
-0.0152734
-0.0152393
-0.0152049
-0.0151703
-0.0151354
-0.0151003
-0.0150649
-0.0150294
-0.0149938
-0.014958
-0.0149221
-0.0148862
-0.0148502
-0.0148142
-0.0147781
-0.0147422
-0.0147063
-0.0146705
-0.0146348
-0.0145993
-0.014564
-0.0145288
-0.0144939
-0.0144593
-0.014425
-0.014391
-0.0143574
-0.0143242
-0.0142914
-0.0142591
-0.0142272
-0.0141958
-0.014165
-0.0141348
-0.0141051
-0.0140761
-0.0140477
-0.0140201
-0.0139931
-0.0139669
-0.0139414
-0.0139167
-0.0138929
-0.0138699
-0.0138478
-0.0138265
-0.0138062
-0.0137868
-0.0137684
-0.013751
-0.0137346
-0.0137192
-0.0137049
-0.0136916
-0.0136794
-0.0136683
-0.0136583
-0.0136495
-0.0136418
-0.0136353
-0.0136299
-0.0136257
-0.0136227
-0.0136209
-0.0136203
-0.0136209
-0.0136228
-0.0136258
-0.0136301
-0.0136356
-0.0136424
-0.0136504
-0.0136596
-0.01367
-0.0136816
-0.0136945
-0.0137086
-0.0137238
-0.0137403
-0.0137579
-0.0137768
-0.0137967
-0.0138179
-0.0138401
-0.0138635
-0.0138879
-0.0139135
-0.0139401
-0.0139678
-0.0139964
-0.0140261
-0.0140568
-0.0140884
-0.014121
-0.0141544
-0.0141887
-0.0142239
-0.01426
-0.0142968
-0.0143344
-0.0143727
-0.0144117
-0.0144514
-0.0144918
-0.0145328
-0.0145744
-0.0146165
-0.0146591
-0.0147023
-0.0147459
-0.0147899
-0.0148343
-0.0148791
-0.0149241
-0.0149695
-0.0150151
-0.015061
-0.015107
-0.0151532
-0.0151996
-0.015246
-0.0152924
-0.0153389
-0.0153854
-0.0154319
-0.0154782
-0.0155245
-0.0155707
-0.0156167
-0.0156625
-0.0157081
-0.0157534
-0.0157985
-0.0158432
-0.0158877
-0.0159318
-0.0159755
-0.0160188
-0.0160617
-0.0161041
-0.0161461
-0.0161876
-0.0162286
-0.016269
-0.0163089
-0.0163483
-0.0163871
-0.0164253
-0.0164628
-0.0164998
-0.0165361
-0.0165717
-0.0166067
-0.0166411
-0.0166747
-0.0167077
-0.0167399
-0.0167715
-0.0168024
-0.0168325
-0.0168619
-0.0168906
-0.0169186
-0.0169458
-0.0169723
-0.0169981
-0.0170232
-0.0170475
-0.0170711
-0.017094
-0.0171162
-0.0171376
-0.0171584
-0.0171784
-0.0171978
-0.0172164
-0.0172344
-0.0172517
-0.0172683
-0.0172843
-0.0172996
-0.0173143
-0.0173284
-0.0173418
-0.0173546
-0.0173669
-0.0173785
-0.0173896
-0.0174001
-0.0174101
-0.0174196
-0.0174286
-0.017437
-0.017445
-0.0174525
-0.0174595
-0.0174661
-0.0174722
-0.017478
-0.0174834
-0.0174883
-0.0174929
-0.0174972
-0.0175011
-0.0175047
-0.017508
-0.017511
-0.0175138
-0.0175162
-0.0175185
-0.0175205
-0.0175223
-0.0175239
-0.0175253
-0.0175265
-0.0175276
-0.0175285
-0.0175293
-0.01753
-0.0175306
-0.0175311
-0.0175315
-0.0175319
-0.0175322
-0.0175324
-0.0175326
-0.0175328
-0.017533
-0.0175332
-0.0175334
-0.0175336
-0.0175339
-0.0175342
-0.0175345
-0.0175349
-0.0175353
-0.0175358
-0.0175363
-0.017537
-0.0175377
-0.0175385
-0.0175394
-0.0175404
-0.0175415
-0.0175426
-0.0175439
-0.0175453
-0.0175468
-0.0175484
-0.0175502
-0.017552
-0.0175539
-0.017556
-0.0175582
-0.0175604
-0.0175628
-0.0175653
-0.0175679
-0.0175706
-0.0175733
-0.0175762
-0.0175792
-0.0175822
-0.0175853
-0.0175885
-0.0175918
-0.0175951
-0.0175985
-0.0176019
-0.0176054
-0.0176089
-0.0176125
-0.017616
-0.0176196
-0.0176232
-0.0176268
-0.0176304
-0.0176339
-0.0176375
-0.017641
-0.0176444
-0.0176478
-0.0176512
-0.0176544
-0.0176576
-0.0176607
-0.0176636
-0.0176665
-0.0176692
-0.0176718
-0.0176743
-0.0176766
-0.0176787
-0.0176807
-0.0176824
-0.017684
-0.0176853
-0.0176864
-0.0176873
-0.017688
-0.0176883
-0.0176884
-0.0176883
-0.0176878
-0.0176871
-0.017686
-0.0176846
-0.0176829
-0.0176808
-0.0176783
-0.0176755
-0.0176724
-0.0176688
-0.0176648
-0.0176604
-0.0176556
-0.0176504
-0.0176447
-0.0176386
-0.017632
-0.0176249
-0.0176174
-0.0176093
-0.0176008
-0.0175917
-0.0175822
-0.0175721
-0.0175614
-0.0175502
-0.0175385
-0.0175262
-0.0175133
-0.0174998
-0.0174857
-0.0174711
-0.0174558
-0.01744
-0.0174235
-0.0174063
-0.0173886
-0.0173702
-0.0173511
-0.0173314
-0.0173111
-0.01729
-0.0172683
-0.017246
-0.0172229
-0.0171992
-0.0171747
-0.0171496
-0.0171237
-0.0170972
-0.0170699
-0.0170419
-0.0170132
-0.0169838
-0.0169537
-0.0169228
-0.0168913
-0.016859
-0.016826
-0.0167923
-0.0167578
-0.0167227
-0.0166867
-0.0166501
-0.0166127
-0.0165746
-0.0165357
-0.0164961
-0.0164557
-0.0164147
-0.0163728
-0.0163302
-0.0162869
-0.0162428
-0.016198
-0.0161525
-0.0161062
-0.0160591
-0.0160114
-0.0159629
-0.0159136
-0.0158637
-0.015813
-0.0157616
-0.0157095
-0.0156566
-0.0156031
-0.0155489
-0.0154939
-0.0154383
-0.0153819
-0.0153249
-0.0152672
-0.0152088
-0.0151498
-0.0150901
-0.0150297
-0.0149687
-0.0149071
-0.0148448
-0.0147819
-0.0147184
-0.0146543
-0.0145896
-0.0145242
-0.0144583
-0.0143919
-0.0143248
-0.0142572
-0.0141891
-0.0141204
-0.0140512
-0.0139815
-0.0139113
-0.0138406
-0.0137694
-0.0136977
-0.0136255
-0.0135529
-0.0134799
-0.0134064
-0.0133325
-0.0132582
-0.0131835
-0.0131085
-0.013033
-0.0129572
-0.0128811
-0.0128046
-0.0127278
-0.0126506
-0.0125732
-0.0124955
-0.0124175
-0.0123393
-0.0122608
-0.0121821
-0.0121032
-0.012024
-0.0119447
-0.0118652
-0.0117855
-0.0117057
-0.0116257
-0.0115456
-0.0114654
-0.0113851
-0.0113047
-0.0112242
-0.0111437
-0.0110631
-0.0109825
-0.0109019
-0.0108212
-0.0107406
-0.01066
-0.0105794
-0.0104989
-0.0104185
-0.0103381
-0.0102578
-0.0101776
-0.0100975
-0.0100176
-0.00993779
-0.00985814
-0.00977866
-0.00969936
-0.00962025
-0.00954135
-0.00946267
-0.00938423
-0.00930602
-0.00922808
-0.0091504
-0.00907301
-0.00899591
-0.00891912
-0.00884264
-0.0087665
-0.0086907
-0.00861526
-0.00854018
-0.00846548
-0.00839117
-0.00831726
-0.00824376
-0.00817069
-0.00809805
-0.00802586
-0.00795412
-0.00788285
-0.00781206
-0.00774175
-0.00767195
-0.00760265
-0.00753388
-0.00746563
-0.00739792
-0.00733076
-0.00726416
-0.00719813
-0.00713267
-0.0070678
-0.00700353
-0.00693986
-0.00687681
-0.00681437
-0.00675257
-0.00669141
-0.0066309
-0.00657104
-0.00651185
-0.00645332
-0.00639548
-0.00633833
-0.00628187
-0.00622612
-0.00617107
-0.00611674
-0.00606314
-0.00601027
-0.00595813
-0.00590674
-0.0058561
-0.00580622
-0.0057571
-0.00570876
-0.00566119
-0.0056144
-0.0055684
-0.00552319
-0.00547878
-0.00543518
-0.00539238
-0.0053504
-0.00530924
-0.00526891
-0.0052294
-0.00519073
-0.0051529
-0.00511591
-0.00507976
-0.00504447
-0.00501004
-0.00497646
-0.00494375
-0.0049119
-0.00488093
-0.00485083
-0.00482161
-0.00479326
-0.00476581
-0.00473924
-0.00471355
-0.00468876
-0.00466487
-0.00464187
-0.00461978
-0.00459859
-0.0045783
-0.00455891
-0.00454044
-0.00452288
-0.00450623
-0.00449049
-0.00447567
-0.00446177
-0.00444879
-0.00443672
-0.00442558
-0.00441535
-0.00440605
-0.00439768
-0.00439022
-0.00438369
-0.00437809
-0.00437341
-0.00436966
-0.00436684
-0.00436494
-0.00436396
-0.00436391
-0.00436479
-0.00436659
-0.00436931
-0.00437296
-0.00437753
-0.00438303
-0.00438944
-0.00439678
-0.00440503
-0.0044142
-0.00442429
-0.00443529
-0.00444721
-0.00446004
-0.00447378
-0.00448842
-0.00450397
-0.00452043
-0.00453778
-0.00455604
-0.00457519
-0.00459524
-0.00461618
-0.004638
-0.00466072
-0.00468431
-0.00470879
-0.00473414
-0.00476037
-0.00478747
-0.00481543
-0.00484426
-0.00487394
-0.00490448
-0.00493588
-0.00496812
-0.0050012
-0.00503512
-0.00506988
-0.00510547
-0.00514189
-0.00517913
-0.00521718
-0.00525605
-0.00529572
-0.0053362
-0.00537748
-0.00541954
-0.0054624
-0.00550603
-0.00555044
-0.00559562
-0.00564157
-0.00568828
-0.00573574
-0.00578395
-0.0058329
-0.00588258
-0.005933
-0.00598413
-0.00603599
-0.00608856
-0.00614183
-0.0061958
-0.00625046
-0.0063058
-0.00636183
-0.00641852
-0.00647588
-0.0065339
-0.00659256
-0.00665188
-0.00671182
-0.0067724
-0.0068336
-0.00689541
-0.00695784
-0.00702086
-0.00708448
-0.00714868
-0.00721346
-0.00727881
-0.00734472
-0.00741119
-0.00747821
-0.00754577
-0.00761386
-0.00768248
-0.00775161
-0.00782125
-0.0078914
-0.00796204
-0.00803316
-0.00810477
-0.00817685
-0.00824939
-0.00832238
-0.00839582
-0.0084697
-0.00854402
-0.00861876
-0.00869391
-0.00876948
-0.00884544
-0.0089218
-0.00899854
-0.00907566
-0.00915315
-0.00923101
-0.00930922
-0.00938777
-0.00946667
-0.0095459
-0.00962545
-0.00970532
-0.0097855
-0.00986598
-0.00994676
-0.0100278
-0.0101092
-0.0101908
-0.0102727
-0.0103548
-0.0104372
-0.0105199
-0.0106027
-0.0106858
-0.0107692
-0.0108527
-0.0109365
-0.0110205
-0.0111046
-0.011189
-0.0112735
-0.0113582
-0.0114431
-0.0115282
-0.0116134
-0.0116988
-0.0117843
-0.01187
-0.0119557
-0.0120417
-0.0121277
-0.0122139
-0.0123002
-0.0123865
-0.012473
-0.0125596
-0.0126463
-0.012733
-0.0128198
-0.0129067
-0.0129937
-0.0130808
-0.0131679
-0.013255
-0.0133422
-0.0134294
-0.0135167
-0.013604
-0.0136914
-0.0137787
-0.0138661
-0.0139535
-0.0140409
-0.0141284
-0.0142158
-0.0143032
-0.0143906
-0.014478
-0.0145654
-0.0146527
-0.0147401
-0.0148274
-0.0149146
-0.0150018
-0.015089
-0.0151762
-0.0152633
-0.0153503
-0.0154372
-0.0155242
-0.015611
-0.0156977
-0.0157844
-0.015871
-0.0159575
-0.0160439
-0.0161303
-0.0162165
-0.0163026
-0.0163886
-0.0164745
-0.0165602
-0.0166459
-0.0167314
-0.0168167
-0.016902
-0.016987
-0.017072
-0.0171567
-0.0172414
-0.0173258
-0.0174101
-0.0174941
-0.017578
-0.0176617
-0.0177452
-0.0178285
-0.0179116
-0.0179945
-0.0180771
-0.0181596
-0.0182417
-0.0183237
-0.0184053
-0.0184867
-0.0185679
-0.0186487
-0.0187293
-0.0188096
-0.0188896
-0.0189693
-0.0190486
-0.0191276
-0.0192063
-0.0192847
-0.0193626
-0.0194403
-0.0195175
-0.0195944
-0.0196708
-0.0197469
-0.0198225
-0.0198977
-0.0199725
-0.0200468
-0.0201207
-0.0201941
-0.020267
-0.0203394
-0.0204113
-0.0204826
-0.0205535
-0.0206238
-0.0206935
-0.0207626
-0.0208312
-0.0208992
-0.0209665
-0.0210332
-0.0210993
-0.0211647
-0.0212295
-0.0212935
-0.0213569
-0.0214195
-0.0214814
-0.0215425
-0.0216029
-0.0216625
-0.0217214
-0.0217794
-0.0218365
-0.0218929
-0.0219483
-0.0220029
-0.0220566
-0.0221094
-0.0221613
-0.0222122
-0.0222622
-0.0223112
-0.0223592
-0.0224062
-0.0224521
-0.0224971
-0.0225409
-0.0225837
-0.0226254
-0.022666
-0.0227055
-0.0227438
-0.022781
-0.0228169
-0.0228517
-0.0228853
-0.0229177
-0.0229489
-0.0229787
-0.0230074
-0.0230347
-0.0230607
-0.0230855
-0.0231089
-0.0231309
-0.0231516
-0.023171
-0.0231889
-0.0232055
-0.0232207
-0.0232345
-0.0232468
-0.0232577
-0.0232671
-0.0232751
-0.0232817
-0.0232867
-0.0232903
-0.0232924
-0.0232929
-0.023292
-0.0232896
-0.0232856
-0.0232802
-0.0232732
-0.0232646
-0.0232546
-0.023243
-0.0232298
-0.0232152
-0.023199
-0.0231812
-0.0231619
-0.0231411
-0.0231187
-0.0230949
-0.0230695
-0.0230425
-0.0230141
-0.0229842
-0.0229527
-0.0229198
-0.0228854
-0.0228495
-0.0228122
-0.0227734
-0.0227331
-0.0226915
-0.0226484
-0.022604
-0.0225581
-0.0225109
-0.0224624
-0.0224125
-0.0223613
-0.0223088
-0.0222551
-0.0222001
-0.0221439
-0.0220865
-0.0220279
-0.0219682
-0.0219073
-0.0218453
-0.0217822
-0.0217181
-0.021653
-0.0215869
-0.0215198
-0.0214518
-0.0213829
-0.0213131
-0.0212424
-0.021171
-0.0210987
-0.0210258
-0.0209521
-0.0208777
-0.0208027
-0.0207271
-0.0206509
-0.0205742
-0.020497
-0.0204193
-0.0203411
-0.0202626
-0.0201837
-0.0201045
-0.020025
-0.0199453
-0.0198653
-0.0197852
-0.0197049
-0.0196245
-0.0195441
-0.0194636
-0.0193832
-0.0193027
-0.0192224
-0.0191421
-0.0190619
-0.0189819
-0.0189021
-0.0188226
-0.0187433
-0.0186643
-0.0185856
-0.0185073
-0.0184295
-0.018352
-0.018275
-0.0181986
-0.0181226
-0.0180472
-0.0179724
-0.0178983
-0.0178247
-0.0177519
-0.0176797
-0.0176083
-0.0175376
-0.0174677
-0.0173986
-0.0173304
-0.0172629
-0.0171964
-0.0171307
-0.017066
-0.0170021
-0.0169392
-0.0168773
-0.0168164
-0.0167564
-0.0166975
-0.0166395
-0.0165826
-0.0165268
-0.016472
-0.0164182
-0.0163655
-0.016314
-0.0162635
-0.016214
-0.0161657
-0.0161185
-0.0160724
-0.0160274
-0.0159835
-0.0159407
-0.0158991
-0.0158585
-0.0158191
-0.0157807
-0.0157435
-0.0157074
-0.0156724
-0.0156384
-0.0156056
-0.0155738
-0.0155431
-0.0155135
-0.0154849
-0.0154574
-0.0154309
-0.0154055
-0.015381
-0.0153576
-0.0153352
-0.0153138
-0.0152934
-0.0152739
-0.0152554
-0.0152378
-0.0152212
-0.0152054
-0.0151906
-0.0151767
-0.0151636
-0.0151514
-0.01514
-0.0151295
-0.0151198
-0.0151109
-0.0151028
-0.0150954
-0.0150888
-0.0150829
-0.0150778
-0.0150734
-0.0150697
-0.0150666
-0.0150643
-0.0150625
-0.0150615
-0.015061
-0.0150611
-0.0150619
-0.0150632
-0.015065
-0.0150674
-0.0150704
-0.0150738
-0.0150778
-0.0150823
-0.0150872
-0.0150926
-0.0150984
-0.0151047
-0.0151114
-0.0151185
-0.015126
-0.0151339
-0.0151422
-0.0151508
-0.0151597
-0.015169
-0.0151786
-0.0151886
-0.0151988
-0.0152093
-0.0152201
-0.0152312
-0.0152425
-0.0152541
-0.0152659
-0.0152779
-0.0152902
-0.0153026
-0.0153153
-0.0153281
-0.0153411
-0.0153543
-0.0153677
-0.0153812
-0.0153949
-0.0154087
-0.0154227
-0.0154367
-0.0154509
-0.0154652
-0.0154796
-0.0154941
-0.0155087
-0.0155234
-0.0155381
-0.015553
-0.0155679
-0.0155828
-0.0155978
-0.0156129
-0.0156279
-0.0156431
-0.0156582
-0.0156734
-0.0156886
-0.0157038
-0.015719
-0.0157343
-0.0157495
-0.0157647
-0.0157799
-0.0157951
-0.0158103
-0.0158254
-0.0158406
-0.0158556
-0.0158707
-0.0158857
-0.0159006
-0.0159155
-0.0159304
-0.0159452
-0.0159599
-0.0159745
-0.0159891
-0.0160035
-0.0160179
-0.0160322
-0.0160464
-0.0160605
-0.0160745
-0.0160884
-0.0161021
-0.0161158
-0.0161293
-0.0161427
-0.0161559
-0.016169
-0.0161819
-0.0161947
-0.0162074
-0.0162198
-0.0162321
-0.0162443
-0.0162562
-0.016268
-0.0162795
-0.0162909
-0.016302
-0.016313
-0.0163237
-0.0163342
-0.0163445
-0.0163545
-0.0163643
-0.0163739
-0.0163832
-0.0163922
-0.016401
-0.0164095
-0.0164177
-0.0164256
-0.0164332
-0.0164406
-0.0164476
-0.0164543
-0.0164607
-0.0164668
-0.0164726
-0.016478
-0.016483
-0.0164878
-0.0164921
-0.0164961
-0.0164998
-0.016503
-0.0165059
-0.0165084
-0.0165105
-0.0165122
-0.0165135
-0.0165144
-0.0165148
-0.0165149
-0.0165145
-0.0165137
-0.0165124
-0.0165107
-0.0165086
-0.016506
-0.0165029
-0.0164994
-0.0164954
-0.0164909
-0.0164859
-0.0164805
-0.0164745
-0.0164681
-0.0164612
-0.0164537
-0.0164458
-0.0164373
-0.0164283
-0.0164188
-0.0164088
-0.0163982
-0.0163872
-0.0163755
-0.0163634
-0.0163507
-0.0163374
-0.0163236
-0.0163093
-0.0162943
-0.0162789
-0.0162629
-0.0162463
-0.0162291
-0.0162114
-0.0161931
-0.0161743
-0.0161548
-0.0161348
-0.0161142
-0.0160931
-0.0160713
-0.016049
-0.0160261
-0.0160026
-0.0159786
-0.0159539
-0.0159287
-0.0159029
-0.0158765
-0.0158495
-0.015822
-0.0157938
-0.0157651
-0.0157357
-0.0157058
-0.0156754
-0.0156443
-0.0156127
-0.0155804
-0.0155476
-0.0155142
-0.0154803
-0.0154458
-0.0154107
-0.015375
-0.0153387
-0.0153019
-0.0152646
-0.0152266
-0.0151881
-0.0151491
-0.0151095
-0.0150693
-0.0150286
-0.0149874
-0.0149456
-0.0149033
-0.0148604
-0.0148171
-0.0147731
-0.0147287
-0.0146837
-0.0146383
-0.0145923
-0.0145458
-0.0144988
-0.0144514
-0.0144034
-0.0143549
-0.014306
-0.0142566
-0.0142067
-0.0141564
-0.0141056
-0.0140543
-0.0140026
-0.0139505
-0.0138979
-0.0138449
-0.0137915
-0.0137377
-0.0136834
-0.0136288
-0.0135738
-0.0135184
-0.0134626
-0.0134064
-0.0133499
-0.013293
-0.0132358
-0.0131782
-0.0131203
-0.0130621
-0.0130035
-0.0129447
-0.0128855
-0.0128261
-0.0127664
-0.0127064
-0.0126462
-0.0125857
-0.0125249
-0.012464
-0.0124028
-0.0123413
-0.0122797
-0.0122179
-0.0121559
-0.0120937
-0.0120313
-0.0119688
-0.0119062
-0.0118434
-0.0117804
-0.0117174
-0.0116543
-0.011591
-0.0115277
-0.0114643
-0.0114008
-0.0113373
-0.0112737
-0.0112101
-0.0111465
-0.0110828
-0.0110192
-0.0109555
-0.0108919
-0.0108283
-0.0107648
-0.0107013
-0.0106379
-0.0105745
-0.0105112
-0.010448
-0.010385
-0.010322
-0.0102591
-0.0101964
-0.0101339
-0.0100715
-0.0100092
-0.00994715
-0.00988527
-0.00982358
-0.0097621
-0.00970083
-0.00963979
-0.00957899
-0.00951843
-0.00945812
-0.00939808
-0.0093383
-0.00927881
-0.00921962
-0.00916072
-0.00910212
-0.00904385
-0.0089859
-0.00892829
-0.00887101
-0.00881409
-0.00875752
-0.00870132
-0.0086455
-0.00859005
-0.00853499
-0.00848033
-0.00842607
-0.00837222
-0.00831878
-0.00826577
-0.00821319
-0.00816104
-0.00810933
-0.00805806
-0.00800725
-0.0079569
-0.007907
-0.00785758
-0.00780863
-0.00776015
-0.00771215
-0.00766464
-0.00761762
-0.00757109
-0.00752506
-0.00747953
-0.00743451
-0.00738999
-0.00734598
-0.00730248
-0.00725949
-0.00721703
-0.00717508
-0.00713365
-0.00709275
-0.00705237
-0.00701251
-0.00697318
-0.00693438
-0.00689611
-0.00685837
-0.00682115
-0.00678447
-0.00674832
-0.00671269
-0.0066776
-0.00664303
-0.00660899
-0.00657549
-0.0065425
-0.00651005
-0.00647811
-0.0064467
-0.00641582
-0.00638545
-0.0063556
-0.00632627
-0.00629745
-0.00626915
-0.00624135
-0.00621406
-0.00618728
-0.006161
-0.00613522
-0.00610993
-0.00608515
-0.00606085
-0.00603704
-0.00601371
-0.00599086
-0.0059685
-0.00594661
-0.00592519
-0.00590423
-0.00588374
-0.00586372
-0.00584414
-0.00582503
-0.00580636
-0.00578813
-0.00577035
-0.00575301
-0.0057361
-0.00571962
-0.00570356
-0.00568793
-0.00567272
-0.00565792
-0.00564353
-0.00562955
-0.00561597
-0.00560279
-0.00559
-0.00557761
-0.0055656
-0.00555398
-0.00554274
-0.00553187
-0.00552138
-0.00551126
-0.0055015
-0.0054921
-0.00548306
-0.00547438
-0.00546605
-0.00545807
-0.00545043
-0.00544314
-0.00543619
-0.00542957
-0.00542329
-0.00541734
-0.00541172
-0.00540643
-0.00540145
-0.0053968
-0.00539247
-0.00538846
-0.00538476
-0.00538137
-0.0053783
-0.00537553
-0.00537307
-0.00537092
-0.00536907
-0.00536753
-0.00536628
-0.00536534
-0.0053647
-0.00536436
-0.00536431
-0.00536456
-0.00536511
-0.00536596
-0.0053671
-0.00536853
-0.00537027
-0.00537229
-0.00537462
-0.00537724
-0.00538015
-0.00538336
-0.00538687
-0.00539068
-0.00539478
-0.00539919
-0.00540389
-0.00540889
-0.0054142
-0.00541981
-0.00542572
-0.00543194
-0.00543846
-0.0054453
-0.00545244
-0.0054599
-0.00546767
-0.00547575
-0.00548415
-0.00549287
-0.00550192
-0.00551128
-0.00552097
-0.00553099
-0.00554134
-0.00555202
-0.00556304
-0.00557439
-0.00558608
-0.00559811
-0.00561049
-0.00562321
-0.00563629
-0.00564971
-0.00566349
-0.00567763
-0.00569212
-0.00570698
-0.00572221
-0.0057378
-0.00575376
-0.0057701
-0.00578681
-0.00580389
-0.00582136
-0.00583922
-0.00585746
-0.00587608
-0.0058951
-0.00591452
-0.00593432
-0.00595453
-0.00597514
-0.00599615
-0.00601757
-0.00603939
-0.00606162
-0.00608427
-0.00610733
-0.00613081
-0.0061547
-0.00617901
-0.00620375
-0.00622891
-0.00625449
-0.0062805
-0.00630694
-0.00633381
-0.0063611
-0.00638883
-0.006417
-0.00644559
-0.00647452
-0.00650377
-0.00653331
-0.00656313
-0.00659324
-0.00662364
-0.00665437
-0.00668542
-0.00671682
-0.00674857
-0.00678068
-0.00681317
-0.00684605
-0.00687932
-0.00691298
-0.00694706
-0.00698156
-0.00701648
-0.00705182
-0.00708761
-0.00712383
-0.00716049
-0.00719761
-0.00723517
-0.00727319
-0.00731167
-0.0073506
-0.00739
-0.00742985
-0.00747017
-0.00751094
-0.00755218
-0.00759388
-0.00763604
-0.00767866
-0.00772173
-0.00776526
-0.00780924
-0.00785366
-0.00789854
-0.00794385
-0.0079896
-0.00803579
-0.00808241
-0.00812945
-0.00817692
-0.0082248
-0.00827309
-0.00832178
-0.00837088
-0.00842036
-0.00847024
-0.00852049
-0.00857112
-0.00862212
-0.00867348
-0.00872519
-0.00877725
-0.00882965
-0.00888238
-0.00893544
-0.00898882
-0.0090425
-0.00909649
-0.00915077
-0.00920534
-0.00926018
-0.0093153
-0.00937068
-0.00942631
-0.00948219
-0.0095383
-0.00959465
-0.00965121
-0.00970799
-0.00976497
-0.00982215
-0.00987952
-0.00993706
-0.00999477
-0.0100526
-0.0101107
-0.0101688
-0.0102272
-0.0102856
-0.0103441
-0.0104028
-0.0104616
-0.0105204
-0.0105794
-0.0106384
-0.0106975
-0.0107567
-0.0108159
-0.0108751
-0.0109344
-0.0109937
-0.011053
-0.0111124
-0.0111717
-0.0112311
-0.0112904
-0.0113497
-0.0114089
-0.0114682
-0.0115274
-0.0115865
-0.0116456
-0.0117046
-0.0117635
-0.0118223
-0.0118811
-0.0119397
-0.0119982
-0.0120567
-0.012115
-0.0121731
-0.0122311
-0.012289
-0.0123467
-0.0124043
-0.0124617
-0.0125189
-0.012576
-0.0126328
-0.0126894
-0.0127459
-0.0128021
-0.0128581
-0.0129139
-0.0129695
-0.0130248
-0.0130798
-0.0131346
-0.0131892
-0.0132434
-0.0132974
-0.0133511
-0.0134046
-0.0134577
-0.0135105
-0.013563
-0.0136152
-0.0136671
-0.0137186
-0.0137698
-0.0138206
-0.0138711
-0.0139213
-0.013971
-0.0140204
-0.0140694
-0.0141181
-0.0141663
-0.0142141
-0.0142616
-0.0143086
-0.0143552
-0.0144013
-0.0144471
-0.0144924
-0.0145372
-0.0145816
-0.0146255
-0.014669
-0.014712
-0.0147545
-0.0147965
-0.0148381
-0.0148791
-0.0149196
-0.0149596
-0.0149991
-0.0150381
-0.0150765
-0.0151144
-0.0151518
-0.0151886
-0.0152248
-0.0152605
-0.0152956
-0.0153302
-0.0153641
-0.0153975
-0.0154302
-0.0154624
-0.015494
-0.0155249
-0.0155553
-0.015585
-0.015614
-0.0156425
-0.0156703
-0.0156974
-0.0157239
-0.0157498
-0.0157749
-0.0157994
-0.0158233
-0.0158464
-0.0158689
-0.0158907
-0.0159118
-0.0159322
-0.0159519
-0.0159708
-0.0159891
-0.0160067
-0.0160235
-0.0160396
-0.016055
-0.0160696
-0.0160836
-0.0160968
-0.0161092
-0.0161209
-0.0161319
-0.0161421
-0.0161515
-0.0161602
-0.0161682
-0.0161754
-0.0161818
-0.0161875
-0.0161924
-0.0161965
-0.0161999
-0.0162026
-0.0162044
-0.0162055
-0.0162059
-0.0162055
-0.0162043
-0.0162024
-0.0161997
-0.0161962
-0.016192
-0.0161871
-0.0161814
-0.016175
-0.0161678
-0.0161599
-0.0161513
-0.0161419
-0.0161318
-0.0161211
-0.0161095
-0.0160973
-0.0160844
-0.0160708
-0.0160566
-0.0160416
-0.016026
-0.0160097
-0.0159928
-0.0159753
-0.0159571
-0.0159383
-0.0159189
-0.0158989
-0.0158783
-0.0158571
-0.0158354
-0.0158131
-0.0157903
-0.015767
-0.0157431
-0.0157188
-0.015694
-0.0156687
-0.015643
-0.0156169
-0.0155904
-0.0155634
-0.0155361
-0.0155084
-0.0154804
-0.0154521
-0.0154235
-0.0153946
-0.0153654
-0.015336
-0.0153063
-0.0152765
-0.0152465
-0.0152163
-0.015186
-0.0151556
-0.015125
-0.0150945
-0.0150638
-0.0150332
-0.0150026
-0.0149719
-0.0149414
-0.0149109
-0.0148805
-0.0148502
-0.0148201
-0.0147902
-0.0147604
-0.0147309
-0.0147016
-0.0146726
-0.0146438
-0.0146154
-0.0145874
-0.0145597
-0.0145324
-0.0145055
-0.014479
-0.014453
-0.0144275
-0.0144026
-0.0143781
-0.0143542
-0.0143309
-0.0143082
-0.0142861
-0.0142646
-0.0142438
-0.0142237
-0.0142043
-0.0141856
-0.0141677
-0.0141505
-0.0141341
-0.0141185
-0.0141037
-0.0140897
-0.0140766
-0.0140643
-0.0140529
-0.0140424
-0.0140328
-0.014024
-0.0140162
-0.0140094
-0.0140034
-0.0139984
-0.0139944
-0.0139913
-0.0139891
-0.013988
-0.0139878
-0.0139886
-0.0139903
-0.013993
-0.0139968
-0.0140015
-0.0140071
-0.0140138
-0.0140214
-0.0140299
-0.0140395
-0.01405
-0.0140614
-0.0140738
-0.0140871
-0.0141013
-0.0141164
-0.0141325
-0.0141494
-0.0141672
-0.0141859
-0.0142054
-0.0142257
-0.0142469
-0.0142688
-0.0142916
-0.014315
-0.0143393
-0.0143643
-0.0143899
-0.0144163
-0.0144433
-0.014471
-0.0144993
-0.0145282
-0.0145576
-0.0145876
-0.0146182
-0.0146492
-0.0146808
-0.0147128
-0.0147452
-0.014778
-0.0148112
-0.0148448
-0.0148787
-0.0149129
-0.0149474
-0.0149821
-0.0150171
-0.0150523
-0.0150877
-0.0151232
-0.0151588
-0.0151946
-0.0152304
-0.0152663
-0.0153023
-0.0153382
-0.0153741
-0.01541
-0.0154458
-0.0154815
-0.0155172
-0.0155527
-0.015588
-0.0156232
-0.0156582
-0.015693
-0.0157275
-0.0157619
-0.0157959
-0.0158297
-0.0158631
-0.0158963
-0.0159291
-0.0159615
-0.0159936
-0.0160254
-0.0160567
-0.0160876
-0.0161182
-0.0161483
-0.0161779
-0.0162071
-0.0162359
-0.0162642
-0.016292
-0.0163194
-0.0163462
-0.0163726
-0.0163985
-0.0164238
-0.0164487
-0.016473
-0.0164969
-0.0165202
-0.016543
-0.0165653
-0.0165871
-0.0166083
-0.0166291
-0.0166493
-0.016669
-0.0166882
-0.0167069
-0.0167251
-0.0167428
-0.01676
-0.0167767
-0.0167929
-0.0168086
-0.0168239
-0.0168387
-0.0168531
-0.016867
-0.0168804
-0.0168934
-0.016906
-0.0169182
-0.0169299
-0.0169413
-0.0169523
-0.0169629
-0.0169731
-0.016983
-0.0169925
-0.0170017
-0.0170106
-0.0170191
-0.0170274
-0.0170353
-0.017043
-0.0170504
-0.0170575
-0.0170644
-0.0170711
-0.0170776
-0.0170838
