-0.000454545
-0.000370853
-0.000290706
-0.000214009
-0.000140668
-7.05967e-05
-3.7095e-06
0.000450822
6.008e-05
0.000120828
0.000178627
0.000233539
0.00028563
0.00033496
0.000381588
0.000425568
0.000466952
0.000505788
0.000542122
0.000575995
0.000607449
0.000636519
0.00066324
0.000687645
0.000709764
0.000729624
0.000747252
0.000762672
0.000775907
0.000786978
0.000795904
0.000802705
0.000807397
0.000809998
0.000810522
0.000808986
0.000805402
0.000799786
0.000792152
0.000782512
0.00077088
0.00075727
0.000741696
0.000724173
0.000704713
0.000683333
0.000660049
0.000634876
0.000607833
0.000578936
0.000548198
0.000515638
0.000481277
0.000445138
0.000407243
0.000367618
0.00032629
0.000283285
0.000238633
0.000192364
0.000144512
9.51093e-05
4.41922e-05
-8.20249e-06
-6.20359e-05
-0.000117268
-0.000173855
-0.000231756
-0.000290923
-0.000351311
-0.000412871
-0.000475552
-0.000539303
-0.000604071
-0.000669802
-0.000736439
-0.000803925
-0.000872202
-0.00094121
-0.00101089
-0.00108117
-0.00115201
-0.00122332
-0.00129505
-0.00136713
-0.00143949
-0.00151208
-0.00158481
-0.00165763
-0.00173047
-0.00180325
-0.00187591
-0.00194838
-0.00202059
-0.00209248
-0.00216398
-0.00223502
-0.00230553
-0.00237544
-0.0024447
-0.00251324
-0.00258099
-0.00264789
-0.00271389
-0.0027789
-0.00284289
-0.00290579
-0.00296755
-0.0030281
-0.00308741
-0.0031454
-0.00320205
-0.00325729
-0.00331107
-0.00336337
-0.00341413
-0.00346331
-0.00351087
-0.00355679
-0.00360102
-0.00364353
-0.00368429
-0.00372328
-0.00376046
-0.00379583
-0.00382935
-0.003861
-0.00389078
-0.00391867
-0.00394465
-0.00396872
-0.00399086
-0.00401109
-0.00402938
-0.00404575
-0.00406019
-0.00407271
-0.00408332
-0.00409202
-0.00409882
-0.00410373
-0.00410677
-0.00410796
-0.00410731
-0.00410484
-0.00410057
-0.00409453
-0.00408674
-0.00407722
-0.00406601
-0.00405313
-0.00403861
-0.00402248
-0.00400478
-0.00398553
-0.00396478
-0.00394255
-0.00391888
-0.00389382
-0.00386739
-0.00383963
-0.00381059
-0.00378031
-0.00374881
-0.00371615
-0.00368235
-0.00364747
-0.00361155
-0.00357461
-0.00353671
-0.00349788
-0.00345817
-0.00341761
-0.00337624
-0.0033341
-0.00329124
-0.00324769
-0.00320349
-0.00315867
-0.00311328
-0.00306735
-0.00302092
-0.00297402
-0.00292669
-0.00287896
-0.00283087
-0.00278244
-0.00273372
-0.00268472
-0.00263549
-0.00258605
-0.00253642
-0.00248665
-0.00243675
-0.00238675
-0.00233667
-0.00228655
-0.0022364
-0.00218625
-0.00213611
-0.00208602
-0.00203598
-0.00198602
-0.00193616
-0.00188641
-0.00183679
-0.00178732
-0.00173802
-0.00168888
-0.00163994
-0.0015912
-0.00154268
-0.00149438
-0.00144632
-0.0013985
-0.00135095
-0.00130365
-0.00125663
-0.00120989
-0.00116344
-0.00111728
-0.00107143
-0.00102587
-0.000980631
-0.000935703
-0.000891095
-0.000846808
-0.000802847
-0.000759215
-0.000715914
-0.000672946
-0.000630313
-0.000588017
-0.000546059
-0.000504439
-0.00046316
-0.000422221
-0.000381623
-0.000341367
-0.000301452
-0.000261878
-0.000222645
-0.000183753
-0.000145202
-0.000106991
-6.91192e-05
-3.15867e-05
5.60731e-06
4.24636e-05
7.89826e-05
0.000115165
0.000151012
0.000186523
0.0002217
0.000256543
0.000291053
0.000325229
0.000359073
0.000392585
0.000425765
0.000458614
0.000491132
0.000523318
0.000555173
0.000586697
0.00061789
0.000648751
0.000679281
0.000709478
0.000739343
0.000768874
0.000798072
0.000826935
0.000855462
0.000883653
0.000911507
0.000939022
0.000966197
0.000993031
0.00101952
0.00104567
0.00107147
0.00109693
0.00112204
0.0011468
0.0011712
0.00119525
0.00121895
0.00124229
0.00126527
0.00128789
0.00131014
0.00133203
0.00135355
0.0013747
0.00139549
0.00141589
0.00143593
0.00145558
0.00147486
0.00149375
0.00151226
0.00153038
0.00154812
0.00156547
0.00158242
0.00159899
0.00161515
0.00163093
0.0016463
0.00166127
0.00167585
0.00169002
0.00170379
0.00171715
0.00173011
0.00174266
0.0017548
0.00176653
0.00177786
0.00178878
0.00179928
0.00180938
0.00181906
0.00182834
0.0018372
0.00184566
0.0018537
0.00186134
0.00186857
0.00187539
0.00188181
0.00188782
0.00189342
0.00189863
0.00190343
0.00190784
0.00191185
0.00191546
0.00191868
0.00192152
0.00192396
0.00192603
0.00192771
0.00192901
0.00192994
0.0019305
0.00193069
0.00193052
0.00192999
0.00192911
0.00192788
0.0019263
0.00192438
0.00192212
0.00191953
0.00191662
0.00191338
0.00190983
0.00190598
0.00190182
0.00189736
0.00189261
0.00188758
0.00188227
0.00187668
0.00187084
0.00186473
0.00185837
0.00185177
0.00184494
0.00183787
0.00183059
0.00182309
0.00181538
0.00180747
0.00179938
0.0017911
0.00178264
0.00177403
0.00176525
0.00175632
0.00174725
0.00173805
0.00172873
0.00171929
0.00170975
0.0017001
0.00169037
0.00168056
0.00167067
0.00166072
0.00165072
0.00164068
0.0016306
0.00162049
0.00161037
0.00160023
0.0015901
0.00157998
0.00156987
0.00155979
0.00154975
0.00153976
0.00152981
0.00151993
0.00151013
0.0015004
0.00149076
0.00148122
0.00147179
0.00146247
0.00145328
0.00144421
0.00143529
0.00142652
0.0014179
0.00140945
0.00140117
0.00139307
0.00138516
0.00137745
0.00136994
0.00136264
0.00135556
0.0013487
0.00134208
0.0013357
0.00132957
0.00132368
0.00131806
0.00131271
0.00130762
0.00130282
0.0012983
0.00129408
0.00129014
0.00128652
0.00128319
0.00128019
0.00127749
0.00127513
0.00127309
0.00127138
0.00127001
0.00126898
0.00126829
0.00126795
0.00126797
0.00126834
0.00126907
0.00127016
0.00127162
0.00127345
0.00127565
0.00127822
0.00128117
0.00128449
0.0012882
0.00129229
0.00129676
0.00130162
0.00130686
0.00131249
0.0013185
0.00132491
0.0013317
0.00133889
0.00134646
0.00135442
0.00136277
0.00137151
0.00138064
0.00139015
0.00140006
0.00141034
0.00142101
0.00143206
0.0014435
0.00145531
0.0014675
0.00148006
0.001493
0.0015063
0.00151998
0.00153402
0.00154842
0.00156317
0.00157829
0.00159375
0.00160956
0.00162572
0.00164222
0.00165906
0.00167622
0.00169372
0.00171154
0.00172967
0.00174813
0.00176689
0.00178596
0.00180532
0.00182498
0.00184493
0.00186516
0.00188567
0.00190646
0.00192751
0.00194882
0.00197038
0.00199219
0.00201425
0.00203654
0.00205905
0.0020818
0.00210475
0.00212792
0.00215129
0.00217486
0.00219861
0.00222255
0.00224666
0.00227094
0.00229538
0.00231997
0.00234471
0.00236958
0.00239459
0.00241971
0.00244496
0.00247031
0.00249576
0.0025213
0.00254693
0.00257264
0.00259841
0.00262424
0.00265013
0.00267606
0.00270202
0.00272802
0.00275403
0.00278006
0.00280609
0.00283212
0.00285814
0.00288413
0.0029101
0.00293603
0.00296192
0.00298775
0.00301352
0.00303922
0.00306484
0.00309038
0.00311583
0.00314117
0.0031664
0.00319151
0.0032165
0.00324135
0.00326606
0.00329062
0.00331502
0.00333925
0.00336331
0.00338718
0.00341087
0.00343435
0.00345764
0.0034807
0.00350355
0.00352616
0.00354854
0.00357068
0.00359256
0.00361418
0.00363554
0.00365662
0.00367742
0.00369793
0.00371815
0.00373806
0.00375767
0.00377695
0.00379592
0.00381455
0.00383285
0.0038508
0.0038684
0.00388564
0.00390252
0.00391904
0.00393517
0.00395093
0.00396629
0.00398126
0.00399583
0.00401
0.00402375
0.00403709
0.00405001
0.00406249
0.00407455
0.00408616
0.00409733
0.00410806
0.00411833
0.00412814
0.00413749
0.00414637
0.00415478
0.00416272
0.00417017
0.00417714
0.00418362
0.00418961
0.0041951
0.0042001
0.00420459
0.00420857
0.00421204
0.00421501
0.00421745
0.00421938
0.00422078
0.00422166
0.00422201
0.00422184
0.00422113
0.00421989
0.00421813
0.00421584
0.00421301
0.00420964
0.00420573
0.00420128
0.00419628
0.00419074
0.00418465
0.00417802
0.00417083
0.0041631
0.00415481
0.00414598
0.00413659
0.00412666
0.00411617
0.00410513
0.00409355
0.00408141
0.00406872
0.00405549
0.00404171
0.00402738
0.00401251
0.00399709
0.00398113
0.00396463
0.0039476
0.00393002
0.00391191
0.00389327
0.0038741
0.0038544
0.00383417
0.00381342
0.00379216
0.00377037
0.00374807
0.00372527
0.00370195
0.00367813
0.00365381
0.003629
0.00360369
0.0035779
0.00355162
0.00352487
0.00349763
0.00346993
0.00344176
0.00341313
0.00338405
0.00335451
0.00332452
0.0032941
0.00326324
0.00323195
0.00320024
0.0031681
0.00313556
0.00310261
0.00306925
0.0030355
0.00300137
0.00296685
0.00293195
0.00289669
0.00286106
0.00282508
0.00278875
0.00275208
0.00271507
0.00267773
0.00264008
0.00260211
0.00256384
0.00252527
0.0024864
0.00244726
0.00240784
0.00236815
0.00232821
0.00228801
0.00224757
0.0022069
0.002166
0.00212489
0.00208356
0.00204204
0.00200032
0.00195842
0.00191635
0.00187411
0.00183172
0.00178917
0.00174649
0.00170369
0.00166076
0.00161772
0.00157458
0.00153135
0.00148804
0.00144466
0.00140121
0.00135772
0.00131418
0.0012706
0.00122701
0.0011834
0.00113979
0.00109619
0.00105261
0.00100905
0.000965533
0.000922065
0.000878657
0.000835319
0.000792061
0.000748895
0.00070583
0.000662879
0.000620051
0.000577357
0.000534808
0.000492416
0.000450191
0.000408144
0.000366287
0.00032463
0.000283184
0.000241962
0.000200973
0.00016023
0.000119744
7.95254e-05
3.95867e-05
-6.09628e-08
-3.94062e-05
-7.84375e-05
-0.000117143
-0.000155512
-0.000193532
-0.000231192
-0.000268479
-0.000305383
-0.000341892
-0.000377994
-0.000413677
-0.000448929
-0.000483739
-0.000518095
-0.000551985
-0.000585397
-0.00061832
-0.000650742
-0.00068265
-0.000714034
-0.000744881
-0.000775179
-0.000804918
-0.000834084
-0.000862666
-0.000890653
-0.000918032
-0.000944792
-0.000970922
-0.000996409
-0.00102124
-0.00104541
-0.0010689
-0.0010917
-0.0011138
-0.00113519
-0.00115586
-0.00117579
-0.00119498
-0.00121341
-0.00123107
-0.00124795
-0.00126405
-0.00127934
-0.00129382
-0.00130748
-0.0013203
-0.00133228
-0.00134341
-0.00135367
-0.00136306
-0.00137156
-0.00137916
-0.00138587
-0.00139165
-0.00139652
-0.00140044
-0.00140343
-0.00140546
-0.00140653
-0.00140664
-0.00140576
-0.00140389
-0.00140103
-0.00139716
-0.00139229
-0.00138639
-0.00137946
-0.0013715
-0.0013625
-0.00135245
-0.00134134
-0.00132917
-0.00131593
-0.00130162
-0.00128622
-0.00126974
-0.00125217
-0.00123351
-0.00121374
-0.00119287
-0.00117089
-0.0011478
-0.00112359
-0.00109826
-0.00107181
-0.00104423
-0.00101553
-0.000985695
-0.000954733
-0.00092264
-0.000889416
-0.000855059
-0.00081957
-0.000782949
-0.000745197
-0.000706315
-0.000666305
-0.000625169
-0.000582909
-0.000539528
-0.00049503
-0.000449418
-0.000402697
-0.000354871
-0.000305945
-0.000255925
-0.000204817
-0.000152627
-9.93626e-05
-4.50312e-05
1.03592e-05
6.68002e-05
0.000124283
0.000182797
0.000242334
0.000302882
0.000364431
0.000426968
0.000490482
0.000554961
0.00062039
0.000686756
0.000754046
0.000822244
0.000891335
0.000961302
0.00103213
0.0011038
0.0011763
0.00124961
0.0013237
0.00139857
0.00147419
0.00155054
0.00162759
0.00170534
0.00178375
0.00186281
0.00194249
0.00202277
0.00210362
0.00218502
0.00226695
0.00234938
0.00243228
0.00251563
0.0025994
0.00268356
0.00276809
0.00285296
0.00293814
0.0030236
0.0031093
0.00319523
0.00328135
0.00336764
0.00345405
0.00354056
0.00362714
0.00371375
0.00380036
0.00388695
0.00397348
0.00405991
0.00414621
0.00423236
0.0043183
0.00440403
0.00448949
0.00457465
0.00465949
0.00474396
0.00482804
0.00491169
0.00499487
0.00507755
0.0051597
0.00524129
0.00532227
0.00540262
0.0054823
0.00556129
0.00563953
0.00571702
0.0057937
0.00586955
0.00594454
0.00601863
0.0060918
0.00616401
0.00623523
0.00630544
0.00637459
0.00644267
0.00650965
0.00657549
0.00664016
0.00670365
0.00676593
0.00682696
0.00688673
0.00694521
0.00700237
0.0070582
0.00711266
0.00716575
0.00721743
0.00726768
0.0073165
0.00736385
0.00740973
0.00745411
0.00749698
0.00753832
0.00757812
0.00761637
0.00765304
0.00768814
0.00772165
0.00775356
0.00778386
0.00781254
0.0078396
0.00786503
0.00788883
0.00791098
0.00793149
0.00795036
0.00796758
0.00798315
0.00799707
0.00800935
0.00801998
0.00802897
0.00803632
0.00804204
0.00804614
0.00804861
0.00804947
0.00804873
0.00804639
0.00804246
0.00803696
0.00802989
0.00802127
0.00801112
0.00799943
0.00798624
0.00797155
0.00795538
0.00793774
0.00791866
0.00789815
0.00787622
0.00785291
0.00782821
0.00780217
0.00777479
0.0077461
0.00771612
0.00768487
0.00765237
0.00761864
0.00758371
0.00754761
0.00751034
0.00747195
0.00743245
0.00739186
0.00735022
0.00730754
0.00726385
0.00721918
0.00717355
0.00712698
0.00707951
0.00703116
0.00698194
0.0069319
0.00688105
0.00682943
0.00677705
0.00672394
0.00667013
0.00661564
0.0065605
0.00650473
0.00644836
0.00639142
0.00633393
0.00627591
0.00621738
0.00615838
0.00609893
0.00603905
0.00597876
0.00591809
0.00585707
0.0057957
0.00573403
0.00567206
0.00560982
0.00554734
0.00548464
0.00542172
0.00535863
0.00529537
0.00523197
0.00516845
0.00510483
0.00504112
0.00497735
0.00491353
0.00484968
0.00478582
0.00472197
0.00465814
0.00459435
0.00453062
0.00446696
0.00440339
0.00433992
0.00427657
0.00421336
0.00415029
0.00408738
0.00402464
0.00396209
0.00389974
0.00383761
0.00377569
0.00371401
0.00365258
0.0035914
0.0035305
0.00346987
0.00340953
0.00334949
0.00328975
0.00323034
0.00317124
0.00311248
0.00305407
0.002996
0.00293829
0.00288094
0.00282396
0.00276737
0.00271115
0.00265533
0.00259991
0.00254488
0.00249027
0.00243607
0.00238228
0.00232892
0.00227599
0.00222349
0.00217142
0.0021198
0.00206862
0.00201788
0.0019676
0.00191777
0.0018684
0.00181949
0.00177104
0.00172305
0.00167553
0.00162848
0.00158191
0.0015358
0.00149018
0.00144502
0.00140035
0.00135616
0.00131244
0.00126921
0.00122646
0.00118419
0.00114241
0.00110111
0.0010603
0.00101997
0.00098013
0.000940773
0.000901901
0.000863515
0.000825613
0.000788197
0.000751264
0.000714815
0.000678849
0.000643366
0.000608364
0.000573842
0.0005398
0.000506236
0.00047315
0.000440539
0.000408403
0.000376739
0.000345547
0.000314825
0.000284571
0.000254783
0.000225459
0.000196598
0.000168197
0.000140254
0.000112767
8.57335e-05
5.91514e-05
3.3018e-05
7.331e-06
-1.79123e-05
-4.27146e-05
-6.70786e-05
-9.10071e-05
-0.000114503
-0.000137569
-0.000160209
-0.000182424
-0.00020422
-0.000225598
-0.000246562
-0.000267115
-0.000287262
-0.000307004
-0.000326346
-0.000345291
-0.000363842
-0.000382004
-0.000399781
-0.000417175
-0.000434191
-0.000450832
-0.000467103
-0.000483007
-0.000498548
-0.000513731
-0.000528559
-0.000543037
-0.000557168
-0.000570957
-0.000584408
-0.000597526
-0.000610313
-0.000622776
-0.000634917
-0.000646741
-0.000658254
-0.000669458
-0.000680358
-0.00069096
-0.000701266
-0.000711282
-0.000721012
-0.000730461
-0.000739632
-0.00074853
-0.00075716
-0.000765527
-0.000773634
-0.000781486
-0.000789087
-0.000796442
-0.000803556
-0.000810432
-0.000817075
-0.000823489
-0.00082968
-0.00083565
-0.000841405
-0.000846948
-0.000852285
-0.000857419
-0.000862354
-0.000867095
-0.000871646
-0.00087601
-0.000880193
-0.000884198
-0.000888029
-0.000891691
-0.000895186
-0.00089852
-0.000901696
-0.000904717
-0.000907589
-0.000910313
-0.000912895
-0.000915338
-0.000917645
-0.000919821
-0.000921868
-0.00092379
-0.000925591
-0.000927273
-0.000928842
-0.000930299
-0.000931649
-0.000932895
-0.000934039
-0.000935084
-0.000936035
-0.000936893
-0.000937661
-0.000938343
-0.00093894
-0.000939457
-0.000939895
-0.000940257
-0.000940546
-0.000940764
-0.000940914
-0.000940997
-0.000941017
-0.000940976
-0.000940876
-0.000940719
-0.000940508
-0.000940243
-0.000939928
-0.000939565
-0.000939155
-0.000938699
-0.000938201
-0.000937662
-0.000937083
-0.000936466
-0.000935813
-0.000935125
-0.000934404
-0.000933651
-0.000932868
-0.000932055
-0.000931215
-0.000930349
-0.000929458
-0.000928542
-0.000927604
-0.000926644
-0.000925663
-0.000924662
-0.000923643
-0.000922606
-0.000921551
-0.000920481
-0.000919396
-0.000918296
-0.000917182
-0.000916055
-0.000914915
-0.000913764
-0.000912602
-0.000911429
-0.000910246
-0.000909053
-0.000907851
-0.000906641
-0.000905422
-0.000904196
-0.000902962
-0.000901721
-0.000900473
-0.000899219
-0.000897959
-0.000896693
-0.000895421
-0.000894143
-0.00089286
-0.000891573
-0.00089028
-0.000888983
-0.000887681
-0.000886374
-0.000885063
-0.000883748
-0.000882429
-0.000881106
-0.000879779
-0.000878448
-0.000877113
-0.000875774
-0.000874431
-0.000873085
-0.000871735
-0.000870381
-0.000869024
-0.000867663
-0.000866298
-0.00086493
-0.000863558
-0.000862182
-0.000860803
-0.000859421
-0.000858034
-0.000856645
-0.000855251
-0.000853855
-0.000852454
-0.000851051
-0.000849643
-0.000848233
-0.000846819
-0.000845401
-0.00084398
-0.000842556
-0.000841129
-0.000839698
-0.000838265
-0.000836828
-0.000835388
-0.000833945
-0.0008325
-0.000831051
-0.0008296
-0.000828147
-0.000826691
-0.000825233
-0.000823772
-0.00082231
-0.000820845
-0.000819379
-0.000817911
-0.000816441
-0.00081497
-0.000813499
-0.000812026
-0.000810552
-0.000809078
-0.000807603
-0.000806128
-0.000804654
-0.000803179
-0.000801705
-0.000800232
-0.00079876
-0.000797289
-0.00079582
-0.000794352
-0.000792887
-0.000791424
-0.000789963
-0.000788505
-0.000787051
-0.0007856
-0.000784153
-0.00078271
-0.000781271
-0.000779837
-0.000778408
-0.000776985
-0.000775567
-0.000774155
-0.00077275
-0.000771352
-0.00076996
-0.000768576
-0.0007672
-0.000765832
-0.000764473
-0.000763122
-0.000761781
-0.000760449
-0.000759127
-0.000757815
-0.000756515
-0.000755225
-0.000753946
-0.00075268
-0.000751425
-0.000750183
-0.000748954
-0.000747738
-0.000746536
-0.000745347
-0.000744173
-0.000743014
-0.00074187
-0.000740741
-0.000739627
-0.00073853
-0.000737449
-0.000736385
-0.000735338
-0.000734309
-0.000733297
-0.000732303
-0.000731328
-0.000730371
-0.000729434
-0.000728516
-0.000727617
-0.000726739
-0.00072588
-0.000725042
-0.000724225
-0.000723429
-0.000722654
-0.000721901
-0.00072117
-0.000720461
-0.000719774
-0.00071911
-0.000718468
-0.00071785
-0.000717255
-0.000716683
-0.000716135
-0.000715611
-0.00071511
-0.000714634
-0.000714183
-0.000713755
-0.000713353
-0.000712975
-0.000712622
-0.000712295
-0.000711992
-0.000711715
-0.000711463
-0.000711237
-0.000711036
-0.000710861
-0.000710711
-0.000710587
-0.000710489
-0.000710417
-0.000710371
-0.00071035
-0.000710356
-0.000710387
-0.000710444
-0.000710527
-0.000710636
-0.000710771
-0.000710931
-0.000711117
-0.000711329
-0.000711566
-0.000711829
-0.000712117
-0.00071243
-0.000712769
-0.000713132
-0.000713521
-0.000713934
-0.000714372
-0.000714834
-0.00071532
-0.000715831
-0.000716365
-0.000716923
-0.000717505
-0.00071811
-0.000718737
-0.000719388
-0.000720061
-0.000720757
-0.000721475
-0.000722214
-0.000722975
-0.000723757
-0.00072456
-0.000725384
-0.000726227
-0.000727091
-0.000727974
-0.000728877
-0.000729798
-0.000730738
-0.000731696
-0.000732672
-0.000733665
-0.000734675
-0.000735701
-0.000736744
-0.000737802
-0.000738875
-0.000739963
-0.000741066
-0.000742182
-0.000743311
-0.000744453
-0.000745607
-0.000746773
-0.00074795
-0.000749137
-0.000750335
-0.000751542
-0.000752758
-0.000753982
-0.000755214
-0.000756453
-0.000757698
-0.000758949
-0.000760205
-0.000761465
-0.000762729
-0.000763996
-0.000765266
-0.000766536
-0.000767808
-0.000769079
-0.00077035
-0.000771619
-0.000772886
-0.000774149
-0.000775409
-0.000776663
-0.000777911
-0.000779153
-0.000780387
-0.000781612
-0.000782827
-0.000784032
-0.000785225
-0.000786406
-0.000787573
-0.000788725
-0.000789861
-0.00079098
-0.000792081
-0.000793162
-0.000794224
-0.000795263
-0.000796279
-0.000797271
-0.000798238
-0.000799177
-0.000800088
-0.00080097
-0.00080182
-0.000802638
-0.000803422
-0.000804171
-0.000804882
-0.000805555
-0.000806188
-0.000806778
-0.000807326
-0.000807827
-0.000808282
-0.000808688
-0.000809044
-0.000809347
-0.000809595
-0.000809787
-0.000809921
-0.000809994
-0.000810005
-0.000809951
-0.000809831
-0.000809642
-0.000809381
-0.000809047
-0.000808638
-0.00080815
-0.000807581
-0.000806929
-0.000806192
-0.000805366
-0.000804449
-0.000803439
-0.000802332
-0.000801126
-0.000799818
-0.000798406
-0.000796885
-0.000795253
-0.000793507
-0.000791644
-0.000789661
-0.000787554
-0.00078532
-0.000782956
-0.000780458
-0.000777822
-0.000775046
-0.000772125
-0.000769055
-0.000765834
-0.000762457
-0.000758919
-0.000755219
-0.00075135
-0.000747309
-0.000743092
-0.000738695
-0.000734113
-0.000729342
-0.000724377
-0.000719215
-0.000713849
-0.000708276
-0.000702491
-0.000696489
-0.000690265
-0.000683814
-0.000677131
-0.000670211
-0.000663049
-0.000655639
-0.000647976
-0.000640055
-0.00063187
-0.000623416
-0.000614687
-0.000605677
-0.00059638
-0.000586791
-0.000576904
-0.000566712
-0.00055621
-0.000545391
-0.00053425
-0.000522779
-0.000510973
-0.000498825
-0.000486328
-0.000473477
-0.000460264
-0.000446682
-0.000432725
-0.000418387
-0.00040366
-0.000388536
-0.000373011
-0.000357075
-0.000340722
-0.000323945
-0.000306737
-0.000289091
-0.000270998
-0.000252452
-0.000233446
-0.000213971
-0.00019402
-0.000173587
-0.000152663
-0.00013124
-0.000109312
-8.68701e-05
-6.3907e-05
-4.0415e-05
-1.63865e-05
8.18627e-06
3.3311e-05
5.89955e-05
8.52473e-05
0.000112074
0.000139484
0.000167484
0.000196083
0.000225287
0.000255105
0.000285544
0.000316612
0.000348316
0.000380664
0.000413662
0.00044732
0.000481643
0.000516639
0.000552316
0.00058868
0.000625738
0.000663498
0.000701966
0.00074115
0.000781054
0.000821688
0.000863055
0.000905164
0.00094802
0.000991629
0.001036
0.00108113
0.00112703
0.00117371
0.00122117
0.00126941
0.00131845
0.00136828
0.00141891
0.00147035
0.00152259
0.00157565
0.00162952
0.00168421
0.00173972
0.00179606
0.00185322
0.00191121
0.00197004
0.00202969
0.00209019
0.00215151
0.00221368
0.00227668
0.00234052
0.00240519
0.0024707
0.00253705
0.00260423
0.00267224
0.00274109
0.00281076
0.00288126
0.00295258
0.00302472
0.00309767
0.00317144
0.00324601
0.00332138
0.00339755
0.0034745
0.00355224
0.00363075
0.00371004
0.00379008
0.00387087
0.00395241
0.00403468
0.00411768
0.00420139
0.0042858
0.00437091
0.00445669
0.00454315
0.00463026
0.00471802
0.0048064
0.0048954
0.004985
0.00507519
0.00516594
0.00525726
0.00534911
0.00544148
0.00553435
0.00562771
0.00572153
0.00581581
0.00591051
0.00600562
0.00610113
0.00619699
0.00629321
0.00638975
0.00648659
0.00658372
0.0066811
0.00677871
0.00687654
0.00697455
0.00707272
0.00717103
0.00726945
0.00736795
0.00746652
0.00756511
0.00766371
0.00776229
0.00786083
0.00795928
0.00805763
0.00815584
0.0082539
0.00835176
0.0084494
0.0085468
0.00864391
0.00874072
0.00883719
0.00893328
0.00902898
0.00912425
0.00921906
0.00931338
0.00940717
0.00950042
0.00959307
0.00968512
0.00977652
0.00986724
0.00995725
0.0100465
0.010135
0.0102227
0.0103096
0.0103956
0.0104807
0.0105649
0.0106481
0.0107304
0.0108116
0.0108918
0.0109709
0.0110489
0.0111258
0.0112015
0.011276
0.0113493
0.0114214
0.0114922
0.0115616
0.0116298
0.0116965
0.0117619
0.0118259
0.0118885
0.0119496
0.0120092
0.0120673
0.0121238
0.012179
0.0122327
0.0122849
0.0123356
0.0123847
0.0124323
0.0124783
0.0125227
0.0125654
0.0126064
0.0126457
0.0126833
0.0127192
0.0127533
0.0127856
0.0128161
0.0128447
0.0128716
0.0128965
0.0129196
0.0129408
0.0129601
0.0129775
0.012993
0.0130065
0.0130181
0.0130277
0.0130354
0.0130411
0.0130448
0.0130465
0.0130463
0.013044
0.0130398
0.0130336
0.0130254
0.0130152
0.013003
0.0129889
0.0129728
0.0129547
0.0129346
0.0129126
0.0128887
0.0128628
0.012835
0.0128053
0.0127737
0.0127401
0.0127048
0.0126675
0.0126285
0.0125876
0.0125449
0.0125004
0.0124541
0.0124061
0.0123564
0.012305
0.0122519
0.0121972
0.0121408
0.0120829
0.0120233
0.0119622
0.0118996
0.0118355
0.01177
0.011703
0.0116346
0.0115648
0.0114937
0.0114213
0.0113476
0.0112726
0.0111965
0.0111191
0.0110407
0.0109611
0.0108804
0.0107987
0.010716
0.0106323
0.0105477
0.0104621
0.0103757
0.0102885
0.0102005
0.0101117
0.0100222
0.00993198
0.00984111
0.00974962
0.00965755
0.00956492
0.00947177
0.00937814
0.00928405
0.00918955
0.00909466
0.00899942
0.00890386
0.00880802
0.00871191
0.00861558
0.00851906
0.00842236
0.00832554
0.0082286
0.00813159
0.00803453
0.00793744
0.00784036
0.00774331
0.00764631
0.00754939
0.00745257
0.00735588
0.00725934
0.00716297
0.00706679
0.00697083
0.0068751
0.00677962
0.00668441
0.00658949
0.00649488
0.00640059
0.00630663
0.00621303
0.00611979
0.00602694
0.00593448
0.00584242
0.00575079
0.00565958
0.0055688
0.00547848
0.00538861
0.00529921
0.00521028
0.00512183
0.00503387
0.0049464
0.00485943
0.00477296
0.004687
0.00460155
0.00451662
0.0044322
0.00434831
0.00426494
0.00418209
0.00409977
0.00401797
0.0039367
0.00385596
0.00377575
0.00369606
0.0036169
0.00353826
0.00346015
0.00338257
0.0033055
0.00322896
0.00315293
0.00307742
0.00300242
0.00292793
0.00285396
0.00278049
0.00270752
0.00263506
0.00256309
0.00249162
0.00242065
0.00235017
0.00228017
0.00221067
0.00214164
0.0020731
0.00200504
0.00193746
0.00187034
0.00180371
0.00173754
0.00167185
0.00160662
0.00154185
0.00147756
0.00141372
0.00135035
0.00128744
0.00122499
0.00116301
0.00110148
0.00104041
0.000979809
0.000919664
0.00085998
0.000800759
0.000741999
0.000683704
0.000625873
0.000568509
0.000511613
0.000455187
0.000399232
0.000343752
0.000288748
0.000234222
0.000180179
0.00012662
7.35491e-05
2.09689e-05
-3.11169e-05
-8.27047e-05
-0.000133791
-0.000184371
-0.000234442
-0.000284
-0.000333039
-0.000381555
-0.000429545
-0.000477002
-0.000523924
-0.000570304
-0.000616137
-0.000661419
-0.000706145
-0.000750309
-0.000793906
-0.00083693
-0.000879377
-0.00092124
-0.000962515
-0.00100319
-0.00104328
-0.00108275
-0.00112161
-0.00115986
-0.00119749
-0.00123448
-0.00127085
-0.00130657
-0.00134165
-0.00137608
-0.00140985
-0.00144297
-0.00147541
-0.00150719
-0.00153829
-0.0015687
-0.00159843
-0.00162747
-0.0016558
-0.00168344
-0.00171037
-0.00173658
-0.00176208
-0.00178686
-0.00181091
-0.00183424
-0.00185683
-0.00187868
-0.00189979
-0.00192015
-0.00193977
-0.00195863
-0.00197673
-0.00199408
-0.00201066
-0.00202648
-0.00204153
-0.00205581
-0.00206932
-0.00208205
-0.002094
-0.00210517
-0.00211557
-0.00212517
-0.002134
-0.00214204
-0.00214929
-0.00215576
-0.00216144
-0.00216632
-0.00217042
-0.00217373
-0.00217625
-0.00217799
-0.00217893
-0.00217909
-0.00217846
-0.00217704
-0.00217484
-0.00217185
-0.00216808
-0.00216354
-0.00215821
-0.00215211
-0.00214524
-0.00213759
-0.00212918
-0.00212
-0.00211006
-0.00209936
-0.00208791
-0.00207571
-0.00206275
-0.00204906
-0.00203463
-0.00201946
-0.00200357
-0.00198695
-0.00196961
-0.00195156
-0.0019328
-0.00191334
-0.00189318
-0.00187233
-0.0018508
-0.00182859
-0.00180571
-0.00178217
-0.00175797
-0.00173313
-0.00170764
-0.00168151
-0.00165477
-0.0016274
-0.00159943
-0.00157085
-0.00154168
-0.00151193
-0.0014816
-0.00145071
-0.00141926
-0.00138726
-0.00135472
-0.00132166
-0.00128808
-0.00125399
-0.0012194
-0.00118433
-0.00114878
-0.00111276
-0.00107629
-0.00103938
-0.00100203
-0.000964256
-0.000926074
-0.000887493
-0.000848523
-0.000809178
-0.000769469
-0.000729407
-0.000689005
-0.000648275
-0.000607229
-0.000565879
-0.000524238
-0.000482319
-0.000440134
-0.000397695
-0.000355015
-0.000312108
-0.000268986
-0.000225662
-0.000182148
-0.000138459
-9.46073e-05
-5.06057e-05
-6.46757e-06
3.77938e-05
8.21652e-05
0.000126633
0.000171185
0.000215807
0.000260485
0.000305208
0.00034996
0.000394729
0.000439502
0.000484265
0.000529006
0.00057371
0.000618364
0.000662956
0.000707473
0.0007519
0.000796226
0.000840437
0.00088452
0.000928463
0.000972252
0.00101588
0.00105932
0.00110257
0.00114562
0.00118846
0.00123106
0.00127343
0.00131554
0.00135739
0.00139897
0.00144025
0.00148124
0.00152191
0.00156227
0.00160229
0.00164197
0.00168129
0.00172025
0.00175883
0.00179703
0.00183483
0.00187222
0.0019092
0.00194575
0.00198187
0.00201754
0.00205276
0.00208751
0.0021218
0.0021556
0.00218892
0.00222175
0.00225406
0.00228587
0.00231716
0.00234792
0.00237815
0.00240784
0.00243699
0.00246558
0.00249361
0.00252108
0.00254797
0.0025743
0.00260004
0.00262519
0.00264975
0.00267372
0.00269709
0.00271986
0.00274202
0.00276356
0.0027845
0.00280481
0.00282451
0.00284358
0.00286203
0.00287985
0.00289704
0.0029136
0.00292953
0.00294482
0.00295948
0.00297351
0.0029869
0.00299965
0.00301177
0.00302325
0.00303409
0.0030443
0.00305388
0.00306282
0.00307114
0.00307882
0.00308587
0.0030923
0.0030981
0.00310328
0.00310784
0.00311179
0.00311512
0.00311784
0.00311996
0.00312147
0.00312238
0.00312269
0.00312242
0.00312155
0.00312011
0.00311808
0.00311549
0.00311232
0.00310859
0.0031043
0.00309946
0.00309408
0.00308815
0.00308169
0.0030747
0.00306719
0.00305916
0.00305062
0.00304159
0.00303205
0.00302203
0.00301152
0.00300054
0.00298909
0.00297718
0.00296482
0.00295202
0.00293878
0.00292511
0.00291101
0.00289651
0.0028816
0.0028663
0.0028506
0.00283453
0.00281808
0.00280128
0.00278411
0.00276661
0.00274876
0.00273059
0.0027121
0.0026933
0.0026742
0.0026548
0.00263513
0.00261518
0.00259496
0.00257449
0.00255377
0.00253282
0.00251164
0.00249024
0.00246863
0.00244682
0.00242482
0.00240264
0.00238029
0.00235778
0.00233511
0.0023123
0.00228936
0.00226629
0.00224311
0.00221982
0.00219643
0.00217296
0.0021494
0.00212578
0.00210211
0.00207838
0.0020546
0.0020308
0.00200698
0.00198314
0.0019593
0.00193546
0.00191163
0.00188783
0.00186406
0.00184033
0.00181665
0.00179303
0.00176947
0.00174599
0.00172259
0.00169929
0.00167608
0.00165299
0.00163001
0.00160716
0.00158444
0.00156186
0.00153944
0.00151717
0.00149507
0.00147314
0.00145139
0.00142983
0.00140847
0.00138731
0.00136636
0.00134564
0.00132513
0.00130486
0.00128483
0.00126505
0.00124552
0.00122625
0.00120725
0.00118852
0.00117007
0.0011519
0.00113403
0.00111646
0.00109919
0.00108223
0.00106559
0.00104927
0.00103327
0.00101761
0.00100229
0.000987307
0.000972674
0.000958393
0.000944471
0.000930911
0.000917719
0.000904898
0.000892453
0.000880388
0.000868707
0.000857415
0.000846514
0.00083601
0.000825905
0.000816202
0.000806906
0.000798019
0.000789545
0.000781486
0.000773846
0.000766626
0.00075983
0.00075346
0.000747518
0.000742006
0.000736927
0.000732282
0.000728073
0.000724301
0.000720981
0.000718113
0.000715706
0.000713764
0.000712287
0.000711276
0.00071073
0.000710651
0.000711037
0.000711887
0.000713202
0.00071498
0.000717219
0.00071992
0.000723079
0.000726695
0.000730767
0.000735291
0.000740267
0.000745691
0.000751562
0.000757876
0.00076463
0.000771822
0.000779448
0.000787506
0.000795992
0.000804903
0.000814235
0.000823984
0.000834147
0.00084472
0.000855699
0.00086708
0.00087886
0.000891032
0.000903594
0.000916541
0.000929869
0.000943572
0.000957646
0.000972087
0.00098689
0.00100205
0.00101756
0.00103342
0.00104962
0.00106615
0.00108302
0.00110021
0.00111772
0.00113555
0.00115368
0.00117212
0.00119085
0.00120988
0.00122919
0.00124878
0.00126864
0.00128877
0.00130916
0.00132981
0.0013507
0.00137183
0.0013932
0.0014148
0.00143661
0.00145864
0.00148088
0.00150331
0.00152594
0.00154876
0.00157175
0.00159491
0.00161824
0.00164172
0.00166534
0.00168911
0.00171301
0.00173704
0.00176118
0.00178542
0.00180977
0.00183421
0.00185873
0.00188332
0.00190798
0.00193269
0.00195745
0.00198226
0.00200709
0.00203194
0.0020568
0.00208166
0.00210652
0.00213136
0.00215617
0.00218094
0.00220567
0.00223034
0.00225495
0.00227947
0.00230392
0.00232826
0.0023525
0.00237662
0.0024006
0.00242445
0.00244815
0.00247169
0.00249506
0.00251824
0.00254122
0.002564
0.00258657
0.0026089
0.00263099
0.00265283
0.00267441
0.00269571
0.00271672
0.00273744
0.00275783
0.00277791
0.00279765
0.00281704
0.00283606
0.00285472
0.00287298
0.00289085
0.0029083
0.00292532
0.00294191
0.00295805
0.00297372
0.00298891
0.00300361
0.00301781
0.00303149
0.00304464
0.00305724
0.00306928
0.00308075
0.00309163
0.00310191
0.00311158
0.00312062
0.00312902
0.00313676
0.00314383
0.00315022
0.00315591
0.00316089
0.00316514
0.00316865
0.0031714
0.00317339
0.00317459
0.00317499
0.00317458
0.00317334
0.00317127
0.00316833
0.00316453
0.00315984
0.00315426
0.00314776
0.00314034
0.00313197
0.00312265
0.00311236
0.00310108
0.00308881
0.00307552
0.00306121
0.00304586
0.00302945
0.00301198
0.00299342
0.00297377
0.00295301
0.00293112
0.00290811
0.00288394
0.00285861
0.0028321
0.0028044
0.00277551
0.00274539
0.00271406
0.00268148
0.00264765
0.00261256
0.00257619
0.00253853
0.00249957
0.00245931
0.00241772
0.0023748
0.00233053
0.00228491
0.00223793
0.00218957
0.00213982
0.00208869
0.00203614
0.00198219
0.00192681
0.00187
0.00181176
0.00175206
0.00169092
0.00162831
0.00156423
0.00149868
0.00143164
0.00136312
0.00129311
0.0012216
0.00114858
0.00107406
0.000998022
0.000920472
0.000841403
0.000760814
0.000678701
0.000595063
0.000509899
0.000423207
0.000334987
0.000245239
0.000153964
6.11629e-05
-3.31628e-05
-0.000129011
-0.000226379
-0.000325263
-0.00042566
-0.000527566
-0.000630974
-0.000735881
-0.00084228
-0.000950163
-0.00105952
-0.00117035
-0.00128265
-0.00139639
-0.00151158
-0.00162819
-0.00174623
-0.00186568
-0.00198652
-0.00210874
-0.00223233
-0.00235728
-0.00248356
-0.00261117
-0.00274008
-0.00287028
-0.00300175
-0.00313447
-0.00326842
-0.00340359
-0.00353994
-0.00367746
-0.00381612
-0.00395591
-0.0040968
-0.00423875
-0.00438175
-0.00452578
-0.00467079
-0.00481678
-0.00496369
-0.00511152
-0.00526022
-0.00540977
-0.00556013
-0.00571127
-0.00586316
-0.00601577
-0.00616905
-0.00632299
-0.00647753
-0.00663264
-0.00678828
-0.00694443
-0.00710103
-0.00725805
-0.00741545
-0.00757319
-0.00773122
-0.00788951
-0.00804802
-0.00820669
-0.00836549
-0.00852437
-0.00868329
-0.0088422
-0.00900107
-0.00915983
-0.00931845
-0.00947687
-0.00963506
-0.00979296
-0.00995053
-0.0101077
-0.0102645
-0.0104208
-0.0105765
-0.0107317
-0.0108862
-0.0110401
-0.0111932
-0.0113456
-0.0114972
-0.0116478
-0.0117976
-0.0119464
-0.0120941
-0.0122408
-0.0123864
-0.0125308
-0.012674
-0.0128159
-0.0129565
-0.0130957
-0.0132335
-0.0133699
-0.0135048
-0.0136381
-0.0137698
-0.0138999
-0.0140282
-0.0141549
-0.0142798
-0.0144028
-0.014524
-0.0146433
-0.0147607
-0.0148761
-0.0149894
-0.0151007
-0.0152099
-0.015317
-0.0154219
-0.0155246
-0.015625
-0.0157232
-0.0158191
-0.0159126
-0.0160038
-0.0160926
-0.016179
-0.0162629
-0.0163444
-0.0164234
-0.0164998
-0.0165738
-0.0166451
-0.0167139
-0.0167801
-0.0168437
-0.0169047
-0.016963
-0.0170187
-0.0170718
-0.0171221
-0.0171698
-0.0172148
-0.0172571
-0.0172967
-0.0173336
-0.0173679
-0.0173994
-0.0174282
-0.0174543
-0.0174777
-0.0174984
-0.0175165
-0.0175319
-0.0175446
-0.0175546
-0.017562
-0.0175668
-0.0175689
-0.0175684
-0.0175654
-0.0175597
-0.0175515
-0.0175408
-0.0175275
-0.0175118
-0.0174935
-0.0174729
-0.0174497
-0.0174242
-0.0173963
-0.0173661
-0.0173335
-0.0172986
-0.0172615
-0.0172221
-0.0171805
-0.0171368
-0.0170909
-0.0170429
-0.0169928
-0.0169407
-0.0168865
-0.0168304
-0.0167723
-0.0167124
-0.0166506
-0.0165869
-0.0165215
-0.0164543
-0.0163853
-0.0163147
-0.0162425
-0.0161687
-0.0160932
-0.0160163
-0.0159379
-0.015858
-0.0157767
-0.0156941
-0.0156101
-0.0155248
-0.0154383
-0.0153506
-0.0152616
-0.0151716
-0.0150804
-0.0149882
-0.014895
-0.0148008
-0.0147056
-0.0146096
-0.0145126
-0.0144149
-0.0143163
-0.014217
-0.0141169
-0.0140162
-0.0139148
-0.0138128
-0.0137102
-0.0136071
-0.0135035
-0.0133993
-0.0132947
-0.0131897
-0.0130844
-0.0129786
-0.0128726
-0.0127662
-0.0126596
-0.0125528
-0.0124457
-0.0123385
-0.0122312
-0.0121237
-0.0120161
-0.0119085
-0.0118008
-0.0116931
-0.0115854
-0.0114778
-0.0113702
-0.0112627
-0.0111553
-0.011048
-0.0109409
-0.010834
-0.0107272
-0.0106207
-0.0105144
-0.0104083
-0.0103025
-0.010197
-0.0100918
-0.0099869
