-0.000576923
-0.000576156
-0.000574956
-0.000573341
-0.000571324
-0.00056892
-0.000566142
1.07566e-05
-0.000562993
-0.000559513
-0.000555684
-0.000551527
-0.00054705
-0.000542263
-0.000537175
-0.000531791
-0.000526121
-0.00052017
-0.000513944
-0.00050745
-0.000500692
-0.000493675
-0.000486404
-0.000478883
-0.000471116
-0.000463105
-0.000454855
-0.000446368
-0.000437646
-0.000428693
-0.00041951
-0.0004101
-0.000400464
-0.000390605
-0.000380524
-0.000370222
-0.000359702
-0.000348964
-0.000338011
-0.000326843
-0.000315462
-0.000303871
-0.000292069
-0.000280059
-0.000267843
-0.000255423
-0.000242799
-0.000229975
-0.000216952
-0.000203734
-0.000190346
-0.000176792
-0.000163075
-0.000149197
-0.000135162
-0.000120972
-0.000106633
-9.21486e-05
-7.75232e-05
-6.27621e-05
-4.78706e-05
-3.28548e-05
-1.77208e-05
-2.47527e-06
1.28746e-05
2.83215e-05
4.38574e-05
5.94741e-05
7.51628e-05
9.09144e-05
0.00010672
0.000122568
0.00013845
0.000154355
0.000170271
0.000186187
0.000202092
0.000217973
0.000233818
0.000249614
0.000265349
0.000281009
0.00029658
0.00031205
0.000327403
0.000342626
0.000357705
0.000372626
0.000387373
0.000401933
0.00041629
0.00043043
0.000444339
0.000458002
0.000471403
0.00048453
0.000497366
0.000509899
0.000522114
0.000533997
0.000545535
0.000556714
0.000567521
0.000577944
0.000587969
0.000597586
0.000606781
0.000615545
0.000623866
0.000631734
0.000639138
0.000646071
0.000652522
0.000658483
0.000663948
0.000668908
0.000673356
0.000677288
0.000680698
0.000683581
0.000685933
0.00068775
0.00068903
0.00068977
0.00068997
0.000689628
0.000688744
0.000687318
0.000685352
0.000682848
0.000679807
0.000676233
0.00067213
0.000667501
0.000662352
0.000656688
0.000650515
0.000643839
0.000636668
0.000629009
0.00062087
0.000612261
0.000603189
0.000593664
0.000583697
0.000573297
0.000562476
0.000551244
0.000539612
0.000527593
0.000515198
0.000502439
0.000489329
0.000475881
0.000462106
0.000448019
0.000433631
0.000418958
0.000404011
0.000388804
0.00037335
0.000357664
0.000341757
0.000325645
0.000309339
0.000292854
0.000276203
0.000259398
0.000242453
0.00022538
0.000208193
0.000190903
0.000173523
0.000156066
0.000138543
0.000120965
0.000103345
8.56934e-05
6.80211e-05
5.03388e-05
3.2657e-05
1.49857e-05
-2.66528e-06
-2.02865e-05
-3.78687e-05
-5.54031e-05
-7.28812e-05
-9.02948e-05
-0.000107636
-0.000124897
-0.000142072
-0.000159152
-0.000176132
-0.000193005
-0.000209765
-0.000226408
-0.000242928
-0.00025932
-0.000275579
-0.000291702
-0.000307684
-0.000323523
-0.000339215
-0.000354757
-0.000370146
-0.000385381
-0.000400459
-0.00041538
-0.00043014
-0.000444741
-0.000459179
-0.000473456
-0.000487571
-0.000501524
-0.000515315
-0.000528945
-0.000542414
-0.000555724
-0.000568875
-0.000581869
-0.000594708
-0.000607393
-0.000619927
-0.00063231
-0.000644547
-0.000656639
-0.000668588
-0.000680398
-0.000692072
-0.000703612
-0.000715022
-0.000726304
-0.000737463
-0.000748501
-0.000759423
-0.000770231
-0.000780929
-0.000791521
-0.000802012
-0.000812404
-0.000822701
-0.000832908
-0.000843027
-0.000853064
-0.000863023
-0.000872906
-0.000882718
-0.000892462
-0.000902144
-0.000911766
-0.000921332
-0.000930847
-0.000940314
-0.000949736
-0.000959118
-0.000968464
-0.000977775
-0.000987057
-0.000996313
-0.00100555
-0.00101476
-0.00102396
-0.00103314
-0.00104231
-0.00105148
-0.00106064
-0.0010698
-0.00107896
-0.00108813
-0.0010973
-0.00110648
-0.00111568
-0.00112489
-0.00113411
-0.00114335
-0.00115261
-0.0011619
-0.0011712
-0.00118054
-0.0011899
-0.00119928
-0.0012087
-0.00121815
-0.00122764
-0.00123715
-0.0012467
-0.00125629
-0.00126591
-0.00127557
-0.00128527
-0.001295
-0.00130478
-0.00131459
-0.00132445
-0.00133434
-0.00134427
-0.00135424
-0.00136426
-0.00137431
-0.0013844
-0.00139453
-0.0014047
-0.00141491
-0.00142516
-0.00143545
-0.00144577
-0.00145613
-0.00146652
-0.00147695
-0.00148741
-0.00149791
-0.00150844
-0.001519
-0.0015296
-0.00154022
-0.00155087
-0.00156154
-0.00157225
-0.00158298
-0.00159373
-0.00160451
-0.0016153
-0.00162612
-0.00163695
-0.00164781
-0.00165868
-0.00166956
-0.00168046
-0.00169137
-0.00170229
-0.00171322
-0.00172415
-0.0017351
-0.00174604
-0.001757
-0.00176795
-0.0017789
-0.00178986
-0.00180081
-0.00181175
-0.00182269
-0.00183363
-0.00184456
-0.00185547
-0.00186638
-0.00187728
-0.00188816
-0.00189902
-0.00190987
-0.00192071
-0.00193152
-0.00194232
-0.00195309
-0.00196384
-0.00197457
-0.00198527
-0.00199594
-0.00200659
-0.00201721
-0.0020278
-0.00203836
-0.00204889
-0.00205938
-0.00206984
-0.00208027
-0.00209066
-0.00210102
-0.00211133
-0.00212161
-0.00213185
-0.00214205
-0.00215221
-0.00216233
-0.0021724
-0.00218244
-0.00219243
-0.00220237
-0.00221227
-0.00222213
-0.00223194
-0.0022417
-0.00225142
-0.00226109
-0.00227071
-0.00228028
-0.0022898
-0.00229928
-0.00230871
-0.00231808
-0.00232741
-0.00233669
-0.00234592
-0.0023551
-0.00236422
-0.0023733
-0.00238233
-0.0023913
-0.00240023
-0.0024091
-0.00241792
-0.0024267
-0.00243542
-0.00244409
-0.00245271
-0.00246129
-0.00246981
-0.00247828
-0.0024867
-0.00249507
-0.0025034
-0.00251167
-0.0025199
-0.00252807
-0.0025362
-0.00254428
-0.00255232
-0.00256031
-0.00256825
-0.00257614
-0.00258399
-0.00259179
-0.00259955
-0.00260727
-0.00261494
-0.00262256
-0.00263015
-0.00263769
-0.00264519
-0.00265264
-0.00266006
-0.00266744
-0.00267477
-0.00268207
-0.00268933
-0.00269655
-0.00270373
-0.00271087
-0.00271798
-0.00272506
-0.00273209
-0.00273909
-0.00274606
-0.002753
-0.0027599
-0.00276677
-0.0027736
-0.00278041
-0.00278718
-0.00279393
-0.00280064
-0.00280733
-0.00281398
-0.00282061
-0.00282721
-0.00283378
-0.00284033
-0.00284685
-0.00285335
-0.00285982
-0.00286626
-0.00287268
-0.00287908
-0.00288546
-0.00289181
-0.00289814
-0.00290444
-0.00291073
-0.00291699
-0.00292324
-0.00292946
-0.00293566
-0.00294184
-0.002948
-0.00295415
-0.00296027
-0.00296638
-0.00297246
-0.00297853
-0.00298458
-0.00299061
-0.00299663
-0.00300262
-0.0030086
-0.00301456
-0.0030205
-0.00302643
-0.00303233
-0.00303822
-0.0030441
-0.00304995
-0.00305579
-0.00306161
-0.00306741
-0.00307319
-0.00307896
-0.0030847
-0.00309043
-0.00309614
-0.00310183
-0.00310751
-0.00311316
-0.00311879
-0.0031244
-0.00313
-0.00313557
-0.00314112
-0.00314665
-0.00315215
-0.00315764
-0.0031631
-0.00316854
-0.00317395
-0.00317934
-0.00318471
-0.00319005
-0.00319536
-0.00320065
-0.00320591
-0.00321114
-0.00321634
-0.00322151
-0.00322666
-0.00323177
-0.00323685
-0.00324189
-0.00324691
-0.00325189
-0.00325683
-0.00326174
-0.00326662
-0.00327145
-0.00327625
-0.00328101
-0.00328573
-0.0032904
-0.00329504
-0.00329963
-0.00330418
-0.00330868
-0.00331314
-0.00331755
-0.00332191
-0.00332622
-0.00333048
-0.0033347
-0.00333885
-0.00334296
-0.00334701
-0.003351
-0.00335494
-0.00335882
-0.00336264
-0.0033664
-0.0033701
-0.00337374
-0.00337731
-0.00338082
-0.00338426
-0.00338763
-0.00339094
-0.00339417
-0.00339734
-0.00340043
-0.00340345
-0.00340639
-0.00340926
-0.00341205
-0.00341476
-0.00341739
-0.00341994
-0.00342241
-0.0034248
-0.0034271
-0.00342931
-0.00343144
-0.00343348
-0.00343543
-0.00343729
-0.00343905
-0.00344073
-0.0034423
-0.00344379
-0.00344517
-0.00344646
-0.00344765
-0.00344873
-0.00344972
-0.0034506
-0.00345138
-0.00345205
-0.00345261
-0.00345307
-0.00345342
-0.00345366
-0.00345378
-0.0034538
-0.00345369
-0.00345348
-0.00345315
-0.0034527
-0.00345213
-0.00345145
-0.00345064
-0.00344971
-0.00344866
-0.00344749
-0.00344619
-0.00344476
-0.00344321
-0.00344153
-0.00343972
-0.00343779
-0.00343572
-0.00343352
-0.00343119
-0.00342872
-0.00342612
-0.00342338
-0.00342051
-0.0034175
-0.00341436
-0.00341107
-0.00340765
-0.00340408
-0.00340038
-0.00339653
-0.00339254
-0.0033884
-0.00338413
-0.0033797
-0.00337514
-0.00337044
-0.0033656
-0.00336061
-0.00335547
-0.00335019
-0.00334476
-0.00333918
-0.00333345
-0.00332758
-0.00332155
-0.00331537
-0.00330904
-0.00330255
-0.00329591
-0.00328912
-0.00328218
-0.00327508
-0.00326782
-0.00326041
-0.00325284
-0.00324512
-0.00323724
-0.00322921
-0.00322101
-0.00321266
-0.00320416
-0.00319549
-0.00318667
-0.00317769
-0.00316855
-0.00315926
-0.0031498
-0.00314019
-0.00313042
-0.00312049
-0.0031104
-0.00310016
-0.00308976
-0.0030792
-0.00306848
-0.0030576
-0.00304657
-0.00303538
-0.00302404
-0.00301253
-0.00300088
-0.00298906
-0.00297709
-0.00296497
-0.00295269
-0.00294025
-0.00292766
-0.00291492
-0.00290203
-0.00288898
-0.00287578
-0.00286243
-0.00284893
-0.00283528
-0.00282148
-0.00280753
-0.00279343
-0.00277918
-0.00276479
-0.00275025
-0.00273557
-0.00272074
-0.00270576
-0.00269065
-0.00267539
-0.00265999
-0.00264445
-0.00262877
-0.00261295
-0.002597
-0.0025809
-0.00256468
-0.00254831
-0.00253182
-0.00251519
-0.00249843
-0.00248154
-0.00246452
-0.00244737
-0.0024301
-0.0024127
-0.00239518
-0.00237753
-0.00235976
-0.00234187
-0.00232387
-0.00230574
-0.0022875
-0.00226914
-0.00225068
-0.0022321
-0.0022134
-0.00219461
-0.0021757
-0.00215669
-0.00213757
-0.00211836
-0.00209904
-0.00207962
-0.00206011
-0.0020405
-0.0020208
-0.00200101
-0.00198113
-0.00196116
-0.0019411
-0.00192096
-0.00190074
-0.00188045
-0.00186007
-0.00183962
-0.0018191
-0.00179851
-0.00177785
-0.00175712
-0.00173633
-0.00171548
-0.00169457
-0.0016736
-0.00165259
-0.00163152
-0.0016104
-0.00158924
-0.00156804
-0.00154679
-0.00152551
-0.0015042
-0.00148286
-0.00146148
-0.00144009
-0.00141867
-0.00139724
-0.00137579
-0.00135432
-0.00133286
-0.00131138
-0.00128991
-0.00126843
-0.00124697
-0.00122551
-0.00120407
-0.00118265
-0.00116125
-0.00113987
-0.00111852
-0.00109721
-0.00107594
-0.00105471
-0.00103352
-0.00101239
-0.000991311
-0.000970296
-0.000949345
-0.000928465
-0.00090766
-0.000886935
-0.000866295
-0.000845745
-0.000825291
-0.000804938
-0.000784691
-0.000764556
-0.000744538
-0.000724642
-0.000704876
-0.000685244
-0.000665752
-0.000646407
-0.000627215
-0.000608181
-0.000589313
-0.000570616
-0.000552096
-0.000533762
-0.000515618
-0.000497673
-0.000479933
-0.000462404
-0.000445094
-0.00042801
-0.00041116
-0.00039455
-0.000378188
-0.000362081
-0.000346238
-0.000330665
-0.000315372
-0.000300364
-0.000285651
-0.000271241
-0.000257141
-0.00024336
-0.000229906
-0.000216788
-0.000204014
-0.000191593
-0.000179533
-0.000167842
-0.000156531
-0.000145607
-0.000135079
-0.000124957
-0.00011525
-0.000105966
-9.71151e-05
-8.87063e-05
-8.07488e-05
-7.3252e-05
-6.62254e-05
-5.96782e-05
-5.36201e-05
-4.80605e-05
-4.3009e-05
-3.8475e-05
-3.44683e-05
-3.09985e-05
-2.80751e-05
-2.57079e-05
-2.39064e-05
-2.26804e-05
-2.20394e-05
-2.19932e-05
-2.25513e-05
-2.37234e-05
-2.5519e-05
-2.79478e-05
-3.10191e-05
-3.47426e-05
-3.91276e-05
-4.41834e-05
-4.99195e-05
-5.63449e-05
-6.3469e-05
-7.13006e-05
-7.98489e-05
-8.91227e-05
-9.91308e-05
-0.000109882
-0.000121384
-0.000133647
-0.000146677
-0.000160484
-0.000175075
-0.000190458
-0.00020664
-0.00022363
-0.000241433
-0.000260059
-0.000279512
-0.0002998
-0.000320929
-0.000342905
-0.000365735
-0.000389423
-0.000413976
-0.000439397
-0.000465693
-0.000492867
-0.000520923
-0.000549866
-0.0005797
-0.000610426
-0.000642048
-0.000674569
-0.000707991
-0.000742315
-0.000777542
-0.000813674
-0.000850711
-0.000888654
-0.000927501
-0.000967252
-0.00100791
-0.00104946
-0.00109192
-0.00113527
-0.00117951
-0.00122465
-0.00127067
-0.00131757
-0.00136534
-0.00141399
-0.0014635
-0.00151387
-0.00156509
-0.00161715
-0.00167005
-0.00172377
-0.00177831
-0.00183365
-0.00188979
-0.00194671
-0.0020044
-0.00206286
-0.00212206
-0.00218199
-0.00224265
-0.00230401
-0.00236606
-0.00242878
-0.00249216
-0.00255619
-0.00262083
-0.00268608
-0.00275192
-0.00281833
-0.00288528
-0.00295276
-0.00302074
-0.00308922
-0.00315815
-0.00322753
-0.00329733
-0.00336752
-0.00343808
-0.00350899
-0.00358022
-0.00365175
-0.00372355
-0.0037956
-0.00386787
-0.00394033
-0.00401295
-0.00408572
-0.00415859
-0.00423155
-0.00430456
-0.0043776
-0.00445064
-0.00452365
-0.00459659
-0.00466945
-0.00474218
-0.00481477
-0.00488718
-0.00495937
-0.00503134
-0.00510303
-0.00517443
-0.0052455
-0.00531621
-0.00538653
-0.00545644
-0.0055259
-0.00559489
-0.00566337
-0.00573133
-0.00579872
-0.00586551
-0.0059317
-0.00599723
-0.0060621
-0.00612626
-0.0061897
-0.00625238
-0.00631428
-0.00637538
-0.00643565
-0.00649507
-0.00655361
-0.00661125
-0.00666797
-0.00672373
-0.00677854
-0.00683235
-0.00688516
-0.00693693
-0.00698766
-0.00703733
-0.00708591
-0.00713339
-0.00717975
-0.00722499
-0.00726907
-0.007312
-0.00735375
-0.00739432
-0.00743369
-0.00747186
-0.0075088
-0.00754452
-0.00757901
-0.00761225
-0.00764424
-0.00767498
-0.00770445
-0.00773267
-0.00775961
-0.00778529
-0.00780969
-0.00783282
-0.00785468
-0.00787526
-0.00789457
-0.00791262
-0.0079294
-0.00794491
-0.00795917
-0.00797218
-0.00798394
-0.00799446
-0.00800375
-0.00801182
-0.00801867
-0.00802432
-0.00802877
-0.00803203
-0.00803412
-0.00803505
-0.00803483
-0.00803348
-0.008031
-0.00802742
-0.00802274
-0.00801698
-0.00801016
-0.0080023
-0.00799341
-0.0079835
-0.0079726
-0.00796072
-0.00794788
-0.0079341
-0.0079194
-0.00790379
-0.0078873
-0.00786994
-0.00785174
-0.00783272
-0.00781289
-0.00779227
-0.00777089
-0.00774877
-0.00772592
-0.00770237
-0.00767813
-0.00765324
-0.0076277
-0.00760154
-0.00757479
-0.00754745
-0.00751955
-0.00749112
-0.00746217
-0.00743272
-0.00740279
-0.00737241
-0.00734159
-0.00731034
-0.0072787
-0.00724668
-0.0072143
-0.00718157
-0.00714852
-0.00711516
-0.00708152
-0.0070476
-0.00701342
-0.00697901
-0.00694437
-0.00690953
-0.0068745
-0.0068393
-0.00680393
-0.00676842
-0.00673278
-0.00669702
-0.00666115
-0.00662519
-0.00658916
-0.00655305
-0.00651689
-0.00648068
-0.00644444
-0.00640818
-0.0063719
-0.00633562
-0.00629934
-0.00626307
-0.00622682
-0.0061906
-0.00615441
-0.00611827
-0.00608217
-0.00604613
-0.00601015
-0.00597423
-0.00593838
-0.0059026
-0.0058669
-0.00583128
-0.00579575
-0.0057603
-0.00572493
-0.00568966
-0.00565448
-0.00561939
-0.00558439
-0.00554949
-0.00551468
-0.00547997
-0.00544535
-0.00541082
-0.00537639
-0.00534204
-0.00530779
-0.00527362
-0.00523954
-0.00520554
-0.00517163
-0.00513779
-0.00510403
-0.00507034
-0.00503673
-0.00500318
-0.00496969
-0.00493627
-0.0049029
-0.00486958
-0.00483632
-0.0048031
-0.00476992
-0.00473678
-0.00470367
-0.00467059
-0.00463754
-0.00460451
-0.0045715
-0.0045385
-0.00450551
-0.00447253
-0.00443955
-0.00440656
-0.00437357
-0.00434058
-0.00430756
-0.00427453
-0.00424148
-0.00420841
-0.00417531
-0.00414218
-0.00410901
-0.00407581
-0.00404257
-0.00400929
-0.00397596
-0.00394259
-0.00390916
-0.00387569
-0.00384216
-0.00380857
-0.00377493
-0.00374124
-0.00370748
-0.00367366
-0.00363978
-0.00360583
-0.00357183
-0.00353776
-0.00350362
-0.00346942
-0.00343516
-0.00340084
-0.00336645
-0.003332
-0.00329749
-0.00326292
-0.00322829
-0.00319361
-0.00315886
-0.00312407
-0.00308922
-0.00305432
-0.00301937
-0.00298438
-0.00294935
-0.00291427
-0.00287916
-0.00284402
-0.00280884
-0.00277364
-0.00273841
-0.00270317
-0.00266791
-0.00263263
-0.00259735
-0.00256207
-0.00252678
-0.0024915
-0.00245624
-0.00242098
-0.00238575
-0.00235054
-0.00231536
-0.00228022
-0.00224511
-0.00221005
-0.00217505
-0.0021401
-0.00210521
-0.00207039
-0.00203564
-0.00200097
-0.00196639
-0.0019319
-0.0018975
-0.00186321
-0.00182903
-0.00179496
-0.00176102
-0.0017272
-0.00169352
-0.00165997
-0.00162657
-0.00159333
-0.00156024
-0.00152731
-0.00149456
-0.00146198
-0.00142959
-0.00139739
-0.00136538
-0.00133357
-0.00130197
-0.00127058
-0.00123942
-0.00120848
-0.00117777
-0.00114729
-0.00111706
-0.00108708
-0.00105735
-0.00102788
-0.000998681
-0.000969746
-0.000941086
-0.000912706
-0.000884611
-0.000856806
-0.000829297
-0.000802089
-0.000775186
-0.000748594
-0.000722317
-0.00069636
-0.000670727
-0.000645424
-0.000620453
-0.000595821
-0.00057153
-0.000547584
-0.000523989
-0.000500746
-0.000477861
-0.000455337
-0.000433176
-0.000411383
-0.00038996
-0.000368911
-0.000348238
-0.000327944
-0.000308032
-0.000288504
-0.000269363
-0.00025061
-0.000232248
-0.000214279
-0.000196704
-0.000179526
-0.000162745
-0.000146363
-0.000130381
-0.0001148
-9.96219e-05
-8.48463e-05
-7.04743e-05
-5.65062e-05
-4.29424e-05
-2.97832e-05
-1.70285e-05
-4.67828e-06
7.26773e-06
1.88099e-05
2.99487e-05
4.06849e-05
5.10193e-05
6.09527e-05
7.04864e-05
7.96214e-05
8.83591e-05
9.67011e-05
0.000104649
0.000112204
0.000119369
0.000126145
0.000132535
0.000138541
0.000144165
0.00014941
0.000154278
0.000158772
0.000162896
0.000166651
0.000170041
0.000173069
0.000175739
0.000178053
0.000180016
0.000181631
0.000182902
0.000183832
0.000184425
0.000184686
0.000184618
0.000184226
0.000183513
0.000182485
0.000181145
0.000179498
0.000177548
0.000175301
0.00017276
0.000169931
0.000166818
0.000163426
0.00015976
0.000155826
0.000151627
0.00014717
0.000142459
0.000137499
0.000132296
0.000126855
0.00012118
0.000115279
0.000109155
0.000102814
9.62619e-05
8.95035e-05
8.25445e-05
7.53903e-05
6.80463e-05
6.0518e-05
5.28109e-05
4.49304e-05
3.68821e-05
2.86713e-05
2.03037e-05
1.17847e-05
3.11965e-06
-5.68584e-06
-1.46264e-05
-2.36965e-05
-3.28908e-05
-4.22039e-05
-5.16303e-05
-6.11648e-05
-7.08019e-05
-8.05364e-05
-9.0363e-05
-0.000100276
-0.000110271
-0.000120343
-0.000130486
-0.000140694
-0.000150964
-0.00016129
-0.000171667
-0.00018209
-0.000192555
-0.000203055
-0.000213587
-0.000224146
-0.000234728
-0.000245326
-0.000255938
-0.000266558
-0.000277181
-0.000287804
-0.000298423
-0.000309032
-0.000319628
-0.000330206
-0.000340763
-0.000351294
-0.000361795
-0.000372263
-0.000382693
-0.000393083
-0.000403427
-0.000413723
-0.000423968
-0.000434157
-0.000444287
-0.000454355
-0.000464358
-0.000474292
-0.000484155
-0.000493943
-0.000503654
-0.000513284
-0.000522832
-0.000532293
-0.000541666
-0.000550948
-0.000560137
-0.00056923
-0.000578225
-0.00058712
-0.000595912
-0.0006046
-0.000613182
-0.000621655
-0.000630019
-0.00063827
-0.000646408
-0.000654432
-0.000662339
-0.000670128
-0.000677798
-0.000685348
-0.000692776
-0.000700082
-0.000707265
-0.000714323
-0.000721256
-0.000728063
-0.000734744
-0.000741298
-0.000747725
-0.000754024
-0.000760194
-0.000766237
-0.00077215
-0.000777936
-0.000783592
-0.000789121
-0.000794521
-0.000799793
-0.000804938
-0.000809956
-0.000814847
-0.000819612
-0.000824252
-0.000828767
-0.000833158
-0.000837427
-0.000841573
-0.000845599
-0.000849505
-0.000853293
-0.000856964
-0.000860519
-0.00086396
-0.000867288
-0.000870505
-0.000873613
-0.000876613
-0.000879507
-0.000882297
-0.000884985
-0.000887574
-0.000890064
-0.000892459
-0.000894761
-0.000896971
-0.000899093
-0.000901129
-0.000903082
-0.000904953
-0.000906746
-0.000908464
-0.000910109
-0.000911684
-0.000913192
-0.000914637
-0.00091602
-0.000917346
-0.000918618
-0.000919838
-0.00092101
-0.000922138
-0.000923225
-0.000924274
-0.000925289
-0.000926274
-0.000927232
-0.000928166
-0.000929082
-0.000929982
-0.000930871
-0.000931752
-0.000932629
-0.000933507
-0.000934389
-0.00093528
-0.000936184
-0.000937104
-0.000938046
-0.000939013
-0.00094001
-0.000941041
-0.000942111
-0.000943225
-0.000944385
-0.000945598
-0.000946868
-0.000948199
-0.000949596
-0.000951064
-0.000952607
-0.00095423
-0.000955938
-0.000957736
-0.000959628
-0.000961619
-0.000963715
-0.000965919
-0.000968237
-0.000970674
-0.000973235
-0.000975925
-0.000978748
-0.00098171
-0.000984815
-0.000988069
-0.000991477
-0.000995044
-0.000998774
-0.00100267
-0.00100674
-0.001011
-0.00101543
-0.00102006
-0.00102487
-0.00102989
-0.00103511
-0.00104054
-0.00104618
-0.00105205
-0.00105813
-0.00106445
-0.001071
-0.00107779
-0.00108482
-0.0010921
-0.00109964
-0.00110743
-0.00111549
-0.00112382
-0.00113242
-0.00114129
-0.00115045
-0.0011599
-0.00116964
-0.00117968
-0.00119002
-0.00120067
-0.00121162
-0.0012229
-0.00123449
-0.00124641
-0.00125865
-0.00127123
-0.00128415
-0.00129741
-0.00131102
-0.00132498
-0.00133929
-0.00135396
-0.001369
-0.00138441
-0.00140018
-0.00141633
-0.00143286
-0.00144978
-0.00146708
-0.00148478
-0.00150287
-0.00152136
-0.00154025
-0.00155954
-0.00157925
-0.00159937
-0.0016199
-0.00164086
-0.00166224
-0.00168405
-0.00170628
-0.00172895
-0.00175206
-0.0017756
-0.00179958
-0.00182401
-0.00184889
-0.00187422
-0.0019
-0.00192624
-0.00195294
-0.00198009
-0.00200771
-0.0020358
-0.00206435
-0.00209337
-0.00212287
-0.00215284
-0.00218329
-0.00221421
-0.00224562
-0.00227751
-0.00230988
-0.00234273
-0.00237608
-0.00240991
-0.00244423
-0.00247904
-0.00251435
-0.00255015
-0.00258644
-0.00262323
-0.00266052
-0.0026983
-0.00273658
-0.00277536
-0.00281465
-0.00285443
-0.00289471
-0.00293549
-0.00297677
-0.00301856
-0.00306084
-0.00310363
-0.00314691
-0.0031907
-0.00323499
-0.00327978
-0.00332507
-0.00337085
-0.00341714
-0.00346392
-0.0035112
-0.00355897
-0.00360724
-0.003656
-0.00370526
-0.003755
-0.00380523
-0.00385595
-0.00390715
-0.00395884
-0.00401101
-0.00406365
-0.00411677
-0.00417037
-0.00422444
-0.00427897
-0.00433398
-0.00438944
-0.00444537
-0.00450175
-0.00455858
-0.00461587
-0.0046736
-0.00473177
-0.00479038
-0.00484943
-0.00490891
-0.00496881
-0.00502913
-0.00508987
-0.00515102
-0.00521258
-0.00527454
-0.00533689
-0.00539964
-0.00546277
-0.00552627
-0.00559016
-0.0056544
-0.00571901
-0.00578397
-0.00584928
-0.00591493
-0.00598091
-0.00604722
-0.00611384
-0.00618078
-0.00624802
-0.00631555
-0.00638337
-0.00645146
-0.00651983
-0.00658845
-0.00665732
-0.00672644
-0.00679579
-0.00686536
-0.00693514
-0.00700512
-0.0070753
-0.00714566
-0.00721619
-0.00728687
-0.00735771
-0.00742868
-0.00749978
-0.00757099
-0.0076423
-0.0077137
-0.00778518
-0.00785672
-0.00792831
-0.00799994
-0.00807159
-0.00814325
-0.00821491
-0.00828655
-0.00835816
-0.00842973
-0.00850123
-0.00857266
-0.00864399
-0.00871523
-0.00878633
-0.00885731
-0.00892813
-0.00899878
-0.00906924
-0.00913951
-0.00920955
-0.00927936
-0.00934892
-0.00941821
-0.00948722
-0.00955592
-0.00962429
-0.00969233
-0.00976002
-0.00982732
-0.00989424
-0.00996074
-0.0100268
-0.0100924
-0.0101576
-0.0102223
-0.0102864
-0.0103501
-0.0104132
-0.0104757
-0.0105377
-0.0105991
-0.0106598
-0.0107199
-0.0107794
-0.0108382
-0.0108962
-0.0109536
-0.0110102
-0.0110661
-0.0111212
-0.0111756
-0.0112291
-0.0112818
-0.0113336
-0.0113846
-0.0114347
-0.0114838
-0.0115321
-0.0115794
-0.0116258
-0.0116712
-0.0117156
-0.011759
-0.0118013
-0.0118427
-0.0118829
-0.0119221
-0.0119602
-0.0119971
-0.012033
-0.0120677
-0.0121012
-0.0121336
-0.0121648
-0.0121948
-0.0122235
-0.012251
-0.0122773
-0.0123024
-0.0123261
-0.0123486
-0.0123698
-0.0123897
-0.0124083
-0.0124255
-0.0124414
-0.012456
-0.0124692
-0.012481
-0.0124915
-0.0125006
-0.0125083
-0.0125146
-0.0125195
-0.012523
-0.0125251
-0.0125257
-0.012525
-0.0125228
-0.0125192
-0.0125142
-0.0125077
-0.0124998
-0.0124905
-0.0124797
-0.0124675
-0.0124538
-0.0124388
-0.0124223
-0.0124043
-0.0123849
-0.0123641
-0.0123419
-0.0123183
-0.0122933
-0.0122668
-0.012239
-0.0122097
-0.0121791
-0.0121471
-0.0121137
-0.012079
-0.0120429
-0.0120055
-0.0119667
-0.0119266
-0.0118852
-0.0118425
-0.0117985
-0.0117533
-0.0117068
-0.011659
-0.01161
-0.0115598
-0.0115084
-0.0114558
-0.011402
-0.0113471
-0.0112911
-0.0112339
-0.0111756
-0.0111162
-0.0110559
-0.0109946
-0.0109323
-0.010869
-0.0108048
-0.0107397
-0.0106737
-0.0106068
-0.010539
-0.0104704
-0.0104009
-0.0103306
-0.0102595
-0.0101876
-0.0101149
-0.0100415
-0.00996732
-0.00989245
-0.00981689
-0.00974066
-0.00966378
-0.00958628
-0.00950817
-0.00942947
-0.00935022
-0.00927042
-0.00919011
-0.00910931
-0.00902803
-0.00894631
-0.00886416
-0.00878161
-0.00869868
-0.0086154
-0.00853179
-0.00844787
-0.00836367
-0.00827921
-0.00819452
-0.00810961
-0.00802452
-0.00793926
-0.00785386
-0.00776834
-0.00768273
-0.00759705
-0.00751132
-0.00742557
-0.00733981
-0.00725408
-0.00716839
-0.00708277
-0.00699724
-0.00691182
-0.00682653
-0.0067414
-0.00665644
-0.00657168
-0.00648714
-0.00640284
-0.00631879
-0.00623502
-0.00615155
-0.0060684
-0.00598558
-0.00590312
-0.00582103
-0.00573934
-0.00565804
-0.00557718
-0.00549676
-0.00541679
-0.0053373
-0.0052583
-0.0051798
-0.00510182
-0.00502438
-0.00494748
-0.00487114
-0.00479537
-0.00472019
-0.00464561
-0.00457163
-0.00449828
-0.00442555
-0.00435347
-0.00428204
-0.00421126
-0.00414115
-0.00407172
-0.00400298
-0.00393492
-0.00386756
-0.00380091
-0.00373496
-0.00366974
-0.00360523
-0.00354145
-0.00347839
-0.00341608
-0.00335449
-0.00329365
-0.00323355
-0.00317419
-0.00311558
-0.00305771
-0.00300059
-0.00294422
-0.0028886
-0.00283372
-0.00277959
-0.00272621
-0.00267357
-0.00262167
-0.00257052
-0.0025201
-0.00247042
-0.00242147
-0.00237326
-0.00232576
-0.002279
-0.00223295
-0.00218761
-0.00214298
-0.00209906
-0.00205584
-0.00201332
-0.00197149
-0.00193034
-0.00188987
-0.00185007
-0.00181094
-0.00177247
-0.00173466
-0.0016975
-0.00166098
-0.0016251
-0.00158984
-0.00155521
-0.0015212
-0.0014878
-0.001455
-0.0014228
-0.00139119
-0.00136016
-0.0013297
-0.00129982
-0.0012705
-0.00124173
-0.00121351
-0.00118584
-0.0011587
-0.00113208
-0.00110599
-0.00108042
-0.00105535
-0.00103079
-0.00100672
-0.000983135
-0.000960036
-0.000937413
-0.00091526
-0.000893571
-0.00087234
-0.000851559
-0.000831225
-0.00081133
-0.000791868
-0.000772835
-0.000754224
-0.000736031
-0.000718248
-0.000700872
-0.000683896
-0.000667316
-0.000651127
-0.000635322
-0.000619899
-0.00060485
-0.000590172
-0.000575861
-0.00056191
-0.000548317
-0.000535075
-0.000522182
-0.000509632
-0.000497421
-0.000485546
-0.000474001
-0.000462783
-0.000451888
-0.000441312
-0.000431051
-0.000421102
-0.00041146
-0.000402121
-0.000393083
-0.000384341
-0.000375892
-0.000367733
-0.00035986
-0.00035227
-0.000344958
-0.000337923
-0.000331161
-0.000324668
-0.000318441
-0.000312477
-0.000306773
-0.000301326
-0.000296132
-0.000291189
-0.000286494
-0.000282044
-0.000277835
-0.000273865
-0.000270131
-0.000266629
-0.000263358
-0.000260314
-0.000257495
-0.000254896
-0.000252517
-0.000250354
-0.000248404
-0.000246664
-0.000245133
-0.000243806
-0.000242682
-0.000241758
-0.00024103
-0.000240498
-0.000240157
-0.000240006
-0.000240041
-0.00024026
-0.000240662
-0.000241242
-0.000241999
-0.00024293
-0.000244033
-0.000245306
-0.000246745
-0.000248349
-0.000250114
-0.00025204
-0.000254123
-0.000256361
-0.000258752
-0.000261293
-0.000263983
-0.000266818
-0.000269798
-0.000272919
-0.00027618
-0.000279579
-0.000283112
-0.000286779
-0.000290577
-0.000294504
-0.000298559
-0.000302739
-0.000307042
-0.000311466
-0.00031601
-0.000320671
-0.000325448
-0.000330339
-0.000335343
-0.000340457
-0.000345679
-0.000351009
-0.000356444
-0.000361983
-0.000367624
-0.000373366
-0.000379206
-0.000385145
-0.000391179
-0.000397308
-0.00040353
-0.000409844
-0.000416248
-0.000422742
-0.000429323
-0.00043599
-0.000442743
-0.00044958
-0.000456499
-0.0004635
-0.000470581
-0.000477741
-0.00048498
-0.000492296
-0.000499687
-0.000507153
-0.000514694
-0.000522307
-0.000529992
-0.000537748
-0.000545573
-0.000553468
-0.000561431
-0.000569461
-0.000577558
-0.00058572
-0.000593946
-0.000602236
-0.00061059
-0.000619005
-0.000627481
-0.000636018
-0.000644615
-0.000653271
-0.000661985
-0.000670756
-0.000679584
-0.000688467
-0.000697406
-0.000706399
-0.000715446
-0.000724546
-0.000733697
-0.0007429
-0.000752154
-0.000761457
-0.00077081
-0.00078021
-0.000789659
-0.000799153
-0.000808694
-0.00081828
-0.00082791
-0.000837584
-0.0008473
-0.000857058
-0.000866857
-0.000876696
-0.000886575
-0.000896491
-0.000906445
-0.000916435
-0.000926461
-0.000936521
-0.000946615
-0.000956741
-0.000966898
-0.000977086
-0.000987303
-0.000997549
-0.00100782
-0.00101812
-0.00102844
-0.00103879
-0.00104916
-0.00105955
-0.00106996
-0.00108039
-0.00109083
-0.0011013
-0.00111177
-0.00112226
-0.00113276
-0.00114327
-0.00115379
-0.00116432
-0.00117486
-0.00118539
-0.00119593
-0.00120648
-0.00121702
-0.00122756
-0.00123809
-0.00124862
-0.00125915
-0.00126966
-0.00128016
-0.00129065
-0.00130113
-0.00131159
-0.00132203
-0.00133245
-0.00134286
-0.00135323
-0.00136359
-0.00137391
-0.00138421
-0.00139447
-0.0014047
-0.0014149
-0.00142505
-0.00143517
-0.00144525
-0.00145529
-0.00146528
-0.00147522
-0.00148511
-0.00149495
-0.00150474
-0.00151447
-0.00152415
-0.00153376
-0.00154332
-0.00155281
-0.00156223
-0.00157159
-0.00158088
-0.00159009
-0.00159923
-0.0016083
-0.00161729
-0.0016262
-0.00163502
-0.00164377
-0.00165243
-0.001661
-0.00166948
-0.00167787
-0.00168617
-0.00169437
-0.00170248
-0.00171049
-0.0017184
-0.00172621
-0.00173392
-0.00174152
-0.00174901
-0.0017564
-0.00176368
-0.00177084
-0.0017779
-0.00178484
-0.00179167
-0.00179838
-0.00180497
-0.00181144
-0.0018178
-0.00182403
-0.00183014
-0.00183613
-0.00184199
-0.00184773
-0.00185335
-0.00185883
-0.00186419
-0.00186942
-0.00187453
-0.0018795
-0.00188434
-0.00188905
-0.00189363
-0.00189808
-0.0019024
-0.00190659
-0.00191064
-0.00191456
-0.00191834
-0.001922
-0.00192552
-0.00192891
-0.00193216
-0.00193529
-0.00193828
-0.00194113
-0.00194386
-0.00194645
-0.00194892
-0.00195125
-0.00195345
-0.00195552
-0.00195746
-0.00195928
-0.00196096
-0.00196252
-0.00196395
-0.00196526
-0.00196644
-0.0019675
-0.00196844
-0.00196925
-0.00196995
-0.00197052
-0.00197098
-0.00197132
-0.00197154
-0.00197165
-0.00197165
-0.00197153
-0.00197131
-0.00197097
-0.00197053
-0.00196998
-0.00196933
-0.00196857
-0.00196771
-0.00196676
-0.0019657
-0.00196455
-0.00196331
-0.00196197
-0.00196054
-0.00195902
-0.00195741
-0.00195572
-0.00195394
-0.00195209
-0.00195015
-0.00194813
-0.00194604
-0.00194387
-0.00194163
-0.00193932
-0.00193695
-0.0019345
-0.00193199
-0.00192942
-0.00192678
-0.00192409
-0.00192134
-0.00191854
-0.00191568
-0.00191278
-0.00190982
-0.00190682
-0.00190377
-0.00190068
-0.00189755
-0.00189438
-0.00189117
-0.00188793
-0.00188465
-0.00188134
-0.00187801
-0.00187464
-0.00187125
-0.00186784
-0.0018644
-0.00186094
-0.00185747
-0.00185398
-0.00185047
-0.00184695
-0.00184342
-0.00183987
-0.00183633
-0.00183277
-0.00182921
-0.00182564
-0.00182208
-0.00181851
-0.00181495
-0.00181139
-0.00180783
-0.00180428
-0.00180074
-0.0017972
-0.00179368
-0.00179016
-0.00178666
-0.00178318
-0.0017797
-0.00177625
-0.00177281
-0.00176939
-0.00176599
-0.00176261
-0.00175926
-0.00175593
-0.00175262
-0.00174933
-0.00174608
-0.00174284
-0.00173964
-0.00173647
-0.00173332
-0.00173021
-0.00172712
-0.00172407
-0.00172105
-0.00171806
-0.00171511
-0.00171219
-0.00170931
-0.00170646
-0.00170364
-0.00170087
-0.00169813
-0.00169542
-0.00169276
-0.00169013
-0.00168754
-0.00168499
-0.00168248
-0.00168
-0.00167757
-0.00167517
-0.00167282
-0.0016705
-0.00166823
-0.00166599
-0.00166379
-0.00166164
-0.00165952
-0.00165745
-0.00165541
-0.00165341
-0.00165146
-0.00164954
-0.00164766
-0.00164582
-0.00164403
-0.00164227
-0.00164054
-0.00163886
-0.00163722
-0.00163561
-0.00163404
-0.00163251
-0.00163102
-0.00162957
-0.00162815
-0.00162676
-0.00162542
-0.0016241
-0.00162283
-0.00162159
-0.00162038
-0.00161921
-0.00161807
-0.00161696
-0.00161589
-0.00161486
-0.00161387
-0.00161293
-0.00161204
-0.00161119
-0.00161039
-0.00160963
-0.00160892
-0.00160825
-0.00160761
-0.00160701
-0.00160645
-0.00160592
-0.00160543
-0.00160496
-0.00160453
-0.00160413
-0.00160375
-0.0016034
-0.00160307
-0.00160277
-0.00160249
-0.00160223
-0.00160199
-0.00160177
-0.00160157
-0.00160138
-0.00160121
-0.00160105
-0.00160091
-0.00160078
-0.00160066
-0.00160055
-0.00160045
-0.00160037
-0.00160028
-0.00160021
-0.00160014
-0.00160008
-0.00160003
-0.00159998
-0.00159993
-0.00159989
-0.00159985
-0.00159981
-0.00159978
-0.00159974
-0.00159971
-0.00159968
-0.00159965
-0.00159962
-0.00159959
-0.00159956
-0.00159952
-0.00159949
-0.00159945
-0.00159942
-0.00159938
-0.00159934
-0.00159929
-0.00159925
-0.0015992
-0.00159915
-0.0015991
-0.00159904
-0.00159899
-0.00159892
-0.00159886
-0.00159879
-0.00159873
-0.00159865
-0.00159858
-0.0015985
-0.00159842
-0.00159833
-0.00159825
-0.00159816
-0.00159806
-0.00159797
-0.00159787
-0.00159776
-0.00159766
-0.00159755
-0.00159744
-0.00159732
-0.0015972
-0.00159708
-0.00159695
-0.00159682
-0.00159669
-0.00159655
-0.00159641
-0.00159627
-0.00159612
-0.00159596
-0.0015958
-0.00159564
-0.00159547
-0.00159529
-0.00159511
-0.00159492
-0.00159472
-0.00159452
-0.00159431
-0.00159409
-0.00159387
-0.00159363
-0.00159338
-0.00159313
-0.00159286
-0.00159258
-0.00159229
-0.00159198
-0.00159166
-0.00159133
-0.00159098
-0.00159061
-0.00159023
-0.00158982
-0.0015894
-0.00158896
-0.00158849
-0.001588
-0.00158749
-0.00158695
-0.00158639
-0.00158579
-0.00158517
-0.00158452
-0.00158383
-0.00158311
-0.00158235
-0.00158155
-0.00158072
-0.00157984
-0.00157892
-0.00157796
-0.00157695
-0.00157589
-0.00157478
-0.00157362
-0.0015724
-0.00157112
-0.00156979
-0.00156839
-0.00156693
-0.0015654
-0.00156381
-0.00156214
-0.0015604
-0.00155858
-0.00155668
-0.00155469
-0.00155263
-0.00155047
-0.00154822
-0.00154588
-0.00154344
-0.00154091
-0.00153826
-0.00153552
-0.00153266
-0.00152968
-0.00152659
-0.00152339
-0.00152005
-0.00151659
-0.001513
-0.00150927
-0.00150541
-0.0015014
-0.00149725
-0.00149295
-0.00148849
-0.00148388
-0.00147911
-0.00147416
-0.00146905
-0.00146377
-0.0014583
-0.00145266
-0.00144682
-0.0014408
-0.00143458
-0.00142816
-0.00142153
-0.0014147
-0.00140765
-0.00140038
-0.00139289
-0.00138517
-0.00137722
-0.00136903
-0.00136059
-0.00135191
-0.00134298
-0.00133379
-0.00132434
-0.00131463
-0.00130464
-0.00129437
-0.00128382
-0.00127299
-0.00126186
-0.00125043
-0.00123871
-0.00122667
-0.00121433
-0.00120166
-0.00118867
-0.00117535
-0.0011617
-0.00114771
-0.00113338
-0.0011187
-0.00110366
-0.00108827
-0.00107251
-0.00105638
-0.00103987
-0.00102299
-0.00100572
-0.000988061
-0.000970005
-0.00095155
-0.000932689
-0.000913418
-0.000893731
-0.000873625
-0.000853093
-0.000832132
-0.000810735
-0.0007889
-0.00076662
-0.000743892
-0.000720711
-0.000697072
-0.000672971
-0.000648403
-0.000623365
-0.000597852
-0.00057186
-0.000545385
-0.000518423
-0.00049097
-0.000463023
-0.000434578
-0.000405631
-0.00037618
-0.00034622
-0.000315748
-0.000284763
-0.00025326
-0.000221236
-0.000188691
-0.00015562
-0.000122021
-8.78929e-05
-5.32331e-05
-1.80398e-05
1.76887e-05
5.39538e-05
9.07568e-05
0.000128099
0.000165981
0.000204404
0.000243368
0.000282874
0.000322921
0.00036351
0.000404641
0.000446312
0.000488522
0.000531272
0.000574559
0.000618383
0.00066274
0.00070763
0.000753049
0.000798996
0.000845468
0.00089246
0.00093997
0.000987995
0.00103653
0.00108557
0.00113511
0.00118515
0.00123568
0.00128669
0.00133818
0.00139015
0.00144258
0.00149547
0.00154882
0.00160261
0.00165683
0.00171149
0.00176656
0.00182205
0.00187793
0.00193421
0.00199087
0.0020479
0.0021053
0.00216304
0.00222112
0.00227952
0.00233824
0.00239726
0.00245657
0.00251616
0.002576
0.0026361
0.00269642
0.00275696
0.00281771
0.00287865
0.00293975
0.00300101
0.00306242
0.00312394
0.00318557
0.00324729
0.00330908
0.00337092
0.00343279
0.00349469
0.00355657
0.00361844
0.00368027
0.00374203
0.00380372
0.0038653
0.00392677
0.00398809
0.00404925
0.00411023
0.00417101
0.00423156
0.00429187
0.00435192
0.00441167
0.00447112
0.00453023
0.004589
0.00464739
0.00470539
0.00476297
0.00482011
0.0048768
0.004933
0.00498871
0.00504389
0.00509853
0.0051526
0.00520609
0.00525897
0.00531123
0.00536283
0.00541378
0.00546404
0.00551359
0.00556241
0.0056105
0.00565782
0.00570436
0.00575011
0.00579503
0.00583913
0.00588238
0.00592476
0.00596626
0.00600687
0.00604656
0.00608533
0.00612316
0.00616003
0.00619594
0.00623088
0.00626482
0.00629776
0.00632969
0.0063606
0.00639048
0.00641932
0.00644711
0.00647385
0.00649952
0.00652413
0.00654766
0.00657011
0.00659148
0.00661176
0.00663095
0.00664905
0.00666606
0.00668196
0.00669677
0.00671049
0.00672311
0.00673463
0.00674507
0.00675441
0.00676267
0.00676985
0.00677595
0.00678097
0.00678493
0.00678784
0.00678968
0.00679049
0.00679025
0.00678899
0.00678671
0.00678342
0.00677913
0.00677385
0.00676759
0.00676037
0.0067522
0.00674308
0.00673303
0.00672208
0.00671022
0.00669747
0.00668385
0.00666937
0.00665406
0.00663791
0.00662096
0.00660321
0.00658468
0.00656539
0.00654535
0.00652459
0.00650311
0.00648094
0.00645809
0.00643459
0.00641044
0.00638567
0.00636029
0.00633432
0.00630778
0.00628069
0.00625307
0.00622492
0.00619628
0.00616715
0.00613756
0.00610752
0.00607706
0.00604618
0.0060149
0.00598325
0.00595124
0.00591888
0.00588619
0.00585319
0.0058199
0.00578632
0.00575248
0.0057184
0.00568408
0.00564954
0.00561479
0.00557986
0.00554475
0.00550948
0.00547405
0.0054385
0.00540282
0.00536703
0.00533115
0.00529518
0.00525913
0.00522302
0.00518686
0.00515066
0.00511443
0.00507818
0.00504192
