0.00357143
0.00908994
0.0172915
0.0277685
0.0401528
0.054112
0.069346
0.085593
0.102609
0.102609
0.120171
0.138076
0.156133
0.174159
0.191976
0.209404
0.226254
0.242321
0.257378
0.271175
0.283431
0.293838
0.302076
0.30783
0.310823
0.31086
0.310762
0.310762
0.307779
0.302843
0.296064
0.287624
0.277828
0.267072
0.255801
0.244467
0.233488
0.223223
0.213957
0.205894
0.199163
0.19382
0.189861
0.187233
0.185837
0.185543
0.186193
0.187613
0.189613
0.192001
0.194583
0.19717
0.199585
0.201664
0.203265
0.204267
0.204573
0.204116
0.202852
0.200767
0.19787
0.194193
0.189787
0.184722
0.179078
0.172944
0.166413
0.159582
0.152544
0.145388
0.1382
0.131055
0.12402
0.117154
0.110505
0.104111
0.0980011
0.0921912
0.0866872
0.0814822
0.0765557
0.0718714
0.0673752
0.0629926
0.0586249
0.0541468
0.0494036
0.0494035
0.0494035
0.0442103
0.0383534
0.0315976
0.0236985
0.0144239
0.00358424
-0.00893012
-0.0231089
-0.0387874
-0.055627
-0.0731187
-0.0906118
-0.107365
-0.122607
-0.135605
-0.145725
-0.152486
-0.155612
-0.155062
-0.151056
-0.144065
-0.13477
-0.124
-0.112638
-0.101535
-0.0914319
-0.0829126
-0.0763757
-0.0720374
-0.0699495
-0.0700297
-0.0720971
-0.0759082
-0.081189
-0.0876614
-0.0950632
-0.10316
-0.111753
-0.120679
-0.129807
-0.139039
-0.148299
-0.157532
-0.166695
-0.175754
-0.18468
-0.193445
-0.202022
-0.210377
-0.218477
-0.226283
-0.233749
-0.24083
-0.247473
-0.253626
-0.259233
-0.259233
-0.264239
-0.26859
-0.272231
-0.275104
-0.27715
-0.278294
-0.278445
-0.277483
-0.275259
-0.27159
-0.266278
-0.259127
-0.24998
-0.23875
-0.22545
-0.210207
-0.193264
-0.174963
-0.155711
-0.135952
-0.116121
-0.0966222
-0.0777968
-0.0599127
-0.0431575
-0.0276408
-0.0134021
-0.000422096
0.0113646
0.0220564
0.0317727
0.0406445
0.0488061
0.056389
0.0635188
0.0703121
0.0768759
0.0833071
0.0896933
0.0961134
0.102639
0.109334
0.116258
0.123464
0.131003
0.138921
0.147259
0.156055
0.165344
0.175156
0.185514
0.196436
0.207931
0.219999
0.232626
0.245781
0.259411
0.273437
0.28774
0.302155
0.316454
0.330332
0.330332
0.343384
0.355094
0.364821
0.37181
0.375233
0.374284
0.368334
0.357136
0.340965
0.320698
0.2977
0.29763
0.29763
0.27356
0.251026
0.23077
0.213216
0.19859
0.186954
0.178239
0.172287
0.16888
0.167757
0.168637
0.171224
0.175225
0.180348
0.186315
0.192857
0.199724
0.206682
0.213516
0.22003
0.22605
0.231422
0.236011
0.23971
0.242429
0.244106
0.2447
0.244194
0.242594
0.239929
0.236247
0.231613
0.226108
0.219825
0.212864
0.205331
0.197334
0.18898
0.18037
0.171602
0.162765
0.15394
0.1452
0.136608
0.128217
0.120073
0.112214
0.104668
0.097456
0.0905923
0.0840823
0.0779233
0.0721032
0.0665997
0.0613785
0.0563906
0.0515705
0.046833
0.0420703
0.03715
0.0319138
0.0319138
0.0261789
0.0197432
0.0123963
0.00393795
-0.00579608
-0.0168999
-0.029361
-0.043027
-0.057586
-0.0725681
-0.0873736
-0.101324
-0.113727
-0.123946
-0.131464
-0.135935
-0.13722
-0.13541
-0.130826
-0.123993
-0.115588
-0.106373
-0.0971115
-0.0884933
-0.0810803
-0.0752738
-0.0713085
