-81.625
35.0254
30.2543
0.667552
-46.5536
-79.5941
-204.296
-261.164
-347.952
-421.007
-384.868
-210.907
38.4235
195.24
202.401
160.165
92.1781
14.4441
-40.4689
-86.3037
-153.045
-249.568
-349.441
-417.049
-424.103
-356.788
-296.383
-226.841
-101.052
-87.4881
-198.461
-212.578
-187.243
-257.294
-254.389
-164.815
-132.418
-202.316
-307.6
-368.044
-354.81
-275.719
-237.215
-175.675
-119.252
-64.062
-26.2585
-26.2576
-26.2338
-23.1682
66.2306
182.448
180.697
17.9178
-158.827
-241.854
-283.981
-283.982
-283.99
-287.359
-320.394
-381.443
-351.305
-227.886
-148.325
303.563
616.688
232.017
-140.487
-212.9
-50.2316
-49.3108
-135.207
-119.795
-119.817
-181.917
-275.121
-342.207
-352.342
-363.277
-404.194
-392.599
-308.273
-239.672
-165.949
-29.3029
