-4.32692
7.84083
7.33142
5.5867
3.01202
1.33588
-1.01956
9.19095
6.04513
3.45145
10.9829
8.43894
4.21919
-20.0353
-10.4494
-0.82403
0.0555731
6.92522
3.25029
2.19474
-4.12886
-1.89561
-2.57798
0.120819
-1.66307
0.238648
3.06793
1.76384
10.7959
7.91491
-23.2973
-39.4698
-33.729
-37.2221
-21.7191
-4.33153
10.2298
0.277643
0.325894
-5.51542
0.955355
-1.07571
2.82312
5.38974
12.3136
28.6118
21.939
21.94
21.9365
25.5976
9.57521
-4.0087
-31.6043
3.15472
16.9036
10.3333
7.30405
7.30449
7.30386
8.3909
9.49131
-4.6058
1.11532
-5.6505
-2.49206
36.8011
27.7583
72.7519
-126.822
124.971
-89.3268
-82.616
-90.6105
71.2372
71.1784
85.4959
-70.9241
59.935
42.6498
51.2442
-26.9771
26.0628
-32.8733
1.61832
6.31952
-56.286
