-0.000576923
-0.000576546
-0.00057611
-0.000575614
1.29556e-06
-0.000575047
-0.000574431
-0.000573736
-0.000572965
-0.000572113
-0.000571176
-0.000570146
-0.000569018
-0.000567787
-0.000566446
-0.000564989
-0.00056341
-0.000561704
-0.000559864
-0.000557885
-0.000555761
-0.000553486
-0.000551057
-0.000548466
-0.00054571
-0.000542783
-0.00053968
-0.000536397
-0.000532929
-0.000529272
-0.000525422
-0.000521374
-0.000517123
-0.000512667
-0.000508001
-0.000503121
-0.000498023
-0.000492704
-0.000487159
-0.000481385
-0.000475379
-0.000469135
-0.000462652
-0.000455925
-0.00044895
-0.000441723
-0.000434242
-0.000426501
-0.000418498
-0.000410251
-0.000401756
-0.00039301
-0.000384006
-0.000374741
-0.000365211
-0.000355411
-0.000345336
-0.000334983
-0.000324347
-0.000313423
-0.000302209
-0.000290698
-0.000278888
-0.000266774
-0.000254351
-0.000241616
-0.000228564
-0.00021519
-0.000201492
-0.000187465
-0.000173104
-0.000158405
-0.000143365
-0.000127978
-0.000112242
-9.61516e-05
-7.97029e-05
-6.28919e-05
-4.57146e-05
-2.81669e-05
-1.02449e-05
8.05543e-06
2.6738e-05
4.58066e-05
6.52653e-05
8.51178e-05
0.000105368
0.000126019
0.000147075
0.00016854
0.000190417
0.00021271
0.000235422
0.000258556
0.000282116
0.000306104
0.000330525
0.000355381
0.000380675
0.000406409
0.000432587
0.000459212
0.000486285
0.000513809
0.000541787
0.000570221
0.000599113
0.000628464
0.000658277
0.000688553
0.000719294
0.000750501
0.000782176
0.00081432
0.000846933
0.000880016
0.000913571
0.000947597
0.000982095
0.00101706
0.00105251
0.00108842
0.00112481
0.00116166
0.00119899
0.00123679
0.00127505
0.00131378
0.00135298
0.00139264
0.00143276
0.00147335
0.00151439
0.00155588
0.00159783
0.00164023
0.00168308
0.00172637
0.0017701
0.00181426
0.00185886
0.00190389
0.00194934
0.00199522
0.00204151
0.00208821
0.00213531
0.00218282
0.00223072
0.00227901
0.00232769
0.00237674
0.00242616
0.00247595
0.0025261
0.0025766
0.00262745
0.00267864
0.00273016
0.002782
0.00283416
0.00288662
0.00293939
0.00299245
0.0030458
0.00309942
0.00315331
0.00320746
0.00326187
0.00331651
0.00337139
0.00342649
0.00348181
0.00353734
0.00359306
0.00364897
0.00370506
0.00376131
0.00381773
0.00387429
0.003931
0.00398783
0.00404479
0.00410185
0.00415902
0.00421627
0.0042736
0.00433101
0.00438847
0.00444599
0.00450354
0.00456112
0.00461872
0.00467634
0.00473395
0.00479155
0.00484913
0.00490668
0.00496419
0.00502165
0.00507904
0.00513637
0.00519362
0.00525078
0.00530784
0.00536479
0.00542162
0.00547833
0.0055349
0.00559132
0.00564759
0.00570369
0.00575962
0.00581537
0.00587092
0.00592628
0.00598143
0.00603637
0.00609108
0.00614555
0.00619979
0.00625378
0.00630751
0.00636098
0.00641418
0.0064671
0.00651974
0.00657208
0.00662412
0.00667586
0.00672728
0.00677839
0.00682916
0.00687961
0.00692972
0.00697949
0.00702891
0.00707797
0.00712667
0.00717501
0.00722297
0.00727057
0.00731778
0.0073646
0.00741104
0.00745709
0.00750273
0.00754798
0.00759282
0.00763725
0.00768127
0.00772487
0.00776806
0.00781082
0.00785315
0.00789506
0.00793654
0.00797758
0.00801819
0.00805836
0.00809809
0.00813738
0.00817622
0.00821462
0.00825257
0.00829007
0.00832713
0.00836373
0.00839988
0.00843557
0.00847082
0.00850561
0.00853994
0.00857382
0.00860724
0.0086402
0.00867271
0.00870476
0.00873636
0.00876749
0.00879818
0.0088284
0.00885817
0.00888749
0.00891635
0.00894476
0.00897271
0.00900022
0.00902727
0.00905387
0.00908002
0.00910573
0.00913098
0.0091558
0.00918016
0.00920409
0.00922757
0.00925062
0.00927323
0.0092954
0.00931713
0.00933844
0.00935931
0.00937975
0.00939977
0.00941936
0.00943853
0.00945728
0.00947561
0.00949352
0.00951101
0.0095281
0.00954477
0.00956104
0.0095769
0.00959235
0.00960741
0.00962207
0.00963633
0.00965019
0.00966367
0.00967675
0.00968945
0.00970177
0.0097137
0.00972526
0.00973644
0.00974724
0.00975767
0.00976774
0.00977743
0.00978677
0.00979574
0.00980436
0.00981261
0.00982052
0.00982807
0.00983528
0.00984214
0.00984866
0.00985484
0.00986068
0.00986618
0.00987135
0.00987619
0.00988071
0.00988489
0.00988876
0.00989231
0.00989554
0.00989845
0.00990105
0.00990334
0.00990533
0.00990701
0.00990838
0.00990946
0.00991024
0.00991072
0.00991092
0.00991082
0.00991043
0.00990976
0.0099088
0.00990756
0.00990605
0.00990425
0.00990219
0.00989985
0.00989724
0.00989436
0.00989122
0.00988781
0.00988415
0.00988022
0.00987604
0.0098716
0.00986691
0.00986197
0.00985678
0.00985135
0.00984567
0.00983974
0.00983358
0.00982718
0.00982054
0.00981366
0.00980655
0.00979921
0.00979164
0.00978384
0.00977581
0.00976756
0.00975909
0.0097504
0.00974148
0.00973235
0.009723
0.00971344
0.00970366
0.00969367
0.00968347
0.00967307
0.00966245
0.00965163
0.0096406
0.00962938
0.00961794
0.00960631
0.00959448
0.00958245
0.00957023
0.00955781
0.00954519
0.00953238
0.00951938
0.00950619
0.00949281
0.00947924
0.00946548
0.00945154
0.00943741
0.00942309
0.00940859
0.00939391
0.00937905
0.00936401
0.00934879
0.00933338
0.0093178
0.00930205
0.00928611
0.00927
0.00925372
0.00923726
0.00922063
0.00920382
0.00918684
0.00916969
0.00915237
0.00913488
0.00911722
0.00909939
0.0090814
0.00906323
0.0090449
0.0090264
0.00900773
0.0089889
0.0089699
0.00895074
0.00893141
0.00891192
0.00889226
0.00887244
0.00885246
0.00883231
0.008812
0.00879153
0.0087709
0.00875011
0.00872916
0.00870804
0.00868676
0.00866533
0.00864373
0.00862197
0.00860006
0.00857798
0.00855575
0.00853335
0.0085108
0.00848809
0.00846522
0.00844219
0.008419
0.00839566
0.00837216
0.0083485
0.00832468
0.0083007
0.00827657
0.00825228
0.00822783
0.00820323
0.00817847
0.00815355
0.00812848
0.00810325
0.00807786
0.00805232
0.00802662
0.00800076
0.00797475
0.00794858
0.00792226
0.00789578
0.00786915
0.00784236
0.00781542
0.00778832
0.00776107
0.00773366
0.0077061
0.00767839
0.00765052
0.00762249
0.00759432
0.00756599
0.00753751
0.00750887
0.00748008
0.00745114
0.00742205
0.00739281
0.00736341
0.00733387
0.00730417
0.00727432
0.00724433
0.00721418
0.00718389
0.00715344
0.00712285
0.00709211
0.00706123
0.00703019
0.00699901
0.00696769
0.00693622
0.0069046
0.00687285
0.00684094
0.0068089
0.00677671
0.00674439
0.00671192
0.00667931
0.00664656
0.00661368
0.00658065
0.0065475
0.0065142
0.00648077
0.00644721
0.00641351
0.00637968
0.00634572
0.00631164
0.00627742
0.00624307
0.0062086
0.006174
0.00613928
0.00610444
0.00606947
0.00603438
0.00599918
0.00596385
0.00592841
0.00589286
0.00585719
0.00582141
0.00578552
0.00574952
0.00571341
0.00567719
0.00564087
0.00560445
0.00556793
0.00553131
0.00549459
0.00545778
0.00542087
0.00538387
0.00534678
0.0053096
0.00527234
0.00523499
0.00519756
0.00516005
0.00512246
0.0050848
0.00504706
0.00500925
0.00497138
0.00493344
0.00489543
0.00485736
0.00481923
0.00478105
0.00474281
0.00470452
0.00466618
0.00462779
0.00458936
0.00455089
0.00451237
0.00447383
0.00443525
0.00439664
0.004358
0.00431934
0.00428065
0.00424195
0.00420323
0.0041645
0.00412576
0.00408701
0.00404826
0.00400951
0.00397076
0.00393202
0.00389329
0.00385457
0.00381587
0.00377718
0.00373852
0.00369989
0.00366129
0.00362272
0.00358419
0.00354569
0.00350725
0.00346885
0.0034305
0.00339221
0.00335397
0.0033158
0.0032777
0.00323967
0.00320171
0.00316383
0.00312603
0.00308832
0.0030507
0.00301317
0.00297574
0.00293841
0.00290119
0.00286408
0.00282709
0.00279021
0.00275346
0.00271683
0.00268034
0.00264398
0.00260776
0.00257169
0.00253577
0.00249999
0.00246438
0.00242893
0.00239364
0.00235853
0.00232359
0.00228883
0.00225426
0.00221987
0.00218568
0.00215169
0.00211789
0.00208431
0.00205094
0.00201779
0.00198486
0.00195216
0.00191969
0.00188746
0.00185547
0.00182372
0.00179223
0.00176099
0.00173001
0.00169929
0.00166885
0.00163867
0.00160877
0.00157916
0.00154983
0.00152079
0.00149205
0.00146361
0.00143548
0.00140766
0.00138015
0.00135297
0.00132611
0.00129958
0.00127338
0.00124753
0.00122201
0.00119685
0.00117204
0.0011476
0.00112351
0.00109979
0.00107645
0.00105349
0.00103091
0.00100871
0.000986911
0.000965507
0.000944506
0.000923911
0.000903728
0.000883961
0.000864616
0.000845696
0.000827206
0.000809151
0.000791536
0.000774365
0.000757643
0.000741374
0.000725563
0.000710215
0.000695333
0.000680922
0.000666988
0.000653533
0.000640563
0.000628082
0.000616093
0.000604603
0.000593614
0.000583131
0.000573158
0.000563699
0.000554759
0.000546341
0.000538449
0.000531088
0.000524262
0.000517974
0.000512228
0.000507028
0.000502379
0.000498283
0.000494745
0.000491767
0.000489355
0.000487511
0.000486239
0.000485543
0.000485425
0.00048589
0.000486941
0.000488581
0.000490813
0.00049364
0.000497067
0.000501095
0.000505729
0.00051097
0.000516823
0.000523289
0.000530373
0.000538075
0.000546401
0.000555351
0.000564929
0.000575138
0.00058598
0.000597457
0.000609572
0.000622327
0.000635724
0.000649767
0.000664457
0.000679795
0.000695785
0.000712429
0.000729727
0.000747683
0.000766298
0.000785573
0.000805511
0.000826114
0.000847382
0.000869317
0.000891922
0.000915196
0.000939142
0.000963761
0.000989054
0.00101502
0.00104167
0.00106899
0.00109699
0.00112567
0.00115503
0.00118507
0.00121579
0.00124719
0.00127928
0.00131205
0.0013455
0.00137964
0.00141446
0.00144997
0.00148616
0.00152304
0.0015606
0.00159884
0.00163778
0.00167739
0.00171769
0.00175868
0.00180034
0.0018427
0.00188573
0.00192945
0.00197384
0.00201892
0.00206468
0.00211112
0.00215824
0.00220603
0.00225451
0.00230365
0.00235347
0.00240397
0.00245513
0.00250697
0.00255948
0.00261265
0.00266649
0.00272099
0.00277616
0.00283198
0.00288847
0.00294561
0.00300341
0.00306186
0.00312096
0.00318071
0.00324111
0.00330215
0.00336383
0.00342616
0.00348912
0.00355271
0.00361694
0.00368179
0.00374727
0.00381338
0.00388011
0.00394745
0.00401541
0.00408398
0.00415316
0.00422294
0.00429333
0.00436431
0.00443589
0.00450806
0.00458083
0.00465417
0.0047281
0.0048026
0.00487768
0.00495332
0.00502953
0.00510631
0.00518364
0.00526152
0.00533996
0.00541893
0.00549845
0.00557851
0.0056591
0.00574021
0.00582185
0.005904
0.00598667
0.00606985
0.00615353
0.00623771
0.00632239
0.00640755
0.00649319
0.00657932
0.00666592
0.00675298
0.00684051
0.0069285
0.00701693
0.00710581
0.00719514
0.00728489
0.00737508
0.00746569
0.00755672
0.00764815
0.00774
0.00783224
0.00792487
0.00801789
0.00811129
0.00820507
0.00829921
0.00839371
0.00848857
0.00858377
0.00867931
0.00877519
0.0088714
0.00896792
0.00906476
0.00916191
0.00925935
0.00935709
0.0094551
0.0095534
0.00965197
0.0097508
0.00984988
0.00994921
0.0100488
0.0101486
0.0102486
0.0103488
0.0104493
0.0105499
0.0106508
0.0107518
0.010853
0.0109544
0.0110559
0.0111576
0.0112594
0.0113613
0.0114634
0.0115656
0.0116679
0.0117703
0.0118727
0.0119753
0.0120779
0.0121806
0.0122834
0.0123862
0.012489
0.0125919
0.0126947
0.0127976
0.0129005
0.0130033
0.0131062
0.013209
0.0133117
0.0134144
0.0135171
0.0136196
0.0137221
0.0138245
0.0139268
0.014029
0.0141311
0.014233
0.0143348
0.0144364
0.0145379
0.0146392
0.0147403
0.0148413
0.014942
0.0150425
0.0151427
0.0152428
0.0153426
0.0154421
0.0155413
0.0156403
0.015739
0.0158374
0.0159355
0.0160332
0.0161306
0.0162277
0.0163244
0.0164208
0.0165167
0.0166123
0.0167075
0.0168023
0.0168966
0.0169905
0.017084
0.017177
0.0172695
0.0173616
0.0174532
0.0175442
0.0176348
0.0177248
0.0178143
0.0179033
0.0179917
0.0180795
0.0181668
0.0182535
0.0183396
0.018425
0.0185099
0.0185941
0.0186777
0.0187606
0.0188429
0.0189245
0.0190054
0.0190856
0.0191651
0.0192439
0.0193219
0.0193993
0.0194758
0.0195517
0.0196267
0.019701
0.0197745
0.0198472
0.0199191
0.0199902
0.0200605
0.0201299
0.0201985
0.0202662
0.0203331
0.0203991
0.0204642
0.0205284
0.0205918
0.0206542
0.0207157
0.0207763
0.020836
0.0208947
0.0209525
0.0210094
0.0210652
0.0211201
0.0211741
0.021227
0.021279
0.0213299
0.0213799
0.0214288
0.0214768
0.0215237
0.0215696
0.0216144
0.0216582
0.021701
0.0217427
0.0217834
0.021823
0.0218615
0.021899
0.0219354
0.0219707
0.0220049
0.022038
0.0220701
0.022101
0.0221309
0.0221597
0.0221873
0.0222139
0.0222393
0.0222637
0.0222869
0.022309
0.02233
0.0223499
0.0223686
0.0223863
0.0224028
0.0224182
0.0224325
0.0224456
0.0224577
0.0224686
0.0224784
0.0224871
0.0224947
0.0225011
0.0225064
0.0225107
0.0225138
0.0225158
0.0225167
0.0225165
0.0225152
0.0225128
0.0225093
0.0225047
0.022499
0.0224922
0.0224844
0.0224754
0.0224655
0.0224544
0.0224423
0.0224291
0.0224149
0.0223996
0.0223833
0.022366
0.0223476
0.0223282
0.0223078
0.0222864
0.022264
0.0222406
0.0222162
0.0221908
0.0221645
0.0221372
0.0221089
0.0220797
0.0220496
0.0220185
0.0219866
0.0219537
0.0219199
0.0218852
0.0218496
0.0218132
0.0217759
0.0217377
0.0216988
0.0216589
0.0216183
0.0215768
0.0215346
0.0214916
0.0214477
0.0214032
0.0213578
0.0213117
0.0212649
0.0212174
0.0211692
0.0211202
0.0210706
0.0210203
0.0209694
0.0209178
0.0208656
0.0208127
0.0207593
0.0207052
0.0206506
0.0205954
0.0205396
0.0204833
0.0204265
0.0203692
0.0203113
0.020253
0.0201941
0.0201348
0.0200751
0.0200149
0.0199543
0.0198933
0.0198319
0.0197701
0.019708
0.0196454
0.0195826
0.0195194
0.0194559
0.0193921
0.019328
0.0192636
0.019199
0.0191341
0.019069
0.0190037
0.0189382
0.0188724
0.0188065
0.0187405
0.0186742
0.0186079
0.0185414
0.0184748
0.0184081
0.0183413
0.0182744
0.0182075
0.0181406
0.0180736
0.0180065
0.0179395
0.0178725
0.0178055
0.0177385
0.0176715
0.0176046
0.0175378
0.0174711
0.0174044
0.0173379
0.0172714
0.0172051
0.0171389
0.0170729
0.017007
0.0169413
0.0168758
0.0168104
0.0167453
0.0166804
0.0166157
0.0165512
0.016487
0.016423
0.0163593
0.0162958
0.0162327
0.0161698
0.0161073
0.016045
0.0159831
0.0159215
0.0158603
0.0157993
0.0157388
0.0156786
0.0156188
0.0155593
0.0155003
0.0154416
0.0153833
0.0153255
0.015268
0.015211
0.0151544
0.0150983
0.0150426
0.0149873
0.0149325
0.0148782
0.0148243
0.0147709
0.014718
0.0146655
0.0146136
0.0145621
0.0145112
0.0144607
0.0144108
0.0143613
0.0143124
0.014264
0.0142161
0.0141688
0.014122
0.0140757
0.0140299
0.0139847
0.01394
0.0138959
0.0138523
0.0138093
0.0137668
0.0137249
0.0136836
0.0136427
0.0136025
0.0135628
0.0135237
0.0134851
0.0134471
0.0134097
0.0133728
0.0133365
0.0133008
0.0132656
0.013231
0.0131969
0.0131635
0.0131305
0.0130982
0.0130664
0.0130352
0.0130045
0.0129744
0.0129449
0.0129159
0.0128874
0.0128596
0.0128322
0.0128055
0.0127792
0.0128173
0.01282
0.0127564
0.0127285
0.0127039
0.0126798
0.0126562
0.0126332
0.0126107
0.0125887
0.0125673
0.0125463
0.0125259
0.012506
0.0124866
0.0124677
0.0124493
0.0124314
0.0124139
0.012397
0.0123806
0.0123646
0.0123492
0.0123342
0.0123196
0.0123056
0.012292
0.0122788
0.0122661
0.0122539
0.0122421
0.0122307
0.0122198
0.0122093
0.0121992
0.0121895
0.0121802
0.0121714
0.0121629
0.0121549
0.0121472
0.0121399
0.012133
0.0121264
0.0121202
0.0121144
0.0121089
0.0121038
0.012099
0.0120945
0.0120904
0.0120866
0.0120831
0.0120799
0.012077
0.0120744
0.0120721
0.01207
0.0120683
0.0120668
0.0120656
0.0120646
0.0120638
0.0120634
0.0120631
0.0120631
0.0120633
0.0120637
0.0120643
0.0120651
0.0120661
0.0120673
0.0120686
0.0120702
0.0120719
0.0120737
0.0120757
0.0120779
0.0120802
0.0120826
0.0120851
0.0120878
0.0120905
0.0120934
0.0120964
0.0120994
0.0121026
0.0121058
0.012109
0.0121124
0.0121158
0.0121192
0.0121227
0.0121262
0.0121298
0.0121334
0.012137
0.0121406
0.0121442
0.0121478
0.0121513
0.0121549
0.0121585
0.012162
0.0121655
0.012169
0.0121724
0.0121757
0.012179
0.0121823
0.0121854
0.0121885
0.0121915
0.0121945
0.0121973
0.0122
0.0122027
0.0122052
0.0122076
0.0122099
0.0122121
0.0122142
0.0122161
0.0122179
0.0122195
0.012221
0.0122224
0.0122236
0.0122246
0.0122255
0.0122262
0.0122268
0.0122271
0.0122273
0.0122273
0.0122271
0.0122267
0.0122262
0.0122254
0.0122244
0.0122233
0.0122219
0.0122203
0.0122185
0.0122165
0.0122142
0.0122118
0.0122091
0.0122062
0.0122031
0.0121997
0.0121961
0.0121922
0.0121882
0.0121839
0.0121793
0.0121745
0.0121695
0.0121642
0.0121586
0.0121529
0.0121468
0.0121406
0.012134
0.0121272
0.0121202
0.0121129
0.0121054
0.0120975
0.0120895
0.0120812
0.0120726
0.0120638
0.0120547
0.0120454
0.0120358
0.0120259
0.0120158
0.0120055
0.0119949
0.011984
0.0119729
0.0119615
0.0119499
0.011938
0.0119259
0.0119136
0.011901
0.0118881
0.011875
0.0118617
0.0118481
0.0118343
0.0118203
0.011806
0.0117915
0.0117767
0.0117618
0.0117466
0.0117311
0.0117155
0.0116997
0.0116836
0.0116673
0.0116508
0.0116341
0.0116172
0.0116001
0.0115828
0.0115653
0.0115476
0.0115297
0.0115117
0.0114934
0.011475
0.0114564
0.0114376
0.0114186
0.0113995
0.0113803
0.0113608
0.0113412
0.0113215
0.0113016
0.0112816
0.0112614
0.0112411
0.0112207
0.0112002
0.0111795
0.0111587
0.0111378
0.0111168
0.0110956
0.0110744
0.0110531
0.0110317
0.0110102
0.0109886
0.0109669
0.0109452
0.0109233
0.0109015
0.0108795
0.0108575
0.0108355
0.0108134
0.0107912
0.0107691
0.0107468
0.0107246
0.0107023
0.01068
0.0106577
0.0106354
0.0106131
0.0105908
0.0105684
0.0105461
0.0105238
0.0105015
0.0104793
0.010457
0.0104348
0.0104126
0.0103905
0.0103684
0.0103464
0.0103244
0.0103024
0.0102806
0.0102587
0.010237
0.0102153
0.0101938
0.0101723
0.0101508
0.0101295
0.0101083
0.0100872
0.0100661
0.0100452
0.0100244
0.0100037
0.00998318
0.00996274
0.00994243
0.00992225
0.00990221
0.0098823
0.00986254
0.00984292
0.00982346
0.00980415
0.00978499
0.009766
0.00974717
0.00972851
0.00971001
0.0096917
0.00967355
0.00965559
0.00963781
0.00962022
0.00960281
0.0095856
0.00956858
0.00955176
0.00953513
0.00951871
0.00950249
0.00948648
0.00947067
0.00945508
0.0094397
0.00942453
0.00940958
0.00939484
0.00938033
0.00936604
0.00935197
0.00933813
0.00932452
0.00931113
0.00929797
0.00928504
0.00927234
0.00925987
0.00924763
0.00923563
0.00922386
0.00921233
0.00920103
0.00918997
0.00917914
0.00916855
0.0091582
0.00914808
0.0091382
0.00912855
0.00911914
0.00910996
0.00910102
0.00909231
0.00908383
0.00907559
0.00906758
0.0090598
0.00905225
0.00904493
0.00903783
0.00903096
0.00902431
0.00901789
0.00901168
0.0090057
0.00899993
0.00899437
0.00898903
0.0089839
0.00897898
0.00897426
0.00896974
0.00896543
0.00896131
0.00895739
0.00895366
0.00895012
0.00894676
0.00894358
0.00894059
0.00893777
0.00893512
0.00893264
0.00893032
0.00892817
0.00892617
0.00892432
0.00892263
0.00892107
0.00891966
0.00891838
0.00891723
0.00891621
0.00891531
0.00891453
0.00891386
0.0089133
0.00891284
0.00891247
0.0089122
0.00891202
0.00891191
0.00891188
0.00891192
0.00891203
0.00891219
0.00891241
0.00891268
0.00891298
0.00891333
0.0089137
0.00891409
0.0089145
0.00891493
0.00891535
0.00891578
0.0089162
0.0089166
0.00891698
0.00891734
0.00891765
0.00891793
0.00891816
0.00891834
0.00891845
0.0089185
0.00891847
0.00891836
0.00891816
0.00891786
0.00891746
0.00891695
0.00891632
0.00891557
0.00891468
0.00891366
0.00891249
0.00891116
0.00890968
0.00890802
0.00890619
0.00890418
0.00890198
0.00889958
0.00889697
0.00889415
0.00889111
0.00888785
0.00888435
0.0088806
0.00887661
0.00887236
0.00886785
0.00886306
0.008858
0.00885265
0.008847
0.00884106
0.0088348
0.00882824
0.00882134
0.00881412
0.00880656
0.00879866
0.0087904
0.00878179
0.00877281
0.00876345
0.00875372
0.0087436
0.00873308
0.00872217
0.00871085
0.00869911
0.00868695
0.00867437
0.00866135
0.00864788
0.00863398
0.00861961
0.00860479
0.0085895
0.00857373
0.00855749
0.00854076
0.00852354
0.00850582
0.0084876
0.00846887
0.00844962
0.00842985
0.00840955
0.00838873
0.00836736
0.00834545
0.00832299
0.00829998
0.0082764
0.00825227
0.00822756
0.00820228
0.00817642
0.00814997
0.00812294
0.00809531
0.00806709
0.00803826
0.00800883
0.00797878
0.00794812
0.00791685
0.00788495
0.00785242
0.00781926
0.00778547
0.00775105
0.00771598
0.00768027
0.00764391
0.0076069
0.00756924
0.00753092
0.00749195
0.00745231
0.00741202
0.00737105
0.00732942
0.00728712
0.00724415
0.0072005
0.00715618
0.00711118
0.0070655
0.00701914
0.0069721
0.00692438
0.00687598
0.00682689
0.00677712
0.00672666
0.00667552
0.00662369
0.00657117
0.00651797
0.00646408
0.00640951
0.00635425
0.0062983
0.00624168
0.00618436
0.00612637
0.00606769
0.00600834
0.0059483
0.00588759
0.0058262
0.00576413
0.0057014
0.00563799
0.00557392
0.00550918
0.00544378
0.00537772
0.005311
0.00524363
0.00517561
0.00510694
0.00503762
0.00496767
0.00489707
0.00482585
0.00475399
0.00468151
0.00460841
0.0045347
0.00446037
0.00438544
0.0043099
0.00423377
0.00415705
0.00407975
0.00400187
0.00392341
0.00384438
0.0037648
0.00368466
0.00360397
0.00352274
0.00344097
0.00335868
0.00327587
0.00319254
0.00310871
0.00302438
0.00293956
0.00285426
0.00276848
0.00268224
0.00259554
0.00250839
0.00242081
0.00233279
0.00224435
0.0021555
0.00206624
0.0019766
0.00188657
0.00179616
0.0017054
0.00161428
0.00152282
0.00143103
0.00133891
0.00124649
0.00115377
0.00106075
0.000967468
0.000873916
0.00078011
0.000686064
0.000591787
0.000497294
0.000402595
0.000307703
0.00021263
0.00011739
-0.000225258
2.19902e-05
-7.3542e-05
-0.000169208
-0.000264991
-0.000360876
-0.000456851
-0.000552902
-0.000649015
-0.000745178
-0.000841375
-0.000937593
-0.00103382
-0.00113004
-0.00122624
-0.0013224
-0.00141851
-0.00151456
-0.00161053
-0.00170641
-0.00180218
-0.00189783
-0.00199334
-0.0020887
-0.0021839
-0.00227891
-0.00237373
-0.00246834
-0.00256272
-0.00265686
-0.00275075
-0.00284437
-0.0029377
-0.00303074
-0.00312346
-0.00321584
-0.00330789
-0.00339958
-0.00349089
-0.00358182
-0.00367234
-0.00376244
-0.00385212
-0.00394134
-0.00403011
-0.0041184
-0.00420621
-0.00429351
-0.00438029
-0.00446654
-0.00455225
-0.0046374
-0.00472198
-0.00480597
-0.00488937
-0.00497216
-0.00505432
-0.00513585
-0.00521672
-0.00529694
-0.00537648
-0.00545534
-0.00553351
-0.00561096
-0.00568769
-0.0057637
-0.00583896
-0.00591347
-0.00598722
-0.00606019
-0.00613238
-0.00620378
-0.00627438
-0.00634417
-0.00641314
-0.00648128
-0.00654858
-0.00661504
-0.00668065
-0.00674539
-0.00680927
-0.00687228
-0.0069344
-0.00699564
-0.00705599
-0.00711543
-0.00717398
-0.00723161
-0.00728833
-0.00734413
-0.00739901
-0.00745296
-0.00750598
-0.00755807
-0.00760922
-0.00765944
-0.00770871
-0.00775704
-0.00780443
-0.00785087
-0.00789636
-0.0079409
-0.0079845
-0.00802715
-0.00806885
-0.0081096
-0.00814941
-0.00818827
-0.00822619
-0.00826316
-0.00829919
-0.00833429
-0.00836845
-0.00840167
-0.00843397
-0.00846533
-0.00849578
-0.0085253
-0.00855391
-0.00858161
-0.00860841
-0.0086343
-0.00865929
-0.0086834
-0.00870662
-0.00872895
-0.00875042
-0.00877101
-0.00879075
-0.00880963
-0.00882766
-0.00884485
-0.0088612
-0.00887673
-0.00889144
-0.00890533
-0.00891842
-0.00893071
-0.00894222
-0.00895294
-0.00896289
-0.00897208
-0.00898051
-0.00898819
-0.00899513
-0.00900134
-0.00900684
-0.00901161
-0.00901569
-0.00901907
-0.00902176
-0.00902378
-0.00902513
-0.00902582
-0.00902587
-0.00902527
-0.00902404
-0.0090222
-0.00901974
-0.00901667
-0.00901302
-0.00900878
-0.00900396
-0.00899858
-0.00899265
-0.00898617
-0.00897915
-0.0089716
-0.00896353
-0.00895496
-0.00894588
-0.00893631
-0.00892626
-0.00891574
-0.00890475
-0.00889331
-0.00888142
-0.00886909
-0.00885634
-0.00884316
-0.00882958
-0.00881559
-0.0088012
-0.00878643
-0.00877129
-0.00875577
-0.00873989
-0.00872367
-0.00870709
-0.00869018
-0.00867294
-0.00865538
-0.00863751
-0.00861933
-0.00860086
-0.00858209
-0.00856304
-0.00854372
-0.00852413
-0.00850427
-0.00848416
-0.00846381
-0.00844321
-0.00842238
-0.00840133
-0.00838005
-0.00835856
-0.00833686
-0.00831496
-0.00829287
-0.00827059
-0.00824812
-0.00822548
-0.00820266
-0.00817968
-0.00815654
-0.00813325
-0.00810981
-0.00808622
-0.0080625
-0.00803864
-0.00801465
-0.00799055
-0.00796632
-0.00794198
-0.00791753
-0.00789298
-0.00786833
-0.00784359
-0.00781875
-0.00779383
-0.00776883
-0.00774375
-0.00771859
-0.00769337
-0.00766808
-0.00764273
-0.00761732
-0.00759186
-0.00756635
-0.00754079
-0.00751518
-0.00748954
-0.00746386
-0.00743815
-0.0074124
-0.00738663
-0.00736083
-0.00733502
-0.00730918
-0.00728333
-0.00725747
-0.0072316
-0.00720572
-0.00717983
-0.00715394
-0.00712806
-0.00710217
-0.0070763
-0.00705043
-0.00702457
-0.00699872
-0.00697288
-0.00694707
-0.00692127
-0.00689549
-0.00686973
-0.006844
-0.00681829
-0.00679262
-0.00676697
-0.00674135
-0.00671577
-0.00669022
-0.00666471
-0.00663923
-0.0066138
-0.0065884
-0.00656305
-0.00653775
-0.00651248
-0.00648727
-0.0064621
-0.00643698
-0.00641191
-0.0063869
-0.00636193
-0.00633702
-0.00631216
-0.00628736
-0.00626262
-0.00623794
-0.00621331
-0.00618874
-0.00616423
-0.00613979
-0.00611541
-0.00609109
-0.00606683
-0.00604264
-0.00601852
-0.00599446
-0.00597046
-0.00594654
-0.00592268
-0.0058989
-0.00587518
-0.00585153
-0.00582795
-0.00580445
-0.00578101
-0.00575765
-0.00573436
-0.00571114
-0.005688
-0.00566493
-0.00564194
-0.00561902
-0.00559617
-0.0055734
-0.00555071
-0.0055281
-0.00550556
-0.00548309
-0.00546071
-0.0054384
-0.00541617
-0.00539402
-0.00537194
-0.00534995
-0.00532803
-0.00530619
-0.00528443
-0.00526276
-0.00524116
-0.00521964
-0.0051982
-0.00517683
-0.00515555
-0.00513435
-0.00511323
-0.0050922
-0.00507124
-0.00505036
-0.00502956
-0.00500884
-0.00498821
-0.00496765
-0.00494718
-0.00492678
-0.00490647
-0.00488624
-0.00486609
-0.00484602
-0.00482603
-0.00480612
-0.0047863
-0.00476655
-0.00474689
-0.0047273
-0.0047078
-0.00468838
-0.00466904
-0.00464978
-0.0046306
-0.0046115
-0.00459248
-0.00457355
-0.00455469
-0.00453591
-0.00451722
-0.0044986
-0.00448007
-0.00446161
-0.00444324
-0.00442494
-0.00440673
-0.00438859
-0.00437053
-0.00435256
-0.00433466
-0.00431685
-0.00429911
-0.00428145
-0.00426387
-0.00424637
-0.00422895
-0.00421161
-0.00419434
-0.00417716
-0.00416005
-0.00414302
-0.00412608
-0.0041092
-0.00409241
-0.0040757
-0.00405906
-0.0040425
-0.00402602
-0.00400962
-0.00399329
-0.00397704
-0.00396087
-0.00394478
-0.00392877
-0.00391283
-0.00389697
-0.00388118
-0.00386548
-0.00384985
-0.00383429
-0.00381882
-0.00380342
-0.00378809
-0.00377285
-0.00375768
-0.00374259
-0.00372757
-0.00371263
-0.00369777
-0.00368299
-0.00366828
-0.00365365
-0.00363909
-0.00362461
-0.00361021
-0.00359589
-0.00358164
-0.00356747
-0.00355337
-0.00353935
-0.00352541
-0.00351155
-0.00349776
-0.00348406
-0.00347042
-0.00345687
-0.00344339
-0.00343
-0.00341667
-0.00340343
-0.00339027
-0.00337718
-0.00336417
-0.00335125
-0.0033384
-0.00332563
-0.00331294
-0.00330032
-0.00328779
-0.00327534
-0.00326297
-0.00325068
-0.00323847
-0.00322634
-0.00321429
-0.00320233
-0.00319044
-0.00317864
-0.00316692
-0.00315529
-0.00314374
-0.00313227
-0.00312088
-0.00310959
-0.00309837
-0.00308724
-0.0030762
-0.00306524
-0.00305437
-0.00304359
-0.0030329
-0.00302229
-0.00301177
-0.00300134
-0.002991
-0.00298076
-0.0029706
-0.00296053
-0.00295056
-0.00294067
-0.00293088
-0.00292119
-0.00291159
-0.00290208
-0.00289267
-0.00288336
-0.00287414
-0.00286502
-0.00285599
-0.00284707
-0.00283825
-0.00282952
-0.0028209
-0.00281238
-0.00280396
-0.00279564
-0.00278743
-0.00277932
-0.00277132
-0.00276342
-0.00275563
-0.00274794
-0.00274037
-0.0027329
-0.00272555
-0.0027183
-0.00271117
-0.00270415
-0.00269724
-0.00269044
-0.00268376
-0.0026772
-0.00267075
-0.00266442
-0.0026582
-0.00265211
-0.00264613
-0.00264028
-0.00263454
-0.00262893
-0.00262344
-0.00261808
-0.00261284
-0.00260772
-0.00260273
-0.00259787
-0.00259314
-0.00258854
-0.00258406
-0.00257972
-0.0025755
-0.00257142
-0.00256748
-0.00256366
-0.00255998
-0.00255644
-0.00255303
-0.00254976
-0.00254663
-0.00254364
-0.00254078
-0.00253807
-0.0025355
-0.00253307
-0.00253078
-0.00252864
-0.00252663
-0.00252478
-0.00252307
-0.0025215
-0.00252009
-0.00251882
-0.0025177
-0.00251673
-0.0025159
-0.00251523
-0.00251471
-0.00251434
-0.00251413
-0.00251407
-0.00251416
-0.0025144
-0.0025148
-0.00251535
-0.00251606
-0.00251693
-0.00251796
-0.00251914
-0.00252048
-0.00252197
-0.00252363
-0.00252545
-0.00252742
-0.00252956
-0.00253185
-0.00253431
-0.00253693
-0.00253971
-0.00254265
-0.00254576
-0.00254903
-0.00255246
-0.00255605
-0.00255981
-0.00256373
-0.00256782
-0.00257207
-0.00257648
-0.00258106
-0.00258581
-0.00259072
-0.00259579
-0.00260103
-0.00260644
-0.00261201
-0.00261775
-0.00262365
-0.00262972
-0.00263595
-0.00264235
-0.00264892
-0.00265565
-0.00266255
-0.00266961
-0.00267684
-0.00268424
-0.0026918
-0.00269953
-0.00270742
-0.00271547
-0.0027237
-0.00273208
-0.00274063
-0.00274935
-0.00275823
-0.00276728
-0.00277649
-0.00278586
-0.0027954
-0.0028051
-0.00281497
-0.00282499
-0.00283518
-0.00284554
-0.00285605
-0.00286673
-0.00287757
-0.00288857
-0.00289973
-0.00291106
-0.00292254
-0.00293418
-0.00294599
-0.00295795
-0.00297008
-0.00298236
-0.0029948
-0.0030074
-0.00302016
-0.00303307
-0.00304614
-0.00305937
-0.00307275
-0.00308629
-0.00309998
-0.00311382
-0.00312782
-0.00314198
-0.00315629
-0.00317076
-0.00318538
-0.00320015
-0.00321508
-0.00323016
-0.0032454
-0.00326079
-0.00327633
-0.00329203
-0.00330788
-0.00332389
-0.00334004
-0.00335635
-0.00337282
-0.00338943
-0.0034062
-0.00342313
-0.0034402
-0.00345743
-0.00347481
-0.00349234
-0.00351003
-0.00352787
-0.00354586
-0.003564
-0.0035823
-0.00360075
-0.00361936
-0.00363811
-0.00365702
-0.00367609
-0.0036953
-0.00371467
-0.0037342
-0.00375388
-0.00377371
-0.0037937
-0.00381385
-0.00383415
-0.0038546
-0.00387522
-0.00389599
-0.00391691
-0.003938
-0.00395924
-0.00398064
-0.0040022
-0.00402392
-0.0040458
-0.00406784
-0.00409005
-0.00411241
-0.00413494
-0.00415763
-0.00418049
-0.00420351
-0.0042267
-0.00425005
-0.00427357
-0.00429726
-0.00432112
-0.00434515
-0.00436935
-0.00439372
-0.00441826
-0.00444298
-0.00446788
-0.00449295
-0.00451819
-0.00454362
-0.00456922
-0.00459501
-0.00462098
-0.00464713
-0.00467346
-0.00469998
-0.00472668
-0.00475358
-0.00478066
-0.00480793
-0.0048354
-0.00486305
-0.00489091
-0.00491895
-0.0049472
-0.00497564
-0.00500428
-0.00503313
-0.00506218
-0.00509143
-0.00512089
-0.00515055
-0.00518042
-0.00521051
-0.0052408
-0.00527131
-0.00530204
-0.00533298
-0.00536414
-0.00539551
-0.00542711
-0.00545893
-0.00549098
-0.00552325
-0.00555575
-0.00558848
-0.00562144
-0.00565463
-0.00568805
-0.00572171
-0.00575561
-0.00578975
-0.00582412
-0.00585874
-0.0058936
-0.00592871
-0.00596406
-0.00599966
-0.00603551
-0.00607161
-0.00610796
-0.00614457
-0.00618143
-0.00621855
-0.00625593
-0.00629357
-0.00633147
-0.00636963
-0.00640806
-0.00644675
-0.00648571
-0.00652494
-0.00656444
-0.00660421
-0.00664425
-0.00668457
-0.00672516
-0.00676603
-0.00680717
-0.0068486
-0.0068903
-0.00693229
-0.00697456
-0.00701711
-0.00705994
-0.00710306
-0.00714647
-0.00719017
-0.00723415
-0.00727842
-0.00732299
-0.00736784
-0.00741299
-0.00745843
-0.00750416
-0.00755019
-0.00759651
-0.00764313
-0.00769004
-0.00773725
-0.00778476
-0.00783256
-0.00788067
-0.00792907
-0.00797777
-0.00802677
-0.00807607
-0.00812567
-0.00817557
-0.00822577
-0.00827627
-0.00832707
-0.00837818
-0.00842958
-0.00848128
-0.00853328
-0.00858559
-0.00863819
-0.00869109
-0.00874429
-0.00879779
-0.00885159
-0.00890569
-0.00896009
-0.00901478
-0.00906977
-0.00912505
-0.00918063
-0.00923651
-0.00929267
-0.00934914
-0.00940589
-0.00946293
-0.00952026
-0.00957788
-0.00963579
-0.00969399
-0.00975247
-0.00981123
-0.00987027
-0.0099296
-0.00998921
-0.0100491
-0.0101093
-0.0101697
-0.0102304
-0.0102914
-0.0103526
-0.0104141
-0.0104759
-0.010538
-0.0106003
-0.0106628
-0.0107256
-0.0107887
-0.0108521
-0.0109156
-0.0109795
-0.0110435
-0.0111078
-0.0111724
-0.0112372
-0.0113022
-0.0113675
-0.0114329
-0.0114987
-0.0115646
-0.0116307
-0.0116971
-0.0117637
-0.0118305
-0.0118975
-0.0119647
-0.0120321
-0.0120997
-0.0121675
-0.0122354
-0.0123036
-0.012372
-0.0124405
-0.0125092
-0.012578
-0.0126471
-0.0127163
-0.0127856
-0.0128551
-0.0129248
-0.0129946
-0.0130645
-0.0131346
-0.0132048
-0.0132751
-0.0133456
-0.0134162
-0.0134869
-0.0135577
-0.0136286
-0.0136995
-0.0137706
-0.0138418
-0.0139131
-0.0139844
-0.0140558
-0.0141273
-0.0141988
-0.0142704
-0.014342
-0.0144137
-0.0144854
-0.0145572
-0.014629
-0.0147008
-0.0147726
-0.0148444
-0.0149163
-0.0149881
-0.0150599
-0.0151317
-0.0152035
-0.0152753
-0.015347
-0.0154187
-0.0154903
-0.0155619
-0.0156334
-0.0157049
-0.0157763
-0.0158476
-0.0159188
-0.01599
-0.016061
-0.016132
-0.0162028
-0.0162735
-0.016344
-0.0164145
-0.0164848
-0.0165549
-0.0166249
-0.0166948
-0.0167644
-0.0168339
-0.0169032
-0.0169723
-0.0170413
-0.01711
-0.0171785
-0.0172467
-0.0173148
-0.0173826
-0.0174502
-0.0175175
-0.0175846
-0.0176514
-0.0177179
-0.0177842
-0.0178501
-0.0179158
-0.0179811
-0.0180462
-0.0181109
-0.0181753
-0.0182394
-0.0183032
-0.0183665
-0.0184296
-0.0184923
-0.0185545
-0.0186165
-0.018678
-0.0187391
-0.0187999
-0.0188602
-0.0189201
-0.0189796
-0.0190387
-0.0190973
-0.0191555
-0.0192132
-0.0192705
-0.0193272
-0.0193836
-0.0194394
-0.0194947
-0.0195496
-0.0196039
-0.0196578
-0.0197111
-0.0197639
-0.0198161
-0.0198678
-0.019919
-0.0199696
-0.0200197
-0.0200691
-0.020118
-0.0201664
-0.0202141
-0.0202613
-0.0203078
-0.0203538
-0.0203991
-0.0204438
-0.0204879
-0.0205314
-0.0205742
-0.0206164
-0.0206579
-0.0206988
-0.020739
-0.0207786
-0.0208174
-0.0208556
-0.0208932
-0.02093
-0.0209661
-0.0210016
-0.0210363
-0.0210704
-0.0211037
-0.0211363
-0.0211682
-0.0211994
-0.0212298
-0.0212596
-0.0212885
-0.0213168
-0.0213442
-0.021371
-0.021397
-0.0214222
-0.0214467
-0.0214704
-0.0214934
-0.0215155
-0.0215369
-0.0215576
-0.0215775
-0.0215965
-0.0216148
-0.0216324
-0.0216491
-0.0216651
-0.0216802
-0.0216946
-0.0217082
-0.021721
-0.021733
-0.0217442
-0.0217546
-0.0217642
-0.021773
-0.0217811
-0.0217883
-0.0217947
-0.0218003
-0.0218052
-0.0218092
-0.0218124
-0.0218149
-0.0218165
-0.0218174
-0.0218174
-0.0218167
-0.0218151
-0.0218128
-0.0218097
-0.0218058
-0.0218011
-0.0217956
-0.0217893
-0.0217823
-0.0217745
-0.0217659
-0.0217565
-0.0217464
-0.0217355
-0.0217238
-0.0217113
