0.357143
0.356697
0.355359
0.353133
0.350024
0.34604
0.341192
0.33549
0.32895
0.321588
0.321588
0.313422
0.304473
0.294763
0.284316
0.273158
0.261317
0.248824
0.235708
0.222004
0.207744
0.192965
0.177704
0.161999
0.145888
0.129413
0.112615
0.112058
0.112058
0.0955353
0.0782167
0.0607026
0.0430367
0.0252633
0.00742672
-0.0104284
-0.0282575
-0.0460159
-0.0636593
-0.0811436
-0.0984251
-0.115461
-0.132207
-0.148624
-0.164669
-0.180302
-0.195485
-0.210179
-0.224348
-0.237956
-0.250969
-0.263355
-0.275083
-0.286123
-0.296448
-0.306032
-0.314851
-0.322883
-0.330108
-0.336508
-0.342067
-0.346771
-0.350608
-0.353569
-0.355646
-0.356834
-0.35713
-0.356534
-0.355046
-0.352671
-0.349415
-0.345285
-0.340292
-0.334449
-0.327769
-0.320271
-0.311972
-0.302893
-0.293057
-0.282488
-0.271214
-0.259262
-0.246661
-0.233444
-0.219644
-0.205294
-0.190432
-0.175093
-0.175093
-0.175093
-0.159317
-0.143143
-0.12661
-0.109762
-0.0926388
-0.0752842
-0.0577415
-0.0400545
-0.0222673
-0.00442452
0.0134293
0.0312496
0.0489918
0.0666116
0.0840648
0.101308
0.118298
0.134992
0.151349
0.167327
0.182888
0.197991
0.212599
0.226676
0.240186
0.253096
0.265374
0.276988
0.28791
0.298112
0.307569
0.316257
0.324155
0.331242
0.337502
0.342918
0.347477
0.351167
0.35398
0.355908
0.356946
0.357092
0.356346
0.354709
0.352185
0.348781
0.344506
0.339369
0.333384
0.326565
0.318931
0.310499
0.301291
0.29133
0.280641
0.269251
0.269251
0.257187
0.244481
0.231164
0.217268
0.20283
0.187885
0.17247
0.156624
0.140387
0.123798
0.106901
0.0897357
0.0723464
0.0547764
0.0370694
0.0192698
0.00142201
-0.0164293
-0.0342396
-0.0519643
-0.0695591
-0.0869801
-0.104184
-0.121127
-0.137767
-0.154063
-0.169974
-0.18546
-0.200483
-0.215004
-0.228988
-0.2424
-0.255206
-0.267374
-0.278873
-0.289676
-0.299755
-0.309084
-0.317641
-0.325404
-0.332353
-0.338472
-0.343745
-0.348158
-0.351702
-0.354366
-0.356145
-0.357033
-0.357029
-0.356133
-0.354346
-0.351674
-0.348123
-0.343702
-0.338421
-0.332295
-0.325338
-0.317568
-0.309005
-0.299668
-0.289583
-0.278774
-0.278774
-0.267269
-0.255095
-0.242284
-0.228867
-0.214878
-0.200352
-0.185325
-0.169835
-0.15392
-0.137621
-0.120978
-0.120929
-0.120929
-0.104032
-0.0868262
-0.0694035
-0.0518074
-0.0340817
-0.0162709
0.00158061
0.0194282
0.0372272
0.0549331
0.0725017
0.0898892
0.107052
0.123947
0.140532
0.156767
0.172609
0.18802
0.202961
0.217394
0.231284
0.244597
0.257297
0.269355
0.280739
0.291422
0.301376
0.310577
0.319002
0.32663
0.333441
0.339418
0.344547
0.348815
0.352212
0.354727
0.356357
0.357095
0.356941
0.355895
0.353959
0.351138
0.34744
0.342874
0.33745
0.331183
0.324088
0.316183
0.307488
0.298024
0.287816
0.276888
0.265268
0.252984
0.240069
0.226553
0.212472
0.197859
0.182751
0.167187
0.151205
0.151205
0.134845
0.118148
0.101156
0.0839106
0.0664557
0.0488347
0.0310916
0.0132709
-0.00458311
-0.0224256
-0.0402121
-0.057898
-0.0754392
-0.0927919
-0.109913
-0.126759
-0.143288
-0.159459
-0.175231
-0.190566
-0.205424
-0.219769
-0.233564
-0.246776
-0.259371
-0.271317
