0.454545
0.370178
0.395901
0.416881
0.4358
0.454527
0.474274
0.495837
0.519566
0.545623
0.545623
0.574036
0.604753
0.637658
0.672544
0.709042
0.7465
0.783825
0.819273
0.850233
0.873026
0.882812
0.873747
0.839539
0.774573
0.675601
0.543688
0.53862
0.53862
0.39366
0.250367
0.11563
-0.00428905
-0.102286
-0.17265
-0.212552
-0.222477
-0.205739
-0.167471
-0.113551
-0.049715
0.0190165
0.0886179
0.156122
0.219543
0.277717
0.330125
0.376703
0.417678
0.453426
0.484363
0.510869
0.533245
0.551701
0.566364
0.577314
0.584616
0.588362
0.588708
0.585897
0.580261
0.572221
0.562262
0.550906
0.538673
0.526054
0.513477
0.50129
0.489743
0.478994
0.469104
0.460051
0.451744
0.444035
0.436733
0.429615
0.422443
0.414964
0.406927
0.398093
0.388247
0.377222
0.364931
0.351415
0.336911
0.321944
0.307437
0.294836
0.294836
0.294836
0.28622
0.284345
0.292554
0.314443
0.353222
0.410734
0.486306
0.575787
0.671264
0.7619
0.835928
0.883298
0.898102
0.879902
0.833529
0.767424
0.69106
0.61223
0.53508
0.459624
0.383014
0.30204
0.215727
0.126753
0.0411006
-0.0337259
-0.0909698
-0.126421
-0.139224
-0.13167
-0.108299
-0.074721
-0.0365292
0.00150047
0.0358356
0.0642893
0.0858891
0.10062
0.10913
0.112456
0.111805
0.108393
0.103345
0.0976382
0.09208
0.0873119
0.0838241
0.0819764
0.0820211
0.0841209
0.0883594
0.0947412
0.103178
0.113462
0.125213
0.137825
0.137825
0.150394
0.161663
0.170004
0.173487
0.170086
0.15805
0.136433
0.10568
0.0680544
0.0276859
-0.00994664
-0.0390362
-0.0546775
-0.0538891
-0.0361137
-0.00312976
0.0414701
0.093002
0.146424
0.196975
0.240677
0.274677
0.297406
0.308573
0.308994
0.300319
0.284706
0.264504
0.241976
0.219104
0.197476
0.178237
0.162109
0.149441
0.140277
0.134437
0.131583
0.131283
0.133049
0.136377
0.140761
0.145707
0.150729
0.155354
0.159106
0.161503
0.162041
0.160187
0.155364
0.146943
0.134233
0.116477
0.0928438
0.0624409
0.0243268
-0.0224476
-0.0787648
-0.145309
-0.222343
-0.30935
-0.40448
-0.503738
-0.503738
-0.5999
-0.681241
-0.730421
-0.724342
-0.636355
-0.442437
-0.130072
0.284472
0.755118
1.21273
1.58699
1.58772
1.58772
1.75065
1.77431
1.69001
1.5329
1.3314
1.10779
0.878475
0.654599
0.443188
0.248217
0.0715398
-0.0863852
-0.225959
-0.348066
-0.453819
-0.544397
-0.620945
-0.684526
-0.736092
-0.776495
-0.806499
-0.826808
-0.838102
-0.841074
-0.83646
-0.825067
-0.807794
-0.785631
-0.759655
-0.731001
-0.700827
-0.670268
-0.640386
-0.612123
-0.586261
-0.563393
-0.543911
-0.528004
-0.515673
-0.506759
-0.500966
-0.497907
-0.497131
-0.498157
-0.500505
-0.503712
-0.507352
-0.511044
-0.514462
-0.517333
-0.519449
-0.52067
-0.520937
-0.520297
-0.518936
-0.517236
-0.515846
-0.515784
-0.518554
-0.526267
-0.541745
-0.541745
-0.56855
-0.610857
-0.673074
-0.759105
-0.87123
-1.00872
-1.16652
-1.33464
-1.49868
-1.64187
-1.74807
-1.80481
-1.80535
-1.74916
-1.64113
-1.49016
-1.30764
-1.10632
-0.89946
-0.700117
-0.520402
-0.370496
-0.257607
-0.185127
-0.152308
-0.15461
