0
0.000173496
0.000258052
0.000299576
0.000656713
0.000320319
0.000331044
0.000336996
0.000340706
0.000343407
0.0003457
0.000347878
0.000350087
0.0003524
0.000354854
0.000357472
0.000360265
0.000363242
0.000366411
0.000369776
0.000373345
0.000377122
0.000381113
0.000385324
0.00038976
0.000394429
0.000399335
0.000404486
0.000409887
0.000415546
0.000421468
0.000427662
0.000434132
0.000440888
0.000447935
0.000455281
0.000462933
0.000470898
0.000479184
0.000487798
0.000496748
0.000506041
0.000515685
0.000525687
0.000536055
0.000546797
0.00055792
0.000569433
0.000581342
0.000593649
0.000606364
0.000619497
0.000633058
0.000647053
0.000661492
0.000676381
0.00069173
0.000707545
0.000723834
0.000740606
0.000757867
0.000775627
0.000793892
0.000812671
0.00083197
0.000851798
0.000872163
0.000893073
0.000914534
0.000936555
0.000959144
0.000982307
0.00100605
0.00103039
0.00105532
0.00108086
0.00110702
0.00113379
0.00116119
0.00118923
0.00121791
0.00124724
0.00127723
0.00130788
0.0013392
0.00137121
0.0014039
0.00143729
0.00147138
0.00150618
0.00154169
0.00157793
0.00161489
0.0016526
0.00169105
0.00173025
0.0017702
0.00181093
0.00185242
0.0018947
0.00193776
0.00198161
0.00202626
0.00207172
0.00211799
0.00216508
0.00221299
0.00226174
0.00231133
0.00236176
0.00241304
0.00246518
0.00251819
0.00257207
0.00262682
0.00268246
0.00273898
0.0027964
0.00285473
0.00291396
0.0029741
0.00303516
0.00309715
0.00316007
0.00322393
0.00328873
0.00335448
0.00342118
0.00348885
0.00355747
0.00362707
0.00369765
0.00376921
0.00384175
0.00391529
0.00398982
0.00406536
0.00414191
0.00421947
0.00429805
0.00437765
0.00445828
0.00453995
0.00462265
0.0047064
0.0047912
0.00487705
0.00496395
0.00505192
0.00514096
0.00523107
0.00532226
0.00541452
0.00550787
0.00560232
0.00569785
0.00579449
0.00589222
0.00599107
0.00609103
0.0061921
0.00629429
0.00639761
0.00650205
0.00660762
0.00671434
0.00682219
0.00693118
0.00704132
0.00715261
0.00726506
0.00737867
0.00749344
0.00760937
0.00772648
0.00784475
0.00796421
0.00808484
0.00820666
0.00832966
0.00845386
0.00857925
0.00870583
0.00883362
0.00896261
0.0090928
0.00922421
0.00935682
0.00949066
0.00962571
0.00976198
0.00989948
0.0100382
0.0101782
0.0103194
0.0104618
0.0106054
0.0107504
0.0108965
0.0110439
0.0111926
0.0113425
0.0114936
0.011646
0.0117997
0.0119547
0.0121109
0.0122683
0.0124271
0.0125871
0.0127484
0.0129109
0.0130748
0.0132399
0.0134063
0.013574
0.013743
0.0139133
0.0140848
0.0142577
0.0144319
0.0146073
0.0147841
0.0149621
0.0151415
0.0153222
0.0155041
0.0156874
0.015872
0.0160579
0.0162452
0.0164337
0.0166236
0.0168147
0.0170072
0.0172011
0.0173962
0.0175927
0.0177905
0.0179896
0.0181901
0.0183918
0.018595
0.0187994
0.0190052
0.0192123
0.0194208
0.0196306
0.0198417
0.0200542
0.020268
0.0204832
0.0206997
0.0209176
0.0211367
0.0213573
0.0215792
0.0218024
0.022027
0.0222529
0.0224802
0.0227088
0.0229388
0.0231701
0.0234028
0.0236368
0.0238722
0.024109
0.024347
0.0245865
0.0248273
0.0250694
0.0253129
0.0255578
0.025804
0.0260515
0.0263005
0.0265507
0.0268023
0.0270553
0.0273097
0.0275653
0.0278224
0.0280807
0.0283405
0.0286016
0.028864
0.0291278
0.0293929
0.0296594
0.0299273
0.0301964
0.030467
0.0307389
0.0310121
0.0312867
0.0315626
0.0318398
0.0321184
0.0323984
0.0326797
0.0329623
0.0332462
0.0335315
0.0338182
0.0341061
0.0343954
0.0346861
0.034978
0.0352713
0.0355659
0.0358619
0.0361592
0.0364578
0.0367577
0.0370589
0.0373615
0.0376653
0.0379705
0.038277
0.0385848
0.0388939
0.0392044
0.0395161
0.0398291
0.0401434
0.0404591
0.040776
0.0410942
0.0414137
0.0417345
0.0420566
0.04238
0.0427046
0.0430306
0.0433578
0.0436863
0.044016
0.044347
0.0446793
0.0450129
0.0453477
0.0456838
0.0460211
0.0463597
0.0466995
0.0470406
0.0473829
0.0477265
0.0480713
0.0484173
0.0487646
0.0491131
0.0494628
0.0498137
0.0501659
0.0505192
0.0508738
0.0512296
0.0515866
0.0519448
0.0523042
0.0526647
0.0530265
0.0533895
0.0537536
0.0541189
0.0544854
0.0548531
0.0552219
0.0555919
0.055963
0.0563353
0.0567088
0.0570834
0.0574591
0.057836
0.058214
0.0585931
0.0589734
0.0593548
0.0597373
0.0601209
0.0605056
0.0608915
0.0612784
0.0616664
0.0620555
0.0624457
0.062837
0.0632293
0.0636227
0.0640172
0.0644128
0.0648094
0.065207
0.0656057
0.0660055
0.0664063
0.0668081
0.0672109
0.0676148
0.0680197
0.0684255
0.0688324
0.0692403
0.0696492
0.0700591
0.07047
0.0708818
0.0712946
0.0717084
0.0721232
0.0725389
0.0729556
0.0733732
0.0737917
0.0742112
0.0746317
0.075053
0.0754753
0.0758984
0.0763225
0.0767475
0.0771734
0.0776002
0.0780278
0.0784564
0.0788858
0.0793161
0.0797472
0.0801792
0.080612
0.0810457
0.0814802
0.0819156
0.0823517
0.0827887
0.0832265
0.0836651
0.0841045
0.0845447
0.0849857
0.0854275
0.08587
0.0863133
0.0867574
0.0872022
0.0876478
0.0880941
0.0885411
0.0889889
0.0894374
0.0898866
0.0903365
0.0907872
0.0912385
0.0916905
0.0921432
0.0925965
0.0930505
0.0935052
0.0939606
0.0944166
0.0948732
0.0953305
0.0957883
0.0962469
0.096706
0.0971657
0.097626
0.0980869
0.0985484
0.0990105
0.0994732
0.0999364
0.1004
0.100864
0.101329
0.101795
0.102261
0.102727
0.103194
0.103662
0.104129
0.104598
0.105067
0.105536
0.106006
0.106476
0.106947
0.107418
0.10789
0.108362
0.108835
0.109308
0.109781
0.110255
0.110729
0.111204
0.111678
0.112154
0.112629
0.113105
0.113582
0.114058
0.114535
0.115013
0.11549
0.115968
0.116447
0.116925
0.117404
0.117883
0.118363
0.118842
0.119322
0.119802
0.120283
0.120763
0.121244
0.121725
0.122206
0.122688
0.123169
0.123651
0.124133
0.124615
0.125098
0.12558
0.126063
0.126546
0.127029
0.127512
0.127995
0.128478
0.128961
0.129445
0.129928
0.130412
0.130895
0.131379
0.131862
0.132346
0.13283
0.133314
0.133797
0.134281
0.134765
0.135249
0.135733
0.136216
0.1367
0.137184
0.137667
0.138151
0.138634
0.139117
0.139601
0.140084
0.140567
0.14105
0.141533
0.142015
0.142498
0.14298
0.143463
0.143945
0.144427
0.144908
0.14539
0.145871
0.146352
0.146833
0.147314
0.147795
0.148275
0.148755
0.149235
0.149714
0.150193
0.150672
0.151151
0.151629
0.152107
0.152585
0.153062
0.153539
0.154016
0.154493
0.154969
0.155444
0.15592
0.156394
0.156869
0.157343
0.157817
0.15829
0.158763
0.159235
0.159707
0.160179
0.16065
0.161121
0.161591
0.162061
0.16253
0.162998
0.163467
0.163934
0.164401
0.164868
0.165334
0.1658
0.166265
0.166729
0.167193
0.167656
0.168119
0.168581
0.169042
0.169503
0.169963
0.170423
0.170882
0.17134
0.171798
0.172255
0.172711
0.173166
0.173621
0.174076
0.174529
0.174982
0.175434
0.175885
0.176336
0.176786
0.177235
0.177683
0.178131
0.178578
0.179024
0.179469
0.179913
0.180357
0.1808
0.181242
0.181683
0.182123
0.182563
0.183001
0.183439
0.183876
0.184312
0.184747
0.185181
0.185614
0.186047
0.186478
0.186909
0.187338
0.187767
0.188195
0.188621
0.189047
0.189472
0.189896
0.190318
0.19074
0.191161
0.191581
0.192
0.192417
0.192834
0.19325
0.193664
0.194078
0.194491
0.194902
0.195312
0.195722
0.19613
0.196537
0.196943
0.197348
0.197751
0.198154
0.198555
0.198956
0.199355
0.199753
0.20015
0.200545
0.20094
0.201333
0.201725
0.202116
0.202506
0.202894
0.203281
0.203667
0.204052
0.204436
0.204818
0.205199
0.205579
0.205957
0.206334
0.20671
0.207085
0.207458
0.20783
0.208201
0.20857
0.208938
0.209305
0.209671
0.210035
0.210397
0.210759
0.211119
0.211477
0.211835
0.21219
0.212545
0.212898
0.21325
0.2136
0.213949
0.214296
0.214642
0.214987
0.21533
0.215672
0.216012
0.216351
0.216688
0.217024
0.217358
0.217691
0.218023
0.218353
0.218681
0.219008
0.219334
0.219658
0.21998
0.220301
0.22062
0.220938
0.221255
0.221569
0.221883
0.222194
0.222504
0.222813
0.22312
0.223425
0.223729
0.224031
0.224332
0.224631
0.224928
0.225224
0.225518
0.225811
0.226102
0.226391
0.226679
0.226965
0.227249
0.227532
0.227813
0.228092
0.22837
0.228646
0.228921
0.229194
0.229465
0.229734
0.230002
0.230268
0.230532
0.230795
0.231056
0.231315
0.231573
0.231828
0.232082
0.232335
0.232585
0.232834
0.233081
0.233327
0.23357
0.233812
0.234053
0.234291
0.234528
0.234762
0.234996
0.235227
0.235456
0.235684
0.23591
0.236134
0.236357
0.236577
0.236796
0.237013
0.237228
0.237442
0.237653
0.237863
0.238071
0.238277
0.238482
0.238684
0.238885
0.239083
0.23928
0.239476
0.239669
0.23986
0.24005
0.240238
0.240424
0.240608
0.24079
0.24097
0.241149
0.241325
0.2415
0.241673
0.241844
0.242013
0.24218
0.242346
0.242509
0.242671
0.242831
0.242988
0.243144
0.243298
0.243451
0.243601
0.243749
0.243896
0.24404
0.244183
0.244324
0.244462
0.244599
0.244734
0.244867
0.244999
0.245128
0.245255
0.245381
0.245504
0.245626
0.245745
0.245863
0.245979
0.246093
0.246205
0.246315
0.246423
0.246529
0.246633
0.246736
0.246836
0.246934
0.247031
0.247125
0.247218
0.247309
0.247397
0.247484
0.247569
0.247652
0.247733
0.247812
0.247889
0.247964
0.248038
0.248109
0.248178
0.248245
0.248311
0.248374
0.248436
0.248496
0.248553
0.248609
0.248663
0.248714
0.248764
0.248812
0.248858
0.248902
0.248944
0.248985
0.249023
0.249059
0.249093
0.249126
0.249156
0.249185
0.249211
0.249236
0.249259
0.249279
0.249298
0.249315
0.24933
0.249343
0.249354
0.249363
0.24937
0.249376
0.249379
0.24938
0.24938
0.249377
0.249373
0.249367
0.249359
0.249348
0.249336
0.249322
0.249307
0.249289
0.249269
0.249247
0.249224
0.249198
0.249171
0.249142
0.249111
0.249078
0.249043
0.249006
0.248967
0.248926
0.248884
0.248839
0.248793
0.248745
0.248695
0.248643
0.248589
0.248533
0.248476
0.248416
0.248355
0.248292
0.248227
0.24816
0.248091
0.24802
0.247948
0.247874
0.247797
0.247719
0.24764
0.247558
0.247474
0.247389
0.247302
0.247213
0.247122
0.247029
0.246935
0.246838
0.24674
0.24664
0.246539
0.246435
0.24633
0.246223
0.246114
0.246003
0.245891
0.245776
0.24566
0.245542
0.245423
0.245302
0.245178
0.245054
0.244927
0.244799
0.244668
0.244537
0.244403
0.244268
0.244131
0.243992
0.243851
0.243709
0.243565
0.24342
0.243272
0.243123
0.242973
0.24282
0.242666
0.24251
0.242353
0.242194
0.242033
0.24187
0.241706
0.24154
0.241373
0.241204
0.241033
0.240861
0.240687
0.240511
0.240334
0.240155
0.239975
0.239793
0.239609
0.239424
0.239237
0.239049
0.238859
0.238667
0.238474
0.238279
0.238083
0.237885
0.237686
0.237485
0.237283
0.237079
0.236873
0.236666
0.236458
0.236248
0.236036
0.235823
0.235609
0.235393
0.235175
0.234956
0.234736
0.234514
0.234291
0.234066
0.23384
0.233612
0.233383
0.233153
0.232921
0.232688
0.232453
0.232217
0.231979
0.23174
0.2315
0.231259
0.231016
0.230771
0.230526
0.230279
0.23003
0.229781
0.22953
0.229277
0.229024
0.228769
0.228513
0.228255
0.227996
0.227736
0.227475
0.227212
0.226948
0.226683
0.226417
0.226149
0.225881
0.225611
0.225339
0.225067
0.224793
0.224519
0.224243
0.223965
0.223687
0.223408
0.223127
0.222845
0.222562
0.222278
0.221993
0.221707
0.221419
0.221131
0.220841
0.220551
0.220259
0.219966
0.219672
0.219377
0.219082
0.218785
0.218487
0.218188
0.217887
0.217586
0.217284
0.216981
0.216677
0.216372
0.216067
0.21576
0.215452
0.215143
0.214833
0.214523
0.214211
0.213899
0.213586
0.213271
0.212956
0.21264
0.212324
0.212006
0.211687
0.211368
0.211048
0.210727
0.210405
0.210082
0.209759
0.209435
0.20911
0.208784
0.208458
0.20813
0.207802
0.207474
0.207144
0.206814
0.206483
0.206152
0.205819
0.205486
0.205153
0.204819
0.204484
0.204148
0.203812
0.203475
0.203138
0.2028
0.202461
0.202122
0.201782
0.201441
0.2011
0.200759
0.200417
0.200074
0.199731
0.199387
0.199043
0.198698
0.198353
0.198008
0.197661
0.197315
0.196968
0.19662
0.196272
0.195924
0.195575
0.195226
0.194876
0.194526
0.194176
0.193825
0.193474
0.193122
0.192771
0.192418
0.192066
0.191713
0.19136
0.191006
0.190653
0.190299
0.189944
0.18959
0.189235
0.18888
0.188524
0.188169
0.187813
0.187457
0.187101
0.186744
0.186388
0.186031
0.185674
0.185317
0.18496
0.184602
0.184245
0.183887
0.18353
0.183172
0.182814
0.182456
0.182098
0.181739
0.181381
0.181023
0.180665
0.180306
0.179948
0.179589
0.179231
0.178873
0.178514
0.178156
0.177797
0.177439
0.177081
0.176723
0.176364
0.176006
0.175648
0.17529
0.174933
0.174575
0.174217
0.17386
0.173503
0.173145
0.172788
0.172432
0.172075
0.171718
0.171362
0.171006
0.17065
0.170294
0.169939
0.169584
0.169229
0.168874
0.168519
0.168165
0.167811
0.167458
0.167104
0.166751
0.166398
0.166046
0.165694
0.165342
0.16499
0.164639
0.164289
0.163938
0.163588
0.163239
0.162889
0.162541
0.162192
0.161844
0.161497
0.16115
0.160803
0.160457
0.160111
0.159766
0.159421
0.159076
0.158733
0.158389
0.158046
0.157704
0.157362
0.157021
0.15668
0.15634
0.156
0.155661
0.155323
0.154985
0.154648
0.154826
0.15484
0.154325
0.153975
0.153639
0.153304
0.15297
0.152636
0.152304
0.151971
0.15164
0.151309
0.150978
0.150649
0.15032
0.149991
0.149664
0.149337
0.149011
0.148686
0.148361
0.148037
0.147714
0.147391
0.14707
0.146749
0.146429
0.14611
0.145791
0.145473
0.145157
0.14484
0.144525
0.144211
0.143897
0.143585
0.143273
0.142962
0.142652
0.142342
0.142034
0.141726
0.14142
0.141114
0.140809
0.140505
0.140203
0.139901
0.139599
0.139299
0.139
0.138702
0.138405
0.138108
0.137813
0.137519
0.137225
0.136933
0.136642
0.136351
0.136062
0.135774
0.135486
0.1352
0.134915
0.134631
0.134348
0.134066
0.133785
0.133505
0.133226
0.132948
0.132672
0.132396
0.132122
0.131848
0.131576
0.131305
0.131035
0.130766
0.130498
0.130232
0.129966
0.129702
0.129439
0.129177
0.128916
0.128657
0.128398
0.128141
0.127885
0.12763
0.127377
0.127124
0.126873
0.126623
0.126374
0.126127
0.12588
0.125635
0.125392
0.125149
0.124908
0.124668
0.124429
0.124191
0.123955
0.12372
0.123487
0.123254
0.123023
0.122794
0.122565
0.122338
0.122112
0.121888
0.121664
0.121443
0.121222
0.121003
0.120785
0.120569
0.120353
0.12014
0.119927
0.119716
0.119506
0.119298
0.119091
0.118886
0.118681
0.118479
0.118277
0.118077
0.117878
0.117681
0.117485
0.117291
0.117098
0.116906
0.116716
0.116528
0.11634
0.116154
0.11597
0.115787
0.115605
0.115425
0.115247
0.115069
0.114894
0.114719
0.114547
0.114375
0.114205
0.114037
0.11387
0.113704
0.11354
0.113378
0.113217
0.113057
0.112899
0.112743
0.112588
0.112434
0.112282
0.112131
0.111982
0.111835
0.111689
0.111544
0.111401
0.11126
0.11112
0.110981
0.110844
0.110709
0.110575
0.110443
0.110312
0.110183
0.110055
0.109929
0.109804
0.109681
0.109559
0.109439
0.109321
0.109204
0.109088
0.108975
0.108862
0.108752
0.108642
0.108535
0.108429
0.108324
0.108221
0.10812
0.10802
0.107922
0.107825
0.10773
0.107637
0.107545
0.107454
0.107365
0.107278
0.107192
0.107108
0.107026
0.106945
0.106865
0.106788
0.106711
0.106637
0.106564
0.106492
0.106422
0.106354
0.106287
0.106222
0.106158
0.106096
0.106036
0.105977
0.105919
0.105864
0.105809
0.105757
0.105706
0.105656
0.105609
0.105562
0.105518
0.105474
0.105433
0.105393
0.105355
0.105318
0.105282
0.105249
0.105217
0.105186
0.105157
0.10513
0.105104
0.10508
0.105057
0.105036
0.105016
0.104998
0.104982
0.104967
0.104954
0.104942
0.104932
0.104923
0.104916
0.104911
0.104907
0.104904
0.104903
0.104904
0.104906
0.10491
0.104915
0.104922
0.104931
0.104941
0.104952
0.104965
0.10498
0.104996
0.105013
0.105032
0.105053
0.105075
0.105099
0.105124
0.105151
0.105179
0.105209
0.10524
0.105273
0.105307
0.105343
0.10538
0.105419
0.105459
0.105501
0.105544
0.105589
0.105635
0.105683
0.105732
0.105783
0.105835
0.105888
0.105943
0.106
0.106058
0.106117
0.106178
0.10624
0.106304
0.106369
0.106436
0.106504
0.106573
0.106644
0.106716
0.10679
0.106865
0.106942
0.10702
0.107099
0.10718
0.107262
0.107346
0.107431
0.107517
0.107605
0.107694
0.107785
0.107877
0.10797
0.108065
0.108161
0.108258
0.108357
0.108457
0.108558
0.108661
0.108765
0.10887
0.108977
0.109085
0.109195
0.109305
0.109417
0.10953
0.109645
0.109761
0.109878
0.109997
0.110116
0.110237
0.11036
0.110483
0.110608
0.110734
0.110861
0.11099
0.11112
0.111251
0.111383
0.111516
0.111651
0.111787
0.111924
0.112063
0.112202
0.112343
0.112485
0.112628
0.112772
0.112918
0.113064
0.113212
0.113361
0.113511
0.113662
0.113815
0.113968
0.114123
0.114279
0.114436
0.114594
0.114753
0.114913
0.115074
0.115237
0.1154
0.115565
0.11573
0.115897
0.116065
0.116233
0.116403
0.116574
0.116746
0.116919
0.117093
0.117268
0.117444
0.117621
0.117799
0.117978
0.118158
0.118339
0.118521
0.118704
0.118888
0.119072
0.119258
0.119445
0.119633
0.119821
0.120011
0.120201
0.120392
0.120585
0.120778
0.120972
0.121166
0.121362
0.121559
0.121756
0.121955
0.122154
0.122354
0.122555
0.122756
0.122959
0.123162
0.123366
0.123571
0.123777
0.123983
0.124191
0.124399
0.124607
0.124817
0.125027
0.125238
0.12545
0.125663
0.125876
0.12609
0.126304
0.12652
0.126736
0.126952
0.12717
0.127388
0.127607
0.127826
0.128046
0.128267
0.128488
0.12871
0.128932
0.129155
0.129379
0.129604
0.129828
0.130054
0.13028
0.130507
0.130734
0.130962
0.13119
0.131419
0.131648
0.131878
0.132108
0.132339
0.13257
0.132802
0.133035
0.133267
0.133501
0.133734
0.133968
0.134203
0.134438
0.134673
0.134909
0.135146
0.135382
0.135619
0.135857
0.136094
0.136333
0.136571
0.13681
0.137049
0.137289
0.137529
0.137769
0.138009
0.13825
0.138491
0.138733
0.138974
0.139216
0.139458
0.139701
0.139944
0.140187
0.14043
0.140673
0.140917
0.14116
0.141404
0.141649
0.141893
0.142137
0.142382
0.142627
0.142872
0.143117
0.143362
0.143608
0.143853
0.144099
0.144344
0.14459
0.144836
0.145082
0.145328
0.145574
0.14582
0.146066
0.146312
0.146558
0.146804
0.14705
0.147296
0.147542
0.147788
0.148035
0.148281
0.148526
0.148772
0.149018
0.149264
0.14951
0.149755
0.150001
0.150246
0.150491
0.150736
0.150981
0.151226
0.151471
0.151715
0.15196
0.152204
0.152448
0.152692
0.152935
0.153179
0.153422
0.153665
0.153908
0.15415
0.154392
0.154634
0.154876
0.155117
0.155358
0.155599
0.15584
0.15608
0.15632
0.156559
0.156798
0.157037
0.157276
0.157514
0.157752
0.157989
0.158226
0.158462
0.158699
0.158934
0.15917
0.159405
0.159639
0.159873
0.160107
0.16034
0.160572
0.160805
0.161036
0.161267
0.161498
0.161728
0.161958
0.162187
0.162415
0.162643
0.162871
0.163098
0.163324
0.16355
0.163775
0.163999
0.164223
0.164447
0.164669
0.164891
0.165113
0.165334
0.165554
0.165773
0.165992
0.16621
0.166427
0.166644
0.16686
0.167076
0.16729
0.167504
0.167577
0.167717
0.16793
0.168141
0.168352
0.168562
0.168772
0.16898
0.169188
0.169395
0.169601
0.169806
0.170011
0.170215
0.170417
0.170619
0.170821
0.171021
0.17122
0.171419
0.171617
0.171813
0.172009
0.172204
0.172398
0.172592
0.172784
0.172975
0.173165
0.173355
0.173543
0.173731
0.173917
0.174103
0.174287
0.174471
0.174653
0.174835
0.175015
0.175195
0.175373
0.175551
0.175727
0.175902
0.176076
0.17625
0.176422
0.176593
0.176763
0.176931
0.177099
0.177266
0.177431
0.177595
0.177759
0.177921
0.178082
0.178241
0.1784
0.178557
0.178714
0.178869
0.179022
0.179175
0.179327
0.179477
0.179626
0.179774
0.17992
0.180065
0.18021
0.180352
0.180494
0.180634
0.180773
0.180911
0.181048
0.181183
0.181317
0.181449
0.18158
0.18171
0.181839
0.181966
0.182092
0.182217
0.18234
0.182462
0.182582
0.182701
0.182819
0.182936
0.183051
0.183164
0.183276
0.183387
0.183497
0.183605
0.183711
0.183816
0.18392
0.184022
0.184123
0.184222
0.18432
0.184417
0.184512
0.184605
0.184697
0.184788
0.184877
0.184964
0.18505
0.185135
0.185218
0.185299
0.185379
0.185457
0.185534
0.18561
0.185683
0.185756
0.185826
0.185895
0.185963
0.186029
0.186093
0.186156
0.186217
0.186277
0.186335
0.186391
0.186446
0.186499
0.186551
0.186601
0.18665
0.186696
0.186741
0.186785
0.186827
0.186867
0.186906
0.186943
0.186978
0.187011
0.187043
0.187074
0.187102
0.187129
0.187154
0.187178
0.1872
0.18722
0.187239
0.187255
0.187271
0.187284
0.187296
0.187306
0.187314
0.187321
0.187325
0.187329
0.18733
0.18733
0.187328
0.187324
0.187318
0.187311
0.187302
0.187291
0.187279
0.187265
0.187249
0.187231
0.187211
0.18719
0.187167
0.187142
0.187116
0.187088
0.187057
0.187026
0.186992
0.186956
0.186919
0.18688
0.18684
0.186797
0.186753
0.186707
0.186659
0.186609
0.186557
0.186504
0.186449
0.186392
0.186333
0.186273
0.186211
0.186147
0.186081
0.186013
0.185943
0.185872
0.185799
0.185724
0.185647
0.185569
0.185488
0.185406
0.185322
0.185236
0.185148
0.185059
0.184968
0.184874
0.184779
0.184683
0.184584
0.184484
0.184381
0.184277
0.184171
0.184064
0.183954
0.183843
0.18373
0.183615
0.183498
0.183379
0.183258
0.183136
0.183012
0.182886
0.182758
0.182629
0.182497
0.182364
0.182229
0.182092
0.181953
0.181812
0.18167
0.181526
0.18138
0.181232
0.181082
0.180931
0.180777
0.180622
0.180465
0.180306
0.180146
0.179983
0.179819
0.179653
0.179485
0.179315
0.179144
0.17897
0.178795
0.178618
0.17844
0.178259
0.178077
0.177893
0.177707
0.177519
0.177329
0.177138
0.176945
0.17675
0.176553
0.176355
0.176155
0.175952
0.175749
0.175543
0.175335
0.175126
0.174915
0.174703
0.174488
0.174272
0.174054
0.173834
0.173612
0.173389
0.173164
0.172937
0.172708
0.172478
0.172246
0.172012
0.171776
0.171539
0.1713
0.171059
0.170816
0.170572
0.170326
0.170078
0.169829
0.169578
0.169325
0.16907
0.168814
0.168556
0.168296
0.168034
0.167771
0.167506
0.16724
0.166972
0.166702
0.16643
0.166157
0.165882
0.165605
0.165327
0.165047
0.164766
0.164482
0.164197
0.163911
0.163623
0.163333
0.163041
0.162748
0.162453
0.162157
0.161859
0.161559
0.161258
0.160955
0.160651
0.160345
0.160037
0.159728
0.159417
0.159105
0.158791
0.158475
0.158158
0.15784
0.157519
0.157198
0.156874
0.156549
0.156223
0.155895
0.155565
0.155234
0.154902
0.154568
0.154232
0.153895
0.153556
0.153216
0.152875
0.152532
0.152187
0.151841
0.151494
0.151145
0.150794
0.150442
0.150089
0.149734
0.149378
0.14902
0.148661
0.148301
0.147939
0.147575
0.14721
0.146844
0.146477
0.146108
0.145737
0.145366
0.144993
0.144618
0.144242
0.143865
0.143486
0.143107
0.142725
0.142343
0.141959
0.141574
0.141187
0.140799
0.14041
0.14002
0.139628
0.139235
0.138841
0.138445
0.138049
0.13765
0.137251
0.136851
0.136449
0.136046
0.135642
0.135236
0.134829
0.134421
0.134012
0.133602
0.133191
0.132778
0.132364
0.131949
0.131533
0.131116
0.130697
0.130278
0.129857
0.129435
0.129012
0.128588
0.128163
0.127737
0.127309
0.126881
0.126452
0.126021
0.125589
0.125157
0.124723
0.124288
0.123852
0.123416
0.122978
0.122539
0.122099
0.121658
0.121216
0.120774
0.12033
0.119885
0.119439
0.118993
0.118545
0.118097
0.117647
0.117197
0.116745
0.116293
0.11584
0.115386
0.114931
0.114476
0.114019
0.113562
0.113103
0.112644
0.112184
0.111723
0.111262
0.110799
0.110336
0.109872
0.109407
0.108942
0.108475
0.108008
0.10754
0.107072
0.106602
0.106132
0.105661
0.10519
0.104718
0.104245
0.103771
0.103297
0.102822
0.102346
0.10187
0.101393
0.100915
0.100437
0.0999581
0.0994786
0.0989986
0.0985179
0.0980366
0.0975548
0.0970724
0.0965894
0.0961058
0.0956217
0.0951371
0.094652
0.0941663
0.0936801
0.0931934
0.0927061
0.0922185
0.0917303
0.0912416
0.0907525
0.0902629
0.0897729
0.0892825
0.0887916
0.0883003
0.0878085
0.0873164
0.0868239
0.086331
0.0858377
0.085344
0.08485
0.0843557
0.0838609
0.0833659
0.0828705
0.0823748
0.0818788
0.0813825
0.0808859
0.080389
0.0798919
0.0793944
0.0788967
0.0783988
0.0779006
0.0774022
0.0769036
0.0764048
0.0759057
0.0754065
0.0749071
0.0744075
0.0739077
0.0734077
0.0729076
0.0724074
0.071907
0.0714065
0.0709059
0.0704052
0.0699044
0.0694034
0.0689024
0.0684014
0.0679002
0.067399
0.0668978
0.0663965
0.0658952
0.0653938
0.0648925
0.0643911
0.0638898
0.0633884
0.0628871
0.0623858
0.0618846
0.0613834
0.0608822
0.0603811
0.0598801
0.0593792
0.0588784
0.0583777
0.057877
0.0573765
0.0568762
0.0563759
0.0558758
0.0553759
0.0548761
0.0543765
0.0538771
0.0533778
0.0528788
0.0523799
0.0518813
0.0513829
0.0508847
0.0503868
0.0498891
0.0493917
0.0488945
0.0483976
0.047901
0.0474047
0.0469087
0.0464129
0.0459175
0.0454225
0.0449277
0.0444333
0.0439393
0.0434456
0.0429523
0.0424594
0.0419668
0.0414746
0.0409829
0.0404915
0.0400006
0.0395101
0.03902
0.0385304
0.0380413
0.0375525
0.0370643
0.0365766
0.0360893
0.0356025
0.0351162
0.0346305
0.0341452
0.0336605
0.0331763
0.0326927
0.0322096
0.0317271
0.0312451
0.0307637
0.0302829
0.0298027
0.0293231
0.0288442
0.0283658
0.027888
0.0274109
0.0269345
0.0264587
0.0259835
0.025509
0.0250352
0.0245621
0.0240896
0.0236179
0.0231469
0.0226765
0.0222069
0.0217381
0.02127
0.0208026
0.0203359
0.0198701
0.019405
0.0189407
0.0184771
0.0180144
0.0175525
0.0170913
0.016631
0.0161715
0.0157129
0.015255
0.0147981
0.014342
0.0138867
0.0134323
0.0129788
0.0125262
0.0120744
0.0116236
0.0111737
0.0107247
0.0102766
0.00982942
0.0093832
0.00893792
0.00849359
0.00805022
0.00760782
0.00716639
0.00672594
0.00628647
0.00584801
0.00541054
0.00497408
0.00453864
0.00410422
0.00367083
0.00323848
0.00280717
0.00237692
0.00194772
0.00151959
0.00109253
0.000666543
0.000241646
-0.000182158
-0.000604864
-0.00102646
-0.00144695
-0.00186632
-0.00228456
-0.00270167
-0.00311764
-0.00353246
-0.00394613
-0.00435864
-0.00476999
-0.00518017
-0.00558916
-0.00599698
-0.0064036
-0.00680902
-0.00721324
-0.00761625
-0.00801805
-0.00841862
-0.00881796
-0.00921607
-0.00961293
-0.0100086
-0.0104029
-0.010796
-0.0111879
-0.0115784
-0.0119677
-0.0123557
-0.0127425
-0.0131279
-0.013512
-0.0138948
-0.0142764
-0.0146565
-0.0150354
-0.015413
-0.0157892
-0.016164
-0.0165375
-0.0169097
-0.0172805
-0.01765
-0.018018
-0.0183848
-0.0187501
-0.019114
-0.0194766
-0.0198378
-0.0201975
-0.0205559
-0.0209128
-0.0212684
-0.0216225
-0.0219752
-0.0223264
-0.0226763
-0.0230247
-0.0233716
-0.0237171
-0.0240611
-0.0244037
-0.0247449
-0.0250845
-0.0254227
-0.0257594
-0.0260946
-0.0264284
-0.0267606
-0.0270914
-0.0274206
-0.0277484
-0.0280746
-0.0283993
-0.0287225
-0.0290442
-0.0293644
-0.029683
-0.0300002
-0.0303157
-0.0306298
-0.0309422
-0.0312532
-0.0315626
-0.0318704
-0.0321767
-0.0324814
-0.0327845
-0.0330861
-0.033386
-0.0336844
-0.0339813
-0.0342765
-0.0345702
-0.0348622
-0.0351527
-0.0354416
-0.0357288
-0.0360145
-0.0362985
-0.036581
-0.0368618
-0.037141
-0.0374186
-0.0376945
-0.0379689
-0.0382416
-0.0385126
-0.0387821
-0.0390499
-0.039316
-0.0395805
-0.0398434
-0.0401046
-0.0403642
-0.0406221
-0.0408783
-0.0411329
-0.0413859
-0.0416371
-0.0418867
-0.0421347
-0.0423809
-0.0426255
-0.0428684
-0.0431097
-0.0433492
-0.0435871
-0.0438233
-0.0440578
-0.0442906
-0.0445218
-0.0447512
-0.044979
-0.045205
-0.0454294
-0.045652
-0.045873
-0.0460923
-0.0463098
-0.0465257
-0.0467399
-0.0469523
-0.0471631
-0.0473721
-0.0475794
-0.0477851
-0.047989
-0.0481912
-0.0483917
-0.0485904
-0.0487875
-0.0489828
-0.0491764
-0.0493683
-0.0495585
-0.049747
-0.0499337
-0.0501187
-0.050302
-0.0504836
-0.0506635
-0.0508416
-0.051018
-0.0511927
-0.0513657
-0.0515369
-0.0517064
-0.0518742
-0.0520403
-0.0522047
-0.0523673
-0.0525282
-0.0526873
-0.0528448
-0.0530005
-0.0531545
-0.0533068
-0.0534573
-0.0536062
-0.0537533
-0.0538987
-0.0540423
-0.0541843
-0.0543245
-0.054463
-0.0545998
-0.0547348
-0.0548682
-0.0549998
-0.0551297
-0.0552579
-0.0553844
-0.0555092
-0.0556322
-0.0557536
-0.0558732
-0.0559911
-0.0561074
-0.0562219
-0.0563347
-0.0564458
-0.0565552
-0.0566629
-0.0567688
-0.0568731
-0.0569757
-0.0570766
-0.0571758
-0.0572734
-0.0573692
-0.0574633
-0.0575558
-0.0576465
-0.0577356
-0.057823
-0.0579087
-0.0579928
-0.0580751
-0.0581558
-0.0582348
-0.0583122
-0.0583879
-0.0584619
-0.0585343
-0.058605
-0.058674
-0.0587414
-0.0588071
-0.0588712
-0.0589336
-0.0589944
-0.0590536
-0.0591111
-0.0591669
-0.0592212
-0.0592738
-0.0593247
-0.0593741
-0.0594218
-0.0594679
-0.0595124
-0.0595553
-0.0595966
-0.0596362
-0.0596743
-0.0597107
-0.0597456
-0.0597788
-0.0598105
-0.0598406
-0.0598691
-0.059896
-0.0599213
-0.0599451
-0.0599673
-0.0599879
-0.060007
-0.0600245
-0.0600404
-0.0600548
-0.0600677
-0.060079
-0.0600888
-0.060097
-0.0601037
-0.0601089
-0.0601125
-0.0601146
-0.0601153
-0.0601144
-0.0601119
-0.060108
-0.0601026
-0.0600957
-0.0600873
-0.0600774
-0.0600661
-0.0600533
-0.0600389
-0.0600232
-0.0600059
-0.0599872
-0.0599671
-0.0599455
-0.0599224
-0.0598979
-0.059872
-0.0598447
-0.0598159
-0.0597857
-0.0597541
-0.0597211
-0.0596866
-0.0596508
-0.0596136
-0.059575
-0.059535
-0.0594936
-0.0594509
-0.0594068
-0.0593613
-0.0593145
-0.0592663
-0.0592167
-0.0591659
-0.0591136
-0.0590601
-0.0590052
-0.058949
-0.0588915
-0.0588327
-0.0587726
-0.0587112
-0.0586485
-0.0585845
-0.0585192
-0.0584527
-0.0583849
-0.0583158
-0.0582455
-0.0581739
-0.0581011
-0.058027
-0.0579517
-0.0578752
-0.0577975
-0.0577185
-0.0576384
-0.057557
-0.0574745
-0.0573907
-0.0573058
-0.0572197
-0.0571324
-0.057044
-0.0569544
-0.0568637
-0.0567718
-0.0566787
-0.0565846
-0.0564893
-0.0563929
-0.0562954
-0.0561968
-0.0560971
-0.0559963
-0.0558944
-0.0557914
-0.0556874
-0.0555823
-0.0554761
-0.0553689
-0.0552606
-0.0551513
-0.055041
-0.0549297
-0.0548173
-0.0547039
-0.0545896
-0.0544742
-0.0543578
-0.0542405
-0.0541222
-0.0540029
-0.0538826
-0.0537614
-0.0536393
-0.0535162
-0.0533922
-0.0532672
-0.0531414
-0.0530146
-0.0528869
-0.0527583
-0.0526289
-0.0524985
-0.0523673
-0.0522352
-0.0521023
-0.0519685
-0.0518339
-0.0516984
-0.0515621
-0.051425
-0.051287
-0.0511483
-0.0510087
-0.0508684
-0.0507272
-0.0505853
-0.0504427
