0
-8.81752e-05
1.13761e-05
0.000132957
0.0002962
0.000509529
0.000780265
0.00111401
0.0015168
0.00508164
0.00199383
0.00255025
0.0031915
0.00392339
0.00475234
0.0056855
0.0067308
0.007897
0.0091934
0.0106295
0.0122138
0.0139529
0.0158491
0.0178983
0.0200877
0.0223954
0.0258754
0.025991
0.0249073
0.0271201
0.0294941
0.0319095
0.0343664
0.03687
0.0394296
0.0420563
0.0447602
0.0475482
0.0504233
0.0533843
0.0564276
0.0595474
0.0627373
0.0659906
0.0693007
0.0726613
0.0760659
0.0795083
0.0829818
0.0864796
0.0899941
0.0935171
0.0970398
0.100553
0.104047
0.10751
0.110933
0.114303
0.117611
0.120845
0.123993
0.127046
0.129994
0.132827
0.135536
0.138114
0.140554
0.142848
0.144991
0.146979
0.148806
0.15047
0.151966
0.153293
0.154448
0.155431
0.156241
0.156877
0.157342
0.157636
0.157764
0.157729
0.157536
0.157193
0.156707
0.156089
0.155352
0.158306
0.158306
0.154507
0.15357
0.152557
0.151483
0.15036
0.149201
0.148013
0.146797
0.145555
0.144284
0.142986
0.141664
0.140325
0.138978
0.13763
0.136287
0.134951
0.133622
0.132298
0.130974
0.129641
0.128283
0.126874
0.125386
0.123787
0.122047
0.120141
0.118052
0.115767
0.113282
0.1106
0.107728
0.104683
0.101483
0.0981501
0.0947081
0.0911809
0.0875913
0.0839607
0.0803089
0.0766538
0.0730118
0.0693979
0.0658261
0.0623097
0.0588616
0.0554942
0.0522202
0.0490522
0.0460035
0.0430874
0.0403183
0.0377111
0.0352816
0.0330468
0.0310245
0.0329649
0.0292332
0.027692
0.0264198
0.0254339
0.0247493
0.0243761
0.0243181
0.0245711
0.025122
0.02595
0.0270284
0.0283287
0.0298239
0.0314912
0.0333133
0.0352765
0.0373696
0.0395809
0.0418969
0.044301
0.0467736
0.0492932
0.0518369
0.0543825
0.0569093
0.0593997
0.0618393
0.0642181
0.0665295
0.0687706
0.0709408
0.0730419
0.0750765
0.0770479
0.0789593
0.0808133
0.0826121
0.0843568
0.0860478
0.0876846
0.0892661
0.0907903
0.092255
0.0936572
0.0949937
0.0962612
0.097456
0.0985742
0.0996121
0.100566
0.101432
0.102207
0.102887
0.103469
0.103952
0.104335
0.104616
0.104798
0.104883
0.104878
0.104793
0.104638
0.105107
0.104431
0.104188
0.103924
0.103647
0.103347
0.102981
0.102458
0.101659
0.100418
0.0986038
0.0961748
0.0963546
0.0963551
0.093204
0.0899878
0.0866352
0.0832785
0.0799998
0.0768308
0.0737756
0.0708243
0.06796
0.0651643
0.0624193
0.0597094
0.0570208
0.0543424
0.0516651
0.048982
0.0462876
0.0435778
0.0408496
0.038101
0.0353304
0.0325366
0.0297188
0.0268763
0.0240083
0.0211146
0.018195
0.0152497
0.0122795
0.009286
0.00627154
0.0032396
0.000194696
-0.00285758
-0.00591065
-0.00895708
-0.0119888
-0.0149974
-0.0179741
-0.0209105
-0.0237982
-0.0266294
-0.0293967
-0.0320935
-0.0347136
-0.0372515
-0.0397023
-0.0420615
-0.0443252
-0.0464897
-0.0485515
-0.0505074
-0.0523542
-0.0540886
-0.0557075
-0.0572074
-0.0585846
-0.0598354
-0.0609556
-0.0619413
-0.0627886
-0.0641225
-0.0634944
-0.0640574
-0.0644787
-0.0647634
-0.0649214
-0.0649679
-0.0649219
-0.064803
-0.0646257
-0.0643922
-0.0640875
-0.0636769
-0.0631093
-0.0623256
-0.0612686
-0.0598927
-0.0581708
-0.0560969
-0.0536853
-0.0509679
-0.04799
-0.0448059
-0.0414753
-0.03806
-0.034621
-0.0312143
-0.0278886
