-0.000576923
-0.000576546
-0.000576108
-0.00057561
-0.000575048
1.85868e-06
-0.00057441
-0.000573717
-0.000572939
-0.000572079
-0.000571132
-0.000570091
-0.000568953
-0.000567709
-0.000566355
-0.000564884
-0.00056329
-0.000561568
-0.000559712
-0.000557715
-0.000555573
-0.000553281
-0.000550832
-0.000548221
-0.000545444
-0.000542496
-0.000539371
-0.000536066
-0.000532575
-0.000528894
-0.00052502
-0.000520947
-0.000516671
-0.000512189
-0.000507497
-0.00050259
-0.000497465
-0.000492118
-0.000486546
-0.000480744
-0.000474708
-0.000468436
-0.000461923
-0.000455165
-0.00044816
-0.000440902
-0.000433389
-0.000425617
-0.000417581
-0.000409302
-0.000400774
-0.000391994
-0.000382957
-0.000373658
-0.000364094
-0.000354259
-0.000344149
-0.000333761
-0.000323089
-0.00031213
-0.000300879
-0.000289332
-0.000277485
-0.000265333
-0.000252872
-0.000240099
-0.000227008
-0.000213597
-0.000199859
-0.000185793
-0.000171392
-0.000156653
-0.000141572
-0.000126145
-0.000110367
-9.42353e-05
-7.77446e-05
-6.08913e-05
-4.36712e-05
-2.60804e-05
-8.11481e-06
1.02295e-05
2.89564e-05
4.80699e-05
6.75738e-05
8.74719e-05
0.000107768
0.000128466
0.000149569
0.000171082
0.000193007
0.000215348
0.000238108
0.000261292
0.000284902
0.000308941
0.000333412
0.00035832
0.000383665
0.000409453
0.000435684
0.000462362
0.00048949
0.000517069
0.000545103
0.000573593
0.000602541
0.00063195
0.000661821
0.000692156
0.000722956
0.000754223
0.000785959
0.000818164
0.000850839
0.000883986
0.000917604
0.000951695
0.000986258
0.00102129
0.0010568
0.00109279
0.00112924
0.00116617
0.00120356
0.00124143
0.00127977
0.00131857
0.00135784
0.00139758
0.00143778
0.00147844
0.00151955
0.00156113
0.00160316
0.00164564
0.00168856
0.00173194
0.00177575
0.00182
0.00186469
0.0019098
0.00195534
0.00200131
0.00204768
0.00209448
0.00214167
0.00218927
0.00223727
0.00228566
0.00233443
0.00238358
0.00243311
0.002483
0.00253325
0.00258386
0.00263481
0.0026861
0.00273773
0.00278968
0.00284195
0.00289452
0.0029474
0.00300058
0.00305404
0.00310778
0.00316179
0.00321606
0.00327059
0.00332535
0.00338036
0.00343559
0.00349103
0.00354669
0.00360254
0.00365858
0.0037148
0.00377119
0.00382774
0.00388444
0.00394129
0.00399826
0.00405536
0.00411257
0.00416987
0.00422727
0.00428476
0.00434231
0.00439992
0.00445759
0.0045153
0.00457304
0.0046308
0.00468857
0.00474634
0.0048041
0.00486184
0.00491956
0.00497723
0.00503486
0.00509242
0.00514992
0.00520734
0.00526467
0.00532191
0.00537904
0.00543605
0.00549293
0.00554968
0.00560628
0.00566273
0.00571902
0.00577514
0.00583107
0.00588682
0.00594237
0.00599771
0.00605284
0.00610774
0.00616242
0.00621685
0.00627104
0.00632497
0.00637864
0.00643204
0.00648517
0.00653801
0.00659056
0.00664281
0.00669475
0.00674639
0.0067977
0.00684869
0.00689936
0.00694968
0.00699966
0.0070493
0.00709858
0.0071475
0.00719606
0.00724425
0.00729207
0.0073395
0.00738656
0.00743322
0.00747949
0.00752537
0.00757085
0.00761592
0.00766058
0.00770483
0.00774867
0.00779209
0.00783509
0.00787766
0.00791981
0.00796153
0.00800281
0.00804366
0.00808407
0.00812405
0.00816358
0.00820267
0.00824131
0.00827951
0.00831726
0.00835456
0.00839142
0.00842782
0.00846377
0.00849926
0.0085343
0.00856889
0.00860302
0.0086367
0.00866992
0.00870269
0.008735
0.00876685
0.00879825
0.00882919
0.00885968
0.00888971
0.00891929
0.00894841
0.00897709
0.0090053
0.00903307
0.00906039
0.00908726
0.00911368
0.00913965
0.00916518
0.00919026
0.0092149
0.00923909
0.00926285
0.00928617
0.00930904
0.00933149
0.0093535
0.00937508
0.00939622
0.00941694
0.00943723
0.0094571
0.00947654
0.00949557
0.00951417
0.00953236
0.00955014
0.0095675
0.00958445
0.00960099
0.00961713
0.00963287
0.00964821
0.00966314
0.00967768
0.00969183
0.00970559
0.00971895
0.00973194
0.00974453
0.00975675
0.00976859
0.00978005
0.00979113
0.00980185
0.0098122
0.00982218
0.00983179
0.00984105
0.00984995
0.00985849
0.00986668
0.00987452
0.00988201
0.00988915
0.00989595
0.00990241
0.00990853
0.00991432
0.00991977
0.0099249
0.00992969
0.00993416
0.00993831
0.00994214
0.00994565
0.00994884
0.00995173
0.0099543
0.00995656
0.00995852
0.00996018
0.00996153
0.00996259
0.00996335
0.00996382
0.00996399
0.00996388
0.00996348
0.0099628
0.00996183
0.00996059
0.00995907
0.00995727
0.0099552
0.00995286
0.00995025
0.00994738
0.00994424
0.00994083
0.00993717
0.00993325
0.00992907
0.00992464
0.00991996
0.00991503
0.00990985
0.00990442
0.00989875
0.00989283
0.00988668
0.00988029
0.00987366
0.00986679
0.00985969
0.00985236
0.0098448
0.00983701
0.009829
0.00982075
0.00981229
0.0098036
0.0097947
0.00978557
0.00977623
0.00976667
0.0097569
0.00974691
0.00973672
0.00972631
0.00971569
0.00970487
0.00969384
0.0096826
0.00967117
0.00965953
0.00964769
0.00963564
0.0096234
0.00961097
0.00959833
0.0095855
0.00957248
0.00955926
0.00954585
0.00953225
0.00951846
0.00950448
0.00949031
0.00947595
0.00946141
0.00944668
0.00943176
0.00941666
0.00940138
0.00938592
0.00937027
0.00935444
0.00933843
0.00932224
0.00930588
0.00928933
0.0092726
0.0092557
0.00923862
0.00922137
0.00920394
0.00918633
0.00916855
0.0091506
0.00913247
0.00911417
0.0090957
0.00907705
0.00905823
0.00903924
0.00902008
0.00900074
0.00898124
0.00896157
0.00894172
0.00892171
0.00890153
0.00888117
0.00886065
0.00883996
0.0088191
0.00879807
0.00877688
0.00875551
0.00873398
0.00871228
0.00869042
0.00866838
0.00864618
0.00862381
0.00860127
0.00857857
0.0085557
0.00853266
0.00850946
0.00848609
0.00846255
0.00843885
0.00841498
0.00839094
0.00836674
0.00834237
0.00831784
0.00829313
0.00826827
0.00824323
0.00821803
0.00819267
0.00816713
0.00814143
0.00811557
0.00808954
0.00806334
0.00803698
0.00801045
0.00798376
0.0079569
0.00792987
0.00790268
0.00787533
0.0078478
0.00782012
0.00779226
0.00776425
0.00773606
0.00770771
0.0076792
0.00765052
0.00762168
0.00759268
0.00756351
0.00753417
0.00750467
0.00747501
0.00744519
0.0074152
0.00738505
0.00735473
0.00732426
0.00729362
0.00726282
0.00723186
0.00720074
0.00716946
0.00713801
0.00710641
0.00707465
0.00704273
0.00701065
0.00697841
0.00694602
0.00691347
0.00688076
0.0068479
0.00681488
0.0067817
0.00674838
0.0067149
0.00668127
0.00664748
0.00661355
0.00657946
0.00654523
0.00651084
0.00647631
0.00644163
0.00640681
0.00637184
0.00633673
0.00630147
0.00626608
0.00623054
0.00619486
0.00615904
0.00612309
0.006087
0.00605077
0.00601441
0.00597792
0.0059413
0.00590455
0.00586767
0.00583066
0.00579352
0.00575627
0.00571889
0.00568138
0.00564376
0.00560602
0.00556817
0.0055302
0.00549211
0.00545392
0.00541562
0.00537721
0.00533869
0.00530007
0.00526135
0.00522252
0.0051836
0.00514459
0.00510548
0.00506628
0.00502698
0.00498761
0.00494814
0.0049086
0.00486897
0.00482926
0.00478948
0.00474963
0.0047097
0.00466971
0.00462964
0.00458952
0.00454933
0.00450909
0.00446879
0.00442843
0.00438803
0.00434758
0.00430708
0.00426654
0.00422596
0.00418535
0.0041447
0.00410402
0.00406331
0.00402258
0.00398183
0.00394106
0.00390027
0.00385947
0.00381866
0.00377785
0.00373703
0.00369622
0.00365541
0.0036146
0.00357381
0.00353303
0.00349227
0.00345153
0.00341081
0.00337013
0.00332947
0.00328885
0.00324827
0.00320773
0.00316724
0.0031268
0.00308641
0.00304608
0.00300581
0.00296561
0.00292548
0.00288542
0.00284543
0.00280553
0.00276571
0.00272598
0.00268634
0.0026468
0.00260736
0.00256803
0.00252881
0.00248969
0.0024507
0.00241183
0.00237308
0.00233446
0.00229598
0.00225764
0.00221944
0.00218138
0.00214348
0.00210573
0.00206814
0.00203072
0.00199347
0.00195639
0.00191949
0.00188277
0.00184623
0.00180989
0.00177375
0.00173782
0.00170209
0.00166657
0.00163127
0.00159618
0.00156132
0.00152669
0.00149229
0.00145813
0.0014242
0.00139053
0.0013571
0.00132393
0.00129102
0.00125837
0.00122598
0.00119388
0.00116204
0.00113049
0.00109923
0.00106826
0.00103758
0.0010072
0.000977128
0.000947365
0.000917916
0.000888785
0.000859978
0.000831499
0.000803353
0.000775544
0.000748078
0.000720957
0.000694188
0.000667775
0.000641722
0.000616035
0.000590717
0.000565773
0.000541209
0.000517027
0.000493234
0.000469833
0.000446829
0.000424227
0.00040203
0.000380244
0.000358873
0.000337922
0.000317394
0.000297294
0.000277627
0.000258397
0.000239608
0.000221264
0.00020337
0.000185931
0.000168949
0.00015243
0.000136377
0.000120796
0.000105689
9.10608e-05
7.69158e-05
6.32578e-05
5.00909e-05
3.74189e-05
2.52458e-05
1.35754e-05
2.41171e-06
-8.24155e-06
-1.83806e-05
-2.80016e-05
-3.7101e-05
-4.56749e-05
-5.37199e-05
-6.12322e-05
-6.82084e-05
-7.46449e-05
-8.05382e-05
-8.58848e-05
-9.06815e-05
-9.49248e-05
-9.86114e-05
-0.000101738
-0.000104302
-0.000106299
-0.000107726
-0.000108581
-0.000108861
-0.000108561
-0.000107681
-0.000106215
-0.000104163
-0.00010152
-9.8284e-05
-9.44526e-05
-9.00228e-05
-8.49922e-05
-7.93581e-05
-7.31179e-05
-6.62694e-05
-5.88099e-05
-5.07372e-05
-4.2049e-05
-3.2743e-05
-2.2817e-05
-1.22689e-05
-1.09656e-06
1.0702e-05
2.31288e-05
3.61857e-05
4.98747e-05
6.41975e-05
7.91559e-05
9.47515e-05
0.000110986
0.000127861
0.000145378
0.000163539
0.000182345
0.000201797
0.000221896
0.000242645
0.000264043
0.000286092
0.000308794
0.000332149
0.000356158
0.000380822
0.000406142
0.000432118
0.000458752
0.000486043
0.000513994
0.000542603
0.000571872
0.0006018
0.000632389
0.000663638
0.000695548
0.000728119
0.000761351
0.000795244
0.000829797
0.000865012
0.000900887
0.000937423
0.000974619
0.00101247
0.00105099
0.00109016
0.00113
0.00117049
0.00121163
0.00125344
0.0012959
0.00133901
0.00138278
0.0014272
0.00147228
0.001518
0.00156437
0.0016114
0.00165906
0.00170738
0.00175634
0.00180594
0.00185619
0.00190707
0.00195859
0.00201075
0.00206354
0.00211697
0.00217102
0.00222571
0.00228102
0.00233696
0.00239352
0.0024507
0.0025085
0.00256691
0.00262594
0.00268557
0.00274582
0.00280667
0.00286813
0.00293018
0.00299283
0.00305608
0.00311992
0.00318435
0.00324936
0.00331496
0.00338113
0.00344789
0.00351521
0.0035831
0.00365156
0.00372059
0.00379017
0.00386031
0.00393099
0.00400223
0.00407401
0.00414633
0.00421919
0.00429258
0.0043665
0.00444094
0.00451591
0.00459138
0.00466737
0.00474387
0.00482087
0.00489837
0.00497636
0.00505484
0.0051338
0.00521324
0.00529316
0.00537354
0.00545439
0.0055357
0.00561747
0.00569968
0.00578234
0.00586543
0.00594896
0.00603292
0.0061173
0.00620209
0.0062873
0.00637291
0.00645892
0.00654532
0.00663211
0.00671928
0.00680683
0.00689474
0.00698302
0.00707166
0.00716065
0.00724998
0.00733964
0.00742964
0.00751997
0.00761061
0.00770156
0.00779281
0.00788436
0.0079762
0.00806833
0.00816073
0.0082534
0.00834633
0.00843951
0.00853294
0.00862661
0.00872051
0.00881464
0.00890898
0.00900353
0.00909828
0.00919322
0.00928835
0.00938365
0.00947912
0.00957475
0.00967054
0.00976647
0.00986253
0.00995872
0.010055
0.0101514
0.010248
0.0103446
0.0104413
0.010538
0.0106349
0.0107318
0.0108287
0.0109257
0.0110227
0.0111197
0.0112168
0.0113138
0.0114108
0.0115078
0.0116048
0.0117018
0.0117987
0.0118955
0.0119923
0.012089
0.0121856
0.0122822
0.0123786
0.0124749
0.0125711
0.0126671
0.012763
0.0128587
0.0129543
0.0130497
0.0131449
0.0132399
0.0133347
0.0134293
0.0135237
0.0136178
0.0137117
0.0138053
0.0138986
0.0139916
0.0140844
0.0141769
0.014269
0.0143608
0.0144523
0.0145434
0.0146342
0.0147246
0.0148146
0.0149042
0.0149935
0.0150823
0.0151707
0.0152586
0.0153462
0.0154332
0.0155198
0.0156059
0.0156916
0.0157767
0.0158613
0.0159454
0.016029
0.016112
0.0161945
0.0162764
0.0163577
0.0164384
0.0165186
0.0165981
0.0166771
0.0167554
0.016833
0.01691
0.0169864
0.0170621
0.0171371
0.0172114
0.017285
0.0173579
0.0174301
0.0175016
0.0175723
0.0176423
0.0177115
0.0177799
0.0178476
0.0179145
0.0179806
0.0180458
0.0181103
0.018174
0.0182368
0.0182987
0.0183599
0.0184201
0.0184795
0.0185381
0.0185957
0.0186525
0.0187083
0.0187633
0.0188173
0.0188704
0.0189226
0.0189739
0.0190242
0.0190735
0.0191219
0.0191694
0.0192159
0.0192614
0.0193059
0.0193494
0.019392
0.0194335
0.0194741
0.0195136
0.0195521
0.0195896
0.0196261
0.0196616
0.019696
0.0197294
0.0197617
0.019793
0.0198233
0.0198525
0.0198807
0.0199078
0.0199338
0.0199588
0.0199827
0.0200056
0.0200274
0.0200481
0.0200678
0.0200864
0.0201039
0.0201203
0.0201357
0.02015
0.0201632
0.0201754
0.0201865
0.0201965
0.0202054
0.0202133
0.0202201
0.0202258
0.0202305
0.0202341
0.0202367
0.0202382
0.0202386
0.020238
0.0202363
0.0202336
0.0202299
0.0202251
0.0202192
0.0202124
0.0202045
0.0201956
0.0201856
0.0201747
0.0201627
0.0201498
0.0201358
0.0201209
0.020105
0.0200881
0.0200702
0.0200514
0.0200316
0.0200108
0.0199891
0.0199665
0.019943
0.0199185
0.0198931
0.0198668
0.0198396
0.0198115
0.0197826
0.0197528
0.0197221
0.0196905
0.0196582
0.019625
0.0195909
0.0195561
0.0195204
0.019484
0.0194468
0.0194088
0.01937
0.0193305
0.0192903
0.0192493
0.0192077
0.0191653
0.0191222
0.0190784
0.019034
0.0189889
0.0189432
0.0188968
0.0188498
0.0188022
0.018754
0.0187052
0.0186558
0.0186059
0.0185555
0.0185045
0.0184529
0.0184009
0.0183484
0.0182954
0.0182419
0.018188
0.0181336
0.0180788
0.0180236
0.0179679
0.0179119
0.0178555
0.0177987
0.0177416
0.0176842
0.0176264
0.0175683
0.01751
0.0174513
0.0173924
0.0173332
0.0172737
0.0172141
0.0171542
0.0170941
0.0170339
0.0169734
0.0169128
0.016852
0.0167911
0.0167301
0.016669
0.0166078
0.0165464
0.016485
0.0164236
0.0163621
0.0163006
0.016239
0.0161775
0.0161159
0.0160544
0.0159929
0.0159314
0.01587
0.0158086
0.0157473
0.0156862
0.0156251
0.0155641
0.0155032
0.0154425
0.0153819
0.0153215
0.0152612
0.0152012
0.0151413
0.0150816
0.0150221
0.0149628
0.0149038
0.014845
0.0147864
0.0147282
0.0146701
0.0146124
0.014555
0.0144978
0.0144409
0.0143844
0.0143282
0.0142723
0.0142168
0.0141616
0.0141068
0.0140523
0.0139982
0.0139445
0.0138911
0.0138382
0.0137857
0.0137335
0.0136818
0.0136305
0.0135797
0.0135293
0.0134793
0.0134297
0.0133806
0.013332
0.0132838
0.0132361
0.0131889
0.0131422
0.0130959
0.0130501
0.0130048
0.01296
0.0129158
0.012872
0.0128287
0.0127859
0.0127437
0.0127019
0.0126607
0.01262
0.0125799
0.0125402
0.0125011
0.0124626
0.0124245
0.012387
0.0123501
0.0123137
0.0122778
0.0122425
0.0122077
0.0121734
0.0121398
0.0121066
0.012074
0.012042
0.0120105
0.0119795
0.0119491
0.0119193
0.01189
0.0118612
0.011833
0.0118053
0.0117782
0.0117516
0.0117256
0.0117001
0.0116751
0.0116507
0.0116268
0.0116035
0.0115807
0.0115584
0.0115366
0.0115154
0.0114947
0.0114745
0.0114548
0.0114356
0.0114169
0.0113987
0.011381
0.0113638
0.0113471
0.0113309
0.0113152
0.0113
0.0112852
0.0112709
0.0112571
0.0112438
0.0112309
0.0112185
0.0112066
0.0111951
0.011184
0.0111734
0.0111632
0.0111535
0.0111442
0.0111354
0.0111269
0.0111189
0.0111113
0.0111041
0.0110972
0.0110908
0.0110848
0.0110792
0.0110739
0.011069
0.0110645
0.0110604
0.0110566
0.0110531
0.01105
0.0110472
0.0110448
0.0110427
0.0110409
0.0110394
0.0110382
0.0110374
0.0110368
0.0110365
0.0110365
0.0110368
0.0110373
0.0110381
0.0110391
0.0110404
0.011042
0.0110437
0.0110457
0.0110479
0.0110504
0.011053
0.0110558
0.0110588
0.0110621
0.0110654
0.011069
0.0110727
0.0110766
0.0110807
0.0110848
0.0110892
0.0110936
0.0110982
0.0111029
0.0111077
0.0111126
0.0111176
0.0111226
0.0111278
0.0111331
0.0111384
0.0111437
0.0111492
0.0111547
0.0111602
0.0111657
0.0111713
0.0111769
0.0111826
0.0111882
0.0111938
0.0111995
0.0112051
0.0112107
0.0112163
0.0112218
0.0112274
0.0112328
0.0112383
0.0112437
0.011249
0.0112542
0.0112594
0.0112645
0.0112696
0.0112745
0.0112793
0.0112841
0.0112887
0.0112933
0.0112977
0.011302
0.0113062
0.0113102
0.0113141
0.0113179
0.0113215
0.011325
0.0113283
0.0113315
0.0113345
0.0113373
0.01134
0.0113424
0.0113447
0.0113469
0.0113488
0.0113505
0.0113521
0.0113534
0.0113545
0.0113554
0.0113562
0.0113567
0.0113569
0.011357
0.0113568
0.0113564
0.0113558
0.011355
0.0113539
0.0113525
0.011351
0.0113492
0.0113471
0.0113448
0.0113423
0.0113395
0.0113364
0.0113331
0.0113295
0.0113257
0.0113216
0.0113172
0.0113126
0.0113077
0.0113026
0.0112972
0.0112915
0.0112856
0.0112794
0.0112729
0.0112661
0.0112591
0.0112518
0.0112443
0.0112364
0.0112283
0.01122
0.0112113
0.0112024
0.0111932
0.0111838
0.0111741
0.0111641
0.0111538
0.0111433
0.0111325
0.0111214
0.0111101
0.0110986
0.0110867
0.0110746
0.0110623
0.0110497
0.0110368
0.0110237
0.0110103
0.0109967
0.0109828
0.0109687
0.0109544
0.0109398
0.010925
0.0109099
0.0108946
0.0108791
0.0108633
0.0108473
0.0108311
0.0108147
0.0107981
0.0107812
0.0107642
0.0107469
0.0107294
0.0107118
0.0106939
0.0106758
0.0106576
0.0106391
0.0106205
0.0106017
0.0105827
0.0105636
0.0105442
0.0105247
0.0105051
0.0104853
0.0104653
0.0104452
0.010425
0.0104046
0.0103841
0.0103634
0.0103426
0.0103217
0.0103007
0.0102795
0.0102583
0.0102369
0.0102154
0.0101939
0.0101722
0.0101505
0.0101287
0.0101068
0.0100848
0.0100627
0.0100406
0.0100185
0.00999623
0.00997395
0.00995162
0.00992926
0.00990685
0.00988442
0.00986195
0.00983947
0.00981697
0.00979445
0.00977193
0.0097494
0.00972687
0.00970435
0.00968184
0.00965935
0.00963687
0.00961442
0.009592
0.00956961
0.00954727
0.00952496
0.00950271
0.00948051
0.00945836
0.00943628
0.00941426
0.00939231
0.00937044
0.00934865
0.00932694
0.00930533
0.0092838
0.00926237
0.00924105
0.00921983
0.00919872
0.00917772
0.00915685
0.00913609
0.00911546
0.00909497
0.0090746
0.00905438
0.0090343
0.00901436
0.00899458
0.00897494
0.00895547
0.00893616
0.008917
0.00889802
0.00887921
0.00886057
0.00884212
0.00882384
0.00880574
0.00878784
0.00877012
0.0087526
0.00873527
0.00871814
0.00870121
0.00868449
0.00866797
0.00865166
0.00863557
0.00861969
0.00860402
0.00858858
0.00857335
0.00855835
0.00854357
0.00852901
0.00851469
0.00850059
0.00848673
0.0084731
0.0084597
0.00844654
0.00843362
0.00842093
0.00840848
0.00839628
0.00838431
0.00837258
0.0083611
0.00834986
0.00833886
0.00832811
0.0083176
0.00830734
0.00829732
0.00828754
0.00827801
0.00826872
0.00825967
0.00825087
0.00824231
0.00823399
0.00822592
0.00821808
0.00821049
0.00820313
0.00819601
0.00818912
0.00818247
0.00817605
0.00816987
0.00816391
0.00815819
0.00815269
0.00814741
0.00814236
0.00813752
0.00813291
0.00812851
0.00812432
0.00812034
0.00811657
0.00811301
0.00810965
0.00810648
0.00810352
0.00810074
0.00809816
0.00809576
0.00809354
0.0080915
0.00808964
0.00808795
0.00808643
0.00808507
0.00808387
0.00808282
0.00808193
0.00808118
0.00808057
0.0080801
0.00807977
0.00807956
0.00807948
0.00807951
0.00807966
0.00807992
0.00808028
0.00808074
0.00808129
0.00808193
0.00808265
0.00808345
0.00808431
0.00808525
0.00808624
0.00808728
0.00808838
0.00808951
0.00809068
0.00809188
0.0080931
0.00809434
0.00809559
0.00809684
0.00809809
0.00809933
0.00810056
0.00810176
0.00810294
0.00810408
0.00810518
0.00810623
0.00810723
0.00810816
0.00810902
0.00810981
0.00811051
0.00811112
0.00811164
0.00811205
0.00811235
0.00811253
0.00811259
0.00811251
0.00811229
0.00811193
0.0081114
0.00811072
0.00810987
0.00810884
0.00810763
0.00810623
0.00810463
0.00810282
0.0081008
0.00809856
0.00809609
0.00809339
0.00809044
0.00808725
0.0080838
0.00808008
0.0080761
0.00807183
0.00806728
0.00806244
0.00805729
0.00805184
0.00804608
0.00803999
0.00803358
0.00802683
0.00801974
0.0080123
0.0080045
0.00799634
0.00798781
0.00797891
0.00796962
0.00795994
0.00794986
0.00793938
0.00792849
0.00791719
0.00790546
0.00789331
0.00788072
0.00786768
0.00785421
0.00784027
0.00782588
0.00781102
0.00779569
0.00777989
0.0077636
0.00774682
0.00772955
0.00771178
0.0076935
0.00767471
0.00765541
0.00763559
0.00761524
0.00759436
0.00757294
0.00755099
0.00752848
0.00750543
0.00748183
0.00745766
0.00743294
0.00740764
0.00738177
0.00735533
0.00732831
0.00730071
0.00727252
0.00724373
0.00721436
0.00718438
0.00715381
0.00712263
0.00709085
0.00705845
0.00702544
0.00699182
0.00695758
0.00692272
0.00688723
0.00685112
0.00681438
0.00677702
0.00673902
0.00670039
0.00666112
0.00662122
0.00658068
0.00653951
0.00649769
0.00645523
0.00641213
0.00636839
0.00632401
0.00627898
0.00623331
0.00618699
0.00614003
0.00609243
0.00604419
0.0059953
0.00594576
0.00589559
0.00584477
0.00579332
0.00574122
0.00568849
0.00563512
0.00558111
0.00552647
0.0054712
0.0054153
0.00535877
0.00530162
0.00524384
0.00518544
0.00512643
0.0050668
0.00500655
0.0049457
0.00488424
0.00482218
0.00475952
0.00469627
0.00463243
0.00456799
0.00450298
0.00443739
0.00437122
0.00430448
0.00423718
0.00416932
0.00410091
0.00403195
0.00396244
0.0038924
0.00382182
0.00375072
0.0036791
0.00360697
0.00353432
0.00346118
0.00338755
0.00331342
0.00323882
0.00316374
0.0030882
0.00301221
0.00293576
0.00285887
0.00278154
0.0027038
0.00262563
0.00254705
0.00246808
0.00238871
0.00230896
0.00222884
0.00214835
0.00206751
0.00198632
0.0019048
0.00182296
0.00174079
0.00165833
0.00157557
0.00149252
0.0014092
0.00132562
0.00124179
0.00115772
0.00107341
0.000988893
0.000904165
0.000819243
0.000734138
0.000648861
0.000563425
0.000477842
0.000392124
0.000306284
0.000220334
0.000134286
4.81536e-05
-3.80506e-05
-0.000124314
-0.000210623
-0.000296908
-0.000383162
-0.000469379
-0.000555551
-0.000641669
-0.000727725
-0.000813709
-0.000899611
-0.000985421
-0.00107113
-0.00115672
-0.00124219
-0.00132753
-0.00141271
-0.00149774
-0.00158259
-0.00166726
-0.00175173
-0.00183599
-0.00192002
-0.00200382
-0.00208736
-0.00217065
-0.00225365
-0.00233636
-0.00241877
-0.00250085
-0.00258261
-0.00266401
-0.00274506
-0.00282573
-0.00290601
-0.00298589
-0.00306535
-0.00314438
-0.00322296
-0.00330108
-0.00337874
-0.0034559
-0.00353257
-0.00360872
-0.00368435
-0.00375944
-0.00383397
-0.00390794
-0.00398133
-0.00405412
-0.00412631
-0.00419789
-0.00426883
-0.00433914
-0.00440879
-0.00447778
-0.00454609
-0.00461371
-0.00468063
-0.00474684
-0.00481234
-0.0048771
-0.00494112
-0.00500439
-0.0050669
-0.00512864
-0.0051896
-0.00524977
-0.00530915
-0.00536772
-0.00542547
-0.00548241
-0.00553851
-0.00559379
-0.00564821
-0.00570179
-0.00575452
-0.00580638
-0.00585737
-0.00590749
-0.00595674
-0.0060051
-0.00605257
-0.00609916
-0.00614484
-0.00618963
-0.00623352
-0.00627651
-0.00631858
-0.00635975
-0.00640001
-0.00643935
-0.00647778
-0.0065153
-0.0065519
-0.00658759
-0.00662236
-0.00665622
-0.00668916
-0.00672119
-0.00675231
-0.00678252
-0.00681182
-0.00684022
-0.00686771
-0.0068943
-0.00692
-0.0069448
-0.00696872
-0.00699175
-0.00701389
-0.00703516
-0.00705556
-0.00707509
-0.00709376
-0.00711158
-0.00712854
-0.00714466
-0.00715995
-0.0071744
-0.00718803
-0.00720084
-0.00721284
-0.00722404
-0.00723444
-0.00724406
-0.0072529
-0.00726096
-0.00726826
-0.00727481
-0.00728061
-0.00728568
-0.00729001
-0.00729362
-0.00729653
-0.00729873
-0.00730024
-0.00730107
-0.00730122
-0.00730071
-0.00729955
-0.00729774
-0.0072953
-0.00729223
-0.00728855
-0.00728426
-0.00727938
-0.00727392
-0.00726788
-0.00726127
-0.00725411
-0.0072464
-0.00723816
-0.0072294
-0.00722012
-0.00721034
-0.00720006
-0.0071893
-0.00717806
-0.00716636
-0.00715421
-0.00714161
-0.00712858
-0.00711512
-0.00710125
-0.00708697
-0.0070723
-0.00705724
-0.0070418
-0.007026
-0.00700984
-0.00699333
-0.00697648
-0.00695929
-0.00694179
-0.00692398
-0.00690586
-0.00688744
-0.00686874
-0.00684976
-0.00683051
-0.006811
-0.00679124
-0.00677123
-0.00675099
-0.00673051
-0.00670982
-0.00668891
-0.00666779
-0.00664647
-0.00662497
-0.00660327
-0.0065814
-0.00655936
-0.00653716
-0.0065148
-0.00649229
-0.00646964
-0.00644684
-0.00642392
-0.00640087
-0.00637771
-0.00635443
-0.00633104
-0.00630755
-0.00628397
-0.00626029
-0.00623653
-0.00621269
-0.00618878
-0.00616479
-0.00614074
-0.00611663
-0.00609247
-0.00606825
-0.00604399
-0.00601968
-0.00599534
-0.00597096
-0.00594656
-0.00592212
-0.00589767
-0.0058732
-0.00584871
-0.00582422
-0.00579971
-0.0057752
-0.00575069
-0.00572619
-0.00570169
-0.0056772
-0.00565271
-0.00562825
-0.0056038
-0.00557937
-0.00555496
-0.00553058
-0.00550623
-0.0054819
-0.00545761
-0.00543335
-0.00540913
-0.00538494
-0.0053608
-0.0053367
-0.00531264
-0.00528863
-0.00526466
-0.00524075
-0.00521688
-0.00519307
-0.00516932
-0.00514561
-0.00512197
-0.00509838
-0.00507485
-0.00505138
-0.00502798
-0.00500463
-0.00498135
-0.00495814
-0.00493499
-0.0049119
-0.00488888
-0.00486594
-0.00484306
-0.00482024
-0.0047975
-0.00477484
-0.00475224
-0.00472971
-0.00470726
-0.00468488
-0.00466257
-0.00464034
-0.00461818
-0.00459609
-0.00457408
-0.00455215
-0.00453029
-0.00450851
-0.0044868
-0.00446517
-0.00444361
-0.00442214
-0.00440073
-0.00437941
-0.00435816
-0.00433699
-0.00431589
-0.00429488
-0.00427393
-0.00425307
-0.00423228
-0.00421157
-0.00419094
-0.00417038
-0.0041499
-0.00412949
-0.00410916
-0.00408891
-0.00406873
-0.00404863
-0.00402861
-0.00400866
-0.00398878
-0.00396898
-0.00394925
-0.00392959
-0.00391001
-0.0038905
-0.00387106
-0.0038517
-0.00383241
-0.00381319
-0.00379405
-0.00377498
-0.00375598
-0.00373707
-0.00371822
-0.00369946
-0.00368077
-0.00366215
-0.00364362
-0.00362516
-0.00360678
-0.00358848
-0.00357025
-0.00355211
-0.00353404
-0.00351605
-0.00349815
-0.00348032
-0.00346257
-0.0034449
-0.00342731
-0.00340979
-0.00339236
-0.00337501
-0.00335774
-0.00334055
-0.00332343
-0.0033064
-0.00328944
-0.00327257
-0.00325577
-0.00323906
-0.00322242
-0.00320586
-0.00318939
-0.00317299
-0.00315667
-0.00314042
-0.00312426
-0.00310818
-0.00309217
-0.00307624
-0.00306039
-0.00304462
-0.00302892
-0.00301331
-0.00299777
-0.0029823
-0.00296692
-0.00295161
-0.00293638
-0.00292122
-0.00290614
-0.00289114
-0.00287622
-0.00286137
-0.00284659
-0.0028319
-0.00281727
-0.00280273
-0.00278825
-0.00277386
-0.00275953
-0.00274529
-0.00273112
-0.00271702
-0.002703
-0.00268905
-0.00267517
-0.00266137
-0.00264765
-0.00263399
-0.00262041
-0.00260691
-0.00259348
-0.00258012
-0.00256683
-0.00255362
-0.00254049
-0.00252742
-0.00251443
-0.00250151
-0.00248867
-0.00247589
-0.00246319
-0.00245057
-0.00243802
-0.00242553
-0.00241313
-0.00240079
-0.00238853
-0.00237634
-0.00236423
-0.00235219
-0.00234022
-0.00232832
-0.0023165
-0.00230475
-0.00229308
-0.00228147
-0.00226995
-0.00225849
-0.00224711
-0.0022358
-0.00222457
-0.00221341
-0.00220233
-0.00219132
-0.00218038
-0.00216952
-0.00215874
-0.00214803
-0.0021374
-0.00212684
-0.00211635
-0.00210595
-0.00209562
-0.00208537
-0.00207519
-0.00206509
-0.00205507
-0.00204513
-0.00203526
-0.00202548
-0.00201577
-0.00200614
-0.00199659
-0.00198713
-0.00197774
-0.00196843
-0.0019592
-0.00195006
-0.00194099
-0.00193201
-0.00192311
-0.0019143
-0.00190557
-0.00189692
-0.00188836
-0.00187988
-0.00187149
-0.00186318
-0.00185496
-0.00184683
-0.00183878
-0.00183082
-0.00182295
-0.00181517
-0.00180749
-0.00179989
-0.00179238
-0.00178496
-0.00177764
-0.0017704
-0.00176327
-0.00175622
-0.00174927
-0.00174242
-0.00173566
-0.001729
-0.00172243
-0.00171596
-0.0017096
-0.00170333
-0.00169716
-0.00169109
-0.00168512
-0.00167926
-0.00167349
-0.00166784
-0.00166228
-0.00165683
-0.00165149
-0.00164625
-0.00164112
-0.0016361
-0.00163119
-0.00162638
-0.00162169
-0.00161711
-0.00161264
-0.00160828
-0.00160403
-0.0015999
-0.00159589
-0.00159199
-0.0015882
-0.00158454
-0.00158099
-0.00157756
-0.00157425
-0.00157106
-0.00156799
-0.00156504
-0.00156222
-0.00155952
-0.00155694
-0.00155449
-0.00155217
-0.00154997
-0.0015479
-0.00154595
-0.00154414
-0.00154245
-0.0015409
-0.00153947
-0.00153818
-0.00153702
-0.00153599
-0.0015351
-0.00153434
-0.00153372
-0.00153323
-0.00153289
-0.00153267
-0.0015326
-0.00153266
-0.00153287
-0.00153321
-0.0015337
-0.00153432
-0.00153509
-0.001536
-0.00153705
-0.00153825
-0.00153959
-0.00154108
-0.00154271
-0.00154448
-0.00154641
-0.00154848
-0.00155069
-0.00155306
-0.00155557
-0.00155824
-0.00156105
-0.00156401
-0.00156712
-0.00157038
-0.00157379
-0.00157735
-0.00158107
-0.00158493
-0.00158895
-0.00159312
-0.00159745
-0.00160192
-0.00160655
-0.00161133
-0.00161627
-0.00162136
-0.0016266
-0.001632
-0.00163755
-0.00164325
-0.00164911
-0.00165513
-0.0016613
-0.00166762
-0.0016741
-0.00168073
-0.00168751
-0.00169446
-0.00170155
-0.0017088
-0.0017162
-0.00172376
-0.00173147
-0.00173934
-0.00174736
-0.00175553
-0.00176386
-0.00177234
-0.00178097
-0.00178976
-0.0017987
-0.00180779
-0.00181703
-0.00182642
-0.00183596
-0.00184566
-0.0018555
-0.0018655
-0.00187565
-0.00188594
-0.00189638
-0.00190698
-0.00191771
-0.0019286
-0.00193964
-0.00195082
-0.00196214
-0.00197362
-0.00198523
-0.00199699
-0.0020089
-0.00202095
-0.00203314
-0.00204547
-0.00205795
-0.00207056
-0.00208332
-0.00209622
-0.00210925
-0.00212243
-0.00213574
-0.00214919
-0.00216277
-0.0021765
-0.00219035
-0.00220434
-0.00221847
-0.00223273
-0.00224712
-0.00226164
-0.0022763
-0.00229109
-0.002306
-0.00232105
-0.00233622
-0.00235152
-0.00236695
-0.00238251
-0.00239819
-0.002414
-0.00242993
-0.00244598
-0.00246214
-0.00247841
-0.00249478
-0.00251125
-0.00252783
-0.00254453
-0.00256133
-0.00257826
-0.00259529
-0.00261244
-0.00262971
-0.0026471
-0.0026646
-0.00268221
-0.00269995
-0.0027178
-0.00273577
-0.00275386
-0.00277206
-0.00279039
-0.00280883
-0.00282739
-0.00284607
-0.00286486
-0.00288378
-0.00290281
-0.00292196
-0.00294123
-0.00296062
-0.00298013
-0.00299975
-0.00301949
-0.00303936
-0.00305934
-0.00307943
-0.00309965
-0.00311999
-0.00314044
-0.00316102
-0.00318171
-0.00320252
-0.00322345
-0.0032445
-0.00326568
-0.00328697
-0.00330838
-0.00332991
-0.00335157
-0.00337334
-0.00339524
-0.00341726
-0.0034394
-0.00346167
-0.00348406
-0.00350657
-0.00352921
-0.00355197
-0.00357486
-0.00359788
-0.00362103
-0.0036443
-0.0036677
-0.00369124
-0.0037149
-0.0037387
-0.00376263
-0.00378669
-0.00381089
-0.00383522
-0.00385969
-0.0038843
-0.00390905
-0.00393394
-0.00395897
-0.00398414
-0.00400946
-0.00403492
-0.00406053
-0.00408629
-0.0041122
-0.00413826
-0.00416447
-0.00419084
-0.00421736
-0.00424404
-0.00427087
-0.00429787
-0.00432503
-0.00435236
-0.00437985
-0.0044075
-0.00443533
-0.00446332
-0.00449149
-0.00451984
-0.00454835
-0.00457705
-0.00460593
-0.00463499
-0.00466423
-0.00469366
-0.00472328
-0.00475308
-0.00478308
-0.00481327
-0.00484366
-0.00487424
-0.00490503
-0.00493601
-0.0049672
-0.0049986
-0.0050302
-0.00506202
-0.00509404
-0.00512628
-0.00515874
-0.00519142
-0.00522431
-0.00525743
-0.00529077
-0.00532434
-0.00535814
-0.00539217
-0.00542644
-0.00546093
-0.00549567
-0.00553065
-0.00556586
-0.00560132
-0.00563703
-0.00567298
-0.00570918
-0.00574564
-0.00578235
-0.00581931
-0.00585653
-0.00589401
-0.00593175
-0.00596976
-0.00600803
-0.00604657
-0.00608538
-0.00612445
-0.00616381
-0.00620343
-0.00624333
-0.00628351
-0.00632397
-0.00636471
-0.00640573
-0.00644704
-0.00648864
-0.00653052
-0.00657269
-0.00661515
-0.00665791
-0.00670095
-0.0067443
-0.00678794
-0.00683187
-0.00687611
-0.00692065
-0.00696549
-0.00701063
-0.00705607
-0.00710182
-0.00714788
-0.00719424
-0.00724091
-0.00728789
-0.00733518
-0.00738278
-0.00743069
-0.00747891
-0.00752745
-0.0075763
-0.00762546
-0.00767494
-0.00772473
-0.00777483
-0.00782526
-0.007876
-0.00792705
-0.00797842
-0.00803011
-0.00808212
-0.00813444
-0.00818708
-0.00824004
-0.00829331
-0.0083469
-0.00840081
-0.00845503
-0.00850957
-0.00856442
-0.00861959
-0.00867508
-0.00873087
-0.00878699
-0.00884341
-0.00890015
-0.00895719
-0.00901455
-0.00907222
-0.00913019
-0.00918847
-0.00924706
-0.00930595
-0.00936515
-0.00942465
-0.00948445
-0.00954455
-0.00960495
-0.00966564
-0.00972663
-0.00978792
-0.00984949
-0.00991136
-0.00997351
-0.0100359
-0.0100987
-0.0101617
-0.010225
-0.0102885
-0.0103524
-0.0104165
-0.0104808
-0.0105455
-0.0106104
-0.0106756
-0.010741
-0.0108067
-0.0108726
-0.0109388
-0.0110053
-0.011072
-0.0111389
-0.0112061
-0.0112735
-0.0113411
-0.011409
-0.0114771
-0.0115454
-0.0116139
-0.0116827
-0.0117516
-0.0118208
-0.0118902
-0.0119598
-0.0120295
-0.0120995
-0.0121696
-0.0122399
-0.0123105
-0.0123811
-0.012452
-0.012523
-0.0125942
-0.0126655
-0.012737
-0.0128086
-0.0128804
-0.0129523
-0.0130243
-0.0130965
-0.0131688
-0.0132412
-0.0133137
-0.0133864
-0.0134591
-0.0135319
-0.0136048
-0.0136778
-0.0137509
-0.013824
-0.0138972
-0.0139705
-0.0140438
-0.0141172
-0.0141906
-0.0142641
-0.0143376
-0.0144111
-0.0144846
-0.0145582
-0.0146317
-0.0147053
-0.0147788
-0.0148524
-0.0149259
-0.0149994
-0.0150728
-0.0151463
-0.0152196
-0.0152929
-0.0153662
-0.0154394
-0.0155125
-0.0155855
-0.0156585
-0.0157313
-0.0158041
-0.0158767
-0.0159492
-0.0160216
-0.0160939
-0.016166
-0.016238
-0.0163098
-0.0163815
-0.0164529
-0.0165243
-0.0165954
-0.0166663
-0.0167371
-0.0168076
-0.0168779
-0.016948
-0.0170179
-0.0170875
-0.0171569
-0.017226
-0.0172949
-0.0173635
-0.0174318
-0.0174998
-0.0175676
-0.017635
-0.0177021
-0.0177689
-0.0178354
-0.0179016
-0.0179674
-0.0180329
-0.018098
-0.0181627
-0.0182271
-0.0182911
-0.0183547
-0.0184179
-0.0184807
-0.0185431
-0.0186051
-0.0186666
-0.0187278
-0.0187884
-0.0188487
-0.0189084
-0.0189677
-0.0190265
-0.0190849
-0.0191427
-0.0192001
-0.019257
-0.0193133
-0.0193691
-0.0194244
-0.0194792
-0.0195334
-0.0195871
-0.0196402
-0.0196928
-0.0197448
-0.0197962
-0.019847
-0.0198973
-0.0199469
-0.019996
-0.0200444
-0.0200922
-0.0201394
-0.020186
-0.0202319
-0.0202772
-0.0203219
-0.0203659
-0.0204092
-0.0204519
-0.0204939
-0.0205352
-0.0205758
-0.0206157
-0.020655
-0.0206935
-0.0207314
-0.0207685
-0.0208049
-0.0208406
-0.0208756
-0.0209099
-0.0209434
-0.0209762
-0.0210082
-0.0210395
-0.02107
-0.0210998
-0.0211288
-0.0211571
-0.0211845
-0.0212113
-0.0212372
-0.0212624
-0.0212868
-0.0213104
-0.0213332
-0.0213552
-0.0213765
-0.0213969
-0.0214166
-0.0214355
-0.0214535
-0.0214708
-0.0214872
-0.0215029
-0.0215177
-0.0215318
-0.021545
-0.0215574
-0.021569
-0.0215798
-0.0215898
-0.021599
-0.0216073
-0.0216149
-0.0216216
-0.0216275
-0.0216326
-0.0216369
-0.0216404
-0.021643
-0.0216449
-0.0216459
-0.0216462
-0.0216456
-0.0216442
-0.021642
-0.021639
-0.0216352
-0.0216307
-0.0216253
-0.0216191
-0.0216121
-0.0216044
-0.0215958
-0.0215865
-0.0215763
-0.0215654
