0
0.0164863
0.0174513
0.00454991
0.0139042
0.00670019
-0.000746096
0.017039
0.00835743
0.0185575
0.033346
0.0519661
0.0725032
0.0889902
0.105812
0.128518
0.150304
0.173732
0.195196
0.212539
0.224518
0.230406
0.230765
0.224972
0.21425
0.199974
0.213255
0.185604
0.174568
0.166544
0.159852
0.166652
0.16984
0.157858
0.145971
0.136569
0.122393
0.108704
0.100304
0.0931124
0.0898587
0.0912125
0.0977422
0.102688
0.127658
0.140494
0.141962
0.141967
0.141968
0.160742
0.184548
0.203175
0.20889
0.206945
0.213753
0.21106
0.211831
0.21183
0.21183
0.209365
0.196774
0.177046
0.157007
0.156039
0.140225
0.143742
0.100786
-0.0195779
0.0183718
0.0195823
0.0144568
0.0142552
0.00509094
-5.90476e-05
-6.17896e-05
-0.00632596
-0.0227767
-0.0291608
-0.0302796
-0.0295525
-0.0356893
-0.03748
-0.0385832
-0.0474322
-0.0352075
-0.0258652
