-0.0178571
0.0616245
0.0660649
0.031428
0.074069
0.0396015
-0.0167161
0.0593993
-0.0289728
-0.0321985
-0.0199071
0.017832
0.0839762
0.152363
0.187626
0.189399
0.174435
0.161364
0.162743
0.174264
0.181543
0.171312
0.139646
0.0906179
0.0328056
-0.0237738
-0.103881
-0.0724775
-0.121135
-0.192396
-0.285853
-0.342113
-0.354012
-0.365851
-0.378194
-0.354833
-0.315154
-0.286092
-0.26903
-0.25474
-0.23787
-0.221299
-0.157628
-0.217327
-0.232076
-0.17523
-0.151242
-0.151254
-0.151238
-0.193888
-0.167029
-0.0651292
0.0352601
0.0964441
0.13054
0.165355
0.209965
0.20996
0.209966
0.197066
0.149643
0.109878
0.0536715
0.0759254
0.0367031
0.151377
0.315951
0.31208
0.231574
0.204428
0.151855
0.149435
0.220088
0.157546
0.157512
0.224952
0.198887
0.1256
0.11248
0.138451
0.0931126
0.0302367
-0.0280637
-0.106937
-0.0786422
-0.133295
