-0.000357143
0.000960716
0.00218672
0.00332653
0.00499308
0.00438549
0.0053685
0.00628034
0.00712539
0.00790776
0.00863135
0.00929979
0.0099165
0.0104847
0.0110074
0.0114874
0.0119273
0.0123298
0.012697
0.0130312
0.0133345
0.0136088
0.0138558
0.0140774
0.0142751
0.0144503
0.0146046
0.0147392
0.0148553
0.0149542
0.0150369
0.0151045
0.0151579
0.015198
0.0152257
0.0152417
0.0152469
0.0152418
0.0152273
0.0152038
0.015172
0.0151325
0.0150857
0.0150321
0.0149722
0.0149064
0.0148351
0.0147587
0.0146775
0.0145918
0.0145018
0.014408
0.0143106
0.0142097
0.0141058
0.013999
0.0138895
0.0137775
0.0136633
0.013547
0.0134288
0.0133089
0.0131874
0.0130644
0.0129402
0.0128147
0.0126882
0.0125608
0.0124326
0.0123037
0.0121741
0.012044
0.0119135
0.0117827
0.0116515
0.0115202
0.0113888
0.0112573
0.0111258
0.0109945
0.0108632
0.0107322
0.0106014
0.0104709
0.0103408
0.0102111
0.0100818
0.00995306
0.00982484
0.0096972
0.00957018
0.00944383
0.00931817
0.00919324
0.00906909
0.00894573
0.00882321
0.00870155
0.00858078
0.00846094
0.00834205
0.00822414
0.00810724
0.00799137
0.00787655
0.00776281
0.00765018
0.00753868
0.00742832
0.00731913
0.00721114
0.00710435
0.0069988
0.00689449
0.00679145
0.0066897
0.00658925
0.00649011
0.00639231
0.00629586
0.00620077
0.00610706
0.00601474
0.00592382
0.00583432
0.00574624
0.0056596
0.00557441
0.00549068
0.00540841
0.00532762
0.00524831
0.00517049
0.00509416
0.00501934
0.00494602
0.00487422
0.00480393
0.00473516
0.00466791
0.00460218
0.00453798
0.0044753
0.00441414
0.00435451
0.0042964
0.00423981
0.00418474
0.00413118
0.00407912
0.00402858
0.00397952
0.00393196
0.00388589
0.00384129
0.00379816
0.00375648
0.00371626
0.00367747
0.00364011
0.00360416
0.00356962
0.00353647
0.00350469
0.00347427
0.0034452
0.00341745
0.00339102
0.00336589
0.00334203
0.00331944
0.00329809
0.00327795
0.00325903
0.00324128
0.0032247
0.00320925
0.00319492
0.00318169
0.00316953
0.00315842
0.00314833
0.00313925
0.00313114
0.00312398
0.00311775
0.00311242
0.00310797
0.00310436
0.00310157
0.00309958
0.00309836
0.00309788
0.00309811
0.00309903
0.0031006
0.0031028
0.0031056
0.00310898
0.0031129
0.00311733
0.00312225
0.00312763
0.00313344
0.00313965
0.00314623
0.00315316
0.0031604
0.00316793
0.00317571
0.00318373
0.00319195
0.00320034
0.00320888
0.00321753
0.00322628
0.00323509
0.00324393
0.00325279
0.00326162
0.00327042
0.00327914
0.00328776
0.00329627
0.00330463
0.00331281
0.0033208
0.00332857
0.00333609
0.00334335
0.00335031
0.00335696
0.00336327
0.00336922
0.00337479
0.00337996
0.00338471
0.00338901
0.00339284
0.0033962
0.00339905
0.00340138
0.00340316
0.00340439
0.00340505
0.00340511
0.00340456
0.00340338
0.00340156
0.00339909
0.00339594
0.0033921
0.00338756
0.00338231
0.00337633
0.00336961
0.00336213
0.00335389
0.00334487
0.00333506
0.00332445
0.00331303
0.00330078
0.00328771
0.0032738
0.00325905
0.00324343
0.00322695
0.0032096
0.00319136
0.00317224
0.00315223
0.00313131
0.00310949
0.00308675
0.0030631
0.00303852
0.00301302
0.00298658
0.00295921
0.00293089
0.00290164
0.00287143
0.00284027
0.00280816
0.00277509
0.00274107
0.00270608
0.00267013
0.00263322
0.00259534
0.00255649
0.00251667
0.00247589
0.00243413
0.00239141
0.00234771
0.00230304
0.0022574
0.00221079
0.00216322
0.00211467
0.00206515
0.00201466
0.00196321
0.00191079
0.0018574
0.00180305
0.00174774
0.00169147
0.00163424
0.00157605
0.0015169
0.0014568
0.00139575
0.00133374
0.00127079
0.0012069
0.00114206
0.00107627
0.00100955
0.000941898
0.000873307
0.000803785
0.000733334
0.000661957
0.000589656
0.000516435
0.000442295
0.000367241
0.000291274
0.000214397
0.000136614
5.79274e-05
-2.166e-05
-0.000102145
-0.000183525
-0.000265797
-0.000348957
-0.000433003
-0.000517932
-0.00060374
-0.000690424
-0.000777982
-0.00086641
-0.000955704
-0.00104586
-0.00113688
-0.00122876
-0.00132149
-0.00141507
-0.0015095
-0.00160477
-0.00170089
-0.00179784
-0.00189563
-0.00199425
-0.0020937
-0.00219397
-0.00229507
-0.00239698
-0.00249971
-0.00260325
-0.0027076
-0.00281275
-0.00291871
-0.00302546
-0.00313301
-0.00324135
-0.00335047
-0.00346038
-0.00357108
-0.00368255
-0.00379479
-0.0039078
-0.00402158
-0.00413613
-0.00425143
-0.00436749
-0.0044843
-0.00460186
-0.00472016
-0.00483921
-0.00495899
-0.0050795
-0.00520075
-0.00532272
-0.00544541
-0.00556882
-0.00569294
-0.00581778
-0.00594332
-0.00606956
-0.00619649
-0.00632413
-0.00645245
-0.00658145
-0.00671113
-0.00684149
-0.00697253
-0.00710423
-0.00723659
-0.00736961
-0.00750328
-0.0076376
-0.00777257
-0.00790817
-0.00804441
-0.00818128
-0.00831877
-0.00845688
-0.00859561
-0.00873494
-0.00887488
-0.00901542
-0.00915655
-0.00929827
-0.00944058
-0.00958346
-0.00972691
-0.00987093
-0.0100155
-0.0101606
-0.0103063
-0.0104525
-0.0105993
-0.0107466
-0.0108944
-0.0110428
-0.0111916
-0.011341
-0.0114908
-0.0116412
-0.011792
-0.0119433
-0.0120951
-0.0122474
-0.0124001
-0.0125533
-0.0127069
-0.0128609
-0.0130154
-0.0131704
-0.0133257
-0.0134814
-0.0136376
-0.0137941
-0.0139511
-0.0141084
-0.0142661
-0.0144242
-0.0145826
-0.0147413
-0.0149005
-0.0150599
-0.0152197
-0.0153798
-0.0155402
-0.0157009
-0.0158619
-0.0160232
-0.0161848
-0.0163466
-0.0165087
-0.0166711
-0.0168337
-0.0169965
-0.0171596
-0.0173229
-0.0174864
-0.0176501
-0.017814
-0.0179781
-0.0181423
-0.0183067
-0.0184713
-0.018636
-0.0188009
-0.0189659
-0.019131
-0.0192962
-0.0194615
-0.0196269
-0.0197924
-0.019958
-0.0201236
-0.0202893
-0.020455
-0.0206208
-0.0207866
-0.0209524
-0.0211182
-0.021284
-0.0214498
-0.0216156
-0.0217814
-0.0219471
-0.0221127
-0.0222783
-0.0224438
-0.0226093
-0.0227746
-0.0229399
-0.023105
-0.0232701
-0.023435
-0.0235997
-0.0237643
-0.0239288
-0.0240931
-0.0242572
-0.0244211
-0.0245848
-0.0247483
-0.0249116
-0.0250747
-0.0252375
-0.0254001
-0.0255624
-0.0257245
-0.0258863
-0.0260478
-0.026209
-0.0263699
-0.0265305
-0.0266908
-0.0268507
-0.0270103
-0.0271696
-0.0273285
-0.027487
-0.0276451
-0.0278029
-0.0279602
-0.0281172
-0.0282737
-0.0284298
-0.0285855
-0.0287407
-0.0288955
-0.0290498
-0.0292037
-0.0293571
-0.0295099
-0.0296623
-0.0298142
-0.0299656
-0.0301165
-0.0302668
-0.0304166
-0.0305658
-0.0307145
-0.0308626
-0.0310102
-0.0311572
-0.0313036
-0.0314494
-0.0315946
-0.0317392
-0.0318832
-0.0320265
-0.0321692
-0.0323113
-0.0324527
-0.0325935
-0.0327337
-0.0328731
-0.0330119
-0.03315
-0.0332874
-0.0334242
-0.0335602
-0.0336955
-0.0338301
-0.033964
-0.0340971
-0.0342296
-0.0343613
-0.0344922
-0.0346224
-0.0347519
-0.0348806
-0.0350085
-0.0351356
-0.035262
-0.0353876
-0.0355124
-0.0356365
-0.0357597
-0.0358821
-0.0360038
-0.0361246
-0.0362446
-0.0363638
-0.0364821
-0.0365997
-0.0367164
-0.0368323
-0.0369473
-0.0370616
-0.0371749
-0.0372875
-0.0373991
-0.03751
-0.0376199
-0.037729
-0.0378373
-0.0379447
-0.0380512
-0.0381569
-0.0382617
-0.0383656
-0.0384687
-0.0385709
-0.0386722
-0.0387726
-0.0388721
-0.0389708
-0.0390686
-0.0391655
-0.0392616
-0.0393567
-0.039451
-0.0395444
-0.0396369
-0.0397285
-0.0398192
-0.0399091
-0.039998
-0.0400861
-0.0401733
-0.0402596
-0.0403451
-0.0404296
-0.0405133
-0.0405961
-0.0406781
-0.0407591
-0.0408393
-0.0409186
-0.040997
-0.0410746
-0.0411513
-0.0412272
-0.0413022
-0.0413763
-0.0414496
-0.041522
-0.0415935
-0.0416643
-0.0417341
-0.0418032
-0.0418714
-0.0419387
-0.0420053
-0.042071
-0.0421359
-0.0421999
-0.0422632
-0.0423256
-0.0423873
-0.0424481
-0.0425082
-0.0425674
-0.0426259
-0.0426837
-0.0427407
-0.042797
-0.0428525
-0.0429073
-0.0429613
-0.0430147
-0.0430672
-0.0431191
-0.0431702
-0.0432206
-0.0432703
-0.0433193
-0.0433675
-0.0434151
-0.0434619
-0.0435081
-0.0435535
-0.0435983
-0.0436424
-0.0436859
-0.0437286
-0.0437707
-0.0438122
-0.043853
-0.0438932
-0.0439327
-0.0439717
-0.04401
-0.0440477
-0.0440848
-0.0441213
-0.0441572
-0.0441925
-0.0442273
-0.0442615
-0.0442952
-0.0443283
-0.0443609
-0.0443929
-0.0444245
-0.0444555
-0.044486
-0.044516
-0.0445456
-0.0445747
-0.0446033
-0.0446314
-0.0446591
-0.0446863
-0.0447132
-0.0447396
-0.0447655
-0.0447911
-0.0448163
-0.0448411
-0.0448655
-0.0448896
-0.0449133
-0.0449366
-0.0449596
-0.0449822
-0.0450046
-0.0450266
-0.0450483
-0.0450697
-0.0450908
-0.0451117
-0.0451323
-0.0451526
-0.0451726
-0.0451924
-0.045212
-0.0452313
-0.0452505
-0.0452694
-0.0452881
-0.0453066
-0.0453249
-0.0453431
-0.045361
-0.0453788
-0.0453965
-0.045414
-0.0454314
-0.0454486
-0.0454658
-0.0454828
-0.0454997
-0.0455165
-0.0455332
-0.0455498
-0.0455664
-0.0455829
-0.0455993
-0.0456156
-0.045632
-0.0456482
-0.0456645
-0.0456807
-0.0456969
-0.0457131
-0.0457293
-0.0457455
-0.0457617
-0.0457779
-0.0457941
-0.0458103
-0.0458266
-0.0458429
-0.0458593
-0.0458757
-0.0458922
-0.0459087
-0.0459253
-0.045942
-0.0459588
-0.0459756
-0.0459925
-0.0460096
-0.0460267
-0.0460439
-0.0460613
-0.0460787
-0.0460963
-0.046114
-0.0461318
-0.0461498
-0.0461679
-0.0461862
-0.0462045
-0.0462231
-0.0462418
-0.0462607
-0.0462797
-0.0462989
-0.0463182
-0.0463378
-0.0463575
-0.0463774
-0.0463975
-0.0464178
-0.0464383
-0.0464589
-0.0464798
-0.0465009
-0.0465222
-0.0465436
-0.0465653
-0.0465873
-0.0466094
-0.0466318
-0.0466543
-0.0466771
-0.0467002
-0.0467234
-0.0467469
-0.0467707
-0.0467947
-0.0468189
-0.0468433
-0.046868
-0.046893
-0.0469182
-0.0469436
-0.0469693
-0.0469953
-0.0470215
-0.047048
-0.0470747
-0.0471017
-0.047129
-0.0471565
-0.0471843
-0.0472124
-0.0472407
-0.0472694
-0.0472982
-0.0473274
-0.0473568
-0.0473866
-0.0474166
-0.0474468
-0.0474774
-0.0475082
-0.0475394
-0.0475708
-0.0476025
-0.0476345
-0.0476667
-0.0476993
-0.0477322
-0.0477653
-0.0477987
-0.0478325
-0.0478665
-0.0479008
-0.0479355
-0.0479704
-0.0480056
-0.0480411
-0.0480769
-0.0481131
-0.0481495
-0.0481862
-0.0482233
-0.0482606
-0.0482982
-0.0483362
-0.0483745
-0.048413
-0.0484519
-0.0484911
-0.0485306
-0.0485704
-0.0486105
-0.0486509
-0.0486917
-0.0487327
-0.0487741
-0.0488158
-0.0488578
-0.0489001
-0.0489427
-0.0489857
-0.049029
-0.0490725
-0.0491165
-0.0491607
-0.0492052
-0.0492501
-0.0492953
-0.0493408
-0.0493867
-0.0494328
-0.0494793
-0.0495261
-0.0495733
-0.0496207
-0.0496685
-0.0497166
-0.0497651
-0.0498138
-0.0498629
-0.0499124
-0.0499621
-0.0500122
-0.0500626
-0.0501134
-0.0501645
-0.0502159
-0.0502676
-0.0503197
-0.0503721
-0.0504248
-0.0504779
-0.0505313
-0.050585
-0.0506391
-0.0506935
-0.0507482
-0.0508033
-0.0508587
-0.0509144
-0.0509705
-0.0510269
-0.0510837
-0.0511407
-0.0511981
-0.0512559
-0.0513139
-0.0513723
-0.0514311
-0.0514902
-0.0515496
-0.0516093
-0.0516694
-0.0517298
-0.0517905
-0.0518515
-0.0519129
-0.0519746
-0.0520367
-0.0520991
-0.0521617
-0.0522248
-0.0522881
-0.0523518
-0.0524158
-0.0524801
-0.0525447
-0.0526097
-0.052675
-0.0527406
-0.0528065
-0.0528727
-0.0529392
-0.053006
-0.0530732
-0.0531407
-0.0532084
-0.0532765
-0.0533448
-0.0534135
-0.0534825
-0.0535517
-0.0536213
-0.0536911
-0.0537612
-0.0538317
-0.0539023
-0.0539733
-0.0540446
-0.0541161
-0.0541879
-0.0542599
-0.0543323
-0.0544048
-0.0544777
-0.0545508
-0.0546241
-0.0546977
-0.0547715
-0.0548456
-0.0549199
-0.0549944
-0.0550692
-0.0551442
-0.0552193
-0.0552947
-0.0553704
-0.0554462
-0.0555222
-0.0555984
-0.0556748
-0.0557513
-0.0558281
-0.055905
-0.0559821
-0.0560593
-0.0561367
-0.0562142
-0.0562919
-0.0563697
-0.0564476
-0.0565257
-0.0566039
-0.0566821
-0.0567605
-0.056839
-0.0569175
-0.0569962
-0.0570749
-0.0571537
-0.0572325
-0.0573114
-0.0573903
-0.0574692
-0.0575482
-0.0576272
-0.0577062
-0.0577852
-0.0578642
-0.0579432
-0.0580222
-0.0581011
-0.05818
-0.0582588
-0.0583376
-0.0584163
-0.058495
-0.0585735
-0.0586519
-0.0587303
-0.0588085
-0.0588866
-0.0589646
-0.0590424
-0.0591201
-0.0591976
-0.0592749
-0.0593521
-0.0594291
-0.0595058
-0.0595824
-0.0596587
-0.0597348
-0.0598107
-0.0598863
-0.0599616
-0.0600367
-0.0601115
-0.060186
-0.0602602
-0.0603341
-0.0604077
-0.0604809
-0.0605538
-0.0606264
-0.0606985
-0.0607704
-0.0608418
-0.0609129
-0.0609835
-0.0610538
-0.0611236
-0.061193
-0.0612619
-0.0613304
-0.0613985
-0.0614661
-0.0615332
-0.0615999
-0.061666
-0.0617317
-0.0617968
-0.0618615
-0.0619256
-0.0619892
-0.0620522
-0.0621147
-0.0621766
-0.062238
-0.0622988
-0.062359
-0.0624187
-0.0624777
-0.0625362
-0.0625941
-0.0626513
-0.0627079
-0.062764
-0.0628193
-0.0628741
-0.0629282
-0.0629817
-0.0630346
-0.0630867
-0.0631383
-0.0631892
-0.0632394
-0.0632889
-0.0633378
-0.063386
-0.0634336
-0.0634804
-0.0635266
-0.0635721
-0.0636169
-0.0636611
-0.0637045
-0.0637473
-0.0637894
-0.0638308
-0.0638715
-0.0639115
-0.0639509
-0.0639896
-0.0640275
-0.0640648
-0.0641014
-0.0641374
-0.0641726
-0.0642072
-0.0642411
-0.0642744
-0.064307
-0.0643389
-0.0643701
-0.0644007
-0.0644307
-0.06446
-0.0644886
-0.0645167
-0.0645441
-0.0645708
-0.064597
-0.0646225
-0.0646474
-0.0646718
-0.0646955
-0.0647186
-0.0647412
-0.0647632
-0.0647846
-0.0648054
-0.0648257
-0.0648455
-0.0648647
-0.0648834
-0.0649015
-0.0649192
-0.0649364
-0.064953
-0.0649692
-0.0649849
-0.0650001
-0.0650149
-0.0650292
-0.0650431
-0.0650566
-0.0650696
-0.0650823
-0.0650945
-0.0651064
-0.0651179
-0.065129
-0.0651398
-0.0651502
-0.0651603
-0.0651701
-0.0651795
-0.0651887
-0.0651975
-0.0652061
-0.0652144
-0.0652225
-0.0652303
-0.0652379
-0.0652452
-0.0652524
-0.0652593
-0.065266
-0.0652726
-0.065279
-0.0652852
-0.0652913
-0.0652973
-0.0653031
-0.0653088
-0.0653144
-0.0653199
-0.0653254
-0.0653307
-0.065336
-0.0653413
-0.0653465
-0.0653517
-0.0653568
-0.065362
-0.0653671
-0.0653723
-0.0653774
-0.0653826
-0.0653879
-0.0653932
-0.0653985
-0.0654039
-0.0654094
-0.065415
-0.0654206
-0.0654264
-0.0654323
-0.0654383
-0.0654444
-0.0654507
-0.0654571
-0.0654636
-0.0654704
-0.0654773
-0.0654843
-0.0654916
-0.065499
-0.0655066
-0.0655145
-0.0655225
-0.0655308
-0.0655393
-0.065548
-0.065557
-0.0655662
-0.0655756
-0.0655853
-0.0655953
-0.0656055
-0.065616
-0.0656268
-0.0656379
-0.0656492
-0.0656609
-0.0656728
-0.0656851
-0.0656976
-0.0657105
-0.0657236
-0.0657371
-0.0657509
-0.0657651
-0.0657795
-0.0657943
-0.0658095
-0.0658249
-0.0658407
-0.0658569
-0.0658734
-0.0658903
-0.0659075
-0.065925
-0.0659429
-0.0659612
-0.0659798
-0.0659988
-0.0660182
-0.0660379
-0.066058
-0.0660785
-0.0660994
-0.0661206
-0.0661422
-0.0661641
-0.0661865
-0.0662092
-0.0662323
-0.0662557
-0.0662796
-0.0663038
-0.0663284
-0.0663534
-0.0663788
-0.0664045
-0.0664306
-0.0664571
-0.066484
-0.0665113
-0.066539
-0.066567
-0.0665954
-0.0666242
-0.0666533
-0.0666829
-0.0667128
-0.0667431
-0.0667738
-0.0668048
-0.0673956
-0.0674363
-0.0668773
-0.0668683
-0.0669004
-0.0669329
-0.0669657
-0.0669988
-0.0670323
-0.0670662
-0.0671004
-0.0671349
-0.0671699
-0.0672051
-0.0672408
-0.0672768
-0.0673131
-0.0673498
-0.0673869
-0.0674243
-0.067462
-0.0675001
-0.0675386
-0.0675774
-0.0676166
-0.0676561
-0.067696
-0.0677362
-0.0677767
-0.0678176
-0.0678588
-0.0679004
-0.0679423
-0.0679846
-0.0680271
-0.0680701
-0.0681133
-0.0681569
-0.0682008
-0.068245
-0.0682895
-0.0683344
-0.0683795
-0.068425
-0.0684708
-0.0685169
-0.0685634
-0.0686101
-0.0686571
-0.0687045
-0.0687521
-0.0688
-0.0688482
-0.0688968
-0.0689456
-0.0689947
-0.069044
-0.0690937
-0.0691436
-0.0691939
-0.0692444
-0.0692951
-0.0693462
-0.0693975
-0.0694491
-0.0695009
-0.069553
-0.0696054
-0.069658
-0.0697109
-0.0697641
-0.0698174
-0.0698711
-0.0699249
-0.0699791
-0.0700334
-0.070088
-0.0701429
-0.070198
-0.0702533
-0.0703088
-0.0703646
-0.0704205
-0.0704768
-0.0705332
-0.0705898
-0.0706467
-0.0707038
-0.0707611
-0.0708186
-0.0708763
-0.0709342
-0.0709924
-0.0710507
-0.0711092
-0.0711679
-0.0712268
-0.0712859
-0.0713452
-0.0714047
-0.0714644
-0.0715242
-0.0715843
-0.0716445
-0.0717049
-0.0717654
-0.0718262
-0.0718871
-0.0719482
-0.0720094
-0.0720708
-0.0721324
-0.0721941
-0.072256
-0.072318
-0.0723802
-0.0724426
-0.0725051
-0.0725677
-0.0726305
-0.0726935
-0.0727565
-0.0728197
-0.0728831
-0.0729466
-0.0730102
-0.0730739
-0.0731378
-0.0732018
-0.0732659
-0.0733302
-0.0733945
-0.073459
-0.0735236
-0.0735883
-0.0736531
-0.0737181
-0.0737831
-0.0738482
-0.0739135
-0.0739788
-0.0740443
-0.0741098
-0.0741754
-0.0742411
-0.0743069
-0.0743728
-0.0744388
-0.0745048
-0.074571
-0.0746372
-0.0747034
-0.0747698
-0.0748362
-0.0749027
-0.0749693
-0.0750359
-0.0751026
-0.0751693
-0.0752361
-0.0753029
-0.0753698
-0.0754368
-0.0755038
-0.0755708
-0.0756379
-0.075705
-0.0757721
-0.0758393
-0.0759065
-0.0759738
-0.076041
-0.0761083
-0.0761756
-0.076243
-0.0763103
-0.0763777
-0.076445
-0.0765124
-0.0765798
-0.0766472
-0.0767145
-0.0767819
-0.0768493
-0.0769166
-0.076984
-0.0770513
-0.0771186
-0.0771859
-0.0772532
-0.0773204
-0.0773876
-0.0774548
-0.077522
-0.0775891
-0.0776561
-0.0777232
-0.0777901
-0.0778571
-0.0779239
-0.0779908
-0.0780575
-0.0781242
-0.0781908
-0.0782574
-0.0783239
-0.0783903
-0.0784566
-0.0785229
-0.0785891
-0.0786551
-0.0787211
-0.078787
-0.0788528
-0.0789185
-0.0789841
-0.0790496
-0.079115
-0.0791803
-0.0792454
-0.0793104
-0.0793754
-0.0794401
-0.0795048
-0.0795693
-0.0796337
-0.0796979
-0.079762
-0.0798259
-0.0798897
-0.0799533
-0.0800168
-0.0800801
-0.0801433
-0.0802062
-0.080269
-0.0803317
-0.0803941
-0.0804564
-0.0805185
-0.0805803
-0.080642
-0.0807035
-0.0807648
-0.0808259
-0.0808868
-0.0809475
-0.0810079
-0.0810681
-0.0811282
-0.0811879
-0.0812475
-0.0813068
-0.0813659
-0.0814247
-0.0814833
-0.0815417
-0.0815998
-0.0816576
-0.0817152
-0.0817726
-0.0818296
-0.0818864
-0.0819429
-0.0819992
-0.0820552
-0.0821108
-0.0821662
-0.0822214
-0.0822762
-0.0823307
-0.0823849
-0.0824388
-0.0824925
-0.0825458
-0.0825988
-0.0826515
-0.0827038
-0.0827559
-0.0828076
-0.082859
-0.08291
-0.0829608
-0.0830112
-0.0830612
-0.0831109
-0.0831603
-0.0832093
-0.083258
-0.0833063
-0.0833543
-0.0834019
-0.0834491
-0.083496
-0.0835425
-0.0835887
-0.0836345
-0.0836799
-0.0837249
-0.0837696
-0.0838139
-0.0838578
-0.0839013
-0.0839444
-0.0839872
-0.0840295
-0.0840715
-0.0841131
-0.0841543
-0.0841951
-0.0842354
-0.0842755
-0.0843151
-0.0843543
-0.0843931
-0.0844315
-0.0844695
-0.0845071
-0.0845443
-0.0845811
-0.0846174
-0.0846534
-0.084689
-0.0847242
-0.0847589
-0.0847933
-0.0848272
-0.0848607
-0.0848939
-0.0849266
-0.0849589
-0.0849908
-0.0850223
-0.0850534
-0.0850841
-0.0851144
-0.0851443
-0.0851738
-0.0852029
-0.0852315
-0.0852598
-0.0852877
-0.0853152
-0.0853423
-0.085369
-0.0853953
-0.0854212
-0.0854468
-0.0854719
-0.0854967
-0.085521
-0.085545
-0.0855687
-0.0855919
-0.0856148
-0.0856373
-0.0856594
-0.0856812
-0.0857026
-0.0857237
-0.0857444
-0.0857647
-0.0857847
-0.0858044
-0.0858237
-0.0858427
-0.0858614
-0.0858797
-0.0858977
-0.0859153
-0.0859327
-0.0859497
-0.0859665
-0.0859829
-0.085999
-0.0860148
-0.0860304
-0.0860456
-0.0860606
-0.0860753
-0.0860897
-0.0861038
-0.0861177
-0.0861314
-0.0861448
-0.0861579
-0.0861708
-0.0861834
-0.0861959
-0.0862081
-0.0862201
-0.0862318
-0.0862434
-0.0862548
-0.0862659
-0.0862769
-0.0862877
-0.0862983
-0.0863088
-0.0863191
-0.0863292
-0.0863391
-0.086349
-0.0863587
-0.0863682
-0.0863776
-0.0863869
-0.0863961
-0.0864052
-0.0864142
-0.086423
-0.0864318
-0.0864405
-0.0864492
-0.0864577
-0.0864662
-0.0864747
-0.0864831
-0.0864914
-0.0864998
-0.086508
-0.0865163
-0.0865246
-0.0865328
-0.086541
-0.0865493
-0.0865575
-0.0865658
-0.0865741
-0.0865824
-0.0865908
-0.0865992
-0.0866076
-0.0866161
-0.0866247
-0.0866333
-0.086642
-0.0866508
-0.0866597
-0.0866686
-0.0866777
-0.0866869
-0.0866962
-0.0867056
-0.0867151
-0.0867247
-0.0867345
-0.0867444
-0.0867545
-0.0867647
-0.0867751
-0.0867856
-0.0867964
-0.0868072
-0.0868183
-0.0868295
-0.086841
-0.0868526
-0.0868644
-0.0868764
-0.0868887
-0.0869011
-0.0869138
-0.0869267
-0.0869398
-0.0869531
-0.0869667
-0.0869805
-0.0869946
-0.0870089
-0.0870234
-0.0870382
-0.0870533
-0.0870686
-0.0870842
-0.0871
-0.0871162
-0.0871325
-0.0871492
-0.0871662
-0.0871834
-0.0872009
-0.0872187
-0.0872368
-0.0872552
-0.0872738
-0.0872928
-0.087312
-0.0873316
-0.0873515
-0.0873716
-0.0873921
-0.0874128
-0.0874339
-0.0874553
-0.087477
-0.0874989
-0.0875212
-0.0875438
-0.0875667
-0.0875899
-0.0876135
-0.0876373
-0.0876614
-0.0876859
-0.0877106
-0.0877357
-0.087761
-0.0877867
-0.0878127
-0.0878389
-0.0878655
-0.0878924
-0.0879195
-0.087947
-0.0879747
-0.0880028
-0.0880311
-0.0880597
-0.0880886
-0.0881178
-0.0881473
-0.088177
-0.088207
-0.0882373
-0.0882678
-0.0882986
-0.0883297
-0.088361
-0.0883926
-0.0884244
-0.0884564
-0.0884887
-0.0885212
-0.088554
-0.088587
-0.0886202
-0.0886536
-0.0886872
-0.088721
-0.088755
-0.0887892
-0.0888236
-0.0888581
-0.0888929
-0.0889278
-0.0889628
-0.088998
-0.0890334
-0.0890689
-0.0891045
-0.0891402
-0.0891761
-0.089212
-0.0892481
-0.0892842
-0.0893205
-0.0893568
-0.0893932
-0.0894296
-0.0894661
-0.0895026
-0.0895392
-0.0895757
-0.0896123
-0.0896489
-0.0896855
-0.089722
-0.0897586
-0.0897951
-0.0898315
-0.0898679
-0.0899042
-0.0899404
-0.0899765
-0.0900125
-0.0900484
-0.0900842
-0.0901198
-0.0901553
-0.0901906
-0.0902258
-0.0902607
-0.0902954
-0.0903299
-0.0903642
-0.0903982
-0.090432
-0.0904655
-0.0904987
-0.0905316
-0.0905642
-0.0905965
-0.0906284
-0.09066
-0.0906912
-0.090722
-0.0907524
-0.0907823
-0.0908119
-0.090841
-0.0908696
-0.0908977
-0.0909253
-0.0909524
-0.090979
-0.091005
-0.0910305
-0.0910553
-0.0910796
-0.0911032
-0.0911262
-0.0911486
-0.0911702
-0.0911912
-0.0912115
-0.091231
-0.0895714
-0.0912498
-0.0912678
-0.0912851
-0.0913015
-0.0913171
-0.0913319
-0.0913458
-0.0913589
-0.091371
-0.0913822
-0.0913925
-0.0914018
-0.0914102
-0.0914175
-0.0914239
-0.0914292
-0.0914335
-0.0914367
-0.0914388
-0.0914398
-0.0914396
-0.0914383
-0.0914359
-0.0914322
-0.0914274
-0.0914213
-0.091414
-0.0914054
-0.0913956
-0.0913844
-0.0913719
-0.0913581
-0.0913429
-0.0913264
-0.0913084
-0.0912891
-0.0912683
-0.0912461
-0.0912224
-0.0911973
-0.0911707
-0.0911425
-0.0911128
-0.0910816
-0.0910489
-0.0910145
-0.0909786
-0.0909411
-0.090902
-0.0908612
-0.0908188
-0.0907748
-0.0907291
-0.0906817
-0.0906327
-0.0905819
-0.0905294
-0.0904753
-0.0904194
-0.0903618
-0.0903024
-0.0902413
-0.0901784
-0.0901138
-0.0900474
-0.0899793
-0.0899094
-0.0898377
-0.0897642
-0.0896889
-0.0896119
-0.0895331
-0.0894525
-0.0893701
-0.0892859
-0.0891999
-0.0891122
-0.0890227
-0.0889314
-0.0888384
-0.0887436
-0.0886471
-0.0885488
-0.0884488
-0.088347
-0.0882435
-0.0881384
-0.0880315
-0.0879229
-0.0878127
-0.0877008
-0.0875873
-0.0874722
-0.0873554
-0.087237
-0.0871171
-0.0869956
-0.0868726
-0.086748
-0.086622
-0.0864944
-0.0863654
-0.086235
-0.0861032
-0.08597
-0.0858354
-0.0856995
-0.0855622
-0.0854237
-0.0852839
-0.0851429
-0.0850007
-0.0848573
-0.0847128
-0.0845672
-0.0844204
-0.0842727
-0.0841239
-0.0839741
-0.0838233
-0.0836717
-0.0835191
-0.0833657
-0.0832114
-0.0830564
-0.0829006
-0.0827441
-0.0825869
-0.082429
-0.0822706
-0.0821115
-0.0819519
-0.0817918
-0.0816312
-0.0814702
-0.0813087
-0.0811469
-0.0809848
-0.0808223
-0.0806596
-0.0804967
-0.0803336
-0.0801703
-0.080007
-0.0798435
-0.07968
-0.0795164
-0.0793529
-0.0791895
-0.0790261
-0.0788629
-0.0786998
-0.0785369
-0.0783742
-0.0782118
-0.0780497
-0.0778879
-0.0777264
-0.0775653
-0.0774046
-0.0772444
-0.0770847
-0.0769254
-0.0767667
-0.0766085
-0.076451
-0.076294
-0.0761377
-0.075982
-0.0758271
-0.0756728
-0.0755193
-0.0753666
-0.0752146
-0.0750635
-0.0749132
-0.0747637
-0.0746152
-0.0744675
-0.0743207
-0.0741749
-0.0740301
-0.0738862
-0.0737433
-0.0736014
-0.0734606
-0.0733208
-0.073182
-0.0730443
-0.0729077
-0.0727722
-0.0726379
-0.0725046
-0.0723725
-0.0722415
-0.0721117
-0.0719831
-0.0718557
-0.0717294
-0.0716044
-0.0714805
-0.0713579
-0.0712365
-0.0711164
-0.0709974
-0.0708797
-0.0707633
-0.0706481
-0.0705342
-0.0704216
-0.0703102
-0.0702001
-0.0700913
-0.0699837
-0.0698775
-0.0697725
-0.0696688
-0.0695664
-0.0694653
-0.0693654
-0.0692669
-0.0691696
-0.0690737
-0.068979
-0.0688856
-0.0687935
-0.0687027
-0.0686132
-0.0685249
-0.068438
-0.0683523
-0.0682679
-0.0681847
-0.0681029
-0.0680223
-0.067943
-0.0678649
-0.0677881
-0.0677125
-0.0676382
-0.0675651
-0.0674933
-0.0674228
-0.0673534
-0.0672853
-0.0672184
-0.0671527
-0.0670883
-0.067025
-0.066963
-0.0669022
-0.0668426
-0.0667841
-0.0667269
-0.0666708
-0.0666159
-0.0665622
-0.0665096
-0.0664582
-0.066408
-0.0663589
-0.066311
-0.0662642
-0.0662185
-0.066174
-0.0661306
-0.0660883
-0.0660472
-0.0660071
-0.0659681
-0.0659303
-0.0658935
-0.0658579
-0.0658233
-0.0657898
-0.0657574
-0.065726
-0.0656957
-0.0656665
-0.0656383
-0.0656112
-0.0655851
-0.0655601
-0.0655361
-0.0655131
-0.0654911
-0.0654702
-0.0654503
-0.0654314
-0.0654135
-0.0653967
-0.0653808
-0.0653659
-0.065352
-0.0653391
-0.0653272
-0.0653163
-0.0653063
-0.0652974
-0.0652893
-0.0652823
-0.0652762
-0.0652711
-0.0652669
-0.0652637
-0.0652614
-0.0652601
-0.0652597
-0.0652602
-0.0652617
-0.0652641
-0.0652674
-0.0652717
-0.0652768
-0.0652829
-0.0652899
-0.0652978
-0.0653066
-0.0653163
-0.0653269
-0.0653384
-0.0653508
-0.0653641
-0.0653783
-0.0653934
-0.0654093
-0.0654262
-0.0654439
-0.0654624
-0.0654819
-0.0655022
-0.0655234
-0.0655454
-0.0655683
-0.065592
-0.0656166
-0.0656421
-0.0656684
-0.0656955
-0.0657235
-0.0657523
-0.0657819
-0.0658124
-0.0658437
-0.0658759
-0.0659088
-0.0659426
-0.0659772
-0.0660126
-0.0660488
-0.0660858
-0.0661236
-0.0661622
-0.0662016
-0.0662419
-0.0662828
-0.0663246
-0.0663672
-0.0664105
-0.0664547
-0.0664996
-0.0665452
-0.0665917
-0.0666389
-0.0666868
-0.0667355
-0.066785
-0.0668352
-0.0668861
-0.0669378
-0.0669902
-0.0670434
-0.0670972
-0.0671518
-0.0672071
-0.0672632
-0.0673199
-0.0673774
-0.0674355
-0.0674943
-0.0675539
-0.0676141
-0.067675
-0.0677366
-0.0677988
-0.0678617
-0.0679253
-0.0679895
-0.0680544
-0.0681199
-0.0681861
-0.0682529
-0.0683204
-0.0683884
-0.0684571
-0.0685264
-0.0685963
-0.0686668
-0.0687379
-0.0688096
-0.0688819
-0.0689547
-0.0690281
-0.0691021
-0.0691766
-0.0692517
-0.0693274
-0.0694036
-0.0694803
-0.0695575
-0.0696353
-0.0697135
-0.0697923
-0.0698716
-0.0699514
-0.0700316
-0.0701123
-0.0701935
-0.0702752
-0.0703573
-0.0704398
-0.0705228
-0.0706062
-0.0706901
-0.0707744
-0.070859
-0.0709441
-0.0710296
-0.0711154
-0.0712016
-0.0712882
-0.0713752
-0.0714625
-0.0715501
-0.0716381
-0.0717264
-0.071815
-0.0719039
-0.0719932
-0.0720827
-0.0721725
-0.0722626
-0.0723529
-0.0724435
-0.0725343
-0.0726254
-0.0727167
-0.0728083
-0.0729
-0.072992
-0.0730841
-0.0731764
-0.0732689
-0.0733616
-0.0734544
-0.0735473
-0.0736404
-0.0737336
-0.073827
-0.0739204
-0.074014
-0.0741076
-0.0742013
-0.0742951
-0.0743889
-0.0744828
-0.0745768
-0.0746707
-0.0747647
-0.0748587
-0.0749527
-0.0750467
-0.0751407
-0.0752347
-0.0753286
-0.0754225
-0.0755163
-0.07561
-0.0757037
-0.0757973
-0.0758908
-0.0759842
-0.0760775
-0.0761707
-0.0762637
-0.0763566
-0.0764494
-0.0765419
-0.0766343
-0.0767266
-0.0768186
-0.0769105
-0.0770021
-0.0770936
-0.0771848
-0.0772757
-0.0773664
-0.0774569
-0.0775471
-0.0776371
-0.0777267
-0.0778161
-0.0779052
-0.0779939
-0.0780824
-0.0781705
-0.0782583
-0.0783458
-0.0784329
-0.0785196
-0.078606
-0.078692
-0.0787776
-0.0788628
-0.0789477
-0.0790321
-0.0791161
-0.0791997
-0.0792828
-0.0793655
-0.0794478
-0.0795296
-0.0796109
-0.0796918
-0.0797722
-0.0798521
-0.0799315
-0.0800104
-0.0800888
-0.0801667
-0.0802441
-0.080321
-0.0803973
-0.0804731
-0.0805483
-0.080623
-0.0806971
-0.0807706
-0.0808436
-0.080916
-0.0809878
-0.081059
-0.0811296
-0.0811997
-0.0812691
-0.0813379
-0.0814061
-0.0814736
-0.0815406
-0.0816069
-0.0816725
-0.0817375
-0.0818019
-0.0818656
-0.0819287
-0.0819911
-0.0820528
-0.0821139
-0.0821743
-0.082234
-0.082293
-0.0823513
-0.082409
-0.0824659
-0.0825222
-0.0825777
-0.0826326
-0.0826868
-0.0827402
-0.0827929
-0.0828449
-0.0828963
-0.0829468
-0.0829967
-0.0830458
-0.0830942
-0.0831419
-0.0831889
-0.0832351
-0.0832806
-0.0833253
-0.0833694
-0.0834126
-0.0834552
-0.083497
-0.083538
-0.0835784
-0.083618
-0.0836568
-0.0836949
-0.0837322
-0.0837688
-0.0838047
-0.0838398
-0.0838742
-0.0839079
-0.0839408
-0.0839729
-0.0840043
-0.084035
-0.0840649
-0.0840941
-0.0841226
-0.0841503
-0.0841773
-0.0842036
-0.0842291
-0.0842539
-0.084278
-0.0843013
-0.0843239
-0.0843458
-0.084367
-0.0843875
-0.0844072
-0.0844262
-0.0844446
-0.0844622
-0.0844791
-0.0844953
-0.0845109
-0.0845257
-0.0845398
-0.0845533
-0.084566
-0.0845781
-0.0845895
-0.0846003
-0.0846104
-0.0846198
-0.0846285
-0.0846366
-0.0846441
-0.0846509
-0.084657
-0.0846626
-0.0846675
-0.0846717
-0.0846754
-0.0846784
-0.0846809
-0.0846828
-0.084684
-0.0846847
-0.0846848
-0.0846844
-0.0846833
-0.0846817
-0.0846796
-0.0846768
-0.0846736
-0.0846697
-0.0846654
-0.0846605
-0.084655
-0.0846491
-0.0846426
-0.0846356
-0.0846281
-0.0846201
-0.0846116
-0.0846026
-0.0845931
-0.0845832
-0.0845728
-0.0845619
-0.0845506
-0.0845388
-0.0845266
-0.084514
-0.0845009
-0.0844874
-0.0844735
-0.0844593
-0.0844446
-0.0844295
-0.084414
-0.0843982
-0.084382
-0.0843655
-0.0843486
-0.0843313
-0.0843137
-0.0842958
-0.0842776
-0.0842591
-0.0842403
-0.0842211
-0.0842017
-0.084182
-0.0841621
-0.0841419
-0.0841214
-0.0841007
-0.0840797
-0.0840585
-0.0840371
-0.0840155
-0.0839937
-0.0839716
-0.0839494
-0.083927
-0.0839044
-0.0838817
-0.0838588
-0.0838357
-0.0838125
-0.0837892
-0.0837657
-0.0837421
-0.0837184
-0.0836946
-0.0836707
-0.0836467
-0.0836226
-0.0835985
-0.0835742
-0.08355
-0.0835256
-0.0835012
-0.0834768
-0.0834523
-0.0834278
-0.0834033
-0.0833788
-0.0833543
-0.0833298
-0.0833053
-0.0832808
-0.0832563
-0.0832319
-0.0832074
-0.0831831
-0.0831588
-0.0831345
-0.0831103
-0.0830862
-0.0830621
-0.0830381
-0.0830142
-0.0829904
-0.0829667
-0.0829431
-0.0829196
-0.0828962
-0.0828729
-0.0828498
-0.0828268
-0.0828039
-0.0827811
-0.0827586
-0.0827361
-0.0827138
-0.0826917
-0.0826698
-0.082648
-0.0826264
-0.0826049
-0.0825837
-0.0825626
-0.0825418
-0.0825211
-0.0825006
-0.0824804
-0.0824603
-0.0824405
-0.0824209
-0.0824015
-0.0823824
-0.0823634
-0.0823447
-0.0823263
-0.0823081
-0.0822901
-0.0822724
-0.0822549
-0.0822377
-0.0822207
-0.082204
-0.0821876
-0.0821714
-0.0821555
-0.0821399
-0.0821245
-0.0821094
-0.0820946
-0.0820801
-0.0820659
-0.082052
-0.0820383
-0.082025
-0.0820119
-0.0819992
-0.0819867
-0.0819745
-0.0819627
-0.0819511
-0.0819399
-0.081929
-0.0819183
-0.081908
-0.0818981
-0.0818884
-0.081879
-0.08187
-0.0818613
-0.0818529
-0.0818448
-0.0818371
-0.0818297
-0.0818226
-0.0818159
-0.0818094
-0.0818033
-0.0817976
-0.0817922
-0.0817871
-0.0817823
-0.0817779
-0.0817739
-0.0817701
-0.0817667
-0.0817637
-0.081761
-0.0817586
-0.0817566
-0.0817549
-0.0817536
-0.0817526
-0.081752
-0.0817517
-0.0817518
-0.0817522
-0.0817529
-0.0817541
-0.0817555
-0.0817573
-0.0817595
-0.081762
-0.0817649
-0.0817681
-0.0817716
-0.0817756
-0.0817798
-0.0817845
-0.0817894
-0.0817948
-0.0818005
-0.0818065
-0.0818129
-0.0818197
-0.0818268
-0.0818342
-0.0818421
-0.0818502
-0.0818588
-0.0818676
-0.0818769
-0.0818865
-0.0818964
-0.0819067
-0.0819174
-0.0819284
-0.0819398
-0.0819515
-0.0819636
-0.081976
-0.0819888
-0.082002
-0.0820155
-0.0820293
-0.0820435
-0.0820581
-0.082073
-0.0820883
-0.0821039
-0.0821199
-0.0821362
-0.0821529
-0.0821699
-0.0821873
-0.082205
-0.0822231
-0.0822415
-0.0822603
-0.0822794
-0.0822989
-0.0823187
-0.0823388
-0.0823594
-0.0823802
-0.0824014
-0.082423
-0.0824448
-0.0824671
-0.0824896
-0.0825126
-0.0825358
-0.0825594
-0.0825833
-0.0826076
-0.0826322
-0.0826571
-0.0826824
-0.082708
-0.0827339
-0.0827602
-0.0827868
-0.0828137
-0.0828409
-0.0828685
-0.0828964
-0.0829246
-0.0829532
-0.082982
-0.0830112
-0.0830407
-0.0830705
-0.0831006
-0.0831311
-0.0831618
-0.0831929
-0.0832242
-0.0832559
-0.0832878
-0.0833201
-0.0833527
-0.0833855
-0.0834187
-0.0834521
-0.0834858
-0.0835198
-0.0835541
-0.0835887
-0.0836236
-0.0836587
-0.0836941
-0.0837298
-0.0837658
-0.083802
-0.0838385
-0.0838752
-0.0839122
-0.0839494
-0.0839869
-0.0840247
-0.0840627
-0.0841009
-0.0841394
-0.0841781
-0.084217
-0.0842562
-0.0842956
-0.0843352
-0.084375
-0.084415
-0.0844553
-0.0844957
-0.0845363
-0.0845772
-0.0846182
-0.0846594
-0.0847008
-0.0847424
-0.0847841
-0.084826
-0.0848681
-0.0849103
-0.0849527
-0.0849952
-0.0850379
-0.0850807
-0.0851237
-0.0851667
-0.0852099
-0.0852532
-0.0852967
-0.0853402
-0.0853838
-0.0854276
-0.0854714
-0.0855153
-0.0855592
-0.0856033
-0.0856474
-0.0856915
-0.0857357
-0.08578
-0.0858243
-0.0858686
-0.085913
-0.0859573
-0.0860017
-0.0860461
-0.0860905
-0.0861349
-0.0861792
-0.0862236
-0.0862679
-0.0863122
-0.0863564
-0.0864006
-0.0864447
-0.0864887
-0.0865327
-0.0865766
-0.0866204
-0.0866641
-0.0867078
-0.0867513
-0.0867946
-0.0868379
-0.086881
-0.086924
-0.0869668
-0.0870095
-0.087052
-0.0870943
-0.0871365
-0.0871784
-0.0872202
-0.0872618
-0.0873031
-0.0873442
-0.0873851
-0.0874258
-0.0874662
-0.0875064
-0.0875463
-0.0875859
-0.0876253
-0.0876643
-0.0877031
-0.0877416
-0.0877798
-0.0878176
-0.0878552
-0.0878924
-0.0879292
-0.0879658
-0.0880019
-0.0880377
-0.0880732
-0.0881082
-0.0881429
-0.0881772
-0.0882111
-0.0882446
-0.0882777
-0.0883104
-0.0883426
-0.0883745
-0.0884058
-0.0884368
-0.0884673
-0.0884973
-0.0885269
-0.088556
-0.0885846
-0.0886128
-0.0886405
-0.0886677
-0.0886944
-0.0887206
-0.0887463
-0.0887715
-0.0887961
-0.0888203
-0.0888439
-0.088867
-0.0888896
-0.0889117
-0.0889332
-0.0889541
-0.0889746
-0.0889944
-0.0890138
-0.0890326
-0.0890508
-0.0890685
-0.0890856
-0.0891021
-0.0891181
-0.0891335
-0.0891484
-0.0891627
-0.0891764
-0.0891896
