0
0.345628
0.293758
0.248765
0.209694
0.175791
0.17579
0.146344
0.12078
0.0985702
0.0792777
0.0625086
0.0479325
0.0352548
0.0242256
0.0146244
0.00626275
-0.00102484
-0.00738032
-0.0129278
-0.0177743
-0.022013
-0.0257242
-0.0289781
-0.031835
-0.0343476
-0.0365614
-0.0385158
-0.040245
-0.0417786
-0.0431424
-0.0443585
-0.0454463
-0.0464225
-0.0473014
-0.0480957
-0.0488162
-0.0494723
-0.0500721
-0.0506226
-0.0511299
-0.0515993
-0.0520353
-0.0524419
-0.0528224
-0.0531798
-0.0535166
-0.053835
-0.0541368
-0.0544644
-0.054774
-0.0550676
-0.0553464
-0.055612
-0.0558654
-0.0561075
-0.0563393
-0.0565614
-0.0567743
-0.0569787
-0.057175
-0.0573635
-0.0575446
-0.0577184
-0.0578853
-0.0580454
-0.0581989
-0.0583459
-0.0584865
-0.0586207
-0.0587487
-0.0588704
-0.058986
-0.0590954
-0.0591987
-0.0592959
-0.059387
-0.059472
-0.0595508
-0.0596236
-0.0596902
-0.0597507
-0.059805
-0.0598532
-0.0598952
-0.0599311
-0.0599607
-0.0599842
-0.0600015
-0.0600126
-0.0600175
-0.0600161
-0.0600086
-0.0599948
-0.0599749
-0.0599487
-0.0599164
-0.0598779
-0.0598332
-0.0597824
-0.0597255
-0.0596625
-0.0595933
-0.0595182
-0.059437
-0.0593499
-0.0592568
-0.0591578
-0.059053
-0.0589423
-0.0588259
-0.0587038
-0.058576
-0.0584426
-0.0583037
-0.0581593
-0.0580095
-0.0578544
-0.057694
-0.0575284
-0.0573577
-0.057182
-0.0570014
-0.0568159
-0.0566256
-0.0564306
-0.0562311
-0.056027
-0.0558186
-0.0556059
-0.055389
-0.055168
-0.054943
-0.0547142
-0.0544816
-0.0542453
-0.0540056
-0.0537623
-0.0535158
-0.0532661
-0.0530133
-0.0527576
-0.052499
-0.0522377
-0.0519738
-0.0517074
-0.0514387
-0.0511677
-0.0508946
-0.0506195
-0.0503426
-0.0500639
-0.0497836
-0.0495017
-0.0492185
-0.048934
-0.0486483
-0.0483616
-0.048074
-0.0477856
-0.0474965
-0.0472068
-0.0469166
-0.046626
-0.0463352
-0.0460442
-0.0457532
-0.0454621
-0.0451713
-0.0448806
-0.0445903
-0.0443004
-0.044011
-0.0437222
-0.0434341
-0.0431467
-0.0428601
-0.0425744
-0.0422897
-0.042006
-0.0417234
-0.041442
-0.0411617
-0.0408828
-0.0406051
-0.0403289
-0.040054
-0.0397806
-0.0395087
-0.0392383
-0.0389695
-0.0387022
-0.0384366
-0.0381726
-0.0379102
-0.0376495
-0.0373905
-0.0371332
-0.0368776
-0.0366237
-0.0363715
-0.036121
-0.0358722
-0.0356251
-0.0353796
-0.0351358
-0.0348937
-0.0346532
-0.0344143
-0.034177
-0.0339413
-0.0337071
-0.0334745
-0.0332433
-0.0330135
-0.0327852
-0.0325583
-0.0323327
-0.0321084
-0.0318854
-0.0316636
-0.031443
-0.0312235
-0.0310051
-0.0307878
-0.0305715
-0.0303561
-0.0301417
-0.0299281
-0.0297153
-0.0295033
-0.0292921
-0.0290815
-0.0288715
-0.0286621
-0.0284532
-0.0282448
-0.0280368
-0.0278292
-0.0276219
-0.027415
-0.0272082
-0.0270017
-0.0267953
-0.026589
-0.0263827
-0.0261765
-0.0259703
-0.025764
-0.0255576
-0.025351
-0.0251442
-0.0249373
-0.0247301
-0.0245225
-0.0243147
-0.0241065
-0.0238979
-0.0236889
-0.0234794
-0.0232695
-0.023059
-0.022848
-0.0226365
-0.0224244
-0.0222117
-0.0219984
-0.0217845
-0.0215699
-0.0213547
-0.0211387
-0.0209221
-0.0207048
-0.0204868
-0.020268
-0.0200485
-0.0198283
-0.0196074
-0.0193857
-0.0191632
-0.01894
-0.0187161
-0.0184914
-0.018266
-0.0180398
-0.0178129
-0.0175853
-0.017357
-0.0171279
-0.0168982
-0.0166677
-0.0164366
-0.0162048
-0.0159723
-0.0157392
-0.0155055
-0.0152712
-0.0150362
-0.0148007
-0.0145647
-0.0143281
-0.0140909
-0.0138533
-0.0136152
-0.0133767
-0.0131377
-0.0128983
-0.0126585
-0.0124183
-0.0121779
-0.0119371
-0.011696
-0.0114547
-0.0112131
-0.0109713
-0.0107294
-0.0104873
-0.0102451
-0.0100027
-0.00976037
-0.00951796
-0.00927555
-0.00903316
-0.00879083
-0.00854858
-0.00830644
-0.00806446
-0.00782264
-0.00758104
-0.00733967
-0.00709858
-0.00685778
-0.00661731
-0.00637721
-0.00613749
-0.00589821
-0.00565937
-0.00542103
-0.0051832
-0.00494592
-0.00470922
-0.00447313
-0.00423768
-0.00400291
-0.00376883
-0.00353549
-0.00330291
-0.00307113
-0.00284017
-0.00261007
-0.00238085
-0.00215254
-0.00192517
-0.00169878
-0.00147339
-0.00124903
-0.00102573
-0.000803516
-0.000582418
-0.000362464
-0.000143682
7.39012e-05
0.000290257
0.000505359
0.000719181
0.000931695
0.00114287
0.0013527
0.00156113
0.00176815
0.00197374
0.00217787
0.00238051
0.00258163
0.00278123
0.00297926
0.00317572
0.00337056
0.00356378
0.00375534
0.00394524
0.00413343
0.00431991
0.00450464
0.00468762
0.00486881
0.0050482
0.00522577
0.00540149
0.00557535
0.00574733
0.0059174
0.00608556
0.00625177
0.00641603
0.00657831
0.0067386
0.00689688
0.00705313
0.00720734
0.00735949
0.00750956
0.00765753
0.0078034
0.00794715
0.00808876
0.00822821
0.0083655
0.00850061
0.00863352
0.00876423
0.00889271
0.00901896
0.00914296
0.00926471
0.00938418
0.00950138
0.00961628
0.00972887
0.00983916
0.00994711
0.0100527
0.010156
0.0102569
0.0103555
0.0104517
0.0105455
0.0106369
0.0107259
0.0108126
0.0108968
0.0109786
0.0110579
0.0111348
0.0112093
0.0112814
0.011351
0.0114181
0.0114828
0.0115451
0.0116048
0.0116621
0.0117169
0.0117692
0.0118191
0.0118664
0.0119113
0.0119537
0.0119936
0.012031
0.0120658
0.0120982
0.0121281
0.0121556
0.0121805
0.0122029
0.0122228
0.0122402
0.0122551
0.0122675
0.0122774
0.0122848
0.0122898
0.0122922
0.0122922
0.0122897
0.0122847
0.0122772
0.0122672
0.0122548
0.0122399
0.0122226
0.0122028
0.0121805
0.0121558
0.0121286
0.0120991
0.012067
0.0120326
0.0119958
0.0119565
0.0119148
0.0118708
0.0118243
0.0117755
0.0117243
0.0116708
0.0116148
0.0115566
0.011496
0.0114331
0.0113678
0.0113003
0.0112304
0.0111583
0.0110839
0.0110072
0.0109283
0.0108471
0.0107637
0.010678
0.0105902
0.0105001
0.0104079
0.0103135
0.010217
0.0101182
0.0100174
0.00991444
0.00980937
0.00970221
0.00959296
0.00948165
0.0093683
0.0092529
0.00913548
0.00901606
0.00889464
0.00877124
0.00864589
0.00851859
0.00838936
0.00825821
0.00812517
0.00799025
0.00785346
0.00771482
0.00757435
0.00743206
0.00728798
0.00714211
0.00699448
0.00684511
0.006694
0.00654119
0.00638668
0.0062305
0.00607265
0.00591317
0.00575207
0.00558936
0.00542508
0.00525922
0.00509182
0.00492289
0.00475245
0.00458052
0.00440711
0.00423226
0.00405597
0.00387827
0.00369917
0.0035187
0.00333687
0.0031537
0.00296922
0.00278344
0.00259638
0.00240806
0.0022185
0.00202773
0.00183575
0.0016426
0.00144829
0.00125283
0.00105626
0.000858586
0.000659832
0.000460017
0.000259161
5.72835e-05
-0.000145595
-0.000349455
-0.000554276
-0.00076004
-0.000966726
-0.00117431
-0.00138279
-0.00159212
-0.0018023
-0.0020133
-0.00222511
-0.0024377
-0.00265106
-0.00286516
-0.00308
-0.00329554
-0.00351177
-0.00372866
-0.00394622
-0.0041644
-0.00438319
-0.00460258
-0.00482255
-0.00504307
-0.00526413
-0.00548572
-0.0057078
-0.00593037
-0.00615341
-0.00637689
-0.0066008
-0.00682513
-0.00704985
-0.00727495
-0.00750041
-0.00772621
-0.00795234
-0.00817878
-0.00840551
-0.00863251
-0.00885977
-0.00908728
-0.00931501
-0.00954295
-0.00977108
-0.00999939
-0.0102279
-0.0104565
-0.0106852
-0.0109141
-0.0111431
-0.0113721
-0.0116012
-0.0118304
-0.0120596
-0.0122889
-0.0125181
-0.0127474
-0.0129766
-0.0132058
-0.013435
-0.0136641
-0.0138931
-0.0141221
-0.0143509
-0.0145796
-0.0148082
-0.0150367
-0.015265
-0.0154932
-0.0157212
-0.015949
-0.0161766
-0.016404
-0.0166311
-0.0168581
-0.0170847
-0.0173111
-0.0175373
-0.0177631
-0.0179887
-0.018214
-0.0184389
-0.0186635
-0.0188878
-0.0191117
-0.0193353
-0.0195585
-0.0197813
-0.0200037
-0.0202257
-0.0204472
-0.0206684
-0.0209013
-0.0211312
-0.0213585
-0.0215836
-0.0218067
-0.0220281
-0.0222479
-0.0224663
-0.0226834
-0.0228994
-0.0231143
-0.0233283
-0.0235413
-0.0237536
-0.023965
-0.0241756
-0.0243855
-0.0245947
-0.0248032
-0.025011
-0.0252181
-0.0254246
-0.0256304
-0.0258355
-0.02604
-0.0262437
-0.0264468
-0.0266493
-0.026851
-0.027052
-0.0272523
-0.0274519
-0.0276507
-0.0278488
-0.0280462
-0.0282427
-0.0284385
-0.0286335
-0.0288276
-0.0290209
-0.0292134
-0.0294049
-0.0295956
-0.0297854
-0.0299743
-0.0301622
-0.0303492
-0.0305352
-0.0307202
-0.0309042
-0.0310871
-0.031269
-0.0314499
-0.0316296
-0.0318082
-0.0319857
-0.0321621
-0.0323372
-0.0325112
-0.032684
-0.0328555
-0.0330257
-0.0331947
-0.0333624
-0.0335287
-0.0336937
-0.0338574
-0.0340196
-0.0341804
-0.0343398
-0.0344977
-0.0346541
-0.034809
-0.0349624
-0.0351142
-0.0352644
-0.035413
-0.03556
-0.0357053
-0.0358489
-0.0359909
-0.0361311
-0.0362695
-0.0364062
-0.036541
-0.036674
-0.0368052
-0.0369344
-0.0370618
-0.0371872
-0.0373107
-0.0374321
-0.0375516
-0.037669
-0.0377843
-0.0378976
-0.0380088
-0.0381178
-0.0382246
-0.0383293
-0.0384317
-0.0385319
-0.0386298
-0.0387254
-0.0388187
-0.0389097
-0.0389983
-0.0390845
-0.0391683
-0.0392496
-0.0393285
-0.0394049
-0.0394788
-0.0395501
-0.0396189
-0.0396851
-0.0397487
-0.0398096
-0.0398679
-0.0399235
-0.0399765
-0.0400267
-0.0400741
-0.0401189
-0.0401608
-0.0401999
-0.0402362
-0.0402697
-0.0403003
-0.040328
-0.0403528
-0.0403747
-0.0403937
-0.0404097
-0.0404227
-0.0404327
-0.0404398
-0.0404438
-0.0404448
-0.0404427
-0.0404376
-0.0404293
-0.040418
-0.0404036
-0.0403861
-0.0403654
-0.0403416
-0.0403146
-0.0402844
-0.0402511
-0.0402146
-0.0401749
-0.040132
-0.0400859
-0.0400365
-0.0399839
-0.0399281
-0.0398691
-0.0398068
-0.0397412
-0.0396724
-0.0396004
-0.039525
-0.0394464
-0.0393646
-0.0392794
-0.039191
-0.0390994
-0.0390044
-0.0389062
-0.0388048
-0.0387
-0.038592
-0.0384808
-0.0383663
-0.0382485
-0.0381275
-0.0380032
-0.0378757
-0.037745
-0.0376111
-0.037474
-0.0373336
-0.0371901
-0.0370434
-0.0368935
-0.0367405
-0.0365843
-0.036425
-0.0362625
-0.0360969
-0.0359283
-0.0357565
-0.0355817
-0.0354039
-0.035223
-0.0350391
-0.0348522
-0.0346623
-0.0344695
-0.0342737
-0.034075
-0.0338734
-0.0336689
-0.0334616
-0.0332514
-0.0330384
-0.0328226
-0.0326041
-0.0323828
-0.0321588
-0.0319321
-0.0317027
-0.0314707
-0.0312361
-0.0309989
-0.0307591
-0.0305168
-0.030272
-0.0300247
-0.029775
-0.0295229
-0.0292684
-0.0290115
-0.0287523
-0.0284908
-0.0282271
-0.0279612
-0.027693
-0.0274227
-0.0271503
-0.0268758
-0.0265992
-0.0263206
-0.02604
-0.0257575
-0.0254731
-0.0251868
-0.0248986
-0.0246086
-0.0243169
-0.0240234
-0.0237283
-0.0234315
-0.0231331
-0.022833
-0.0225315
-0.0222284
-0.0219239
-0.021618
-0.0213107
-0.021002
-0.020692
-0.0203808
-0.0200683
-0.0197547
-0.0194399
-0.019124
-0.018807
-0.0184891
-0.0181701
-0.0178502
-0.0175294
-0.0172077
-0.0168852
-0.0165619
-0.0162379
-0.0159132
-0.0155878
-0.0152618
-0.0149353
-0.0146082
-0.0142806
-0.0139525
-0.0136241
-0.0132953
-0.0129661
-0.0126366
-0.0123069
-0.011977
-0.0116469
-0.0113167
-0.0109864
-0.010656
-0.0103256
-0.00999528
-0.00966499
-0.0093348
-0.00900475
-0.00867488
-0.00834522
-0.00801582
-0.00768671
-0.00735793
-0.00702952
-0.00670151
-0.00637394
-0.00604684
-0.00572026
-0.00539422
-0.00506876
-0.00474391
-0.00441972
-0.00409621
-0.00377342
-0.00345138
-0.00313012
-0.00280968
-0.00249009
-0.00217138
-0.00185358
-0.00153672
-0.00122084
-0.000905963
-0.000592119
-0.00027934
3.2347e-05
0.000342913
0.000652328
0.000960567
0.0012676
0.0015734
0.00187794
0.0021812
0.00248315
0.00278376
0.00308301
0.00338087
0.00367733
0.00397235
0.00426591
0.00455799
0.00484857
0.00513763
0.00542513
0.00571107
0.00599542
0.00627816
0.00655927
0.00683873
0.00711652
0.00739262
0.00766701
0.00793967
0.00821058
0.00847973
0.0087471
0.00901267
0.00927643
0.00953835
0.00979842
0.0100566
0.0103129
0.0105674
0.0108199
0.0110704
0.0113191
0.0115657
0.0118104
0.0120531
0.0122938
0.0125324
0.0127691
0.0130036
0.0132361
0.0134665
0.0136949
0.0139211
0.0141452
0.0143671
0.0145869
0.0148045
0.01502
0.0152332
0.0154442
0.015653
0.0158596
0.0160639
0.0162659
0.0164656
0.0166631
0.0168582
0.0170509
0.0172413
0.0174294
0.017615
0.0177982
0.0179791
0.0181574
0.0183334
0.0185068
0.0186778
0.0188462
0.0190121
0.0191754
0.0193362
0.0194944
0.01965
0.019803
0.0199533
0.0201009
0.0202458
0.020388
0.0205275
0.0206642
0.0207981
0.0209292
0.0210575
0.021183
0.0213055
0.0214252
0.0215419
0.0216556
0.0217664
0.0218742
0.021979
0.0220807
0.0221793
0.0222748
0.0223671
0.0224563
0.0225423
0.0226251
0.0227046
0.0227809
0.0228539
0.0229235
0.0229898
0.0230527
0.0231121
0.0231682
0.0232207
0.0232698
0.0233153
0.0233573
0.0233957
0.0234305
0.0234616
0.0234891
0.0235129
0.023533
0.0235494
0.0235619
0.0235707
0.0235756
0.0235767
0.023574
0.0235673
0.0235567
0.0235422
0.0235237
0.0235012
0.0234747
0.0234442
0.0234096
0.0233709
0.0233282
0.0232813
0.0232303
0.0231752
0.023116
0.0230525
0.0229849
0.022913
0.022837
0.0227567
0.0226722
0.0225834
0.0224904
0.0223931
0.0222916
0.0221858
0.0220757
0.0219613
0.0218426
0.0217197
0.0215925
0.021461
0.0213252
0.0211851
0.0210408
0.0208922
0.0207393
0.0205822
0.0204208
0.0202552
0.0200854
0.0199114
0.0197332
0.0195508
0.0193643
0.0191736
0.0189788
0.0187799
0.0185769
0.0183699
0.0181588
0.0179438
0.0177247
0.0175017
0.0172748
0.0170439
0.0168093
0.0165707
0.0163284
0.0160823
0.0158325
0.015579
0.0153219
0.0150611
0.0147968
0.0145289
0.0142575
0.0139827
0.0137045
0.0134229
0.013138
0.0128499
0.0125585
0.0122639
0.0119662
0.0116654
0.0113616
0.0110548
0.0107451
0.0104326
0.0101172
0.00979899
0.0094781
0.00915456
0.00882842
0.00849972
0.00816853
0.00783491
0.0074989
0.00716057
0.00681998
0.00647718
0.00613222
0.00578518
0.0054361
0.00508506
0.00473209
0.00437727
0.00402066
0.00366231
0.00330228
0.00294063
0.00257743
0.00221273
0.00184659
0.00147908
0.00111025
0.000740156
0.000368867
-3.56102e-06
-0.000377069
-0.000751597
-0.00112709
-0.00150348
-0.00188071
-0.00225873
-0.00263748
-0.00301689
-0.00339692
-0.00377749
-0.00415857
-0.00454008
-0.00492197
-0.00530419
-0.00568668
-0.00606939
-0.00645225
-0.00683522
-0.00721823
-0.00760124
-0.0079842
-0.00836704
-0.00874972
-0.00913218
-0.00951437
-0.00989625
-0.0102777
-0.0106588
-0.0110394
-0.0114195
-0.011799
-0.0121779
-0.0125562
-0.0129337
-0.0133104
-0.0136864
-0.0140615
-0.0144357
-0.0148089
-0.0151812
-0.0155524
-0.0159225
-0.0162916
-0.0166594
-0.0170261
-0.0173915
-0.0177556
-0.0181184
-0.0184798
-0.0188398
-0.0191984
-0.0195555
-0.019911
-0.020265
-0.0206174
-0.0209682
-0.0213173
-0.0216647
-0.0220103
-0.0223542
-0.0226963
-0.0230365
-0.0233749
-0.0237113
-0.0240458
-0.0243784
-0.0247089
-0.0250374
-0.0253639
-0.0256882
-0.0260105
-0.0263306
-0.0266485
-0.0269642
-0.0272777
-0.0275889
-0.0278979
-0.0282045
-0.0285088
-0.0288108
-0.0291037
-0.0293956
-0.0296861
-0.0299751
-0.0302625
-0.0305481
-0.0308316
-0.0311132
-0.0313925
-0.0316697
-0.0319445
-0.0322169
-0.0324868
-0.0327542
-0.0330191
-0.0332813
-0.033541
-0.0337979
-0.0340521
-0.0343036
-0.0345523
-0.0347982
-0.0350413
-0.0352816
-0.035519
-0.0357535
-0.0359851
-0.0362138
-0.0364396
-0.0366624
-0.0368823
-0.0370992
-0.0373132
-0.0375241
-0.0377321
-0.037937
-0.0381389
-0.0383378
-0.0385336
-0.0387264
-0.0389161
-0.0391028
-0.0392863
-0.0394668
-0.0396443
-0.0398186
-0.0399898
-0.0401579
-0.040323
-0.0404849
-0.0406437
-0.0407993
-0.0409519
-0.0411013
-0.0412476
-0.0413907
-0.0415307
-0.0416676
-0.0418013
-0.0419319
-0.0420593
-0.0421836
-0.0423047
-0.0424227
-0.0425375
-0.0426492
-0.0427577
-0.0428631
-0.0429653
-0.0430643
-0.0431602
-0.043253
-0.0433426
-0.0434291
-0.0435124
-0.0435926
-0.0436696
-0.0437435
-0.0438143
-0.0438819
-0.0439463
-0.0440077
-0.0440659
-0.044121
-0.044173
-0.0442219
-0.0442676
-0.0443102
-0.0443498
-0.0443862
-0.0444195
-0.0444498
-0.0444769
-0.044501
-0.044522
-0.0445399
-0.0445547
-0.0445665
-0.0445752
-0.0445809
-0.0445835
-0.0445831
-0.0445796
-0.0445731
-0.0445636
-0.0445511
-0.0445356
-0.0445171
-0.0444955
-0.044471
-0.0444435
-0.044413
-0.0443795
-0.0443431
-0.0443037
-0.0442614
-0.0442162
-0.044168
-0.0441168
-0.0440628
-0.0440058
-0.0439459
-0.0438832
-0.0438175
-0.043749
-0.0436776
-0.0436033
-0.0435262
-0.0434462
-0.0433634
-0.0432777
-0.0431893
-0.043098
-0.0430038
-0.0429069
-0.0428072
-0.0427048
-0.0425995
-0.0424915
-0.0423807
-0.0422671
-0.0421509
-0.0420319
-0.0419101
-0.0417857
-0.0416585
-0.0415287
-0.0413961
-0.0412609
-0.041123
-0.0409825
-0.0408393
-0.0406934
-0.040545
-0.0403939
-0.0402402
-0.0400838
-0.0399249
-0.0397634
-0.0395993
-0.0394327
-0.0392635
-0.0390917
-0.0389174
-0.0387406
-0.0385613
-0.0383794
-0.0381951
-0.0380083
-0.0378189
-0.0376272
-0.0374329
-0.0372363
-0.0370371
-0.0368356
-0.0366316
-0.0364253
-0.0362165
-0.0360054
-0.0357919
-0.035576
-0.0353578
-0.0351372
-0.0349143
-0.0346891
-0.0344616
-0.0342318
-0.0339997
-0.0337654
-0.0335288
-0.03329
-0.0330489
-0.0328056
-0.0325601
-0.0323124
-0.0320625
-0.0318105
-0.0315563
-0.0312999
-0.0310415
-0.0307809
-0.0305182
-0.0302535
-0.0299866
-0.0297177
-0.0294468
-0.0291738
-0.0288988
-0.0286218
-0.0283429
-0.0280619
-0.027779
-0.0274942
-0.0272074
-0.0269187
-0.0266282
-0.0263357
-0.0260414
-0.0257453
-0.0254473
-0.0251475
-0.0248459
-0.0245426
-0.0242375
-0.0239306
-0.0236221
-0.0233118
-0.0229998
-0.0226862
-0.0223709
-0.022054
-0.0217355
-0.0214154
-0.0210937
-0.0207705
-0.0204458
-0.0201195
-0.0197917
-0.0194625
-0.0191318
-0.0187997
-0.0184662
-0.0181313
-0.0177951
-0.0174575
-0.0171186
-0.0167783
-0.0164369
-0.0160941
-0.0157502
-0.015405
-0.0150587
-0.0147112
-0.0143626
-0.0140129
-0.0136621
-0.0133102
-0.0129573
-0.0126034
-0.0122485
-0.0118927
-0.011536
-0.0111783
-0.0108198
-0.0104605
-0.0101003
-0.00973931
-0.00937759
-0.00901513
-0.00865196
-0.00828812
-0.00792364
-0.00755853
-0.00719284
-0.00682659
-0.00645982
-0.00609254
-0.0057248
-0.00535662
-0.00498804
-0.00461909
-0.00424979
-0.00388019
-0.00351031
-0.00314018
-0.00276984
-0.00239932
-0.00202866
-0.00165788
-0.00128702
-0.000916122
-0.00054521
-0.000174323
0.000196506
0.000567241
0.000937847
0.00130829
0.00167853
0.00204854
0.00241827
0.00278769
0.00315677
0.00352547
0.00389375
0.00426157
0.0046289
0.0049957
0.00536193
0.00572755
0.00609252
0.00645681
0.00682037
0.00718318
0.00754518
0.00790634
0.00826662
0.00862598
0.00898439
0.00934179
0.00969815
0.0100534
0.0104076
0.0107606
0.0111124
0.011463
0.0118122
0.0121602
0.0125068
0.0128519
0.0131957
0.0135379
0.0138786
0.0142178
0.0145553
0.0148911
0.0152253
0.0155577
0.0158884
0.0162172
0.0165442
0.0168692
0.0171923
0.0175134
0.0178325
0.0181495
0.0184644
0.0187771
0.0190876
0.0193959
0.0197019
0.0200055
0.0203068
0.0206057
0.0209021
0.0211961
0.0214875
0.0217763
0.0220626
0.0223461
0.022627
0.0229052
0.0231805
0.0234531
0.0237227
0.0239895
0.0242534
0.0245143
0.0247722
0.025027
0.0252787
0.0255273
0.0257727
0.026015
0.026254
0.0264897
0.0267221
0.0269511
0.0271768
0.027399
0.0276178
0.0278331
0.0280449
0.0282531
0.0284577
0.0286587
0.0288561
0.0290497
0.0292397
0.0294258
0.0296082
0.0297868
0.0299615
0.0301324
0.0302993
0.0304623
0.0306214
0.0307765
0.0309275
0.0310745
0.0312175
0.0313564
0.0314911
0.0316217
0.0317482
0.0318704
0.0319885
0.0321023
0.0322119
0.0323172
0.0324182
0.0325149
0.0326073
0.0326953
0.032779
0.0328583
0.0329332
0.0330037
0.0330698
0.0331314
0.0331886
0.0332413
0.0332895
0.0333333
0.0333725
0.0334073
0.0334375
0.0334632
0.0334844
0.033501
0.0335131
0.0335207
0.0335236
0.0335221
0.033516
0.0335053
0.03349
0.0334702
0.0334458
0.0334168
0.0333833
0.0333452
0.0333026
0.0332554
0.0332036
0.0331473
0.0330865
0.0330211
0.0329512
0.0328768
0.0327978
0.0327144
0.0326265
0.032534
0.0324372
0.0323358
0.03223
0.0321198
0.0320051
0.0318861
0.0317627
0.0316349
0.0315027
0.0313662
0.0312254
0.0310803
0.030931
0.0307774
0.0306195
0.0304574
0.0302912
0.0301208
0.0299462
0.0297675
0.0295848
0.029398
0.0292071
0.0290123
0.0288134
0.0286107
0.028404
0.0281934
0.0279789
0.0277607
0.0275386
0.0273128
0.0270833
0.0268501
0.0266132
0.0263728
0.0261287
0.0258811
0.02563
0.0253755
0.0251175
0.0248561
0.0245914
0.0243234
0.0240521
0.0237776
0.0235
0.0232192
0.0229353
0.0226484
0.0223585
0.0220657
0.0217699
0.0214714
0.02117
0.0208658
0.020559
0.0202495
0.0199374
0.0196227
0.0193056
0.018986
0.018664
0.0183397
0.0180131
0.0176843
0.0173533
0.0170202
0.0166851
0.0163479
0.0160088
0.0156678
0.015325
0.0149805
0.0146342
0.0142863
0.0139368
0.0135859
0.0132334
0.0128796
0.0125244
0.012168
0.0118104
0.0114516
0.0110918
0.010731
0.0103693
0.0100067
0.00964331
0.00927919
0.00891443
0.00854907
0.0081832
0.00781689
0.00745021
0.00708322
0.006716
0.00634863
0.00598118
0.00561371
0.00524631
0.00487905
0.004512
0.00414525
0.00377885
0.0034129
0.00304746
0.00268262
0.00231845
0.00195502
0.00159242
0.00123073
0.000870016
0.000510363
0.000151851
-0.000205443
-0.000561439
-0.000916057
-0.00126922
-0.00162084
-0.00197085
-0.00231916
-0.00266569
-0.00301036
-0.0033531
-0.00369381
-0.00403243
-0.00436886
-0.00470303
-0.00503486
-0.00536427
-0.00569118
-0.00601551
-0.00633717
-0.00665609
-0.00697218
-0.00728538
-0.00759559
-0.00790274
-0.00820676
-0.00850756
-0.00880506
-0.00909919
-0.00938987
-0.00967703
-0.00996059
-0.0102405
-0.0105166
-0.0107889
-0.0110573
-0.0113218
-0.0115822
-0.0118385
-0.0120906
-0.0123384
-0.012582
-0.0128211
-0.0130558
-0.013286
-0.0135116
-0.0137326
-0.0139488
-0.0141603
-0.0143879
-0.0146072
-0.0148185
-0.0150222
-0.0152187
-0.0154081
-0.0155907
-0.0157666
-0.015936
-0.016099
-0.0162557
-0.0164062
-0.0165507
-0.016689
-0.0168214
-0.0169478
-0.0170683
-0.0171829
-0.0172917
-0.0173946
-0.0174916
-0.0175829
-0.0176684
-0.0177481
-0.0178221
-0.0178903
-0.0179528
-0.0180096
-0.0180607
-0.0181062
-0.0181459
-0.0181801
-0.0182086
-0.0182316
-0.018249
-0.0182609
-0.0182673
-0.0182683
-0.0182638
-0.018254
-0.0182388
-0.0182184
-0.0181927
-0.0181619
-0.0181259
-0.0180849
-0.0180388
-0.0179878
-0.017932
-0.0178713
-0.0178059
-0.0177358
-0.0176611
-0.017582
-0.0174984
-0.0174105
-0.0173183
-0.017222
-0.0171217
-0.0170173
-0.0169091
-0.0167972
-0.0166816
-0.0165624
-0.0164398
-0.0163139
-0.0161847
-0.0160524
-0.0159172
-0.015779
-0.0156381
-0.0154946
-0.0153485
-0.0152001
-0.0150494
-0.0148965
-0.0147417
-0.0145849
-0.0144263
-0.0142662
-0.0141045
-0.0139414
-0.013777
-0.0136116
-0.0134451
-0.0132777
-0.0131096
-0.0129409
-0.0127717
-0.0126021
-0.0124322
-0.0122623
-0.0120923
-0.0119224
-0.0117528
-0.0115835
-0.0114147
-0.0112464
-0.0110788
-0.0109121
-0.0107462
-0.0105813
-0.0104175
-0.0102549
-0.0100936
-0.0099337
-0.00977525
-0.00961835
-0.00946309
-0.00930955
-0.00915779
-0.0090079
-0.00885993
-0.00871396
-0.00857003
-0.00842822
-0.00828857
-0.00815113
-0.00801595
-0.00788306
-0.00775251
-0.00762432
-0.00749853
-0.00737516
-0.00725423
-0.00713576
-0.00701976
-0.00690624
-0.00679521
-0.00668667
-0.00658061
-0.00647703
-0.00637592
-0.00627727
-0.00618105
-0.00608725
-0.00599585
-0.00590681
-0.0058201
-0.0057357
-0.00565356
-0.00557364
-0.0054959
-0.00542029
-0.00534676
-0.00527527
-0.00520575
-0.00513815
-0.00507241
-0.00500848
-0.00494628
-0.00488575
-0.00482683
-0.00476944
-0.00471351
-0.00465898
-0.00460577
-0.0045538
-0.004503
-0.00445329
-0.0044046
-0.00435684
-0.00430994
-0.00426382
-0.00421839
-0.00417359
-0.00412931
-0.0040855
-0.00404206
-0.00399891
-0.00395598
-0.00391319
-0.00387045
-0.00382769
-0.00378483
-0.00374178
-0.00369849
-0.00365486
-0.00361083
-0.00356632
-0.00352126
-0.00347558
-0.0034292
-0.00338206
-0.00333409
-0.00328523
-0.0032354
-0.00318456
-0.00313263
-0.00307956
-0.00302529
-0.00296976
-0.00291291
-0.00285471
-0.00279508
-0.002734
-0.0026714
-0.00260724
-0.00254148
-0.00247408
-0.002405
-0.0023342
-0.00226165
-0.0021873
-0.00211114
-0.00203313
-0.00195323
-0.00187143
-0.0017877
-0.00170202
-0.00161436
-0.00152471
-0.00143306
-0.00133938
-0.00124366
-0.0011459
-0.00104607
-0.000944182
-0.000840219
-0.000734179
-0.000626058
-0.000515856
-0.000403571
-0.000289207
-0.000172767
-5.4254e-05
6.63245e-05
0.000188961
0.000313647
0.000440371
0.000569123
0.000699889
0.000832654
0.000967404
0.00110412
0.00124279
0.00138339
0.0015259
0.0016703
0.00181657
0.00196469
0.00211462
0.00226636
0.00241986
0.00257511
0.00273208
0.00289074
0.00305105
0.003213
0.00337655
0.00354168
0.00370834
0.0038765
0.00404615
0.00421723
0.00438972
0.00456359
0.0047388
0.00491531
0.00509309
0.00527211
0.00545233
0.00563371
0.00581622
0.00599982
0.00618447
0.00637014
0.00655679
0.00674438
0.00693287
0.00712223
0.00731242
0.00750341
0.00769514
0.00788759
0.00808072
0.00827449
0.00846886
0.00866379
0.00885925
0.0090552
0.0092516
0.00944841
0.0096456
0.00984312
0.0100409
0.010239
0.0104374
0.0106359
0.0108345
0.0110333
0.0112322
0.011431
0.0116299
0.0118288
0.0120276
0.0122263
0.0124249
0.0126233
0.0128214
0.0130194
0.0132171
0.0134144
0.0136131
0.0138111
0.0140085
0.0142053
0.0144015
0.014597
0.0147919
0.0149861
0.0151796
0.0153724
0.0155645
0.0157574
0.0159494
0.0161403
0.0163302
0.0165191
0.016707
0.016894
0.0170799
0.0172647
0.0174486
0.0176313
0.017813
0.0179936
0.0181731
0.0183515
0.0185287
0.0187047
0.0188796
0.0190532
0.0192256
0.0193967
0.0195665
0.019735
0.0199022
0.020068
0.0202325
0.0203956
0.0205572
0.0207174
0.0208762
0.0210334
0.0211892
0.0213434
0.0214961
0.0216472
0.0217968
0.0219447
0.022091
0.0222357
0.0223787
0.0225201
0.0226597
0.0227976
0.0229338
0.0230683
0.0232009
0.0233318
0.0234609
0.0235882
0.0237136
0.0238372
0.023959
0.0240788
0.0241968
0.0243128
0.024427
0.0245391
0.0246494
0.0247577
0.024864
0.0249683
0.0250706
0.0251709
0.0252691
0.0253654
0.0254596
0.0255517
0.0256417
0.0257297
0.0258155
0.0258993
0.025981
0.0260605
0.0261379
0.0262131
0.0262862
0.0263572
0.026426
0.0264926
0.026557
0.0266192
0.0266792
0.0267371
0.0267927
0.0268461
0.0268972
0.0269462
0.0269929
0.0270373
0.0270795
0.0271195
0.0271572
0.0271927
0.0272258
0.0272568
0.0272854
0.0273118
0.0273358
0.0273576
0.0273772
0.0273944
0.0274093
0.027422
0.0274323
0.0274404
0.0274462
0.0274496
0.0274508
0.0274497
0.0274462
0.0274405
0.0274325
0.0274222
0.0274096
0.0273947
0.0273775
0.027358
0.0273362
0.0273121
0.0272858
0.0272571
0.0272262
0.027193
0.0271575
0.0271198
0.0270798
0.0270375
0.0269929
0.0269461
0.0268971
0.0268458
0.0267923
0.0267365
0.0266785
0.0266182
0.0265558
0.0264911
0.0264242
0.0263552
0.0262839
0.0262104
0.0261348
0.026057
0.025977
0.0258949
0.0258106
0.0257241
0.0256356
0.0255449
0.0254521
0.0253572
0.0252602
0.0251611
0.0250599
0.0249566
0.0248513
0.024744
0.0246346
0.0245231
0.0244097
0.0242942
0.0241768
0.0240574
0.0239359
0.0238126
0.0236872
0.02356
0.0234308
0.0232997
0.0231667
0.0230318
0.022895
0.0227563
0.0226158
0.0224735
0.0223293
0.0221834
0.0220356
0.021886
0.0217347
0.0215816
0.0214268
0.0212702
0.0211119
0.020952
0.0207903
0.020627
0.020462
0.0202954
0.0201271
0.0199572
0.0197858
0.0196127
0.0194381
0.0192619
0.0190843
0.018905
0.0187243
0.0185421
0.0183585
0.0181733
0.0179868
0.0177988
0.0176094
0.0174186
0.0172265
0.0170329
0.0168381
0.0166419
0.0164445
0.0162457
0.0160457
0.0158444
0.0156418
0.0154381
0.0152331
0.015027
0.0148197
0.0146112
0.0144016
0.0141909
0.0139791
0.0137662
0.0135522
0.0133372
0.0131211
0.0129041
0.012686
0.012467
0.012247
0.012026
0.0118042
0.0115814
0.0113577
0.0111331
0.0109077
0.0106815
0.0104544
0.0102265
0.00999787
0.00976843
0.00953824
0.00930731
0.00907566
0.00884331
0.00861027
0.00837657
0.00814221
0.00790722
0.00767161
0.00743541
0.00719861
0.00696125
0.00672334
0.0064849
0.00624594
0.00600648
0.00576653
0.00552612
0.00528526
0.00504396
0.00480224
0.00456012
0.00431761
0.00407473
0.0038315
0.00358793
0.00334403
0.00309983
0.00285534
0.00261057
0.00236553
0.00212026
0.00187475
0.00162902
0.0013831
0.00113699
0.000890713
0.000644279
0.000397703
0.000151002
-9.58109e-05
-0.000342721
-0.000589714
-0.000836775
-0.00108389
-0.00133104
-0.00157823
-0.00182542
-0.00207261
-0.00231979
-0.00256693
-0.00281404
-0.00306108
-0.00330806
-0.00355495
-0.00380175
-0.00404844
-0.004295
-0.00454143
-0.00478771
-0.00503382
-0.00527976
-0.00552551
-0.00577107
-0.0060164
-0.00626151
-0.00650639
-0.006751
-0.00699536
-0.00723944
-0.00748323
-0.00772672
-0.00796989
-0.00821273
-0.00845524
-0.0086974
-0.00893919
-0.0091806
-0.00942163
-0.00966225
-0.00990246
-0.0101422
-0.0103882
-0.0106476
-0.0109047
-0.0111817
-0.0114399
-0.0117393
-0.0119808
-0.0122188
-0.0124536
-0.0126858
-0.0129158
-0.0131437
-0.0133701
-0.0135949
-0.0138185
-0.014041
-0.0142625
-0.0144831
-0.0147029
-0.014922
-0.0151404
-0.0153582
-0.0155754
-0.015792
-0.0160081
-0.0162237
-0.0164388
-0.0166533
-0.0168673
-0.0170808
-0.0172937
-0.0175061
-0.017718
-0.0179293
-0.01814
-0.0183501
-0.0185595
-0.0187683
-0.0189765
-0.0191839
-0.0193907
-0.0195967
-0.019802
-0.0200065
-0.0202101
-0.020413
-0.020615
-0.0208161
-0.0210163
-0.0212155
-0.0214138
-0.0216112
-0.0218075
-0.0220027
-0.0221969
-0.02239
-0.0225819
-0.0227728
-0.0229624
-0.0231508
-0.023338
-0.0235239
-0.0237086
-0.0238919
-0.0240738
-0.0242544
-0.0244336
-0.0246113
-0.0247876
-0.0249624
-0.0251357
-0.0253074
-0.0254776
-0.0256462
-0.0258131
-0.0259784
-0.026142
-0.0263039
-0.026464
-0.0266224
-0.0267789
-0.0269337
-0.0270866
-0.0272376
-0.0273867
-0.0275339
-0.0276792
-0.0278224
-0.0279636
-0.0281028
-0.0282399
-0.028375
-0.0285079
-0.0286386
-0.0287672
-0.0288936
-0.0290178
-0.0291397
-0.0292593
-0.0293767
-0.0294917
-0.0296043
-0.0297146
-0.0298225
-0.029928
-0.030031
-0.0301316
-0.0302296
-0.0303251
-0.0304181
-0.0305086
-0.0305964
-0.0306816
-0.0307642
-0.0308442
-0.0309214
-0.030996
-0.0310678
-0.0311369
-0.0312033
-0.0312669
-0.0313276
-0.0313856
-0.0314407
-0.0314929
-0.0315423
-0.0315888
-0.0316324
-0.031673
-0.0317107
-0.0317454
-0.0317772
-0.0318059
-0.0318317
-0.0318544
-0.0318741
-0.0318907
-0.0319042
-0.0319147
-0.0319221
-0.0319263
-0.0319274
-0.0319254
-0.0319203
-0.031912
-0.0319005
-0.0318859
-0.031868
-0.031847
-0.0318228
-0.0317953
-0.0317647
-0.0317308
-0.0316937
-0.0316533
-0.0316097
-0.0315628
-0.0315127
-0.0314593
-0.0314027
-0.0313428
-0.0312796
-0.0312132
-0.0311435
-0.0310705
-0.0309942
-0.0309147
-0.0308319
-0.0307458
-0.0306565
-0.0305638
-0.030468
-0.0303688
-0.0302665
-0.0301608
-0.0300519
-0.0299398
-0.0298244
-0.0297058
-0.029584
-0.029459
-0.0293308
-0.0291993
-0.0290647
-0.028927
-0.028786
-0.0286419
-0.0284947
-0.0283443
-0.0281908
-0.0280342
-0.0278745
-0.0277118
-0.0275459
-0.0273771
-0.0272052
-0.0270303
-0.0268524
-0.0266715
-0.0264877
-0.0263009
-0.0261112
-0.0259187
-0.0257232
-0.0255249
-0.0253237
-0.0251197
-0.024913
-0.0247034
-0.0244911
-0.0242761
-0.0240584
-0.023838
-0.023615
-0.0233894
-0.0231611
-0.0229303
-0.0226969
-0.022461
-0.0222227
-0.0219819
-0.0217386
-0.021493
-0.0212449
-0.0209946
-0.0207419
-0.0204869
-0.0202297
-0.0199703
-0.0197087
-0.0194449
-0.0191791
-0.0189111
-0.0186411
-0.018369
-0.018095
-0.0178191
-0.0175412
-0.0172614
-0.0169798
-0.0166964
-0.0164112
-0.0161242
-0.0158356
-0.0155453
-0.0152534
-0.0149598
-0.0146648
-0.0143682
-0.0140701
-0.0137706
-0.0134697
-0.0131674
-0.0128639
-0.012559
-0.0122529
-0.0119455
-0.011637
-0.0113274
-0.0110167
-0.010705
-0.0103922
-0.0100785
-0.0097638
-0.00944825
-0.00913185
-0.00881464
-0.00849666
-0.00817796
-0.00785857
-0.00753853
-0.00721789
-0.00689668
-0.00657494
-0.00625272
-0.00593006
-0.00560699
-0.00528355
-0.00495979
-0.00463575
-0.00431147
-0.00398698
-0.00366233
-0.00333755
-0.00301269
-0.00268779
-0.00236288
-0.00203801
-0.00171321
-0.00138852
-0.00106399
-0.000739648
-0.000415537
-9.16945e-05
0.000231841
0.000555032
0.000877839
0.00120023
0.00152215
0.00184359
0.00216449
0.00248481
0.00280454
0.00312362
0.00344202
0.0037597
0.00407664
0.00439279
0.00470812
0.00502259
0.00533617
0.00564883
0.00596053
0.00627123
0.00658091
0.00688953
0.00719706
0.00750346
0.00780871
0.00811276
0.0084156
0.00871719
0.00901749
0.00931648
0.00961413
0.0099104
0.0102053
0.0104987
0.0107907
0.0110812
0.0113701
0.0116576
0.0119434
0.0122276
0.0125103
0.0127912
0.0130705
0.0133481
0.0136239
0.013898
0.0141702
0.0144407
0.0147094
0.0149761
0.015241
0.015504
0.0157651
0.0160242
0.0162813
0.0165364
0.0167895
0.0170405
0.0172895
0.0175364
0.0177812
0.0180238
0.0182643
0.0185026
0.0187387
0.0189726
0.0192043
0.0194337
0.0196608
0.0198856
0.0201081
0.0203282
0.020546
0.0207614
0.0209745
0.0211851
0.0213932
0.0215989
0.0218022
0.0220029
0.0222011
0.0223968
0.0225899
0.0227805
0.0229685
0.0231539
0.0233366
0.0235167
0.0236941
0.0238689
0.0240409
0.0242102
0.0243768
0.0245406
0.0247016
0.0248599
0.0250153
0.0251679
0.0253176
0.0254645
0.0256084
0.0257495
0.0258876
0.0260227
0.0261549
0.0262841
0.0264103
0.0265334
0.0266535
0.0267705
0.0268844
0.0269952
0.0271029
0.0272074
0.0273088
0.0274069
0.0275019
0.0275936
0.027682
0.0277672
0.027849
0.0279276
0.0280028
0.0280746
0.0281431
0.0282082
0.0282698
0.028328
0.0283828
0.028434
0.0284818
0.028526
0.0285667
0.0286038
0.0286374
0.0286673
0.0286936
0.0287163
0.0287353
0.0287507
0.0287623
0.0287702
0.0287744
0.0287748
0.0287715
0.0287644
0.0287534
0.0287387
0.0287201
0.0286976
0.0286713
0.0286411
0.028607
0.028569
0.0285271
