0
0.00105995
0.00195468
0.00278141
0.00348187
2.00852
0.00410054
0.00461022
0.0050311
0.00535001
0.00557609
0.00570285
0.00573438
0.00566747
0.00550398
0.00524239
0.00488364
0.00442716
0.00387359
0.00322293
0.00247582
0.00163261
0.000694051
-0.000339224
-0.00146635
-0.00268647
-0.00399859
-0.00540169
-0.00689464
-0.00847628
-0.0101454
-0.0119007
-0.0137409
-0.0156647
-0.0176705
-0.0197571
-0.021923
-0.0241667
-0.0264867
-0.0288814
-0.0313495
-0.0338892
-0.0364991
-0.0391776
-0.0419232
-0.0447342
-0.0476091
-0.0505463
-0.0535442
-0.0566296
-0.0597733
-0.0629738
-0.0662294
-0.0695387
-0.0728999
-0.0763116
-0.0797721
-0.08328
-0.0868337
-0.0904316
-0.0940722
-0.0977539
-0.101475
-0.105235
-0.109031
-0.112863
-0.116728
-0.120625
-0.124553
-0.128511
-0.132496
-0.136507
-0.140544
-0.144604
-0.148687
-0.15279
-0.156912
-0.161052
-0.165209
-0.169382
-0.173568
-0.177766
-0.181976
-0.186196
-0.190424
-0.19466
-0.198901
-0.203147
-0.207396
-0.211648
-0.2159
-0.220151
-0.224401
-0.228648
-0.23289
-0.237128
-0.241358
-0.24558
-0.249794
-0.253997
-0.258188
-0.262367
-0.266532
-0.270682
-0.274816
-0.278933
-0.283031
-0.28711
-0.291168
-0.295204
-0.299217
-0.303207
-0.307171
-0.31111
-0.315021
-0.318905
-0.322759
-0.326583
-0.330376
-0.334137
-0.337866
-0.34156
-0.345219
-0.348843
-0.352429
-0.355979
-0.35949
-0.362961
-0.366393
-0.369784
-0.373133
-0.37644
-0.379703
-0.382923
-0.386098
-0.389227
-0.392311
-0.395348
-0.398338
-0.40128
-0.404173
-0.407018
-0.409812
-0.412557
-0.415252
-0.417895
-0.420487
-0.423027
-0.425515
-0.42795
-0.430332
-0.432661
-0.434937
-0.437158
-0.439326
-0.441439
-0.443498
-0.445502
-0.447451
-0.449346
-0.451185
-0.45297
-0.4547
-0.456374
-0.457994
-0.459558
-0.461068
-0.462523
-0.463923
-0.465269
-0.46656
-0.467797
-0.468981
-0.47011
-0.471187
-0.47221
-0.473181
-0.474099
-0.474965
-0.475779
-0.476542
-0.477254
-0.477916
-0.478528
-0.479091
-0.479604
-0.480069
-0.480487
-0.480857
-0.48118
-0.481458
-0.481689
-0.481876
-0.482019
-0.482118
-0.482174
-0.482188
-0.482161
-0.482092
-0.481984
-0.481836
-0.481649
-0.481424
-0.481162
-0.480864
-0.48053
-0.480161
-0.479758
-0.479321
-0.478852
-0.478351
-0.477819
-0.477257
-0.476665
-0.476044
-0.475395
-0.47472
-0.474017
-0.47329
-0.472537
-0.47176
-0.47096
-0.470137
-0.469293
-0.468428
-0.467542
-0.466636
-0.465712
-0.46477
-0.46381
-0.462834
-0.461842
-0.460834
-0.459812
-0.458775
-0.457726
-0.456664
-0.455589
-0.454504
-0.453408
-0.452301
-0.451185
-0.45006
-0.448927
-0.447785
-0.446637
-0.445481
-0.44432
-0.443152
-0.44198
-0.440802
-0.439621
-0.438435
-0.437246
-0.436054
-0.43486
-0.433663
-0.432464
-0.431265
-0.430064
-0.428862
-0.42766
-0.426458
-0.425256
-0.424055
-0.422855
-0.421656
-0.420458
-0.419262
-0.418068
-0.416876
-0.415686
-0.414498
-0.413314
-0.412132
-0.410953
-0.409777
-0.408605
-0.407436
-0.40627
-0.405109
-0.403951
-0.402797
-0.401646
-0.4005
-0.399358
-0.39822
-0.397086
-0.395956
-0.394831
-0.39371
-0.392592
-0.39148
-0.390371
-0.389266
-0.388166
-0.38707
-0.385978
-0.38489
-0.383806
-0.382726
-0.381649
-0.380577
-0.379508
-0.378443
-0.377381
-0.376323
-0.375269
-0.374217
-0.373169
-0.372124
-0.371081
-0.370042
-0.369005
-0.367971
-0.366939
-0.365909
-0.364882
-0.363856
-0.362833
-0.361811
-0.360791
-0.359772
-0.358755
-0.357738
-0.356723
-0.355709
-0.354695
-0.353681
-0.352668
-0.351655
-0.350643
-0.34963
-0.348616
-0.347603
-0.346588
-0.345573
-0.344557
-0.34354
-0.342521
-0.341501
-0.340479
-0.339456
-0.33843
-0.337403
-0.336373
-0.33534
-0.334305
-0.333267
-0.332227
-0.331183
-0.330135
-0.329085
-0.32803
-0.326972
-0.325911
-0.324845
-0.323774
-0.3227
-0.321621
-0.320537
-0.319448
-0.318355
-0.317256
-0.316152
-0.315043
-0.313928
-0.312807
-0.311681
-0.310549
-0.30941
-0.308266
-0.307115
-0.305958
-0.304794
-0.303623
-0.302446
-0.301261
-0.30007
-0.298871
-0.297665
-0.296452
-0.295231
-0.294003
-0.292767
-0.291523
-0.290271
-0.289012
-0.287744
-0.286468
-0.285183
-0.283891
-0.28259
-0.28128
-0.279962
-0.278635
-0.2773
-0.275955
-0.274602
-0.27324
-0.271869
-0.270488
-0.269099
-0.2677
-0.266293
-0.264875
-0.263449
-0.262013
-0.260567
-0.259113
-0.257648
-0.256174
-0.25469
-0.253197
-0.251694
-0.250182
-0.248659
-0.247127
-0.245585
-0.244033
-0.242472
-0.2409
-0.239319
-0.237728
-0.236126
-0.234515
-0.232895
-0.231264
-0.229623
-0.227972
-0.226312
-0.224641
-0.222961
-0.221271
-0.219571
-0.217861
-0.216141
-0.214411
-0.212671
-0.210922
-0.209163
-0.207394
-0.205615
-0.203826
-0.202028
-0.20022
-0.198403
-0.196576
-0.194739
-0.192893
-0.191037
-0.189172
-0.187297
-0.185413
-0.18352
-0.181617
-0.179705
-0.177784
-0.175854
-0.173914
-0.171966
-0.170008
-0.168042
-0.166066
-0.164082
-0.162089
-0.160087
-0.158076
-0.156057
-0.154029
-0.151993
-0.149948
-0.147895
-0.145833
-0.143764
-0.141686
-0.1396
-0.137506
-0.135404
-0.133294
-0.131176
-0.12905
-0.126917
-0.124776
-0.122627
-0.120471
-0.118307
-0.116137
-0.113958
-0.111773
-0.109581
-0.107381
-0.105175
-0.102961
-0.100741
-0.0985144
-0.0962809
-0.0940408
-0.0917943
-0.0895413
-0.087282
-0.0850165
-0.0827448
-0.080467
-0.0781832
-0.0758936
-0.0735981
-0.0712968
-0.0689899
-0.0666775
-0.0643595
-0.0620362
-0.0597075
-0.0573736
-0.0550346
-0.0526905
-0.0503415
-0.0479876
-0.0456289
-0.0432655
-0.0408975
-0.0385249
-0.036148
-0.0337667
-0.0313812
-0.0289915
-0.0265977
-0.0242
-0.0217984
-0.019393
-0.0169839
-0.0145712
-0.012155
-0.00973544
-0.00731251
-0.00488636
-0.00245709
-2.47734e-05
0.00241047
0.00484856
0.00728939
0.00973287
0.0121789
0.0146274
0.0170782
0.0195313
0.0219865
0.0244438
0.026903
0.0293641
0.0318269
0.0342913
0.0367573
0.0392248
0.0416935
0.0441635
0.0466346
0.0491068
0.0515798
0.0540536
0.0565282
0.0590033
0.0614789
0.0639548
0.066431
0.0689074
0.0713838
0.0738601
0.0763362
0.078812
0.0812874
0.0837622
0.0862364
0.0887098
0.0911824
0.0936539
0.0961243
0.0985934
0.101061
0.103528
0.105992
0.108455
0.110916
0.113375
0.115832
0.118287
0.12074
0.12319
0.125637
0.128082
0.130523
0.132962
0.135398
0.13783
0.140259
0.142684
0.145106
0.147524
0.149938
0.152348
0.154754
0.157156
0.159553
0.161945
0.164333
0.166716
0.169094
0.171466
0.173834
0.176196
0.178552
0.180903
0.183247
0.185586
0.187919
0.190246
0.192566
0.194879
0.197186
0.199486
0.201779
0.204065
0.206344
0.208615
0.210879
0.213135
0.215383
0.217624
0.219856
0.22208
0.224296
0.226503
0.228702
0.230892
0.233073
0.235245
0.237408
0.239561
0.241705
0.24384
0.245965
0.24808
0.250185
0.25228
0.254365
0.25644
0.258504
0.260558
0.262601
0.264633
0.266654
0.268665
0.270664
0.272652
0.274629
0.276594
0.278548
0.28049
0.28242
0.284338
0.286245
0.28814
0.237321
0.291994
0.293921
0.295832
0.297727
0.299606
0.301468
0.303315
0.305145
0.30696
0.308759
0.310541
0.312308
0.314059
0.315794
0.317514
0.319218
0.320906
0.322579
0.324236
0.325878
0.327504
0.329115
0.330711
0.332292
0.333857
0.335408
0.336943
0.338464
0.33997
0.341461
0.342937
0.344399
0.345846
0.347279
0.348698
0.350102
0.351492
0.352868
0.35423
0.355578
0.356912
0.358233
0.35954
0.360834
0.362114
0.363381
0.364634
0.365875
0.367103
0.368318
0.36952
0.37071
0.371887
0.373052
0.374204
0.375345
0.376474
0.37759
0.378696
0.379789
0.380871
0.381942
0.383002
0.384051
0.385089
0.386116
0.387133
0.38814
0.389136
0.390122
0.391099
0.392065
0.393022
0.39397
0.394908
0.395838
0.396758
0.39767
0.398573
0.399468
0.400354
0.401233
0.402104
0.402967
0.403822
0.40467
0.405511
0.406346
0.407173
0.407994
0.408808
0.409616
0.410419
0.411215
0.412006
0.412791
0.413571
0.414346
0.415116
0.415881
0.416642
0.417399
0.418151
0.418899
0.419644
0.420385
0.421123
0.421858
0.422589
0.423318
0.424044
0.424768
0.42549
0.426209
0.426927
0.427643
0.428357
0.42907
0.429782
0.430493
0.431203
0.431912
0.432621
0.43333
0.434039
0.434747
0.435456
0.436165
0.436875
0.437586
0.438297
0.43901
0.439723
0.440438
0.441155
0.441873
0.442593
0.443314
0.444038
0.444764
0.445493
0.446224
0.446957
0.447693
0.448432
0.449174
0.449919
0.450668
0.451419
0.452175
0.452933
0.453696
0.454462
0.455232
0.456005
0.456783
0.457565
0.458352
0.459142
0.459937
0.460737
0.461541
0.462349
0.463163
0.463981
0.464804
0.465631
0.466464
0.467301
0.468144
0.468992
0.469844
0.470702
0.471565
0.472433
0.473307
0.474185
0.475069
0.475958
0.476853
0.477752
0.478657
0.479568
0.480483
0.481404
0.48233
0.483262
0.484198
0.48514
0.486087
0.48704
0.487997
0.48896
0.489927
0.4909
0.491878
0.49286
0.493848
0.49484
0.495837
0.496839
0.497845
0.498856
0.499872
0.500892
0.501916
0.502945
0.503977
0.505014
0.506055
0.5071
0.508148
0.509201
0.510256
0.511316
0.512378
0.513444
0.514513
0.515586
0.51666
0.517738
0.518819
0.519901
0.520986
0.522074
0.523163
0.524255
0.525348
0.526442
0.527538
0.528636
0.529734
0.530834
0.531934
0.533035
0.534136
0.535237
0.536339
0.53744
0.538541
0.539642
0.540742
0.541841
0.542939
0.544035
0.54513
0.546224
0.547315
0.548404
0.549491
0.550575
0.551657
0.552735
0.55381
0.554882
0.55595
0.557014
0.558073
0.559129
0.560179
0.561225
0.562265
0.5633
0.564329
0.565353
0.56637
0.56738
0.568384
0.569381
0.57037
0.571352
0.572326
0.573292
0.57425
0.575199
0.576138
0.577069
0.57799
0.578901
0.579803
0.580693
0.581574
0.582443
0.5833
0.584147
0.584981
0.585803
0.586612
0.587409
0.588193
0.588963
0.589719
0.590462
0.59119
0.591903
0.592602
0.593285
0.593952
0.594603
0.595238
0.595857
0.596459
0.597043
0.59761
0.598159
0.598689
0.599202
0.599695
0.600169
0.600624
0.601058
0.601473
0.601867
0.602241
0.602593
0.602924
0.603233
0.60352
0.603784
0.604026
0.604245
0.60444
0.604612
0.60476
0.604883
0.604982
0.605056
0.605105
0.605128
0.605125
0.605096
0.605041
0.604959
0.604849
0.604713
0.604549
0.604357
0.604137
0.603888
0.603611
0.603304
0.602969
0.602604
0.602209
0.601783
0.601328
0.600842
0.600325
0.599778
0.599198
0.598588
0.597945
0.597271
0.596565
0.595826
0.595054
0.59425
0.593413
0.592542
0.591638
0.590701
0.58973
0.588725
0.587687
0.586614
0.585507
0.584365
0.583189
0.581978
0.580732
0.579452
0.578136
0.576786
0.5754
0.573979
0.572523
0.571032
0.569505
0.567942
0.566345
0.564711
0.563043
0.561338
0.559599
0.557823
0.556013
0.554167
0.552285
0.550368
0.548416
0.546429
0.544406
0.542348
0.540256
0.538128
0.535966
0.533769
0.531538
0.529272
0.526972
0.524638
0.52227
0.519868
0.517433
0.514964
0.512462
0.509928
0.50736
0.50476
0.502128
0.499464
0.496768
0.494041
0.491282
0.488493
0.485673
0.482822
0.479942
0.477032
0.474092
0.471124
0.468127
0.465101
0.462048
0.458966
0.455858
0.452723
0.449561
0.446373
0.443159
0.43992
0.436656
0.433368
0.430055
0.426719
0.42336
0.419977
0.416573
0.413147
0.409699
0.40623
0.402741
0.399231
0.395702
0.392154
0.388588
0.385003
0.3814
0.37778
0.374144
0.370491
0.366823
0.363139
0.359441
0.355728
0.352002
0.348263
0.34451
0.340746
0.336969
0.333182
0.329384
0.325575
0.321757
0.317929
0.314093
0.310248
0.306396
0.302536
0.29867
0.294797
0.290918
0.287034
0.283146
0.279252
0.275355
0.271455
0.267551
0.263645
0.259737
0.255827
0.251916
0.248004
0.244092
0.24018
0.236269
0.232358
0.228449
0.224542
0.220637
0.216734
0.212835
0.208939
0.205047
0.201158
0.197275
0.193396
0.189522
0.185654
0.181792
0.177936
0.174086
0.170243
0.166408
0.16258
0.15876
0.154947
0.151143
0.147348
0.143561
0.139784
0.136016
0.132257
0.128508
0.12477
0.121041
0.117323
0.113616
0.109919
0.106234
0.10256
0.0988968
0.0952455
0.0916058
0.0879779
0.084362
0.0807582
0.0771666
0.0735873
0.0700204
0.0664661
0.0629244
0.0593954
0.0558792
0.0523758
0.0488854
0.0454079
0.0419435
0.0384921
0.0350538
0.0316287
0.0282167
0.0248179
0.0214322
0.0180598
0.0147006
0.0113545
0.00802168
0.00470197
0.00139541
-0.00189805
-0.00517843
-0.00844576
-0.0117001
-0.0149415
-0.0181699
-0.0213855
-0.0245884
-0.0277785
-0.0309559
-0.0341207
-0.0372731
-0.040413
-0.0435405
-0.0466557
-0.0497588
-0.0528497
-0.0559286
-0.0589957
-0.0620509
-0.0650943
-0.0681262
-0.0711465
-0.0741555
-0.0771531
-0.0801395
-0.0831148
-0.0860791
-0.0890326
-0.0919753
-0.0949073
-0.0978288
-0.10074
-0.103641
-0.106531
-0.109412
-0.112282
-0.115143
-0.117994
-0.120835
-0.123667
-0.126489
-0.129302
-0.132106
-0.134901
-0.137687
-0.140463
-0.143232
-0.145991
-0.148742
-0.151485
-0.154219
-0.156944
-0.159662
-0.162372
-0.165073
-0.167767
-0.170453
-0.173131
-0.175802
-0.178465
-0.18112
-0.183768
-0.186409
-0.189042
-0.191669
-0.194288
-0.1969
-0.199505
-0.202103
-0.204694
-0.207278
-0.209856
-0.212427
-0.214991
-0.217548
-0.220099
-0.222643
-0.22518
-0.227711
-0.230236
-0.232753
-0.235265
-0.23777
-0.240268
-0.176522
-0.245352
-0.247901
-0.250439
-0.252967
-0.255486
-0.257995
-0.260495
-0.262985
-0.265466
-0.267937
-0.270399
-0.272852
-0.275296
-0.277731
-0.280156
-0.282573
-0.284981
-0.28738
-0.28977
-0.292151
-0.294523
-0.296887
-0.299242
-0.301588
-0.303925
-0.306254
-0.308574
-0.310885
-0.313188
-0.315481
-0.317767
-0.320043
-0.32231
-0.324569
-0.326819
-0.32906
-0.331293
-0.333516
-0.335731
-0.337936
-0.340133
-0.342321
-0.3445
-0.346669
-0.348829
-0.350981
-0.353123
-0.355255
-0.357379
-0.359493
-0.361597
-0.363692
-0.365778
-0.367854
-0.36992
-0.371976
-0.374023
-0.37606
-0.378087
-0.380103
-0.38211
-0.384107
-0.386093
-0.388069
-0.390035
-0.39199
-0.393935
-0.395869
-0.397793
-0.399706
-0.401608
-0.403499
-0.405379
-0.407248
-0.409106
-0.410953
-0.412789
-0.414614
-0.416427
-0.418229
-0.420019
-0.421798
-0.423565
-0.42532
-0.427064
-0.428796
-0.430516
-0.432224
-0.433919
-0.435603
-0.437275
-0.438935
-0.440582
-0.442217
-0.44384
-0.44545
-0.447048
-0.448633
-0.450206
-0.451766
-0.453313
-0.454848
-0.45637
-0.457879
-0.459376
-0.460859
-0.46233
-0.463788
-0.465232
-0.466664
-0.468083
-0.469489
-0.470881
-0.472261
-0.473627
-0.47498
-0.47632
-0.477647
-0.478961
-0.480261
-0.481548
-0.482822
-0.484082
-0.48533
-0.486564
-0.487785
-0.488992
-0.490186
-0.491367
-0.492535
-0.493689
-0.49483
-0.495957
-0.497072
-0.498173
-0.49926
-0.500335
-0.501396
-0.502444
-0.503479
-0.504501
-0.505509
-0.506504
-0.507486
-0.508455
-0.509411
-0.510353
-0.511283
-0.512199
-0.513102
-0.513993
-0.51487
-0.515734
-0.516586
-0.517424
-0.51825
-0.519062
-0.519862
-0.520649
-0.521423
-0.522185
-0.522933
-0.523669
-0.524393
-0.525103
-0.525801
-0.526487
-0.52716
-0.52782
-0.528468
-0.529103
-0.529726
-0.530337
-0.530935
-0.531521
-0.532094
-0.532655
-0.533204
-0.533741
-0.534265
-0.534778
-0.535278
-0.535766
-0.536242
-0.536706
-0.537157
-0.537597
-0.538025
-0.538441
-0.538845
-0.539237
-0.539617
-0.539985
-0.540341
-0.540685
-0.541018
-0.541339
-0.541647
-0.541945
-0.54223
-0.542503
-0.542765
-0.543015
-0.543254
-0.54348
-0.543695
-0.543898
-0.54409
-0.54427
-0.544438
-0.544594
-0.544739
-0.544872
-0.544993
-0.545103
-0.545201
-0.545287
-0.545362
-0.545425
-0.545476
-0.545515
-0.545543
-0.545559
-0.545564
-0.545556
-0.545537
-0.545506
-0.545463
-0.545408
-0.545342
-0.545264
-0.545173
-0.545071
-0.544958
-0.544832
-0.544694
-0.544544
-0.544382
-0.544209
-0.544023
-0.543825
-0.543615
-0.543393
-0.543159
-0.542912
-0.542654
-0.542383
-0.5421
-0.541805
-0.541497
-0.541177
-0.540845
-0.5405
-0.540143
-0.539773
-0.539391
-0.538996
-0.538589
-0.538169
-0.537736
-0.537291
-0.536833
-0.536363
-0.535879
-0.535383
-0.534874
-0.534352
-0.533817
-0.53327
-0.532709
-0.532135
-0.531549
-0.530949
-0.530336
-0.52971
-0.529071
-0.528419
-0.527754
-0.527075
-0.526383
-0.525678
-0.52496
-0.524228
-0.523483
-0.522724
-0.521953
-0.521167
-0.520369
-0.519557
-0.518731
-0.517892
-0.51704
-0.516174
-0.515295
-0.514402
-0.513495
-0.512575
-0.511642
-0.510695
-0.509734
-0.50876
-0.507772
-0.506771
-0.505756
-0.504728
-0.503686
-0.502631
-0.501562
-0.50048
-0.499384
-0.498275
-0.497152
-0.496016
-0.494866
-0.493703
-0.492527
-0.491337
-0.490134
-0.488918
-0.487689
-0.486446
-0.48519
-0.483921
-0.482639
-0.481343
-0.480035
-0.478714
-0.47738
-0.476033
-0.474673
-0.4733
-0.471915
-0.470517
-0.469106
-0.467683
-0.466247
-0.464799
-0.463339
-0.461866
-0.460381
-0.458884
-0.457375
-0.455853
-0.45432
-0.452775
-0.451218
-0.44965
-0.44807
-0.446478
-0.444875
-0.443261
-0.441635
-0.439998
-0.43835
-0.436691
-0.435021
-0.433341
-0.431649
-0.429947
-0.428235
-0.426512
-0.424779
-0.423035
-0.421282
-0.419518
-0.417745
-0.415961
-0.414168
-0.412366
-0.410554
-0.408732
-0.406901
-0.405061
-0.403212
-0.401354
-0.399487
-0.397612
-0.395728
-0.393835
-0.391934
-0.390024
-0.388107
-0.386181
-0.384247
-0.382305
-0.380356
-0.378399
-0.376434
-0.374462
-0.372482
-0.370496
-0.368502
-0.366501
-0.364493
-0.362478
-0.360456
-0.358428
-0.356393
-0.354351
-0.352304
-0.350249
-0.348189
-0.346123
-0.34405
-0.341972
-0.339887
-0.337797
-0.335701
-0.333599
-0.331492
-0.32938
-0.327261
-0.325138
-0.323009
-0.320875
-0.318736
-0.316591
-0.314442
-0.312287
-0.310128
-0.307963
-0.305794
-0.30362
-0.301441
-0.299257
-0.297069
-0.294876
-0.292678
-0.290475
-0.288268
-0.286056
-0.28384
-0.281619
-0.279394
-0.277164
-0.274929
-0.27269
-0.270446
-0.268198
-0.265945
-0.263687
-0.261425
-0.259158
-0.256887
-0.254611
-0.25233
-0.250045
-0.247755
-0.24546
-0.24316
-0.240855
-0.238545
-0.236231
-0.233911
-0.231586
-0.229257
-0.226921
-0.224581
-0.222235
-0.219884
-0.217528
-0.215166
-0.212798
-0.210425
-0.208045
-0.20566
-0.203269
-0.200872
-0.198469
-0.196059
-0.193643
-0.191221
-0.188792
-0.186356
-0.183914
-0.181465
-0.179008
-0.176545
-0.174074
-0.171596
-0.169111
-0.166618
-0.164117
-0.161608
-0.159092
-0.156567
-0.154034
-0.151492
-0.148942
-0.146384
-0.143816
-0.14124
-0.138654
-0.13606
-0.133456
-0.130842
-0.128219
-0.125586
-0.122943
-0.12029
-0.117626
-0.114953
-0.112268
-0.109573
-0.106867
-0.104151
-0.101423
-0.0986832
-0.0959324
-0.09317
-0.0903958
-0.0876098
-0.0848117
-0.0820014
-0.0791787
-0.0763435
-0.0734957
-0.0706351
-0.0677615
-0.0648749
-0.061975
-0.0590618
-0.0561351
-0.0531947
-0.0502405
-0.0472723
-0.0442902
-0.0412938
-0.0382831
-0.035258
-0.0322182
-0.0291638
-0.0260946
-0.0230104
-0.0199111
-0.0167967
-0.0136669
-0.0105218
-0.00736114
-0.00418489
-0.000992933
0.00221483
0.0054385
0.00867816
0.0119339
0.0152058
0.0184939
0.0217984
0.0251192
0.0284565
0.0318102
0.0351806
0.0385676
0.0419712
0.0453916
0.0488287
0.0522826
0.0557533
0.0592409
0.0627453
0.0662666
0.0698047
0.0733598
0.0769317
0.0805205
0.0841261
0.0877485
0.0913877
0.0950437
0.0987164
0.102406
0.106112
0.109834
0.113573
0.117328
0.1211
0.124888
0.128692
0.132512
0.136347
0.140199
0.144066
0.147949
0.151846
0.155759
0.159688
0.16363
0.167588
0.17156
0.175546
0.179546
0.18356
0.187587
0.191628
0.195681
0.199748
0.203827
0.207918
0.212021
0.216136
0.220262
0.224399
0.228546
0.232704
0.236872
0.241049
0.245236
0.249431
0.253634
0.257846
0.262065
0.266291
0.270524
0.274763
0.279007
0.108011
0.287772
0.292167
0.296559
0.300948
0.305333
0.309715
0.314092
0.318465
0.322833
0.327196
0.331552
0.335903
0.340246
0.344582
0.348911
0.353231
0.357542
0.361844
0.366136
0.370418
0.374689
0.378947
0.383194
0.387427
0.391647
0.395853
0.400044
0.40422
0.408379
0.412521
0.416646
0.420752
0.42484
0.428907
0.432954
0.43698
0.440984
0.444965
0.448922
0.452855
0.456763
0.460645
0.464501
0.468329
0.472129
0.4759
0.479641
0.483351
0.48703
0.490677
0.49429
0.49787
0.501416
0.504926
0.508399
0.511836
0.515235
0.518596
0.521917
0.525199
0.528439
0.531638
0.534795
0.537909
0.540979
0.544004
0.546985
0.54992
0.552808
0.55565
0.558443
0.561188
0.563885
0.566532
0.569128
0.571674
0.574169
0.576612
0.579003
0.581341
0.583626
0.585858
0.588035
0.590158
0.592226
0.594239
0.596197
0.598099
0.599945
0.601734
0.603467
0.605143
0.606762
0.608324
0.609829
0.611277
0.612667
0.614
0.615276
0.616494
0.617654
0.618757
0.619803
0.620792
0.621724
0.622599
0.623417
0.624179
0.624885
0.625534
0.626128
0.626667
0.627151
0.62758
0.627955
0.628276
0.628544
0.628759
0.628922
0.629033
0.629092
0.629101
0.629059
0.628968
0.628828
0.628639
0.628403
0.628119
0.62779
0.627414
0.626994
0.62653
0.626022
0.625471
0.624878
0.624245
0.623571
0.622857
0.622105
0.621315
0.620487
0.619624
0.618725
0.617792
0.616825
0.615825
0.614794
0.613731
0.612638
0.611516
0.610366
0.609188
0.607983
0.606753
0.605498
0.604219
0.602916
0.601592
0.600246
0.598879
0.597493
0.596088
0.594664
0.593224
0.591767
0.590295
0.588808
0.587307
0.585793
0.584267
0.582729
0.58118
0.579621
0.578053
0.576476
0.574891
0.573299
0.571701
0.570096
0.568487
0.566872
0.565254
0.563633
0.562009
0.560382
0.558755
0.557126
0.555497
0.553868
0.552239
0.550612
0.548986
0.547363
0.545741
0.544123
0.542509
0.540898
0.539291
0.537689
0.536092
0.534501
0.532915
0.531335
0.529761
0.528194
0.526634
0.525081
0.523535
0.521998
0.520468
0.518946
0.517432
0.515927
0.514431
0.512944
0.511465
0.509996
0.508536
0.507085
0.505644
0.504213
0.502791
0.501379
0.499977
0.498584
0.497202
0.49583
0.494467
0.493115
0.491772
0.49044
0.489117
0.487805
0.486502
0.485209
0.483926
0.482653
0.48139
0.480136
0.478892
0.477657
0.476432
0.475216
0.47401
0.472812
0.471623
0.470444
0.469273
0.468111
0.466957
0.465812
0.464675
0.463546
0.462425
0.461312
0.460206
0.459108
0.458017
0.456934
0.455857
0.454787
0.453724
0.452668
0.451617
0.450573
0.449535
0.448502
0.447475
0.446453
0.445437
0.444425
0.443419
0.442417
0.441419
0.440426
0.439436
0.438451
0.437469
0.43649
0.435515
0.434543
0.433573
0.432606
0.431642
0.43068
0.42972
0.428762
0.427805
0.42685
0.425896
0.424944
0.423992
0.423041
0.42209
0.421139
0.420189
0.419239
0.418288
0.417337
0.416385
0.415432
0.414479
0.413524
0.412567
0.411608
0.410647
0.409683
0.408718
0.40775
0.40678
0.405808
0.404832
0.403854
0.402872
0.401888
0.400898
0.399904
0.398907
0.397906
0.3969
0.395891
0.394877
0.393859
0.392836
0.391808
0.390775
0.389738
0.388695
0.387646
0.386592
0.385533
0.384468
0.383397
0.38232
0.381237
0.380147
0.379051
0.377949
0.37684
0.375724
0.374602
0.373472
0.372336
0.371192
0.370041
0.368883
0.367717
0.366543
0.365362
0.364174
0.362977
0.361772
0.360559
0.359339
0.35811
0.356872
0.355626
0.354372
0.35311
0.351838
0.350558
0.34927
0.347972
0.346666
0.345351
0.344027
0.342693
0.341351
0.34
0.338639
0.337269
0.33589
0.334501
0.333103
0.331696
0.330279
0.328853
0.327417
0.325972
0.324517
0.323053
0.321579
0.320095
0.318602
0.317099
0.315586
0.314064
0.312531
0.310989
0.309438
0.307877
0.306305
0.304725
0.303134
0.301534
0.299924
0.298304
0.296674
0.295035
0.293386
0.291727
0.290059
0.288381
0.286694
0.284997
0.28329
0.281573
0.279848
0.278112
0.276367
0.274613
0.272849
0.271076
0.269294
0.267502
0.265701
0.263891
0.262071
0.260243
0.258405
0.256558
0.254702
0.252837
0.250964
0.249081
0.24719
0.24529
0.243381
0.241464
0.239537
0.237603
0.23566
0.233708
0.231748
0.22978
0.227804
0.225819
0.223827
0.221826
0.219817
0.2178
0.215776
0.213744
0.211704
0.209656
0.207601
0.205538
0.203468
0.201391
0.199306
0.197214
0.195115
0.193009
0.190896
0.188776
0.186649
0.184515
0.182375
0.180228
0.178074
0.175914
0.173748
0.171575
0.169396
0.167211
0.16502
0.162823
0.16062
0.158411
0.156197
0.153977
0.151751
0.14952
0.147283
0.145041
0.142793
0.140541
0.138283
0.136021
0.133753
0.131481
0.129203
0.126922
0.124635
0.122344
0.120049
0.117749
0.115445
0.113136
0.110824
0.108507
0.106187
0.103862
0.101534
0.0992025
0.096867
0.0945281
0.0921856
0.0898398
0.0874907
0.0851385
0.082783
0.0804246
0.0780632
0.0756989
0.0733319
0.0709621
0.0685898
0.0662149
0.0638375
0.0614578
0.0590759
0.0566917
0.0543055
0.0519172
0.049527
0.047135
0.0447412
0.0423458
0.0399488
0.0375503
0.0351504
0.0327492
0.0303467
0.0279432
0.0255386
0.023133
0.0207266
0.0183194
0.0159116
0.0135032
0.0110942
0.00868491
0.00627529
0.00386546
0.00145551
-0.000954451
-0.00336434
-0.00577405
-0.00818349
-0.0105926
-0.0130012
-0.0154092
-0.0178166
-0.0202232
-0.0226289
-0.0250337
-0.0274374
-0.0298399
-0.0322412
-0.034641
-0.0370394
-0.0394362
-0.0418313
-0.0442246
-0.046616
-0.0490054
-0.0513927
-0.0537777
-0.0561604
-0.0585406
-0.0609183
-0.0632932
-0.0656654
-0.0680347
-0.070401
-0.0727641
-0.075124
-0.0774806
-0.0798336
-0.0821831
-0.0845288
-0.0868707
-0.0892087
-0.0915426
-0.0938723
-0.0961978
-0.0985187
-0.100835
-0.103147
-0.105454
-0.107756
-0.110053
-0.112345
-0.114631
-0.116913
-0.119188
-0.121458
-0.123722
-0.125981
-0.128233
-0.130479
-0.132719
-0.134953
-0.137179
-0.1394
-0.141613
-0.14382
-0.146019
-0.148212
-0.150397
-0.152575
-0.154745
-0.156908
-0.159062
-0.161209
-0.163348
-0.165479
-0.167602
-0.169716
-0.171822
-0.173919
-0.176007
-0.178087
-0.180157
-0.182219
-0.184271
-0.186314
-0.188347
-0.190371
-0.192386
-0.194391
-0.196385
-0.19837
-0.200345
-0.20231
-0.204264
-0.206208
-0.208142
-0.210065
-0.211977
-0.213879
-0.21577
-0.21765
-0.219518
-0.221376
-0.196471
-0.163456
-0.216157
-0.130118
-0.2686
-0.0438353
-0.406621
-0.237434
-0.239374
-0.241288
-0.243179
-0.245046
-0.246889
-0.248709
-0.250506
-0.252281
-0.254034
-0.255765
-0.257475
-0.259163
-0.260832
-0.262479
-0.264107
-0.265716
-0.267305
-0.268875
-0.270426
-0.271959
-0.273474
-0.274971
-0.276451
-0.277913
-0.279359
-0.280788
-0.282201
-0.283597
-0.284978
-0.286343
-0.287693
-0.289028
-0.290348
-0.291653
-0.292944
-0.294221
-0.295484
-0.296734
-0.29797
-0.299193
-0.300403
-0.3016
-0.302784
-0.303956
-0.305116
-0.306264
-0.307401
-0.308525
-0.309639
-0.310741
-0.311832
-0.312912
-0.313982
-0.315042
-0.316091
-0.31713
-0.318159
-0.319178
-0.320188
-0.321188
-0.322179
-0.323161
-0.324135
-0.325099
-0.326055
-0.327003
-0.327942
-0.328873
-0.329797
-0.330712
-0.331621
-0.332521
-0.333415
-0.334301
-0.335181
-0.336054
-0.33692
-0.337779
-0.338633
-0.33948
-0.340321
-0.341157
-0.341986
-0.342811
-0.34363
-0.344443
-0.345252
-0.346056
-0.346855
-0.347649
-0.348439
-0.349225
-0.350007
-0.350785
-0.351558
-0.352329
-0.353095
-0.353859
-0.354619
-0.355376
-0.35613
-0.356882
-0.357631
-0.358377
-0.359121
-0.359863
-0.360603
-0.361341
-0.362077
-0.362812
-0.363546
-0.364278
-0.365009
-0.365738
-0.366467
-0.367196
-0.367923
-0.368651
-0.369378
-0.370104
-0.370831
-0.371558
-0.372285
-0.373012
-0.37374
-0.374468
-0.375197
-0.375927
-0.376658
-0.37739
-0.378123
-0.378858
-0.379593
-0.380331
-0.38107
-0.381811
-0.382553
-0.383298
-0.384045
-0.384794
-0.385545
-0.386298
-0.387054
-0.387813
-0.388574
-0.389338
-0.390104
-0.390874
-0.391646
-0.392422
-0.3932
-0.393982
-0.394767
-0.395556
-0.396347
-0.397142
-0.397941
-0.398743
-0.399549
-0.400359
-0.401172
-0.401989
-0.40281
-0.403634
-0.404463
-0.405295
-0.406132
-0.406972
-0.407816
-0.408665
-0.409517
-0.410373
-0.411234
-0.412098
-0.412967
-0.413839
-0.414716
-0.415597
-0.416481
-0.41737
-0.418263
-0.41916
-0.420061
-0.420966
-0.421875
-0.422788
-0.423705
-0.424626
-0.42555
-0.426479
-0.427411
-0.428347
-0.429286
-0.430229
-0.431176
-0.432126
-0.43308
-0.434037
-0.434998
-0.435961
-0.436928
-0.437898
-0.438871
-0.439847
-0.440826
-0.441808
-0.442792
-0.443779
-0.444768
-0.44576
-0.446754
-0.447751
-0.448749
-0.449749
-0.450752
-0.451756
-0.452761
-0.453768
-0.454777
-0.455787
-0.456798
-0.45781
-0.458823
-0.459836
-0.46085
-0.461865
-0.46288
-0.463895
-0.46491
-0.465924
-0.466939
-0.467953
-0.468966
-0.469979
-0.47099
-0.472001
-0.47301
-0.474017
-0.475023
-0.476027
-0.477029
-0.478029
-0.479026
-0.480021
-0.481013
-0.482002
-0.482988
-0.48397
-0.484949
-0.485924
-0.486895
-0.487861
-0.488824
-0.489781
-0.490734
-0.491681
-0.492624
-0.49356
-0.494491
-0.495416
-0.496335
-0.497248
-0.498153
-0.499052
-0.499944
-0.500828
-0.501704
-0.502573
-0.503433
-0.504286
-0.505129
-0.505964
-0.506789
-0.507605
-0.508412
-0.509208
-0.509995
-0.510771
-0.511536
-0.512291
-0.513034
-0.513765
-0.514485
-0.515193
-0.515889
-0.516572
-0.517243
-0.5179
-0.518544
-0.519174
-0.51979
-0.520392
-0.52098
-0.521553
-0.522111
-0.522653
-0.52318
-0.523692
-0.524187
-0.524665
-0.525127
-0.525572
-0.525999
-0.52641
-0.526802
-0.527176
-0.527532
-0.527869
-0.528187
-0.528486
-0.528765
-0.529025
-0.529265
-0.529484
-0.529683
-0.529861
-0.530017
-0.530153
-0.530266
-0.530358
-0.530427
-0.530474
-0.530498
-0.530499
-0.530477
-0.530431
-0.530362
-0.530269
-0.530151
-0.530008
-0.529841
-0.529649
-0.529432
-0.529189
-0.52892
-0.528626
-0.528305
-0.527958
-0.527584
-0.527183
-0.526755
-0.5263
-0.525818
-0.525307
-0.524769
-0.524203
-0.523608
-0.522985
-0.522334
-0.521653
-0.520944
-0.520206
-0.519438
-0.51864
-0.517814
-0.516957
-0.51607
-0.515154
-0.514207
-0.51323
-0.512223
-0.511185
-0.510116
-0.509017
-0.507887
-0.506726
-0.505534
-0.504311
-0.503057
-0.501772
-0.500456
-0.499108
-0.49773
-0.496319
-0.494878
-0.493405
-0.491901
-0.490365
-0.488798
-0.4872
-0.48557
-0.483909
-0.482217
-0.480494
-0.478739
-0.476953
-0.475137
-0.473289
-0.47141
-0.469501
-0.467561
-0.46559
-0.463589
-0.461557
-0.459495
-0.457403
-0.455281
-0.453129
-0.450948
-0.448737
-0.446497
-0.444227
-0.441929
-0.439602
-0.437246
-0.434862
-0.43245
-0.43001
-0.427542
-0.425047
-0.422525
-0.419975
-0.417399
-0.414797
-0.412168
-0.409514
-0.406834
-0.404128
-0.401398
-0.398643
-0.395864
-0.39306
-0.390233
-0.387382
-0.384509
-0.381612
-0.378693
-0.375752
-0.372789
-0.369805
-0.3668
-0.363774
-0.360728
-0.357662
-0.354577
-0.351472
-0.348349
-0.345207
-0.342048
-0.33887
-0.335676
-0.332464
-0.329236
