0.357143
-0.244923
0.17004
-0.115947
0.0812009
-0.0546484
-0.054647
0.0390196
-0.025502
0.0190056
-0.0116362
0.00951711
-0.00503126
0.00502568
-0.00187877
0.00290516
-0.00036939
0.0019081
0.000356625
0.00144208
0.00070791
0.00122585
0.000878769
0.00112596
0.000961668
0.00107916
0.00100067
0.00105554
0.00101682
0.00104098
0.00102021
0.00102885
0.0010157
0.00101607
0.00100566
0.00100123
0.000991251
0.00098369
0.000973065
0.000963165
0.000951389
0.000939535
0.000926369
0.000912745
0.000898074
0.000882762
0.000866527
0.00084956
0.000831725
0.000805588
0.000791116
0.000767176
0.000748324
0.000724518
0.000702667
0.000677997
0.000653784
0.000627758
0.000601468
0.000573831
0.000545578
0.000516188
0.000486003
0.000454769
0.000422644
0.0003895
0.000355406
0.000320296
0.000284195
0.000247065
0.000208912
0.000169712
0.000129459
8.81364e-05
4.57342e-05
2.2369e-06
-4.23668e-05
-8.80914e-05
-0.00013495
-0.000182955
-0.000232122
-0.000282464
-0.000333994
-0.000386726
-0.000440676
-0.000495855
-0.00055228
-0.000609964
-0.000668921
-0.000729166
-0.000790713
-0.000853576
-0.000917771
-0.000983311
-0.00105021
-0.00111849
-0.00118815
-0.00125922
-0.00133171
-0.00140564
-0.00148101
-0.00155784
-0.00163616
-0.00171597
-0.00179728
-0.00188012
-0.0019645
-0.00205043
-0.00213793
-0.00222701
-0.00231769
-0.00240998
-0.0025039
-0.00259946
-0.00269667
-0.00279556
-0.00289614
-0.00299841
-0.0031024
-0.00320813
-0.00331559
-0.00342482
-0.00353582
-0.00364861
-0.0037632
-0.0038796
-0.00399784
-0.00411792
-0.00423986
-0.00436368
-0.00448938
-0.00461698
-0.0047465
-0.00487794
-0.00501133
-0.00514667
-0.00528398
-0.00542327
-0.00556455
-0.00570784
-0.00585315
-0.0060005
-0.00614988
-0.00630133
-0.00645484
-0.00661044
-0.00676813
-0.00692792
-0.00708983
-0.00725387
-0.00742005
-0.00758838
-0.00775887
-0.00793153
-0.00810637
-0.00828341
-0.00846265
-0.00864411
-0.00882779
-0.0090137
-0.00920185
-0.00939225
-0.00958492
-0.00977985
-0.00997706
-0.0101766
-0.0103784
-0.0105825
-0.0107889
-0.0109976
-0.0112086
-0.011422
-0.0116378
-0.0118558
-0.0120763
-0.012299
-0.0125242
-0.0127517
-0.0129816
-0.0132139
-0.0134486
-0.0136857
-0.0139252
-0.014167
-0.0144113
-0.014658
-0.0149072
-0.0151587
-0.0154127
-0.0156691
-0.0159279
-0.0161892
-0.016453
-0.0167191
-0.0169877
-0.0172588
-0.0175323
-0.0178083
-0.0180867
-0.0183676
-0.018651
-0.0189368
-0.0192251
-0.0195158
-0.0198091
-0.0201047
-0.0204029
-0.0207036
-0.0210067
-0.0213123
-0.0216203
-0.0219309
-0.0222439
-0.0225594
-0.0228774
-0.0231978
-0.0235208
-0.0238462
-0.0241741
-0.0245044
-0.0248373
-0.0251726
-0.0255104
-0.0258507
-0.0261935
-0.0265387
-0.0268864
-0.0272366
-0.0275893
-0.0279445
-0.0283021
-0.0286622
-0.0290248
-0.0293898
-0.0297573
-0.0301273
-0.0304998
-0.0308747
-0.0312521
-0.0316319
-0.0320143
-0.032399
-0.0327863
-0.033176
-0.0335682
-0.0339628
-0.0343599
-0.0347594
-0.0351614
-0.0355659
-0.0359728
-0.0363821
-0.0367939
-0.0372082
-0.0376248
-0.038044
-0.0384655
-0.0388896
-0.039316
-0.0397449
-0.0401762
-0.04061
-0.0410462
-0.0414848
-0.0419258
-0.0423693
-0.0428152
-0.0432635
-0.0437142
-0.0441674
-0.0446229
-0.0450809
-0.0455413
-0.0460041
-0.0464693
-0.0469369
-0.0474069
-0.0478793
-0.0483541
-0.0488313
-0.0493109
-0.0497929
-0.0502772
-0.050764
-0.0512531
-0.0517446
-0.0522385
-0.0527348
-0.0532334
-0.0537344
-0.0542377
-0.0547434
-0.0552515
-0.0557619
-0.0562747
-0.0567898
-0.0573073
-0.0578271
-0.0583493
-0.0588738
-0.0594006
-0.0599297
-0.0604612
-0.060995
-0.0615311
-0.0620695
-0.0626102
-0.0631532
-0.0636985
-0.0642462
-0.0647961
-0.0653483
-0.0659028
-0.0664595
-0.0670186
-0.0675799
-0.0681434
-0.0687093
-0.0692774
-0.0698477
-0.0704203
-0.0709951
-0.0715722
-0.0721515
-0.072733
-0.0733168
-0.0739027
-0.0744909
-0.0750813
-0.0756738
-0.0762686
-0.0768656
-0.0774647
-0.078066
-0.0786695
-0.0792751
-0.079883
-0.0804929
-0.081105
-0.0817193
-0.0823356
-0.0829541
-0.0835748
-0.0841975
-0.0848224
-0.0854493
-0.0860783
-0.0867095
-0.0873427
-0.087978
-0.0886153
-0.0892547
-0.0898962
-0.0905397
-0.0911852
-0.0918328
-0.0924823
-0.0931339
-0.0937875
-0.0944431
-0.0951007
-0.0957603
-0.0964219
-0.0970854
-0.0977508
-0.0984183
-0.0990876
-0.0997589
-0.100432
-0.101107
-0.101784
-0.102463
-0.103144
-0.103827
-0.104511
-0.105198
-0.105886
-0.106576
-0.107268
-0.107962
-0.108658
-0.109355
-0.110054
-0.110755
-0.111458
-0.112162
-0.112869
-0.113577
-0.114287
-0.114998
-0.115711
-0.116426
-0.117143
-0.117861
-0.118581
-0.119303
-0.120026
-0.120751
-0.121478
-0.122206
-0.122936
-0.123667
-0.1244
-0.125135
-0.125871
-0.126609
-0.127348
-0.128089
-0.128831
-0.129575
-0.13032
-0.131067
-0.131816
-0.132565
-0.133317
-0.134069
-0.134824
-0.135579
-0.136336
-0.137094
-0.137854
-0.138615
-0.139378
-0.140141
-0.140907
-0.141673
-0.142441
-0.14321
-0.14398
-0.144752
-0.145525
-0.146299
-0.147074
-0.147851
-0.148629
-0.149408
-0.150188
-0.15097
-0.151752
-0.152536
-0.153321
-0.154107
-0.154894
-0.155682
-0.156471
-0.157261
-0.158053
-0.158845
-0.159638
-0.160433
-0.161228
-0.162025
-0.162822
-0.163621
-0.16442
-0.16522
-0.166021
-0.166823
-0.167626
-0.16843
-0.169235
-0.17004
-0.170847
-0.171654
-0.172462
-0.173271
-0.17408
-0.174891
-0.175702
-0.176514
-0.177326
-0.17814
-0.178954
-0.179768
-0.180584
-0.1814
-0.182216
-0.183034
-0.183852
-0.18467
-0.185489
-0.186309
-0.187129
-0.18795
-0.188771
-0.189593
-0.190415
-0.191238
-0.192061
-0.192885
-0.193709
-0.194533
-0.195358
-0.196183
-0.197009
-0.197835
-0.198661
-0.199488
-0.200315
-0.201143
-0.20197
-0.202798
-0.203626
-0.204455
-0.205283
-0.206112
-0.206941
-0.20777
-0.2086
-0.209429
-0.210259
-0.211089
-0.211919
-0.212749
-0.213579
-0.214409
-0.215239
-0.21607
-0.2169
-0.21773
-0.21856
-0.219391
-0.220221
-0.221051
-0.221881
-0.222711
-0.223541
-0.22437
-0.2252
-0.226029
-0.226859
-0.227688
-0.228517
-0.229345
-0.230174
-0.231002
-0.23183
-0.232658
-0.233485
-0.234312
-0.235139
-0.235966
-0.236792
-0.237617
-0.238443
-0.239268
-0.240092
-0.240916
-0.24174
-0.242563
-0.243386
-0.244208
-0.24503
-0.245851
-0.246672
-0.247492
-0.248312
-0.249131
-0.249949
-0.250767
-0.251584
-0.2524
-0.253216
-0.254031
-0.254846
-0.25566
-0.256473
-0.257285
-0.258097
-0.258908
-0.259718
-0.260527
-0.261335
-0.262143
-0.26295
-0.263756
-0.264561
-0.265365
-0.266168
-0.26697
-0.267772
-0.268572
-0.269372
-0.27017
-0.270968
-0.271764
-0.27256
-0.273354
-0.274147
-0.27494
-0.275731
-0.276521
-0.27731
-0.278098
-0.278884
-0.27967
-0.280454
-0.281237
-0.282019
-0.2828
-0.28358
-0.284358
-0.285135
-0.28591
-0.286685
-0.287458
-0.28823
-0.289
-0.289769
-0.290537
-0.291303
-0.292068
-0.292831
-0.293593
-0.294354
-0.295113
-0.29587
-0.296626
-0.297381
-0.298134
-0.298886
-0.299636
-0.300384
-0.301131
-0.301876
-0.30262
-0.303362
-0.304102
-0.304841
-0.305578
-0.306313
-0.307047
-0.307779
-0.308509
-0.309237
-0.309964
-0.310689
-0.311412
-0.312133
-0.312853
-0.313571
-0.314286
-0.315
-0.315713
-0.316423
-0.317131
-0.317837
-0.318542
-0.319244
-0.319945
-0.320644
-0.32134
-0.322035
-0.322727
-0.323418
-0.324107
-0.324793
-0.325477
-0.32616
-0.32684
-0.327518
-0.328194
-0.328868
-0.32954
-0.330209
-0.330877
-0.331542
-0.332205
-0.332865
-0.333524
-0.33418
-0.334834
-0.335486
-0.336135
-0.336783
-0.337427
-0.33807
-0.33871
-0.339348
-0.339983
-0.340617
-0.341247
-0.341875
-0.342501
-0.343125
-0.343746
-0.344364
-0.34498
-0.345594
-0.346205
-0.346814
-0.34742
-0.348024
-0.348625
-0.349223
-0.349819
-0.350412
-0.351003
-0.351591
-0.352177
-0.35276
-0.35334
-0.353918
-0.354493
-0.355065
-0.355635
-0.356201
-0.356766
-0.357327
-0.357886
-0.358442
-0.358995
-0.359546
-0.360093
-0.360638
-0.361181
-0.36172
-0.362256
-0.36279
-0.363321
-0.363849
-0.364374
-0.364896
-0.365416
-0.365932
-0.366446
-0.366957
-0.367464
-0.367969
-0.368471
-0.36897
-0.369466
-0.369959
-0.370449
-0.370936
-0.37142
-0.371901
-0.372379
-0.372854
-0.373325
-0.373794
-0.37426
-0.374723
-0.375182
-0.375639
-0.376092
-0.376543
-0.37699
-0.377434
-0.377875
-0.378312
-0.378747
-0.379179
-0.379607
-0.380032
-0.380454
-0.380873
-0.381288
-0.3817
-0.38211
-0.382515
-0.382918
-0.383317
-0.383714
-0.384106
-0.384496
-0.384882
-0.385265
-0.385645
-0.386022
-0.386395
-0.386765
-0.387131
-0.387495
-0.387854
-0.388211
-0.388564
-0.388914
-0.389261
-0.389604
-0.389943
-0.39028
-0.390613
-0.390942
-0.391269
-0.391592
-0.391911
-0.392227
-0.39254
-0.392849
-0.393154
-0.393457
-0.393756
-0.394051
-0.394343
-0.394632
-0.394917
-0.395198
-0.395476
-0.395751
-0.396022
-0.39629
-0.396554
-0.396815
-0.397072
-0.397326
-0.397576
-0.397822
-0.398066
-0.398305
-0.398541
-0.398774
-0.399003
-0.399229
-0.399451
-0.399669
-0.399884
-0.400095
-0.400303
-0.400507
-0.400708
-0.400905
-0.401099
-0.401289
-0.401475
-0.401658
-0.401837
-0.402013
-0.402185
-0.402354
-0.402519
-0.40268
-0.402838
-0.402992
-0.403143
-0.40329
-0.403434
-0.403573
-0.40371
-0.403842
-0.403972
-0.404097
-0.404219
-0.404337
-0.404452
-0.404563
-0.40467
-0.404774
-0.404874
-0.404971
-0.405064
-0.405154
-0.405239
-0.405322
-0.4054
-0.405475
-0.405547
-0.405614
-0.405679
-0.405739
-0.405796
-0.40585
-0.405899
-0.405945
-0.405988
-0.406027
-0.406062
-0.406094
-0.406122
-0.406147
-0.406168
-0.406185
-0.406199
-0.406209
-0.406215
-0.406218
-0.406218
-0.406213
-0.406206
-0.406194
-0.406179
-0.406161
-0.406139
-0.406113
-0.406084
-0.406051
-0.406014
-0.405974
-0.405931
-0.405884
-0.405833
-0.405779
-0.405721
-0.40566
-0.405595
-0.405526
-0.405454
-0.405379
-0.4053
-0.405217
-0.405131
-0.405042
-0.404948
-0.404852
-0.404752
-0.404648
-0.404541
-0.40443
-0.404316
-0.404198
-0.404077
-0.403953
-0.403825
-0.403693
-0.403558
-0.403419
-0.403277
-0.403132
-0.402983
-0.402831
-0.402675
-0.402516
-0.402353
-0.402187
-0.402018
-0.401845
-0.401669
-0.401489
-0.401306
-0.401119
-0.40093
-0.400736
-0.40054
-0.40034
-0.400137
-0.39993
-0.39972
-0.399506
-0.39929
-0.39907
-0.398846
-0.39862
-0.39839
-0.398156
-0.39792
-0.39768
-0.397437
-0.39719
-0.396941
-0.396688
-0.396432
-0.396172
-0.395909
-0.395643
-0.395374
-0.395102
-0.394826
-0.394548
-0.394266
-0.39398
-0.393692
-0.393401
-0.393106
-0.392808
-0.392507
-0.392203
-0.391896
-0.391585
-0.391272
-0.390955
-0.390636
-0.390313
-0.389987
-0.389658
-0.389326
-0.388991
-0.388653
-0.388312
-0.387968
-0.38762
-0.38727
-0.386917
-0.386561
-0.386202
-0.38584
-0.385474
-0.385106
-0.384735
-0.384361
-0.383985
-0.383605
-0.383222
-0.382836
-0.382448
-0.382057
-0.381662
-0.381265
-0.380865
-0.380463
-0.380057
-0.379649
-0.379237
-0.378823
-0.378407
-0.377987
-0.377565
-0.377139
-0.376712
-0.376281
-0.375848
-0.375412
-0.374973
-0.374531
-0.374087
-0.37364
-0.373191
-0.372739
-0.372284
-0.371827
-0.371367
-0.370904
-0.370439
-0.369971
-0.3695
-0.369028
-0.368552
-0.368074
-0.367593
-0.36711
-0.366625
-0.366136
-0.365646
-0.365153
-0.364657
-0.364159
-0.363659
-0.363156
-0.36265
-0.362143
-0.361633
-0.36112
-0.360605
-0.360088
-0.359568
-0.359046
-0.358522
-0.357996
-0.357467
-0.356935
-0.356402
-0.355866
-0.355328
-0.354788
-0.354246
-0.353701
-0.353154
-0.352605
-0.352054
-0.3515
-0.350944
-0.350387
-0.349827
-0.349265
-0.348701
-0.348134
-0.347566
-0.346996
-0.346423
-0.345848
-0.345272
-0.344693
-0.344113
-0.34353
-0.342945
-0.342359
-0.34177
-0.34118
-0.340587
-0.339993
-0.339396
-0.338798
-0.338198
-0.337596
-0.336992
-0.336387
-0.335779
-0.33517
-0.334558
-0.333946
-0.333331
-0.332714
-0.332096
-0.331476
-0.330854
-0.330231
-0.329605
-0.328978
-0.32835
-0.327719
-0.327088
-0.326454
-0.325819
-0.325182
-0.324544
-0.323904
-0.323262
-0.322619
-0.321974
-0.321328
-0.32068
-0.320031
-0.31938
-0.318728
-0.318074
-0.317419
-0.316763
-0.316105
-0.315445
-0.314784
-0.314122
-0.313459
-0.312794
-0.312128
-0.31146
-0.310791
-0.310121
-0.30945
-0.308777
-0.308103
-0.307428
-0.306751
-0.306074
-0.305395
-0.304715
-0.304034
-0.303352
-0.302668
-0.301984
-0.301298
-0.300612
-0.299924
-0.299235
-0.298545
-0.297855
-0.297163
-0.29647
-0.295776
-0.295081
-0.294386
-0.293689
-0.292992
-0.292293
-0.291594
-0.290894
-0.290193
-0.289491
-0.288788
-0.288085
-0.287381
-0.286676
-0.28597
-0.285264
-0.284557
-0.283849
-0.28314
-0.282431
-0.281721
-0.281011
-0.2803
-0.279588
-0.278876
-0.278163
-0.27745
-0.276736
-0.276022
-0.275307
-0.274591
-0.273876
-0.273159
-0.272443
-0.271726
-0.271008
-0.27029
-0.269572
-0.268854
-0.268135
-0.267416
-0.266696
-0.265977
-0.265257
-0.264537
-0.263816
-0.263096
-0.262375
-0.261654
-0.260933
-0.260212
-0.25949
-0.258769
-0.258047
-0.257326
-0.256604
-0.255883
-0.255161
-0.25444
-0.253718
-0.252996
-0.252275
-0.251554
-0.250832
-0.250111
-0.24939
-0.248669
-0.247949
-0.247228
-0.246508
-0.245788
-0.245068
-0.244349
-0.243629
-0.24291
-0.242192
-0.241473
-0.240755
-0.240038
-0.239321
-0.238604
-0.237887
-0.237171
-0.236456
-0.235741
-0.235026
-0.234312
-0.233598
-0.232885
-0.232173
-0.231461
-0.23075
-0.230039
-0.229329
-0.22862
-0.227911
-0.227203
-0.226495
-0.225789
-0.225083
-0.224377
-0.223673
-0.222969
-0.222266
-0.221564
-0.220863
-0.220163
-0.219463
-0.218764
-0.218066
-0.21737
-0.216674
-0.215979
-0.215285
-0.214591
-0.213899
-0.213208
-0.212518
-0.211829
-0.211141
-0.210454
-0.209768
-0.209084
-0.2084
-0.207718
-0.207036
-0.206356
-0.205677
-0.204999
-0.204323
-0.203648
-0.202973
-0.202301
-0.201629
-0.200959
-0.20029
-0.199622
-0.198956
-0.198291
-0.197627
-0.196965
-0.196304
-0.195645
-0.194987
-0.194331
-0.193675
-0.193022
-0.19237
-0.191719
-0.19107
-0.190423
-0.189777
-0.189132
-0.188489
-0.187855
-0.18721
-0.186575
-0.185936
-0.185303
-0.184668
-0.184037
-0.183407
-0.182779
-0.182152
-0.181528
-0.180905
-0.180283
-0.179664
-0.179046
-0.17843
-0.177816
-0.177204
-0.176593
-0.175985
-0.175378
-0.174773
-0.17417
-0.173569
-0.17297
-0.172373
-0.171778
-0.171184
-0.170593
-0.170004
-0.169417
-0.168831
-0.168248
-0.167667
-0.167087
-0.16651
-0.165935
-0.165362
-0.164791
-0.164223
-0.163656
-0.163092
-0.162529
-0.161969
-0.161411
-0.160855
-0.160301
-0.15975
-0.159201
-0.158654
-0.158109
-0.157566
-0.157026
-0.156488
-0.155952
-0.155419
-0.154888
-0.154359
-0.153833
-0.153309
-0.152787
-0.152267
-0.15175
-0.151236
-0.150723
-0.150214
-0.149706
-0.149201
-0.148699
-0.148199
-0.147701
-0.147206
-0.146713
-0.146223
-0.145735
-0.14525
-0.144767
-0.144287
-0.143809
-0.143334
-0.142861
-0.142391
-0.141924
-0.141459
-0.140997
-0.140537
-0.14008
-0.139626
-0.139174
-0.138725
-0.138278
-0.137834
-0.137393
-0.136955
-0.136519
-0.136086
-0.135655
-0.135227
-0.134802
-0.13438
-0.13396
-0.133543
-0.133129
-0.132718
-0.132309
-0.131903
-0.1315
-0.1311
-0.130702
-0.130308
-0.129916
-0.129527
-0.12914
-0.128757
-0.128376
-0.127999
-0.127624
-0.127251
-0.126882
-0.126516
-0.126152
-0.125792
-0.125434
-0.125079
-0.124727
-0.124378
-0.124032
-0.123689
-0.123348
-0.123011
-0.122677
-0.122345
-0.122017
-0.121691
-0.121368
-0.121049
-0.120732
-0.120418
-0.120107
-0.119799
-0.119495
-0.119193
-0.118894
-0.118598
-0.118305
-0.118015
-0.117728
-0.117445
-0.117164
-0.116886
-0.116611
-0.116339
-0.116071
-0.115805
-0.115542
-0.115283
-0.115026
-0.114773
-0.114522
-0.114275
-0.114031
-0.11379
-0.113551
-0.113316
-0.113084
-0.112855
-0.112629
-0.112407
-0.112187
-0.11197
-0.111757
-0.111546
-0.111339
-0.111135
-0.110933
-0.110735
-0.11054
-0.110349
-0.11016
-0.109974
-0.109792
-0.109612
-0.109436
-0.109263
-0.109093
-0.108926
-0.108762
-0.108601
-0.108443
-0.108289
-0.108137
-0.107989
-0.107844
-0.107702
-0.107563
-0.107427
-0.107294
-0.107165
-0.107038
-0.106915
-0.106795
-0.106678
-0.106564
-0.106453
-0.106345
-0.106241
-0.106139
-0.106041
-0.105945
-0.105853
-0.105764
-0.105678
-0.105595
-0.105516
-0.105439
-0.105366
-0.105295
-0.105228
-0.105164
-0.105103
-0.105045
-0.10499
-0.104938
-0.104889
-0.104844
-0.104801
-0.104762
-0.104725
-0.104692
-0.104662
-0.104635
-0.104611
-0.10459
-0.104572
-0.104557
-0.104545
-0.104536
-0.104531
-0.104528
-0.104529
-0.104532
-0.104539
-0.104548
-0.104561
-0.104577
-0.104595
-0.104617
-0.104642
-0.104669
-0.1047
-0.104734
-0.104771
-0.10481
-0.104853
-0.104899
-0.104948
-0.104999
-0.105054
-0.105112
-0.105172
-0.105236
-0.105302
-0.105372
-0.105444
-0.105519
-0.105598
-0.105679
-0.105763
-0.10585
-0.10594
-0.106033
-0.106129
-0.106227
-0.106329
-0.106433
-0.106541
-0.106651
-0.106764
-0.10688
-0.106998
-0.10712
-0.107244
-0.107372
-0.107502
-0.107635
-0.10777
-0.107909
-0.10805
-0.108194
-0.108341
-0.10849
-0.108643
-0.108798
-0.108956
-0.109116
-0.10928
-0.109446
-0.109614
-0.109786
-0.10996
-0.110137
-0.110316
-0.110499
-0.110684
-0.110871
-0.111061
-0.111254
-0.111449
-0.111647
-0.111848
-0.112051
-0.112257
-0.112466
-0.112677
-0.11289
-0.113106
-0.113325
-0.113546
-0.11377
-0.113996
-0.114225
-0.114456
-0.11469
-0.114926
-0.115165
-0.115406
-0.11565
-0.115896
-0.116144
-0.116395
-0.116648
-0.116904
-0.117162
-0.117423
-0.117685
-0.11795
-0.118218
-0.118488
-0.11876
-0.119034
-0.119311
-0.11959
-0.119871
-0.120155
-0.120441
-0.120729
-0.121019
-0.121311
-0.121606
-0.121903
-0.122202
-0.122503
-0.122806
-0.123112
-0.12342
-0.123729
-0.124041
-0.124355
-0.124671
-0.124989
-0.125309
-0.125632
-0.125956
-0.126282
-0.12661
-0.126941
-0.127273
-0.127607
-0.127943
-0.128281
-0.128621
-0.128963
-0.129307
-0.129653
-0.130001
-0.13035
-0.130701
-0.131055
-0.13141
-0.131766
-0.132125
-0.132485
-0.132848
-0.133212
-0.133577
-0.133945
-0.134314
-0.134685
-0.135057
-0.135431
-0.135807
-0.136185
-0.136564
-0.136945
-0.137327
-0.137711
-0.138097
-0.138484
-0.138872
-0.139263
-0.139654
-0.140048
-0.140442
-0.140838
-0.141236
-0.141635
-0.142036
-0.142438
-0.142841
-0.143246
-0.143652
-0.14406
-0.144469
-0.144879
-0.145291
-0.145703
-0.146118
-0.146533
-0.14695
-0.147368
-0.147787
-0.148207
-0.148629
-0.149052
-0.149476
-0.149901
-0.150327
-0.150755
-0.151183
-0.151613
-0.152044
-0.152476
-0.152909
-0.153342
-0.153777
-0.154213
-0.15465
-0.155088
-0.155527
-0.155967
-0.156408
-0.15685
-0.157293
-0.157736
-0.158181
-0.158626
-0.159072
-0.159519
-0.159967
-0.160416
-0.160865
-0.161315
-0.161766
-0.162218
-0.16267
-0.163123
-0.163577
-0.164032
-0.164487
-0.164943
-0.165399
-0.165857
-0.166314
-0.166773
-0.167232
-0.167691
-0.168151
-0.168612
-0.169073
-0.169534
-0.169996
-0.170459
-0.170922
-0.171385
-0.171849
-0.172313
-0.172778
-0.173243
-0.173709
-0.174174
-0.17464
-0.175107
-0.175574
-0.176041
-0.176508
-0.176975
-0.177443
-0.177911
-0.178379
-0.178848
-0.179316
-0.179785
-0.180254
-0.180723
-0.181192
-0.181661
-0.182131
-0.1826
-0.18307
-0.183539
-0.184009
-0.184478
-0.184948
-0.185417
-0.185887
-0.186356
-0.186826
-0.187295
-0.187764
-0.188233
-0.188702
-0.189171
-0.189639
-0.190108
-0.190576
-0.191044
-0.191512
-0.19198
-0.192447
-0.192914
-0.193381
-0.193847
-0.194313
-0.194779
-0.195245
-0.19571
-0.196174
-0.196639
-0.197103
-0.197566
-0.198029
-0.198492
-0.198954
-0.199415
-0.199877
-0.200337
-0.200797
-0.201257
-0.201716
-0.202174
-0.202632
-0.203089
-0.203545
-0.204001
-0.204456
-0.204911
-0.205365
-0.205818
-0.20627
-0.206722
-0.207173
-0.207623
-0.208072
-0.208521
-0.208969
-0.209416
-0.209862
-0.210307
-0.210751
-0.211194
-0.211637
-0.212078
-0.212519
-0.212959
-0.213397
-0.213835
-0.214272
-0.214708
-0.215142
-0.215576
-0.216008
-0.21644
-0.21687
-0.217299
-0.217728
-0.218155
-0.21858
-0.219005
-0.219428
-0.219851
-0.220272
-0.220692
-0.22111
-0.221528
-0.221944
-0.222358
-0.222772
-0.223184
-0.223595
-0.224004
-0.224412
-0.224819
-0.225224
-0.225628
-0.226031
-0.226432
-0.226831
-0.22723
-0.227626
-0.228021
-0.228415
-0.228807
-0.229198
-0.229587
-0.229974
-0.23036
-0.230745
-0.231127
-0.231508
-0.231888
-0.232266
-0.232642
-0.233016
-0.233389
-0.23376
-0.23413
-0.234512
-0.234867
-0.235238
-0.235596
-0.235959
-0.236316
-0.236674
-0.237028
-0.237382
-0.237732
-0.238082
-0.238429
-0.238775
-0.239119
-0.239461
-0.239801
-0.240139
-0.240475
-0.240809
-0.241141
-0.241471
-0.241799
-0.242126
-0.24245
-0.242772
-0.243092
-0.243411
-0.243727
-0.244041
-0.244353
-0.244663
-0.244971
-0.245276
-0.24558
-0.245881
-0.246181
-0.246478
-0.246773
-0.247066
-0.247357
-0.247645
-0.247931
-0.248216
-0.248497
-0.248777
-0.249055
-0.24933
-0.249603
-0.249873
-0.250142
-0.250408
-0.250672
-0.250933
-0.251192
-0.251449
-0.251704
-0.251956
-0.252206
-0.252453
-0.252698
-0.252941
-0.253181
-0.253419
-0.253655
-0.253888
-0.254118
-0.254347
-0.254572
-0.254796
-0.255016
-0.255235
-0.255451
-0.255664
-0.255875
-0.256083
-0.256289
-0.256492
-0.256693
-0.256891
-0.257086
-0.257279
-0.25747
-0.257658
-0.257843
-0.258026
-0.258206
-0.258383
-0.258558
-0.25873
-0.258899
-0.259066
-0.25923
-0.259391
-0.25955
-0.259706
-0.259859
-0.26001
-0.260157
-0.260303
-0.260445
-0.260584
-0.260721
-0.260855
-0.260986
-0.261115
-0.26124
-0.261363
-0.261483
-0.2616
-0.261714
-0.261825
-0.261934
-0.262039
-0.262142
-0.262242
-0.262339
-0.262432
-0.262523
-0.262612
-0.262697
-0.262779
-0.262858
-0.262934
-0.263007
-0.263078
-0.263145
-0.263209
-0.26327
-0.263328
-0.263383
-0.263435
-0.263484
-0.26353
-0.263573
-0.263613
-0.26365
-0.263683
-0.263714
-0.263741
-0.263765
-0.263786
-0.263804
-0.263819
-0.26383
-0.263839
-0.263844
-0.263846
-0.263845
-0.26384
-0.263833
-0.263822
-0.263808
-0.263791
-0.263771
-0.263747
-0.26372
-0.26369
-0.263656
-0.26362
-0.26358
-0.263536
-0.26349
-0.26344
-0.263387
-0.26333
-0.263271
-0.263208
-0.263141
-0.263072
-0.262999
-0.262922
-0.262843
-0.26276
-0.262673
-0.262584
-0.262491
-0.262394
-0.262295
-0.262191
-0.262085
-0.261975
-0.261862
-0.261745
-0.261626
-0.261502
-0.261376
-0.261245
-0.261112
-0.260975
-0.260835
-0.260691
-0.260544
-0.260394
-0.26024
-0.260083
-0.259922
-0.259758
-0.259591
-0.25942
-0.259246
-0.259068
-0.258887
-0.258703
-0.258515
-0.258324
-0.258129
-0.257931
-0.25773
-0.257525
-0.257316
-0.257105
-0.25689
-0.256671
-0.256449
-0.256224
-0.255995
-0.255763
-0.255528
-0.255289
-0.255046
-0.254801
-0.254552
-0.254299
-0.254043
-0.253784
-0.253521
-0.253255
-0.252986
-0.252713
-0.252437
-0.252157
-0.251875
-0.251588
-0.251299
-0.251005
-0.250709
-0.250409
-0.250106
-0.2498
-0.24949
-0.249177
-0.24886
-0.24854
-0.248217
-0.24789
-0.24756
-0.247227
-0.246891
-0.246551
-0.246207
-0.245861
-0.245511
-0.245158
-0.244802
-0.244442
-0.244079
-0.243712
-0.243343
-0.24297
-0.242594
-0.242214
-0.241832
-0.241446
-0.241056
-0.240664
-0.240268
-0.239869
-0.239467
-0.239062
-0.238653
-0.238241
-0.237826
-0.237408
-0.236986
-0.236562
-0.236134
-0.235703
-0.235268
-0.234831
-0.23439
-0.233947
-0.2335
-0.23305
-0.232596
-0.23214
-0.231681
-0.231218
-0.230752
-0.230284
-0.229812
-0.229337
-0.228859
-0.228378
-0.227893
-0.227406
-0.226916
-0.226422
-0.225926
-0.225426
-0.224924
-0.224418
-0.22391
-0.223398
-0.222885
-0.222367
-0.221847
-0.221323
-0.220797
-0.220268
-0.219735
-0.2192
-0.218662
-0.218121
-0.217577
-0.217033
-0.216481
-0.21593
-0.215373
-0.214816
-0.214254
-0.21369
-0.213123
-0.212553
-0.211981
-0.211405
-0.210827
-0.210246
-0.209662
-0.209076
-0.208486
-0.207894
-0.207299
-0.206702
-0.206101
-0.205498
-0.204892
-0.204284
-0.203673
-0.203059
-0.202442
-0.201823
-0.201201
-0.200577
-0.19995
-0.19932
-0.198688
-0.198053
-0.197415
-0.196775
-0.196132
-0.195487
-0.194839
-0.194189
-0.193536
-0.192881
-0.192223
-0.191562
-0.1909
-0.190234
-0.189566
-0.188896
-0.188224
-0.187549
-0.186871
-0.186191
-0.185509
-0.184824
-0.184137
-0.183448
-0.182756
-0.182062
-0.181366
-0.180667
-0.179966
-0.179263
-0.178557
-0.17785
-0.17714
-0.176428
-0.175713
-0.174996
-0.174278
-0.173557
-0.172833
-0.172108
-0.17138
-0.170651
-0.169919
-0.169185
-0.168449
-0.167711
-0.166971
-0.166229
-0.165485
-0.164739
-0.16399
-0.16324
-0.162488
-0.161734
-0.160978
-0.160219
-0.159459
-0.158697
-0.157934
-0.157168
-0.1564
-0.155631
-0.154859
-0.154086
-0.153311
-0.152534
-0.151756
-0.150975
-0.150193
-0.149409
-0.148624
-0.147836
-0.147047
-0.146256
-0.145464
-0.14467
-0.143874
-0.143076
-0.142277
-0.141477
-0.140674
-0.139871
-0.139065
-0.138258
-0.13745
-0.13664
-0.135828
-0.135015
-0.1342
-0.133384
-0.132567
-0.131748
-0.130928
-0.130106
-0.129283
-0.128459
-0.127633
-0.126806
-0.125977
-0.125147
-0.124316
-0.123484
-0.12265
-0.121815
-0.120979
-0.120141
-0.119303
-0.118463
-0.117622
-0.11678
-0.115937
-0.115092
-0.114247
-0.1134
-0.112552
-0.111704
-0.110854
-0.110003
-0.109151
-0.108298
-0.107444
-0.10659
-0.105734
-0.104877
-0.104019
-0.103161
-0.102301
-0.101441
-0.10058
-0.0997176
-0.0988547
-0.097991
-0.0971265
-0.0962612
-0.0953951
-0.0945283
-0.0936607
-0.0927925
-0.0919235
-0.0910538
-0.0901835
-0.0893125
-0.0884409
-0.0875687
-0.0866958
-0.0858224
-0.0849484
-0.0840738
-0.0831987
-0.0823231
-0.081447
-0.0805703
-0.0796932
-0.0788157
-0.0779377
-0.0770593
-0.0761804
-0.0753012
-0.0744216
-0.0735416
-0.0726613
-0.0717806
-0.0708997
-0.0700184
-0.0691369
-0.0682551
-0.0673731
-0.0664908
-0.0656083
-0.0647257
-0.0638428
-0.0629598
-0.0620766
-0.0611933
-0.0603099
-0.0594264
-0.0585428
-0.0576592
-0.0567755
-0.0558917
-0.055008
-0.0541242
-0.0532405
-0.0523568
-0.0514731
-0.0505895
-0.049706
-0.0488226
-0.0479393
-0.0470562
-0.0461732
-0.0452903
-0.0444077
-0.0435252
-0.042643
-0.0417609
-0.0408792
-0.0399977
-0.0391164
-0.0382355
-0.0373549
-0.0364746
-0.0355946
-0.034715
-0.0338358
-0.032957
-0.0320786
-0.0312006
-0.0303231
-0.029446
-0.0285694
-0.0276933
-0.0268176
-0.0259425
-0.025068
-0.024194
-0.0233206
-0.0224477
-0.0215755
-0.0207039
-0.0198329
-0.0189626
-0.0180929
-0.0172239
-0.0163557
-0.0154881
-0.0146213
-0.0137552
-0.0128898
-0.0120253
-0.0111615
-0.0102986
-0.00943648
-0.0085752
-0.00771478
-0.00685523
-0.00599657
-0.00513882
-0.00428198
-0.00342608
-0.00257112
-0.00171714
-0.000864131
-1.21215e-05
0.000838876
0.00168885
0.00253777
0.00338564
0.00423244
0.00507815
0.00592275
0.00676624
0.00760859
0.00844979
0.00928983
0.0101287
0.0109664
0.0118028
0.012638
0.013472
0.0143048
0.0151362
0.0159664
0.0167953
0.0176229
0.0184491
0.019274
0.0200976
0.0209198
0.0217406
0.02256
0.0233779
0.0241945
0.0250096
0.0258232
0.0266354
0.0274461
0.0282553
0.029063
0.0298691
0.0306737
0.0314768
0.0322782
0.0330781
0.0338764
0.0346731
0.0354681
0.0362615
0.0370533
0.0378434
0.0386318
0.0394185
0.0402061
0.0409935
0.0417728
0.0425632
0.0433291
0.0441314
0.0448691
0.0456661
0.0464194
0.0471996
0.0479583
0.0487286
0.0494879
0.0502516
0.0510091
0.0517677
0.0525224
0.0532765
0.0540278
0.0547777
0.0555253
0.0562712
0.0570149
0.0577568
0.0584965
0.0592343
0.0599701
0.0607038
0.0614354
0.062165
0.0628925
0.0636179
0.0643412
0.0650624
0.0657814
0.0664983
0.0672131
0.0679257
0.0686361
0.0693443
0.0700503
0.0707541
0.0714557
0.072155
0.0728521
0.0735469
0.0742394
0.0749297
0.0756177
0.0763033
0.0769866
0.0776677
0.0783463
0.0790226
0.0796966
0.0803681
0.0810373
0.0817041
0.0823685
0.0830304
0.08369
0.0843471
0.0850017
0.0856539
0.0863036
0.0869508
0.0875955
0.0882378
0.0888775
0.0895146
0.0901493
0.0907814
0.091411
0.0920379
0.0926624
0.0932842
0.0939034
0.0945201
0.0951341
0.0957455
0.0963542
0.0969603
0.0975638
0.0981646
0.0987628
0.0993582
0.099951
0.100541
0.101128
0.101713
0.102295
0.102874
0.103451
0.104024
0.104595
0.105163
0.105729
0.106291
0.106851
0.107408
0.107962
0.108514
0.109062
0.109608
0.110151
0.110691
0.111228
0.111762
0.112294
0.112822
0.113348
0.113871
0.11439
0.114907
0.115421
0.115932
0.116441
0.116946
0.117448
0.117947
0.118444
0.118937
0.119427
0.119915
0.120399
0.120881
0.121359
0.121834
0.122307
0.122776
0.123243
0.123706
0.124166
0.124623
0.125077
0.125529
0.125977
0.126422
0.126863
0.127302
0.127738
0.128171
0.1286
0.129027
0.12945
0.12987
0.130287
0.130701
0.131112
0.13152
0.131924
0.132326
0.132724
0.133119
0.133511
0.1339
0.134285
0.134668
0.135047
0.135423
0.135796
0.136166
0.136532
0.136896
0.137256
0.137613
0.137967
0.138317
0.138665
0.139009
0.13935
0.139687
0.140022
0.140353
0.140681
0.141006
0.141327
0.141646
0.141961
0.142272
0.142581
0.142886
0.143188
0.143487
0.143783
0.144075
0.144364
0.14465
0.144932
0.145212
0.145488
0.14576
0.14603
0.146296
0.146559
0.146819
0.147075
0.147328
0.147578
0.147824
0.148068
0.148308
0.148544
0.148778
0.149008
0.149235
0.149459
0.149679
0.149896
0.15011
0.15032
0.150527
0.150731
0.150932
0.151129
0.151323
0.151514
0.151702
0.151886
0.152067
0.152245
0.152419
0.15259
0.152758
0.152923
0.153084
0.153242
0.153397
0.153549
0.153697
0.153842
0.153984
0.154123
0.154258
0.15439
0.154519
0.154644
0.154766
0.154886
0.155001
0.155114
0.155223
0.155329
0.155432
0.155532
0.155628
0.155722
0.155812
0.155898
0.155982
0.156062
0.156139
0.156213
0.156284
0.156352
0.156416
0.156477
0.156535
0.15659
0.156642
0.15669
0.156736
0.156778
0.156817
0.156853
0.156886
0.156915
0.156942
0.156965
0.156985
0.157002
0.157016
0.157027
0.157035
0.15704
0.157041
0.15704
0.157035
0.157028
0.157017
0.157003
0.156986
0.156966
0.156943
0.156917
0.156888
0.156856
0.156821
0.156783
0.156742
0.156698
0.156651
0.156601
0.156547
0.156491
0.156432
0.15637
0.156305
0.156238
0.156167
0.156093
0.156016
0.155937
0.155854
0.155769
0.155681
0.155589
0.155495
0.155398
0.155299
0.155196
0.15509
0.154982
0.154871
0.154757
0.15464
0.154521
0.154398
0.154273
0.154145
0.154014
0.153881
0.153744
0.153605
0.153464
0.153319
0.153172
0.153022
0.15287
0.152714
0.152557
0.152396
0.152233
0.152067
0.151898
0.151727
0.151553
0.151377
0.151198
0.151016
0.150832
0.150645
0.150456
0.150264
0.15007
0.149873
0.149673
0.149471
0.149267
0.14906
0.148851
0.148639
0.148424
0.148208
0.147989
0.147767
0.147543
0.147317
0.147088
0.146857
0.146623
0.146387
0.146149
0.145908
0.145666
0.14542
0.145173
0.144923
0.144671
0.144417
0.144161
0.143902
0.143641
0.143378
0.143112
0.142845
0.142575
0.142303
0.14203
0.141753
0.141475
0.141195
0.140913
0.140628
0.140342
0.140053
0.139762
0.13947
0.139175
0.138878
0.13858
0.138279
0.137977
0.137672
0.137366
0.137057
0.136747
0.136435
0.136121
0.135805
0.135488
0.135168
0.134847
0.134524
0.134199
0.133872
0.133544
0.133214
0.132882
0.132548
0.132213
0.131876
0.131538
0.131197
0.130856
0.130512
0.130167
0.12982
0.129472
0.129122
0.128771
0.128418
0.128064
0.127708
0.127351
0.126992
0.126631
0.12627
0.125907
0.125542
0.125176
0.124809
0.124441
0.124071
0.123699
0.123327
0.122953
0.122578
0.122202
0.121824
0.121445
0.121065
0.120684
0.120302
0.119918
0.119534
0.119148
0.118761
0.118373
