1.30952
1.31785
1.22594
1.13975
1.05884
0.98295
0.982949
0.91173
0.84493
0.78225
0.723459
0.668302
0.616568
0.568039
0.522525
0.479835
0.439799
0.402253
0.367044
0.334029
0.303073
0.27405
0.246841
0.221333
0.197424
0.175015
0.154014
0.134333
0.115894
0.0986185
0.0824362
0.0672799
0.0530868
0.039798
0.0273583
0.0157158
0.00482175
-0.00536939
-0.0149005
-0.0238116
-0.0321405
-0.0399224
-0.0471905
-0.0539759
-0.0603076
-0.0662131
-0.0717179
-0.0768461
-0.0816202
-0.0861529
-0.0903692
-0.0942879
-0.0979265
-0.101302
-0.104428
-0.107322
-0.109995
-0.112461
-0.114732
-0.116818
-0.118731
-0.120479
-0.122073
-0.123521
-0.124831
-0.12601
-0.127066
-0.128005
-0.128834
-0.129558
-0.130183
-0.130713
-0.131155
-0.131511
-0.131787
-0.131986
-0.132112
-0.132169
-0.132159
-0.132087
-0.131953
-0.131763
-0.131516
-0.131218
-0.130868
-0.13047
-0.130026
-0.129536
-0.129004
-0.128431
-0.127817
-0.127165
-0.126477
-0.125752
-0.124993
-0.124201
-0.123377
-0.122521
-0.121635
-0.120721
-0.119777
-0.118807
-0.11781
-0.116787
-0.11574
-0.114668
-0.113572
-0.112454
-0.111314
-0.110153
-0.108971
-0.107768
-0.106547
-0.105306
-0.104048
-0.102772
-0.101479
-0.100169
-0.0988441
-0.097504
-0.0961493
-0.0947807
-0.0933987
-0.0920041
-0.0905975
-0.0891793
-0.0877502
-0.086311
-0.084862
-0.0834041
-0.0819378
-0.0804637
-0.0789826
-0.077495
-0.0760015
-0.0745029
-0.0729997
-0.0714928
-0.0699826
-0.0684699
-0.0669553
-0.0654396
-0.0639234
-0.0624074
-0.0608923
-0.0593788
-0.0578675
-0.0563591
-0.0548545
-0.0533541
-0.0518588
-0.0503693
-0.0488861
-0.0474101
-0.0459419
-0.0444822
-0.0430317
-0.0415911
-0.0401611
-0.0387422
-0.0373353
-0.0359409
-0.0345597
-0.0331924
-0.0318396
-0.030502
-0.0291801
-0.0278747
-0.0265862
-0.0253153
-0.0240626
-0.0228286
-0.021614
-0.0204192
-0.0192448
-0.0180914
-0.0169594
-0.0158493
-0.0147616
-0.0136967
-0.0126552
-0.0116374
-0.0106438
-0.00967474
-0.00873061
-0.00781179
-0.00691861
-0.0060514
-0.00521048
-0.00439612
-0.00360861
-0.00284819
-0.0021151
-0.00140955
-0.000731742
-8.18451e-05
0.000539981
0.0011336
0.00169889
0.00223576
0.00274412
0.00322391
0.0036751
0.00409766
0.00449158
0.00485687
0.00519358
0.00550174
0.00578143
0.00603273
0.00625575
0.00645059
0.00661741
0.00675634
0.00686756
0.00695124
0.0070076
0.00703683
0.00703916
0.00701484
0.00696411
0.00688725
0.00678453
0.00665625
0.00650269
0.00632419
0.00612105
0.00589362
0.00564224
0.00536725
0.00506902
0.00474792
0.00440432
0.00403861
0.00365117
0.0032424
0.00281269
0.00236246
0.00189212
0.00140208
0.000892752
0.000364562
-0.000182066
-0.000746709
-0.00132894
-0.00192832
-0.00254444
-0.00317685
-0.00382514
-0.00448886
-0.00516759
-0.00586091
-0.00656838
-0.00728958
-0.0080241
-0.00877151
-0.00953139
-0.0103033
-0.0110869
-0.0118818
-0.0126874
-0.0135035
-0.0143297
-0.0151655
-0.0160107
-0.0168647
-0.0177272
-0.0185979
-0.0194763
-0.0203623
-0.0212553
-0.022155
-0.0230611
-0.0239733
-0.0248913
-0.0258147
-0.0267432
-0.0276765
-0.0286143
-0.0295563
-0.0305023
-0.0314519
-0.0324049
-0.033361
-0.0343199
-0.0352815
-0.0362454
-0.0372115
-0.0381794
-0.039149
-0.0401201
-0.0410924
-0.0420657
-0.0430399
-0.0440147
-0.04499
-0.0459655
-0.0469412
-0.0479168
-0.0488921
-0.0498671
-0.0508416
-0.0518154
-0.0527884
-0.0537605
-0.0547315
-0.0557013
-0.0566698
-0.0576369
-0.0586025
-0.0595665
-0.0605287
-0.0614891
-0.0624477
-0.0634042
-0.0643587
-0.065311
-0.0662611
-0.0672089
-0.0681544
-0.0690975
-0.0700381
-0.0709762
-0.0719117
-0.0728445
-0.0737747
-0.0747022
-0.075627
-0.0765489
-0.077468
-0.0783843
-0.0792976
-0.0802081
-0.0811156
-0.0820201
-0.0829215
-0.08382
-0.0847154
-0.0856078
-0.0864971
-0.0873832
-0.0882663
-0.0891462
-0.090023
-0.0908966
-0.091767
-0.0926342
-0.0934982
-0.094359
-0.0952166
-0.096071
-0.0969221
-0.0977699
-0.0986145
-0.0994558
-0.100294
-0.101128
-0.10196
-0.102788
-0.103613
-0.104434
-0.105252
-0.106067
-0.106878
-0.107686
-0.10849
-0.109291
-0.110089
-0.110883
-0.111673
-0.112461
-0.113244
-0.114024
-0.114801
-0.115574
-0.116343
-0.117108
-0.117871
-0.118629
-0.119383
-0.120134
-0.120882
-0.121625
-0.122364
-0.1231
-0.123832
-0.12456
-0.125284
-0.126004
-0.12672
-0.127431
-0.128139
-0.128843
-0.129542
-0.130237
-0.130928
-0.131615
-0.132297
-0.132975
-0.133648
-0.134317
-0.134982
-0.135641
-0.136297
-0.136947
-0.137593
-0.138233
-0.138869
-0.1395
-0.140127
-0.140748
-0.141364
-0.141974
-0.14258
-0.14318
-0.143775
-0.144365
-0.144949
-0.145528
-0.146101
-0.146668
-0.14723
-0.147786
-0.148336
-0.14888
-0.149419
-0.149951
-0.150477
-0.150997
-0.151511
-0.152018
-0.152519
-0.153014
-0.153502
-0.153984
-0.154459
-0.154927
-0.155388
-0.155843
-0.156291
-0.156731
-0.157165
-0.157591
-0.158011
-0.158423
-0.158828
-0.159225
-0.159615
-0.159998
-0.160372
-0.16074
-0.161099
-0.161451
-0.161795
-0.162131
-0.162459
-0.162779
-0.163091
-0.163394
-0.16369
-0.163977
-0.164256
-0.164526
-0.164789
-0.165042
-0.165287
-0.165524
-0.165751
-0.16597
-0.166181
-0.166382
-0.166574
-0.166758
-0.166933
-0.167098
-0.167255
-0.167403
-0.167541
-0.16767
-0.16779
-0.167901
-0.168002
-0.168094
-0.168177
-0.16825
-0.168314
-0.168368
-0.168413
-0.168448
-0.168473
-0.16849
-0.168496
-0.168493
-0.16848
-0.168458
-0.168425
-0.168383
-0.168332
-0.16827
-0.168199
-0.168118
-0.168028
-0.167927
-0.167817
-0.167697
-0.167567
-0.167427
-0.167278
-0.167119
-0.16695
-0.166771
-0.166582
-0.166384
-0.166176
-0.165958
-0.16573
-0.165493
-0.165246
-0.164989
-0.164723
-0.164447
-0.164161
-0.163866
-0.163561
-0.163246
-0.162922
-0.162589
-0.162246
-0.161894
-0.161532
-0.161161
-0.160781
-0.160392
-0.159993
-0.159585
-0.159168
-0.158742
-0.158307
-0.157863
-0.15741
-0.156948
-0.156477
-0.155998
-0.155509
-0.155013
-0.154507
-0.153993
-0.153471
-0.15294
-0.152401
-0.151854
-0.151298
-0.150734
-0.150163
-0.149583
-0.148996
-0.1484
-0.147797
-0.147187
-0.146568
-0.145943
-0.145309
-0.144669
-0.144021
-0.143366
-0.142704
-0.142035
-0.14136
-0.140677
-0.139988
-0.139292
-0.138589
-0.137881
-0.137165
-0.136444
-0.135717
-0.134983
-0.134244
-0.133499
-0.132748
-0.131991
-0.13123
-0.130462
-0.12969
-0.128912
-0.128129
-0.127341
-0.126549
-0.125751
-0.124949
-0.124143
-0.123332
-0.122517
-0.121698
-0.120874
-0.120047
-0.119216
-0.118381
-0.117543
-0.116701
-0.115856
-0.115008
-0.114157
-0.113303
-0.112446
-0.111586
-0.110723
-0.109859
-0.108991
-0.108122
-0.107251
-0.106377
-0.105502
-0.104625
-0.103747
-0.102867
-0.101986
-0.101103
-0.10022
-0.0993357
-0.0984506
-0.0975648
-0.0966785
-0.0957918
-0.0949048
-0.0940177
-0.0931306
-0.0922435
-0.0913568
-0.0904704
-0.0895846
-0.0886994
-0.087815
-0.0869314
-0.086049
-0.0851677
-0.0842877
-0.0834091
-0.0825321
-0.0816568
-0.0807833
-0.0799118
-0.0790423
-0.0781751
-0.0773102
-0.0764478
-0.0755879
-0.0747308
-0.0738765
-0.0730252
-0.072177
-0.071332
-0.0704904
-0.0696523
-0.0688177
-0.0679869
-0.0671599
-0.0663368
-0.0655179
-0.0647031
-0.0638927
-0.0630867
-0.0622852
-0.0614884
-0.0607406
-0.0599923
-0.059244
-0.0584963
-0.0577497
-0.0570045
-0.0562612
-0.0555202
-0.0547818
-0.0540465
-0.0533145
-0.0525862
-0.0518619
-0.0511418
-0.0504263
-0.0497157
-0.0490101
-0.0483098
-0.047615
-0.046926
-0.0462429
-0.045566
-0.0448954
-0.0442314
-0.043574
-0.0429234
-0.0422798
-0.0416434
-0.0410142
-0.0403924
-0.0397782
-0.0391715
-0.0385726
-0.0379816
-0.0373985
-0.0368234
-0.0362564
-0.0356976
-0.0351471
-0.0346049
-0.0340711
-0.0335458
-0.0330291
-0.0325208
-0.0320212
-0.0315303
-0.0310481
-0.0305746
-0.0301099
-0.029654
-0.0292069
-0.0287686
-0.0283392
-0.0279187
-0.0275071
-0.0271044
-0.0267106
-0.0263256
-0.0259496
-0.0255825
-0.0252242
-0.0248749
-0.0245344
-0.0242028
-0.02388
-0.023566
-0.0232608
-0.0229644
-0.0226767
-0.0223977
-0.0221274
-0.0218658
-0.0216128
-0.0213683
-0.0211323
-0.0209049
-0.0206859
-0.0204752
-0.020273
-0.020079
-0.0198932
-0.0197157
-0.0195463
-0.019385
-0.0192316
-0.0190863
-0.0189488
-0.0188192
-0.0186973
-0.0185832
-0.0184767
-0.0183777
-0.0182863
-0.0182022
-0.0181256
-0.0180562
-0.017994
-0.0179389
-0.0178909
-0.0178499
-0.0178158
-0.0177885
-0.0177679
-0.017754
-0.0177467
-0.0177459
-0.0177515
-0.0177635
-0.0177816
-0.017806
-0.0178365
-0.0178729
-0.0179153
-0.0179635
-0.0180174
-0.018077
-0.0181422
-0.0182129
-0.018289
-0.0183704
-0.0184571
-0.0185489
-0.0186458
-0.0187476
-0.0188544
-0.018966
-0.0190823
-0.0192032
-0.0193288
-0.0194588
-0.0195932
-0.0197319
-0.0198749
-0.020022
-0.0201732
-0.0203284
-0.0204875
-0.0206504
-0.0208172
-0.0209876
-0.0211616
-0.0213391
-0.0215201
-0.0217045
-0.0218923
-0.0220832
-0.0222774
-0.0224746
-0.0226749
-0.0228781
-0.0230843
-0.0232933
-0.023505
-0.0237195
-0.0239366
-0.0241563
-0.0243785
-0.0246031
-0.0248302
-0.0250596
-0.0252913
-0.0255252
-0.0257614
-0.0259996
-0.0262399
-0.0264823
-0.0267266
-0.0269728
-0.0272209
-0.0274709
-0.0277226
-0.0279761
-0.0282313
-0.0284882
-0.0287466
-0.0290067
-0.0292683
-0.0295314
-0.0297959
-0.0300619
-0.0303293
-0.0305981
-0.0308682
-0.0311396
-0.0314122
-0.0316861
-0.0319613
-0.0322376
-0.032515
-0.0327936
-0.0330734
-0.0333542
-0.033636
-0.0339189
-0.0342029
-0.0344878
-0.0347737
-0.0350606
-0.0353484
-0.0356372
-0.0359269
-0.0362174
-0.0365089
-0.0368012
-0.0370944
-0.0373884
-0.0376832
-0.0379788
-0.0382753
-0.0385725
-0.0388705
-0.0391693
-0.0394689
-0.0397691
-0.0400702
-0.0403719
-0.0406744
-0.0409776
-0.0412815
-0.0415861
-0.0418913
-0.0421973
-0.0425039
-0.0428112
-0.0431191
-0.0434277
-0.0437369
-0.0440468
-0.0443573
-0.0446684
-0.0449801
-0.0452924
-0.0456053
-0.0459187
-0.0462328
-0.0465474
-0.0468625
-0.0471782
-0.0474945
-0.0478113
-0.0481285
-0.0484463
-0.0487646
-0.0490833
-0.0494025
-0.0497222
-0.0500423
-0.0503628
-0.0506837
-0.051005
-0.0513267
-0.0516488
-0.0519712
-0.0522939
-0.0526169
-0.0529402
-0.0532637
-0.0535875
-0.0539115
-0.0542357
-0.0545601
-0.0548846
-0.0552092
-0.0555339
-0.0558587
-0.0561835
-0.0565083
-0.056833
-0.0571577
-0.0574823
-0.0578067
-0.058131
-0.0584551
-0.0587789
-0.0591024
-0.0594256
-0.0597484
-0.0600708
-0.0603928
-0.0607142
-0.0610351
-0.0613553
-0.061675
-0.0619939
-0.062312
-0.0626293
-0.0629458
-0.0632613
-0.0635759
-0.0638894
-0.0642018
-0.064513
-0.064823
-0.0651316
-0.0654389
-0.0657448
-0.0660492
-0.0663519
-0.0666531
-0.0669525
-0.06725
-0.0675458
-0.0678395
-0.0681312
-0.0684208
-0.0687082
-0.0689932
-0.0692759
-0.0695562
-0.0698338
-0.0701089
-0.0703812
-0.0706506
-0.0709172
-0.0711807
-0.0714411
-0.0716982
-0.0719521
-0.0722026
-0.0724495
-0.0726928
-0.0729324
-0.0731681
-0.0733999
-0.0736277
-0.0738513
-0.0740706
-0.0742856
-0.0744961
-0.074702
-0.0749032
-0.0750996
-0.075291
-0.0754774
-0.0756586
-0.0758345
-0.0760051
-0.0761701
-0.0763295
-0.0764832
-0.076631
-0.0767728
-0.0769085
-0.077038
-0.0771612
-0.0772779
-0.0773881
-0.0774916
-0.0775883
-0.0776781
-0.0777609
-0.0778365
-0.0779049
-0.0779659
-0.0780195
-0.0780654
-0.0781037
-0.0781342
-0.0781568
-0.0781714
-0.0781778
-0.0781761
-0.078166
-0.0781476
-0.0781206
-0.078085
-0.0780408
-0.0779878
-0.0779259
-0.077855
-0.0777751
-0.0776861
-0.077588
-0.0774805
-0.0773638
-0.0772376
-0.077102
-0.0769568
-0.0768021
-0.0766378
-0.0764637
-0.07628
-0.0760865
-0.0758831
-0.07567
-0.0754469
-0.075214
-0.0749711
-0.0747183
-0.0744556
-0.0741829
-0.0739002
-0.0736076
-0.0733051
-0.0729926
-0.0726701
-0.0723378
-0.0719956
-0.0716435
-0.0712817
-0.07091
-0.0705287
-0.0701376
-0.069737
-0.0693268
-0.0689071
-0.068478
-0.0680396
-0.067592
-0.0671352
-0.0666693
-0.0661945
-0.0657108
-0.0652184
-0.0647173
-0.0642078
-0.0636899
-0.0631638
-0.0626295
-0.0620873
-0.0615374
-0.0609797
-0.0604146
-0.0598421
-0.0592625
-0.058676
-0.0580826
-0.0574826
-0.0568762
-0.0562636
-0.0556449
-0.0550204
-0.0543903
-0.0537547
-0.053114
-0.0524683
-0.0518179
-0.0511629
-0.0505036
-0.0498403
-0.0491732
-0.0485024
-0.0478284
-0.0471512
-0.0464712
-0.0457886
-0.0451037
-0.0444166
-0.0437278
-0.0430374
-0.0423456
-0.0416528
-0.0409593
-0.0402652
-0.0395709
-0.0388765
-0.0381825
-0.037489
-0.0367963
-0.0361047
-0.0354144
-0.0347258
-0.034039
-0.0333544
-0.0326721
-0.0319926
-0.0313159
-0.0306425
-0.0299725
-0.0293062
-0.0286438
-0.0279857
-0.027332
-0.026683
-0.026039
-0.0254001
-0.0247666
-0.0241389
-0.023517
-0.0229012
-0.0222917
-0.0216888
-0.0210927
-0.0205035
-0.0199215
-0.0193469
-0.0187799
-0.0182207
-0.0176694
-0.0171263
-0.0165915
-0.0160652
-0.0155476
-0.0150388
-0.014539
-0.0140483
-0.0135669
-0.0130949
-0.0126324
-0.0121797
-0.0117367
-0.0113037
-0.0108807
-0.0104678
-0.0100652
-0.00967292
-0.00929104
-0.00891966
-0.00855886
-0.0082087
-0.00786924
-0.00754056
-0.00722268
-0.00691567
-0.00661956
-0.00633439
-0.00606017
-0.00579695
-0.00554473
-0.00530352
-0.00507333
-0.00485415
-0.00464599
-0.00444884
-0.00426266
-0.00408746
-0.00392318
-0.00376982
-0.00362732
-0.00349564
-0.00337475
-0.00326458
-0.00316509
-0.00307621
-0.00299787
-0.00293001
-0.00287255
-0.00282542
-0.00278853
-0.0027618
-0.00274514
-0.00273846
-0.00274166
-0.00275464
-0.00277729
-0.00280952
-0.00285121
-0.00290225
-0.00296252
-0.00303191
-0.00311031
-0.00319757
-0.00329359
-0.00339823
-0.00351137
-0.00363287
-0.0037626
-0.00390043
-0.00404622
-0.00419983
-0.00436113
-0.00452998
-0.00470623
-0.00488974
-0.00508037
-0.00527798
-0.00548242
-0.00569355
-0.00591122
-0.00613529
-0.00636561
-0.00660204
-0.00684442
-0.00709262
-0.00734648
-0.00760587
-0.00787063
-0.00814062
-0.0084157
-0.00869572
-0.00898055
-0.00927003
-0.00956403
-0.0098624
-0.010165
-0.0104717
-0.0107824
-0.0110969
-0.011415
-0.0117367
-0.0120619
-0.0123903
-0.0127219
-0.0130565
-0.013394
-0.0137343
-0.0140772
-0.0144226
-0.0147705
-0.0151206
-0.0154729
-0.0158273
-0.0161836
-0.0165417
-0.0169015
-0.0172629
-0.0176258
-0.0179901
-0.0183557
-0.0187225
-0.0190903
-0.0194592
-0.0198289
-0.0201994
-0.0205706
-0.0209424
-0.0213147
-0.0216875
-0.0220606
-0.022434
-0.0228075
-0.0231812
-0.0235549
-0.0239285
-0.024302
-0.0246753
-0.0250483
-0.025421
-0.0257933
-0.0261651
-0.0265364
-0.026907
-0.027277
-0.0276463
-0.0280149
-0.0283826
-0.0287112
-0.0290432
-0.0293782
-0.0297159
-0.030056
-0.0303981
-0.030742
-0.0310874
-0.0314341
-0.0317817
-0.0321302
-0.0324792
-0.0328285
-0.0331781
-0.0335276
-0.033877
-0.0342261
-0.0345747
-0.0349227
-0.0352699
-0.0356163
-0.0359617
-0.0363061
-0.0366492
-0.0369911
-0.0373316
-0.0376706
-0.0380082
-0.0383441
-0.0386783
-0.0390109
-0.0393416
-0.0396705
-0.0399975
-0.0403226
-0.0406457
-0.0409668
-0.0412858
-0.0416027
-0.0419175
-0.0422302
-0.0425407
-0.042849
-0.043155
-0.0434589
-0.0437604
-0.0440597
-0.0443568
-0.0446515
-0.0449439
-0.045234
-0.0455217
-0.0458072
-0.0460903
-0.0463711
-0.0466495
-0.0469256
-0.0471993
-0.0474707
-0.0477397
-0.0480064
-0.0482708
-0.0485328
-0.0487925
-0.0490498
-0.0493049
-0.0495576
-0.0498079
-0.050056
-0.0503018
-0.0505452
-0.0507864
-0.0510253
-0.0512619
-0.0514962
-0.0517282
-0.051958
-0.0521855
-0.0524108
-0.0526338
-0.0528547
-0.0530732
-0.0532896
-0.0535037
-0.0537157
-0.0539254
-0.0541329
-0.0543383
-0.0545415
-0.0547425
-0.0549413
-0.055138
-0.0553325
-0.0555249
-0.0557152
-0.0559033
-0.0560892
-0.0562731
-0.0564548
-0.0566344
-0.0568118
-0.0569872
-0.0571605
-0.0573316
-0.0575007
-0.0576676
-0.0578325
-0.0579953
-0.0581559
-0.0583145
-0.058471
-0.0586254
-0.0587778
-0.058928
-0.0590762
-0.0592222
-0.0593662
-0.0595081
-0.0596479
-0.0597857
-0.0599213
-0.0600549
-0.0601863
-0.0603157
-0.0604429
-0.0605681
-0.0606911
-0.0608121
-0.0609309
-0.0610476
-0.0611622
-0.0612746
-0.061385
-0.0614931
-0.0615992
-0.0617031
-0.0618048
-0.0619044
-0.0620018
-0.062097
-0.06219
-0.0622809
-0.0623695
-0.0624559
-0.0625401
-0.0626221
-0.0627018
-0.0627793
-0.0628546
-0.0629275
-0.0629982
-0.0630666
-0.0631327
-0.0631965
-0.0632579
-0.063317
-0.0633738
-0.0634282
-0.0634802
-0.0635299
-0.0635771
-0.063622
-0.0636644
-0.0637043
-0.0637418
-0.0637769
-0.0638094
-0.0638395
-0.063867
-0.063892
-0.0639145
-0.0639344
-0.0639518
-0.0639665
-0.0639786
-0.0639881
-0.063995
-0.0639992
-0.0640008
-0.0639996
-0.0639958
-0.0639892
-0.0639799
-0.0639678
-0.0639529
-0.0639353
-0.0639148
-0.0638915
-0.0638654
-0.0638364
-0.0638045
-0.0637698
-0.0637321
-0.0636915
-0.0636479
-0.0636013
-0.0635518
-0.0634993
-0.0634437
-0.0633851
-0.0633234
-0.0632587
-0.0631909
-0.06312
-0.0630459
-0.0629687
-0.0628883
-0.0628048
-0.0627181
-0.0626281
-0.062535
-0.0624386
-0.0623389
-0.062236
-0.0621298
-0.0620202
-0.0619074
-0.0617913
-0.0616718
-0.0615489
-0.0614227
-0.061293
-0.06116
-0.0610236
-0.0608838
-0.0607405
-0.0605938
-0.0604437
-0.0602901
-0.060133
-0.0599724
-0.0598084
-0.0596409
-0.0594698
-0.0592953
-0.0591173
-0.0589357
-0.0587506
-0.058562
-0.0583699
-0.0581742
-0.057975
-0.0577723
-0.057566
-0.0573562
-0.0571429
-0.056926
-0.0567057
-0.0564818
-0.0562543
-0.0560234
-0.055789
-0.0555511
-0.0553096
-0.0550647
-0.0548164
-0.0545645
-0.0543093
-0.0540506
-0.0537884
-0.0535229
-0.053254
-0.0529817
-0.0527061
-0.0524271
-0.0521448
-0.0518592
-0.0515704
-0.0512783
-0.0509829
-0.0506844
-0.0503828
-0.0500779
-0.04977
-0.049459
-0.049145
-0.0488279
-0.0485079
-0.0481849
-0.047859
-0.0475302
-0.0471986
-0.0468643
-0.0465271
-0.0461873
-0.0458448
-0.0454997
-0.045152
-0.0448018
-0.0444492
-0.0440941
-0.0437367
-0.0433769
-0.0430149
-0.0426507
-0.0422843
-0.0419158
-0.0415453
-0.0411729
-0.0407985
-0.0404223
-0.0400443
-0.0396646
-0.0392832
-0.0389003
-0.0385159
-0.03813
-0.0377427
-0.0373542
-0.0369644
-0.0365735
-0.0361815
-0.0357886
-0.0353947
-0.0349999
-0.0346045
-0.0342083
-0.0338115
-0.0334143
-0.0330166
-0.0326186
-0.0322203
-0.0318218
-0.0314233
-0.0310248
-0.0306264
-0.0302281
-0.0298302
-0.0294326
-0.0290355
-0.0286389
-0.028243
-0.0278478
-0.0274535
-0.0270601
-0.0266677
-0.0262765
-0.0258865
-0.0254978
-0.0251105
-0.0247247
-0.0243406
-0.0239581
-0.0235775
-0.0231988
-0.0228221
-0.0224474
-0.022075
-0.0217049
-0.0213372
-0.020972
-0.0206094
-0.0202494
-0.0198923
-0.0195381
-0.0191868
-0.0188387
-0.0184937
-0.018152
-0.0178136
-0.0174788
-0.0171474
-0.0168198
-0.0164959
-0.0161758
-0.0158597
-0.0155476
-0.0152396
-0.0149358
-0.0146363
-0.0143412
-0.0140505
-0.0137644
-0.0134829
-0.0132062
-0.0129342
-0.0126671
-0.012405
-0.0121479
-0.0118958
-0.011649
-0.0114075
-0.0111712
-0.0109404
-0.010715
-0.0104951
-0.0102809
-0.0100723
-0.0098694
-0.0096723
-0.00948104
-0.00929567
-0.00911625
-0.00894283
-0.00877547
-0.0086142
-0.00845907
-0.00831014
-0.00816743
-0.008031
-0.00790088
-0.0077771
-0.0076597
-0.00754871
-0.00744416
-0.00734607
-0.00725448
-0.0071694
-0.00709085
-0.00701886
-0.00695343
-0.00689458
-0.00684232
-0.00679667
-0.00675762
-0.00672518
-0.00669935
-0.00668013
-0.00666751
-0.0066615
-0.00666209
-0.00666925
-0.00668299
-0.00670328
-0.00673011
-0.00676345
-0.0068033
-0.00684961
-0.00690236
-0.00696153
-0.00702709
-0.00709899
-0.0071772
-0.00726169
-0.0073524
-0.00744931
-0.00755236
-0.00766151
-0.00777671
-0.00789789
-0.00802502
-0.00815803
-0.00829687
-0.00844147
-0.00859177
-0.0087477
-0.00890921
-0.00907621
-0.00924865
-0.00942644
-0.00960951
-0.00979778
-0.00999118
-0.0101896
-0.010393
-0.0106013
-0.0108144
-0.0110322
-0.0112546
-0.0114815
-0.0117129
-0.0119486
-0.0121885
-0.0124326
-0.0126807
-0.0129327
-0.0131886
-0.0134483
-0.0137116
-0.0139784
-0.0142486
-0.0145221
-0.0147988
-0.0150786
-0.0153614
-0.0156471
-0.0159355
-0.0162265
-0.01652
-0.016816
-0.0171142
-0.0174145
-0.0177169
-0.0180212
-0.0183273
-0.018635
-0.0189443
-0.019255
-0.019567
-0.0198801
-0.0201943
-0.0205093
-0.0208251
-0.0211416
-0.0214586
-0.0217759
-0.0220935
-0.0224111
-0.0227288
-0.0230463
-0.0233635
-0.0236802
-0.0239964
-0.0243119
-0.0246265
-0.0249401
-0.0252526
-0.0255639
-0.0258737
-0.026182
-0.0264886
-0.0267934
-0.0270962
-0.0273969
-0.0276954
-0.0279914
-0.0282849
-0.0285757
-0.0288637
-0.0291487
-0.0294306
-0.0297091
-0.0299843
-0.0302559
-0.0305238
-0.0307879
-0.0310479
-0.0313037
-0.0315553
-0.0318023
-0.0320448
-0.0322825
-0.0325153
-0.032743
-0.0329655
-0.0331826
-0.0333941
-0.0336
-0.0338
-0.033994
-0.0341819
-0.0343635
-0.0345385
-0.034707
-0.0348686
-0.0350233
-0.0351709
-0.0353112
-0.0354441
-0.0355694
-0.0356869
-0.0357965
-0.0358979
-0.0359912
-0.036076
-0.0361522
-0.0362196
-0.0362782
-0.0363276
-0.0363678
-0.0363985
-0.0364196
-0.036431
-0.0364324
-0.0364237
-0.0364047
-0.0363752
-0.0363351
-0.0362841
-0.0362222
-0.0361491
-0.0360647
-0.0359687
-0.0358611
-0.0357415
-0.0356099
-0.0354661
-0.0353099
-0.0351411
-0.0349595
-0.034765
-0.0345574
-0.0343365
-0.0341021
-0.033854
-0.0335922
-0.0333163
-0.0330262
-0.0327218
-0.0324029
-0.0320692
-0.0317207
-0.0313571
-0.0309783
-0.0305841
-0.0301743
-0.0297489
-0.0293075
-0.0288501
-0.0283764
-0.0278864
-0.0273799
-0.0268567
-0.0263166
-0.0257595
-0.0251853
-0.0245939
-0.023985
-0.0233585
-0.0227144
-0.0220524
-0.0213725
-0.0206745
-0.0199584
-0.0192239
-0.0184711
-0.0177695
-0.0170428
-0.0162912
-0.015515
-0.0147145
-0.0138898
-0.0130413
-0.0121692
-0.0112737
-0.010355
-0.00941332
-0.00844887
-0.00746185
-0.00645246
-0.00542088
-0.00436732
-0.00329196
-0.002195
-0.00107663
6.29509e-05
0.00122355
0.00240497
0.00360699
0.00482943
0.00607205
0.00733464
0.00861698
0.00991884
0.01124
0.0125801
0.0139391
0.0153166
0.0167123
0.018126
0.0195573
0.0210061
0.0224719
0.0239544
0.0254534
0.0269685
0.0284993
0.0300454
0.0316066
0.0331823
0.0347722
0.0363759
0.037993
0.039623
0.0412655
0.0429199
0.044586
0.046263
0.0479506
0.0496482
0.0513553
0.0530714
0.0547959
0.0565283
0.0582679
0.0600142
0.0617666
0.0635245
0.0652872
0.0670542
0.0688247
0.0705981
0.0723738
0.074151
0.0759292
0.0777075
0.0794854
0.081262
0.0830367
0.0848087
0.0865774
0.0883419
0.0901015
0.0918555
0.0936032
0.0953437
0.0970764
0.0988004
0.100515
0.102219
0.103913
0.105595
0.107264
0.10892
0.110562
0.112189
0.113801
0.115396
0.116974
0.118535
0.120077
0.1216
0.123103
0.124585
0.126046
0.127485
0.128901
0.130293
0.131662
0.133005
0.134324
0.135616
0.136882
0.13812
0.139331
0.140514
0.141667
0.142791
0.143886
0.14495
0.145983
0.146985
0.147955
0.148893
0.149799
0.150671
0.151511
0.152317
0.153089
0.153828
0.154531
0.155201
0.155835
0.156435
0.156999
0.157528
0.158022
0.158481
0.158904
0.159291
0.159643
0.159959
0.16024
0.160485
0.160695
0.160869
0.161009
0.161113
0.161182
0.161217
0.161217
0.161183
0.161114
0.161012
0.160877
0.160708
0.160506
0.160271
0.160005
0.159706
0.159376
0.159015
0.158623
0.158201
0.157749
0.157268
0.156757
0.156219
0.155652
0.155058
0.154437
0.153789
0.153115
0.152416
0.151693
0.150944
0.150172
0.149377
0.148559
0.147719
0.146858
0.145975
0.145072
0.144149
0.143207
0.142246
0.141267
0.14027
0.139257
0.138227
0.137181
0.136119
0.135043
0.133953
0.132849
0.131733
0.130603
0.129462
0.128309
0.127145
0.12597
0.124786
0.123592
0.12239
0.121179
0.11996
0.118733
0.1175
0.11626
0.115014
0.113762
0.112505
0.111243
0.109977
0.108707
0.107433
0.106157
0.104877
0.103595
0.102311
0.101025
0.0997378
0.0984496
0.0971605
0.0958711
0.0945815
0.0932921
0.0920031
0.0907149
0.0894276
0.0881416
0.0868571
0.0855742
0.0842933
0.0830146
0.0817382
0.0804644
0.0791933
0.0779252
0.0766602
0.0753984
0.0741401
0.0728853
0.0716343
0.0703871
0.0691439
0.0679048
0.0666698
0.0654392
0.064213
0.0629913
0.0617741
0.0605616
0.0593538
0.0581508
0.0569527
0.0557595
0.0545712
0.0533878
0.0522095
0.0510363
0.0498682
0.0487051
0.0475472
0.0463944
0.0452468
0.0441043
0.0429669
0.0418347
0.0407077
0.0395858
0.038469
0.0373573
0.0362507
0.0351492
0.0340527
0.0329612
0.0318748
0.0307933
0.0297167
0.028645
0.0275781
0.0265161
0.0254588
0.0244063
0.0233585
0.0223153
0.0212767
0.0202427
0.0192133
0.0181882
0.0171677
0.0161514
0.0151396
0.014132
0.0131286
0.0121295
0.0111344
0.0101434
0.00915651
0.00817357
0.00719458
0.00621949
0.00524825
0.00428082
0.00331715
0.00235719
0.00140092
0.000448269
-0.000492804
-0.00143076
-0.0023656
-0.00329736
-0.00422605
-0.00515168
-0.00607427
-0.00699383
-0.00791039
-0.00882395
-0.00973454
-0.0106339
-0.0115307
-0.0124251
-0.0133169
-0.0142062
-0.015093
-0.0159772
-0.0168588
-0.0177378
-0.0186143
-0.0194882
-0.0203594
-0.0212281
-0.0220941
-0.0229574
-0.0238181
-0.0246761
-0.0255314
-0.026384
-0.0272339
-0.028081
-0.0289254
-0.0297669
-0.0306057
-0.0314417
-0.0322747
-0.033105
-0.0339323
-0.0347567
-0.0355781
-0.0363966
-0.0372121
-0.0380245
-0.0388338
-0.0396401
-0.0404431
-0.0412431
-0.0420398
-0.0428332
-0.0436234
-0.0444102
-0.0451936
-0.0459736
-0.0467502
-0.0475232
-0.0482927
-0.0490586
-0.0498209
-0.0505794
-0.0513342
-0.0520851
-0.0528322
-0.0535754
-0.0543146
-0.0550498
-0.0557809
-0.0565078
-0.0572305
-0.057949
-0.0586631
-0.0593729
-0.0600782
-0.0607789
-0.0614751
-0.0621666
-0.0628534
-0.0635355
-0.0642126
-0.0648849
-0.0655521
-0.0662143
-0.0668714
-0.0675232
-0.0681698
-0.068811
-0.0694468
-0.0700772
-0.0707019
-0.071321
-0.0719344
-0.072542
-0.0731438
-0.0737396
-0.0743294
-0.0749131
-0.0754907
-0.076062
-0.076627
-0.0771857
-0.0777378
-0.0782835
-0.0788225
-0.0793549
-0.0798805
-0.0803992
-0.0809111
-0.081416
-0.0819138
-0.0824045
-0.0828881
-0.0833643
-0.0838332
-0.0842948
-0.0847488
-0.0851953
-0.0856342
-0.0860654
-0.0864888
-0.0869044
-0.0873122
-0.087712
-0.0881038
-0.0884875
-0.0888631
-0.0892304
-0.0895896
-0.0899404
-0.0902828
-0.0906168
-0.0909422
-0.0912592
-0.0915675
-0.0918672
-0.0921582
-0.0924404
-0.0927138
-0.0929784
-0.0932341
-0.0934808
-0.0937185
-0.0939472
-0.0941668
-0.0943773
-0.0945786
-0.0947707
-0.0949537
-0.0951273
-0.0952917
-0.0954467
-0.0955923
-0.0957286
-0.0958555
-0.0959729
-0.0960809
-0.0961793
-0.0962683
-0.0963477
-0.0964177
-0.096478
-0.0965288
-0.09657
-0.0966016
-0.0966236
-0.096636
-0.0966387
-0.0966319
-0.0966154
-0.0965893
-0.0965536
-0.0965083
-0.0964534
-0.0963888
-0.0963147
-0.0962309
-0.0961376
-0.0960348
-0.0959224
-0.0958004
-0.095669
-0.095528
-0.0953776
-0.0952178
-0.0950485
-0.0948698
-0.0946818
-0.0944845
-0.0942778
-0.0940619
-0.0938368
-0.0936024
-0.0933589
-0.0931063
-0.0928447
-0.092574
-0.0922943
-0.0920057
-0.0917082
-0.0914019
-0.0910868
-0.090763
-0.0904305
-0.0900894
-0.0897398
-0.0893816
-0.0890151
-0.0886401
-0.0882568
-0.0878653
-0.0874657
-0.0870579
-0.0866421
-0.0862183
-0.0857866
-0.0853471
-0.0848999
-0.084445
-0.0839826
-0.0835126
-0.0830352
-0.0825504
-0.0820584
-0.0815592
-0.0810529
-0.0805396
-0.0800194
-0.0794924
-0.0789586
-0.0784182
-0.0778712
-0.0773177
-0.0767579
-0.0761918
-0.0756196
-0.0750412
-0.0744569
-0.0738667
-0.0732707
-0.072669
-0.0720618
-0.071449
-0.0708309
-0.0702075
-0.069579
-0.0689454
-0.0683068
-0.0676634
-0.0670152
-0.0663624
-0.0657051
-0.0650434
-0.0643774
-0.0637071
-0.0630328
-0.0623546
-0.0616724
-0.0609866
-0.060297
-0.059604
-0.0589076
-0.0582079
-0.057505
-0.0567991
-0.0560902
-0.0553785
-0.0546641
-0.0539471
-0.0532276
-0.0525058
-0.0517817
-0.0510556
-0.0503274
-0.0495973
-0.0488655
-0.048132
-0.047397
-0.0466607
-0.045923
-0.0451841
-0.0444442
-0.0437034
-0.0429618
-0.0422195
-0.0414766
-0.0407332
-0.0399896
-0.0392457
-0.0385017
-0.0377578
-0.037014
-0.0362705
-0.0355274
-0.0347848
-0.0340428
-0.0333015
-0.0325611
-0.0318217
-0.0310834
-0.0303462
-0.0296105
-0.0288761
-0.0281434
-0.0274123
-0.026683
-0.0259556
-0.0252302
-0.024507
-0.023786
-0.0230674
-0.0223513
-0.0216377
-0.0209269
-0.0202189
-0.0195138
-0.0188117
-0.0181128
-0.0174171
-0.0167248
-0.0160359
-0.0153507
-0.014669
-0.0139912
-0.0133173
-0.0126473
-0.0119815
-0.0113198
-0.0106624
-0.0100094
-0.00936093
-0.00871702
-0.00807779
-0.00744333
-0.00681375
-0.00618913
-0.00559262
-0.00505143
-0.00451555
-0.00406028
-0.00355855
-0.00321068
-0.00268774
-0.0021583
-0.0016235
-0.00108438
-0.000541926
2.92696e-06
0.000549315
0.00109643
0.0016435
0.00218982
0.00273473
0.0032776
0.00381784
0.00435491
0.00488831
0.00541756
0.00594221
0.00646186
0.00697612
0.00748464
0.00798708
0.00848314
0.00897254
0.00945501
0.00993031
0.0103982
0.0108585
0.0113111
0.0117556
0.0121921
0.0126203
0.0130402
0.0134515
0.0138542
0.0142483
0.0146336
0.01501
0.0153775
0.0157361
0.0160857
0.0164263
0.0167578
0.0170802
0.0173935
0.0176977
0.0179929
0.0182789
0.0185558
0.0188237
0.0190825
0.0193323
0.0195731
0.019805
0.0200279
0.0202419
0.020447
0.0206434
0.020831
0.02101
0.0211802
0.0213419
0.0214951
0.0216398
0.0217761
0.021904
0.0220237
0.0221352
0.0222385
0.0223338
0.0224211
0.0225005
0.022572
0.0226358
0.0226918
0.0227403
0.0227812
0.0228147
0.0228408
0.0228596
0.0228712
0.0228756
0.022873
0.0228634
0.022847
0.0228237
0.0227938
0.0227571
0.022714
0.0226643
0.0226083
0.022546
0.0224775
0.0224028
0.0223221
0.0222354
0.0221428
0.0220445
0.0219404
0.0218307
0.0217154
0.0215947
0.0214686
0.0213372
0.0212006
0.0210589
0.0209121
0.0207603
0.0206036
0.0204422
0.020276
0.0201051
0.0199297
0.0197498
0.0195655
0.0193768
0.0191839
0.0189868
0.0187856
0.0185804
0.0183713
0.0181582
0.0179414
0.0177208
0.0174966
0.0172688
0.0170375
0.0168027
0.0165646
0.0163232
0.0160785
0.0158307
0.0155798
0.0153259
0.015069
0.0148092
0.0145466
0.0142812
0.0140131
0.0137424
0.0134691
0.0131933
0.0129151
0.0126344
0.0123514
0.0120661
0.0117786
0.0114889
0.0111972
0.0109033
0.0106075
0.0103097
0.01001
0.00970845
0.00940512
0.00910003
0.00879325
0.00848482
0.00817478
0.00786319
0.00755008
0.00723551
0.00691951
0.00660213
0.00628342
0.00596341
0.00564214
0.00531965
0.00499599
0.00467119
0.00434529
0.00401832
0.00369033
0.00336134
0.00303139
0.00270052
0.00236876
0.00203614
0.00170269
0.00136844
0.00103343
0.00069769
0.00036124
2.41133e-05
-0.000313663
-0.000652061
-0.000991053
-0.00133061
-0.00167072
-0.00201133
-0.00235245
-0.00269402
-0.00303605
-0.00337849
-0.00372133
-0.00406454
-0.0044081
-0.004752
-0.0050962
-0.00544069
-0.00578545
-0.00613045
-0.00647568
-0.00682111
-0.00716673
-0.00751252
-0.00785845
-0.0082045
-0.00855067
-0.00889693
-0.00924325
-0.00958963
-0.00993604
-0.0102825
-0.0106289
-0.0109753
-0.0113216
-0.0116679
-0.0120142
-0.0123603
-0.0127063
-0.0130522
-0.0133979
-0.0137434
-0.0140888
-0.014434
-0.0147789
-0.0151236
-0.015468
-0.0158121
-0.0161559
-0.0164993
-0.0168425
-0.0171852
-0.0175276
-0.0178695
-0.018211
-0.0185521
-0.0188926
-0.0192327
-0.0195722
-0.0199111
-0.0202495
-0.0205873
-0.0209244
-0.0212609
-0.0215967
-0.0219318
-0.0222661
-0.0225997
-0.0229324
-0.0232644
-0.0235955
-0.0239257
-0.0242549
-0.0245832
-0.0249106
-0.0252369
-0.0255621
-0.0258863
-0.0262094
-0.0265312
-0.0268519
-0.0271714
-0.0274895
-0.0278064
-0.0281219
-0.028436
-0.0287487
-0.0290599
-0.0293696
-0.0296777
-0.0299842
-0.0302891
-0.0305922
-0.0308936
-0.0311932
-0.031491
-0.0317868
-0.0320808
-0.0323727
-0.0326626
-0.0329504
-0.033236
-0.0335194
-0.0338006
-0.0340794
-0.0343559
-0.0346299
-0.0349014
-0.0351704
-0.0354368
-0.0357005
-0.0359615
-0.0362197
-0.036475
-0.0367274
-0.0369769
-0.0372232
-0.0374665
-0.0377065
-0.0379434
-0.0381769
-0.038407
-0.0386336
-0.0388568
-0.0390763
-0.0392921
-0.0395043
-0.0397126
-0.039917
-0.0401175
-0.0403139
-0.0405062
-0.0406943
-0.0408782
-0.0410578
-0.0412329
-0.0414035
-0.0415696
-0.0417311
-0.0418878
-0.0420397
-0.0421868
-0.0423289
-0.042466
-0.042598
-0.0427248
-0.0428463
-0.0429625
-0.0430733
-0.0431786
-0.0432783
-0.0433724
-0.0434607
-0.0435432
-0.0436199
-0.0436906
-0.0437553
-0.0438139
-0.0438663
-0.0439125
-0.0439523
-0.0439857
-0.0440127
-0.0440331
-0.044047
-0.0440541
-0.0440546
-0.0440482
-0.0440349
-0.0440147
-0.0439875
-0.0439533
-0.0439119
-0.0438634
-0.0438077
-0.0437446
-0.0436742
-0.0435965
-0.0435112
-0.0434186
-0.0433183
-0.0432105
-0.0430951
-0.0429721
-0.0428413
-0.0427028
-0.0425566
-0.0424026
-0.0422408
-0.0420711
-0.0418936
-0.0417082
-0.0415149
-0.0413137
-0.0411046
-0.0408876
-0.0406626
-0.0404298
-0.040189
-0.0399402
-0.0396836
-0.0394191
-0.0391467
-0.0388664
-0.0385783
-0.0382823
-0.0379786
-0.0376671
-0.037348
-0.0370211
-0.0366866
-0.0363445
-0.0359949
-0.0356378
-0.0352733
-0.0349015
-0.0345223
-0.034136
-0.0337425
-0.0333419
-0.0329344
-0.0325199
-0.0320987
-0.0316708
-0.0312362
-0.0307951
-0.0303477
-0.0298939
-0.029434
-0.028968
-0.0284961
-0.0280184
-0.0275349
-0.027046
-0.0265516
-0.0260519
-0.0255471
-0.0250373
-0.0245227
-0.0240034
-0.0234796
-0.0229514
-0.022419
-0.0218826
-0.0213423
-0.0207983
-0.0202508
-0.0197
-0.019146
-0.018589
-0.0180292
-0.0174668
-0.016902
-0.016335
-0.015766
-0.0151951
-0.0146226
-0.0140486
-0.0134734
-0.0128972
-0.0123201
-0.0117424
