0.454545
0.454545
0.454545
0.454544
0.454542
0.454542
0.454541
0.454539
0.454536
0.454533
0.45453
0.454527
0.454523
0.454518
0.454514
0.454509
0.454503
0.454497
0.454491
0.454485
0.454478
0.45447
0.454463
0.454455
0.454446
0.454437
0.454428
0.454418
0.454409
0.454398
0.454387
0.454376
0.454365
0.454353
0.454341
0.454328
0.454315
0.454302
0.454288
0.454274
0.45426
0.454245
0.45423
0.454214
0.454198
0.454182
0.454165
0.454148
0.454131
0.454113
0.454095
0.454076
0.454057
0.454038
0.454018
0.453998
0.453977
0.453957
0.453935
0.453914
0.453892
0.453869
0.453847
0.453824
0.4538
0.453776
0.453752
0.453728
0.453703
0.453677
0.453651
0.453625
0.453599
0.453572
0.453545
0.453517
0.453489
0.453461
0.453432
0.453403
0.453374
0.453344
0.453314
0.453283
0.453252
0.453221
0.453189
0.453157
0.453125
0.453092
0.453058
0.453025
0.452991
0.452957
0.452922
0.452887
0.452851
0.452816
0.452779
0.452743
0.452706
0.452668
0.452631
0.452593
0.452554
0.452515
0.452476
0.452437
0.452397
0.452356
0.452316
0.452275
0.452233
0.452191
0.452149
0.452107
0.452064
0.45202
0.451977
0.451933
0.451888
0.451843
0.451798
0.451753
0.451707
0.45166
0.451614
0.451567
0.451519
0.451472
0.451423
0.451375
0.451326
0.451277
0.451227
0.451177
0.451127
0.451076
0.451025
0.450973
0.450921
0.450869
0.450816
0.450763
0.45071
0.450656
0.450602
0.450548
0.450493
0.450437
0.450382
0.450326
0.450269
0.450213
0.450156
0.450098
0.45004
0.449982
0.449924
0.449865
0.449805
0.449746
0.449685
0.449625
0.449564
0.449503
0.449441
0.449379
0.449317
0.449254
0.449191
0.449128
0.449064
0.449
0.448936
0.448871
0.448805
0.44874
0.448674
0.448607
0.448541
0.448473
0.448406
0.448338
0.44827
0.448201
0.448132
0.448063
0.447993
0.447923
0.447853
0.447782
0.44771
0.447639
0.447567
0.447495
0.447422
0.447349
0.447275
0.447202
0.447128
0.447053
0.446978
0.446903
0.446827
0.446751
0.446675
0.446598
0.446521
0.446443
0.446366
0.446287
0.446209
0.44613
0.44605
0.445971
0.445891
0.44581
0.445729
0.445648
0.445567
0.445485
0.445403
0.44532
0.445237
0.445153
0.44507
0.444986
0.444901
0.444816
0.444731
0.444645
0.44456
0.444473
0.444386
0.444299
0.444212
0.444124
0.444036
0.443948
0.443859
0.443769
0.44368
0.44359
0.443499
0.443409
0.443318
0.443226
0.443134
0.443042
0.44295
0.442857
0.442763
0.44267
0.442576
0.442481
0.442386
0.442291
0.442196
0.4421
0.442004
0.441907
0.44181
0.441713
0.441615
0.441517
0.441419
0.44132
0.441221
0.441121
0.441022
0.440921
0.440821
0.44072
0.440618
0.440517
0.440415
0.440312
0.44021
0.440106
0.440003
0.439899
0.439795
0.43969
0.439585
0.43948
0.439374
0.439268
0.439162
0.439055
0.438948
0.43884
0.438732
0.438624
0.438516
0.438407
0.438297
0.438188
0.438078
0.437967
0.437857
0.437745
0.437634
0.437522
0.43741
0.437297
0.437184
0.437071
0.436957
0.436843
0.436729
0.436614
0.436499
0.436384
0.436268
0.436152
0.436035
0.435918
0.435801
0.435683
0.435565
0.435447
0.435328
0.435209
0.43509
0.43497
0.43485
0.434729
0.434609
0.434487
0.434366
0.434244
0.434122
0.433999
0.433876
0.433753
0.433629
0.433505
0.43338
0.433255
0.43313
0.433005
0.432879
0.432753
0.432626
0.432499
0.432372
0.432244
0.432116
0.431988
0.431859
0.43173
0.4316
0.431471
0.43134
0.43121
0.431079
0.430948
0.430816
0.430684
0.430552
0.430419
0.430286
0.430153
0.430019
0.429885
0.429751
0.429616
0.429481
0.429345
0.429209
0.429073
0.428937
0.4288
0.428662
0.428525
0.428387
0.428249
0.42811
0.427971
0.427831
0.427692
0.427552
0.427411
0.42727
0.427129
0.426988
0.426846
0.426704
0.426561
0.426418
0.426275
0.426131
0.425987
0.425843
0.425698
0.425553
0.425408
0.425262
0.425116
0.424969
0.424823
0.424675
0.424528
0.42438
0.424232
0.424083
0.423934
0.423785
0.423636
0.423486
0.423335
0.423185
0.423034
0.422882
0.422731
0.422579
0.422426
0.422273
0.42212
0.421967
0.421813
0.421659
0.421504
0.42135
0.421194
0.421039
0.420883
0.420727
0.42057
0.420413
0.420256
0.420098
0.41994
0.419782
0.419623
0.419464
0.419305
0.419145
0.418985
0.418825
0.418664
0.418503
0.418342
0.41818
0.418018
0.417855
0.417692
0.417529
0.417366
0.417202
0.417038
0.416873
0.416708
0.416543
0.416377
0.416211
0.416045
0.415879
0.415712
0.415544
0.415377
0.415209
0.41504
0.414872
0.414703
0.414533
0.414364
0.414194
0.414023
0.413853
0.413681
0.41351
0.413338
0.413166
0.412994
0.412821
0.412648
0.412474
0.412301
0.412127
0.411952
0.411777
0.411602
0.411427
0.411251
0.411075
0.410898
0.410721
0.410544
0.410366
0.410189
0.41001
0.409832
0.409653
0.409474
0.409294
0.409114
0.408934
0.408753
0.408572
0.408391
0.40821
0.408028
0.407845
0.407663
0.40748
0.407297
0.407113
0.406929
0.406745
0.40656
0.406375
0.40619
0.406004
0.405818
0.405632
0.405445
0.405258
0.405071
0.404883
0.404695
0.404507
0.404318
0.404129
0.40394
0.40375
0.40356
0.40337
0.40318
0.402989
0.402797
0.402606
0.402414
0.402221
0.402029
0.401836
0.401642
0.401449
0.401255
0.40106
0.400866
0.400671
0.400475
0.40028
0.400084
0.399888
0.399691
0.399494
0.399297
0.399099
0.398901
0.398703
0.398504
0.398305
0.398106
0.397906
0.397707
0.397506
0.397306
0.397105
0.396904
0.396702
0.3965
0.396298
0.396095
0.395893
0.395689
0.395486
0.395282
0.395078
0.394873
0.394668
0.394463
0.394258
0.394052
0.393846
0.393639
0.393433
0.393225
0.393018
0.39281
0.392602
0.392394
0.392185
0.391976
0.391767
0.391557
0.391347
0.391136
0.390926
0.390715
0.390503
0.390292
0.39008
0.389868
0.389655
0.389442
0.389229
0.389015
0.388801
0.388587
0.388373
0.388158
0.387942
0.387727
0.387511
0.387295
0.387079
0.386862
0.386645
0.386427
0.386209
0.385991
0.385773
0.385554
0.385335
0.385116
0.384896
0.384676
0.384456
0.384235
0.384014
0.383793
0.383572
0.38335
0.383128
0.382905
0.382682
0.382459
0.382236
0.382012
0.381788
0.381563
0.381339
0.381114
0.380888
0.380663
0.380437
0.38021
0.379984
0.379757
0.37953
0.379302
0.379074
0.378846
0.378617
0.378389
0.378159
0.37793
0.3777
0.37747
0.37724
0.377009
0.376778
0.376547
0.376315
0.376083
0.375851
0.375619
0.375386
0.375153
0.374919
0.374685
0.374451
0.374217
0.373982
0.373747
0.373512
0.373276
0.37304
0.372804
0.372567
0.37233
0.372093
0.371856
0.371618
0.37138
0.371141
0.370903
0.370664
0.370424
0.370185
0.369945
0.369705
0.369464
0.369223
0.368982
0.36874
0.368499
0.368257
0.368014
0.367772
0.367529
0.367285
0.367042
0.366798
0.366554
0.366309
0.366064
0.365819
0.365574
0.365328
0.365082
0.364836
0.364589
0.364342
0.364095
0.363847
0.363599
0.363351
0.363103
0.362854
0.362605
0.362356
0.362106
0.361856
0.361606
0.361356
0.361105
0.360854
0.360602
0.36035
0.360098
0.359846
0.359593
0.359341
0.359087
0.358834
0.35858
0.358326
0.358072
0.357817
0.357562
0.357307
0.357051
0.356795
0.356539
0.356283
0.356026
0.355769
0.355511
0.355254
0.354996
0.354738
0.354479
0.35422
0.353961
0.353702
0.353442
0.353182
0.352922
0.352661
0.3524
0.352139
0.351878
0.351616
0.351354
0.351092
0.350829
0.350566
0.350303
0.35004
0.349776
0.349512
0.349248
0.348983
0.348718
0.348453
0.348187
0.347922
0.347656
0.347389
0.347123
0.346856
0.346588
0.346321
0.346053
0.345785
0.345517
0.345248
0.344979
0.34471
0.34444
0.344171
0.343901
0.34363
0.34336
0.343089
0.342818
0.342546
0.342274
0.342002
0.34173
0.341457
0.341184
0.340911
0.340638
0.340364
0.34009
0.339816
0.339541
0.339266
0.338991
0.338716
0.33844
0.338164
0.337888
0.337611
0.337334
0.337057
0.33678
0.336502
0.336224
0.335946
0.335668
0.335389
0.33511
0.33483
0.334551
0.334271
0.333991
0.33371
0.33343
0.333149
0.332867
0.332586
0.332304
0.332022
0.33174
0.331457
0.331174
0.330891
0.330607
0.330324
0.33004
0.329755
0.329471
0.329186
0.328901
0.328616
0.32833
0.328044
0.327758
0.327472
0.327185
0.326898
0.326611
0.326323
0.326035
0.325747
0.325459
0.32517
0.324881
0.324592
0.324303
0.324013
0.323723
0.323433
0.323143
0.322852
0.322561
0.322269
0.321978
0.321686
0.321394
0.321102
0.320809
0.320516
0.320223
0.31993
0.319636
0.319342
0.319048
0.318753
0.318459
0.318164
0.317868
0.317573
0.317277
0.316981
0.316685
0.316388
0.316091
0.315794
0.315497
0.315199
0.314902
0.314603
0.314305
0.314006
0.313708
0.313408
0.313109
0.312809
0.312509
0.312209
0.311909
0.311608
0.311307
0.311006
0.310704
0.310403
0.310101
0.309798
0.309496
0.309193
0.30889
0.308587
0.308283
0.307979
0.307675
0.307371
0.307067
0.306762
0.306457
0.306151
0.305846
0.30554
0.305234
0.304928
0.304621
0.304314
0.304007
0.3037
0.303392
0.303084
0.302776
0.302468
0.302159
0.301851
0.301541
0.301232
0.300923
0.300613
0.300303
0.299992
0.299682
0.299371
0.29906
0.298749
0.298437
0.298125
0.297813
0.297501
0.297188
0.296876
0.296562
0.296249
0.295936
0.295622
0.295308
0.294994
0.294679
0.294364
0.294049
0.293734
0.293419
0.293103
0.292787
0.292471
0.292154
0.291838
0.291521
0.291204
0.290886
0.290569
0.290251
0.289933
0.289614
0.289296
0.288977
0.288658
0.288338
0.288019
0.287699
0.287379
0.287059
0.286738
0.286417
0.286096
0.285775
0.285454
0.285132
0.28481
0.284488
0.284166
0.283843
0.28352
0.283197
0.282874
0.28255
0.282226
0.281902
0.281578
0.281253
0.280929
0.280604
0.280278
0.279953
0.279627
0.279301
0.278975
0.278649
0.278322
0.277996
0.277669
0.277341
0.277014
0.276686
0.276358
0.27603
0.275701
0.275373
0.275044
0.274715
0.274385
0.274056
0.273726
0.273396
0.273066
0.272735
0.272405
0.272074
0.271743
0.271411
0.27108
0.270748
0.270416
0.270084
0.269751
0.269418
0.269086
0.268752
0.268419
0.268085
0.267752
0.267418
0.267083
0.266749
0.266414
0.266079
0.265744
0.265409
0.265073
0.264737
0.264401
0.264065
0.263729
0.263392
0.263055
0.262718
0.262381
0.262043
0.261705
0.261367
0.261029
0.260691
0.260352
0.260013
0.259674
0.259335
0.258996
0.258656
0.258316
0.257976
0.257636
0.257295
0.256954
0.256613
0.256272
0.255931
0.255589
0.255247
0.254905
0.254563
0.254221
0.253878
0.253535
0.253192
0.252849
0.252505
0.252162
0.251818
0.251474
0.251129
0.250785
0.25044
0.250095
0.24975
0.249404
0.249059
0.248713
0.248367
0.248021
0.247675
0.247328
0.246981
0.246634
0.246287
0.24594
0.245592
0.245244
0.244896
0.244548
0.244199
0.243851
0.243502
0.243153
0.242804
0.242454
0.242105
0.241755
0.241405
0.241055
0.240704
0.240354
0.240003
0.239652
0.2393
0.238949
0.238597
0.238246
0.237894
0.237541
0.237189
0.236836
0.236484
0.236131
0.235777
0.235424
0.23507
0.234717
0.234363
0.234009
0.233654
0.2333
0.232945
0.23259
0.232235
0.23188
0.231524
0.231168
0.230812
0.230456
0.2301
0.229744
0.229387
0.22903
0.228673
0.228316
0.227959
0.227601
0.227243
0.226885
0.226527
0.226169
0.22581
0.225451
0.225093
0.224733
0.224374
0.224015
0.223655
0.223295
0.222935
0.222575
0.222215
0.221854
0.221493
0.221132
0.220771
0.22041
0.220048
0.219687
0.219325
0.218963
0.218601
0.218238
0.217876
0.217513
0.21715
0.216787
0.216424
0.21606
0.215697
0.215333
0.214969
0.214605
0.21424
0.213876
0.213511
0.213146
0.212781
0.212416
0.21205
0.211685
0.211319
0.210953
0.210587
0.210221
0.209854
0.209488
0.209121
0.208754
0.208387
0.208019
0.207652
0.207284
0.206916
0.206548
0.20618
0.205812
0.205443
0.205074
0.204706
0.204337
0.203967
0.203598
0.203228
0.202859
0.202489
0.202119
0.201749
0.201378
0.201008
0.200637
0.200266
0.199895
0.199524
0.199153
0.198781
0.198409
0.198037
0.197665
0.197293
0.196921
0.196548
0.196176
0.195803
0.19543
0.195057
0.194683
0.19431
0.193936
0.193562
0.193189
0.192814
0.19244
0.192066
0.191691
0.191316
0.190941
0.190566
0.190191
0.189816
0.18944
0.189064
0.188689
0.188313
0.187936
0.18756
0.187184
0.186807
0.18643
0.186053
0.185676
0.185299
0.184921
0.184544
0.184166
0.183788
0.18341
0.183032
0.182654
0.182275
0.181897
0.181518
0.181139
0.18076
0.180381
0.180001
0.179622
0.179242
0.178862
0.178482
0.178102
0.177722
0.177342
0.176961
0.17658
0.1762
0.175819
0.175437
0.175056
0.174675
0.174293
0.173911
0.17353
0.173148
0.173123
0.173123
0.172766
0.172383
0.172001
0.171618
0.171236
0.170853
0.17047
0.170087
0.169703
0.16932
0.168936
0.168553
0.168169
0.167785
0.167401
0.167016
0.166632
0.166248
0.165863
0.165478
0.165093
0.164708
0.164323
0.163938
0.163552
0.163166
0.162781
0.162395
0.162009
0.161623
0.161236
0.16085
0.160463
0.160077
0.15969
0.159303
0.158916
0.158529
0.158141
0.157754
0.157366
0.156978
0.156591
0.156203
0.155814
0.155426
0.155038
0.154649
0.154261
0.153872
0.153483
0.153094
0.152705
0.152316
0.151926
0.151537
0.151147
0.150757
0.150367
0.149977
0.149587
0.149197
0.148807
0.148416
0.148025
0.147635
0.147244
0.146853
0.146462
0.14607
0.145679
0.145288
0.144896
0.144504
0.144112
0.14372
0.143328
0.142936
0.142544
0.142151
0.141759
0.141366
0.140973
0.14058
0.140187
0.139794
0.139401
0.139008
0.138614
0.138221
0.137827
0.137433
0.137039
0.136645
0.136251
0.135857
0.135462
0.135068
0.134673
0.134278
0.133884
0.133489
0.133094
0.132698
0.132303
0.131908
0.131512
0.131117
0.130721
0.130325
0.129929
0.129533
0.129137
0.128741
0.128344
0.127948
0.127551
0.127155
0.126758
0.126361
0.125964
0.125567
0.12517
0.124772
0.124375
0.123978
0.12358
0.123182
0.122784
0.122387
0.121988
0.12159
0.121192
0.120794
0.120395
0.119997
0.119598
0.1192
0.118801
0.118402
0.118003
0.117604
0.117205
0.116805
0.116406
0.116006
0.115607
0.115207
0.114807
0.114407
0.114007
0.113607
0.113207
0.112807
0.112407
0.112006
0.111606
0.111205
0.110804
0.110404
0.110003
0.109602
0.109201
0.108799
0.108398
0.107997
0.107595
0.107194
0.106792
0.106391
0.105989
0.105587
0.105185
0.104783
0.104381
0.103979
0.103576
0.103174
0.102771
0.102369
0.101966
0.101563
0.101161
0.100758
0.100355
0.0999516
0.0995485
0.0991453
0.0987419
0.0983386
0.0979351
0.0975315
0.0971279
0.0967242
0.0963204
0.0959165
0.0955125
0.0951085
0.0947044
0.0943002
0.0938959
0.0934916
0.0930871
0.0926826
0.092278
0.0918734
0.0914687
0.0910638
0.090659
0.090254
0.089849
0.0894439
0.0890387
0.0886334
0.0882281
0.0878227
0.0874172
0.0870117
0.0866061
0.0862004
0.0857946
0.0853888
0.0849829
0.0845769
0.0841709
0.0837648
0.0833586
0.0829523
0.082546
0.0821396
0.0817332
0.0813267
0.0809201
0.0805134
0.0801067
0.0796999
0.079293
0.0788861
0.0784791
0.0780721
0.077665
0.0772578
0.0768505
0.0764432
0.0760359
0.0756284
0.0752209
0.0748134
0.0744058
0.0739981
0.0735904
0.0731825
0.0727747
0.0723668
0.0719588
0.0715507
0.0711426
0.0707345
0.0703263
0.069918
0.0695097
0.0691013
0.0686928
0.0682843
0.0678757
0.0674671
0.0670585
0.0666497
0.0662409
0.0658321
0.0654232
0.0650143
0.0646053
0.0641962
0.0637871
0.0633779
0.0629687
0.0625595
0.0621501
0.0617408
0.0613314
0.0609219
0.0605124
0.0601028
0.0596932
0.0592835
0.0588738
0.058464
0.0580542
0.0576443
0.0572344
0.0568245
0.0564145
0.0560044
0.0555943
0.0551842
0.054774
0.0543638
0.0539535
0.0535431
0.0531328
0.0527224
0.0523119
0.0519014
0.0514909
0.0510803
0.0506697
0.050259
0.0498483
0.0494375
0.0490267
0.0486159
0.048205
0.0477941
0.0473832
0.0469722
0.0465611
0.0461501
0.045739
0.0453278
0.0449166
0.0445054
0.0440942
0.0436829
0.0432715
0.0428602
0.0424488
0.0420373
0.0416259
0.0412144
0.0408028
0.0403913
0.0399797
0.039568
0.0391564
0.0387446
0.0383329
0.0379211
0.0375093
0.0370975
0.0366857
0.0362738
0.0358618
0.0354499
0.0350379
0.0346259
0.0342139
0.0338018
0.0333897
0.0329776
0.0325654
0.0321533
0.0317411
0.0313288
0.0309166
0.0305043
0.030092
0.0296797
0.0292673
0.0288549
0.0284425
0.0280301
0.0276177
0.0272052
0.0267927
0.0263802
0.0259677
0.0255551
0.0251425
0.0247299
0.0243173
0.0239047
0.023492
0.0230793
0.0226666
0.0222539
0.0218412
0.0214284
0.0210156
0.0206028
0.02019
0.0197772
0.0193644
0.0189515
0.0185386
0.0181258
0.0177129
0.0172999
0.016887
0.0164741
0.0160611
0.0156481
0.0152351
0.0148221
0.0144091
0.0139961
0.0135831
0.01317
0.012757
0.0123439
0.0119308
0.0115178
0.0111047
0.0106916
0.0102784
0.00986532
0.00945219
0.00903906
0.00862591
0.00821276
0.0077996
0.00738643
0.00697326
0.00656009
0.0061469
0.00573372
0.00532052
0.00490733
0.00449412
0.00408092
0.00366771
0.0032545
0.00284129
0.00242807
0.00201485
0.00160163
0.00118841
0.000775189
0.000361967
-5.12564e-05
-0.000464479
-0.000877702
-0.00129092
-0.00170414
-0.00211736
-0.00253058
-0.0029438
-0.00335701
-0.00377022
-0.00418343
-0.00459663
-0.00500983
-0.00542303
-0.00583622
-0.00624941
-0.00666259
-0.00707576
-0.00748893
-0.0079021
-0.00831526
-0.00872841
-0.00914155
-0.00955468
-0.00996781
-0.0103809
-0.010794
-0.0112071
-0.0116202
-0.0120333
-0.0124464
-0.0128595
-0.0132725
-0.0136856
-0.0140986
-0.0145116
-0.0149246
-0.0153376
-0.0157506
-0.0161636
-0.0165765
-0.0169894
-0.0174024
-0.0178153
-0.0182282
-0.0186411
-0.0190539
-0.0194668
-0.0198796
-0.0202924
-0.0207052
-0.021118
-0.0215308
-0.0219436
-0.0223563
-0.022769
-0.0231817
-0.0235944
-0.024007
-0.0244197
-0.0248323
-0.0252449
-0.0256574
-0.02607
-0.0264825
-0.026895
-0.0273075
-0.02772
-0.0281324
-0.0285449
-0.0289573
-0.0293696
-0.029782
-0.0301943
-0.0306066
-0.0310189
-0.0314311
-0.0318433
-0.0322555
-0.0326677
-0.0330798
-0.033492
-0.033904
-0.0343161
-0.0347281
-0.0351401
-0.0355521
-0.035964
-0.036376
-0.0367878
-0.0371997
-0.0376115
-0.0380233
-0.0384351
-0.0388468
-0.0392585
-0.0396701
-0.0400818
-0.0404934
-0.0409049
-0.0413165
-0.041728
-0.0421394
-0.0425508
-0.0429622
-0.0433736
-0.0437849
-0.0441962
-0.0446074
-0.0450187
-0.0454298
-0.045841
-0.0462521
-0.0466631
-0.0470741
-0.0474851
-0.0478961
-0.048307
-0.0487178
-0.0491287
-0.0495394
-0.0499502
-0.0503609
-0.0507715
-0.0511821
-0.0515927
-0.0520033
-0.0524137
-0.0528242
-0.0532346
-0.0536449
-0.0540553
-0.0544655
-0.0548758
-0.0552859
-0.0556961
-0.0561061
-0.0565162
-0.0569262
-0.0573361
-0.057746
-0.0581559
-0.0585657
-0.0589754
-0.0593851
-0.0597948
-0.0602044
-0.060614
-0.0610235
-0.0614329
-0.0618423
-0.0622517
-0.062661
-0.0630702
-0.0634794
-0.0638886
-0.0642977
-0.0647067
-0.0651157
-0.0655246
-0.0659335
-0.0663424
-0.0667511
-0.0671598
-0.0675685
-0.0679771
-0.0683857
-0.0687941
-0.0692026
-0.069611
-0.0700193
-0.0704275
-0.0708357
-0.0712439
-0.071652
-0.07206
-0.072468
-0.0728759
-0.0732837
-0.0736915
-0.0740992
-0.0745069
-0.0749145
-0.075322
-0.0757295
-0.0761369
-0.0761369
-0.0765443
-0.0769516
-0.0773588
-0.077766
-0.0781731
-0.0785801
-0.0789871
-0.079394
-0.0798008
-0.0802076
-0.0806143
-0.0810209
-0.0814275
-0.081834
-0.0822404
-0.0826468
-0.0830531
-0.0834594
-0.0838655
-0.0842716
-0.0846776
-0.0850836
-0.0854895
-0.0858953
-0.086301
-0.0867067
-0.0871123
-0.0875178
-0.0879233
-0.0883287
-0.088734
-0.0891392
-0.0895444
-0.0899495
-0.0903545
-0.0907594
-0.0911643
-0.0915691
-0.0919738
-0.0923784
-0.092783
-0.0931875
-0.0935919
-0.0939962
-0.0944005
-0.0948046
-0.0952087
-0.0956127
-0.0960167
-0.0964205
-0.0968243
-0.097228
-0.0976316
-0.0980352
-0.0984386
-0.098842
-0.0992453
-0.0996485
-0.100052
-0.100455
-0.100858
-0.101261
-0.101663
-0.102066
-0.102469
-0.102871
-0.103274
-0.103676
-0.104078
-0.104481
-0.104883
-0.105285
-0.105687
-0.106088
-0.10649
-0.106892
-0.107294
-0.107695
-0.108096
-0.108498
-0.108899
-0.1093
-0.109701
-0.110102
-0.110503
-0.110904
-0.111304
-0.111705
-0.112106
-0.112506
-0.112906
-0.113307
-0.113707
-0.114107
-0.114507
-0.114907
-0.115306
-0.115706
-0.116105
-0.116505
-0.116904
-0.117304
-0.117703
-0.118102
-0.118501
-0.1189
-0.119299
-0.119697
-0.120096
-0.120494
-0.120893
-0.121291
-0.121689
-0.122087
-0.122485
-0.122883
-0.123281
-0.123679
-0.124076
-0.124474
-0.124871
-0.125268
-0.125665
-0.126063
-0.126459
-0.126856
-0.127253
-0.12765
-0.128046
-0.128443
-0.128839
-0.129235
-0.129631
-0.130027
-0.130423
-0.130819
-0.131215
-0.13161
-0.132006
-0.132401
-0.132796
-0.133192
-0.133587
-0.133982
-0.134376
-0.134771
-0.135166
-0.13556
-0.135954
-0.136349
-0.136743
-0.137137
-0.137531
-0.137925
-0.138318
-0.138712
-0.139105
-0.139499
-0.139892
-0.140285
-0.140678
-0.141071
-0.141464
-0.141856
-0.142249
-0.142641
-0.143033
-0.143426
-0.143818
-0.14421
-0.144601
-0.144993
-0.145385
-0.145776
-0.146167
-0.146559
-0.14695
-0.147341
-0.147732
-0.148122
-0.148513
-0.148903
-0.149294
-0.149684
-0.150074
-0.150464
-0.150854
-0.151244
-0.151633
-0.152023
-0.152412
-0.152801
-0.153191
-0.15358
-0.153968
-0.154357
-0.154746
-0.155134
-0.155523
-0.155911
-0.156299
-0.156687
-0.157075
-0.157462
-0.15785
-0.158237
-0.158625
-0.159012
-0.159399
-0.159786
-0.160173
-0.160559
-0.160946
-0.161332
-0.161718
-0.162105
-0.162491
-0.162876
-0.163262
-0.163648
-0.164033
-0.164418
-0.164804
-0.165189
-0.165574
-0.165958
-0.166343
-0.166727
-0.167112
-0.167496
-0.16788
-0.168264
-0.168648
-0.169031
-0.169415
-0.169798
-0.170182
-0.170565
-0.170948
-0.17133
-0.171713
-0.172096
-0.172478
-0.17286
-0.173242
-0.173624
-0.174006
-0.174388
-0.174769
-0.175151
-0.175532
-0.175913
-0.176294
-0.176675
-0.177056
-0.177436
-0.177816
-0.178197
-0.178577
-0.178957
-0.179336
-0.179716
-0.180096
-0.180475
-0.180854
-0.181233
-0.181612
-0.181991
-0.182369
-0.182748
-0.183126
-0.183504
-0.183882
-0.18426
-0.184638
-0.185015
-0.185392
-0.18577
-0.186147
-0.186524
-0.1869
-0.187277
-0.187653
-0.18803
-0.188406
-0.188782
-0.189158
-0.189533
-0.189909
-0.190284
-0.190659
-0.191034
-0.191409
-0.191784
-0.192159
-0.192533
-0.192907
-0.193281
-0.193655
-0.194029
-0.194403
-0.194776
-0.195149
-0.195522
-0.195895
-0.196268
-0.196641
-0.197013
-0.197386
-0.197758
-0.19813
-0.198502
-0.198873
-0.199245
-0.199616
-0.199987
-0.200358
-0.200729
-0.2011
-0.20147
-0.201841
-0.202211
-0.202581
-0.202951
-0.20332
-0.20369
-0.204059
-0.204428
-0.204797
-0.205166
-0.205535
-0.205903
-0.206271
-0.20664
-0.207008
-0.207375
-0.207743
-0.20811
-0.208478
-0.208845
-0.209212
-0.209578
-0.209945
-0.210312
-0.210678
-0.211044
-0.21141
-0.211775
-0.212141
-0.212506
-0.212872
-0.213237
-0.213601
-0.213966
-0.214331
-0.214695
-0.215059
-0.215423
-0.215787
-0.21615
-0.216514
-0.216877
-0.21724
-0.217603
-0.217966
-0.218328
-0.218691
-0.219053
-0.219415
-0.219776
-0.220138
-0.2205
-0.220861
-0.221222
-0.221583
-0.221943
-0.222304
-0.222664
-0.223025
-0.223384
-0.223744
-0.224104
-0.224463
-0.224823
-0.225182
-0.22554
-0.225899
-0.226258
-0.226616
-0.226974
-0.227332
-0.22769
-0.228047
-0.228405
-0.228762
-0.229119
-0.229476
-0.229832
-0.230189
-0.230545
-0.230901
-0.231257
-0.231612
-0.231968
-0.232323
-0.232678
-0.233033
-0.233388
-0.233742
-0.234096
-0.234451
-0.234804
-0.235158
-0.235512
-0.235865
-0.236218
-0.236571
-0.236924
-0.237276
-0.237629
-0.237981
-0.238333
-0.238685
-0.239036
-0.239388
-0.239739
-0.24009
-0.240441
-0.240791
-0.241142
-0.241492
-0.241842
-0.242191
-0.242541
-0.24289
-0.24324
-0.243589
-0.243937
-0.244286
-0.244634
-0.244982
-0.24533
-0.245678
-0.246026
-0.246373
-0.24672
-0.247067
-0.247414
-0.247761
-0.248107
-0.248453
-0.248799
-0.249145
-0.24949
-0.249835
-0.250181
-0.250525
-0.25087
-0.251215
-0.251559
-0.251903
-0.252247
-0.252591
-0.252934
-0.253277
-0.25362
-0.253963
-0.254306
-0.254648
-0.25499
-0.255332
-0.255674
-0.256016
-0.256357
-0.256698
-0.257039
-0.25738
-0.25772
-0.25806
-0.2584
-0.25874
-0.25908
-0.259419
-0.259759
-0.260098
-0.260436
-0.260775
-0.261113
-0.261451
-0.261789
-0.262127
-0.262464
-0.262802
-0.263139
-0.263476
-0.263812
-0.264149
-0.264485
-0.264821
-0.265156
-0.265492
-0.265827
-0.266162
-0.266497
-0.266832
-0.267166
-0.267501
-0.267834
-0.268168
-0.268502
-0.268835
-0.269168
-0.269501
-0.269834
-0.270166
-0.270498
-0.27083
-0.271162
-0.271494
-0.271825
-0.272156
-0.272487
-0.272817
-0.273148
-0.273478
-0.273808
-0.274138
-0.274467
-0.274796
-0.275126
-0.275454
-0.275783
-0.276111
-0.276439
-0.276767
-0.277095
-0.277422
-0.27775
-0.278077
-0.278403
-0.27873
-0.279056
-0.279382
-0.279708
-0.280034
-0.280359
-0.280684
-0.281009
-0.281334
-0.281658
-0.281983
-0.282307
-0.28263
-0.282954
-0.283277
-0.2836
-0.283923
-0.284246
-0.284568
-0.28489
-0.285212
-0.285533
-0.285855
-0.286176
-0.286497
-0.286818
-0.287138
-0.287458
-0.287778
-0.288098
-0.288418
-0.288737
-0.289056
-0.289375
-0.289693
-0.290011
-0.29033
-0.290647
-0.290965
-0.291282
-0.291599
-0.291916
-0.292233
-0.292549
-0.292865
-0.293181
-0.293497
-0.293812
-0.294128
-0.294442
-0.294757
-0.295072
-0.295386
-0.2957
-0.296013
-0.296327
-0.29664
-0.296953
-0.297266
-0.297578
-0.297891
-0.298203
-0.298514
-0.298826
-0.299137
-0.299448
-0.299759
-0.300069
-0.30038
-0.30069
-0.300999
-0.301309
-0.301618
-0.301927
-0.302236
-0.302544
-0.302853
-0.303161
-0.303469
-0.303776
-0.304083
-0.30439
-0.304697
-0.305004
-0.30531
-0.305616
-0.305922
-0.306227
-0.306532
-0.306837
-0.307142
-0.307447
-0.307751
-0.308055
-0.308359
-0.308662
-0.308965
-0.309268
-0.309571
-0.309873
-0.310175
-0.310477
-0.310779
-0.311081
-0.311382
-0.311683
-0.311983
-0.312284
-0.312584
-0.312884
-0.313183
-0.313483
-0.313782
-0.314081
-0.314379
-0.314677
-0.314976
-0.315273
-0.315571
-0.315868
-0.316165
-0.316462
-0.316758
-0.317055
-0.317351
-0.317646
-0.317942
-0.318237
-0.318532
-0.318827
-0.319121
-0.319415
-0.319709
-0.320003
-0.320296
-0.320589
-0.320882
-0.321174
-0.321467
-0.321759
-0.32205
-0.322342
-0.322633
-0.322924
-0.323215
-0.323505
-0.323795
-0.324085
-0.324375
-0.324664
-0.324953
-0.325242
-0.32553
-0.325819
-0.326107
-0.326394
-0.326682
-0.326969
-0.327256
-0.327543
-0.327829
-0.328115
-0.328401
-0.328686
-0.328972
-0.329257
-0.329542
-0.329826
-0.33011
-0.330394
-0.330678
-0.330961
-0.331244
-0.331527
-0.33181
-0.332092
-0.332374
-0.332656
-0.332937
-0.333218
-0.333499
-0.33378
-0.33406
-0.33434
-0.33462
-0.3349
-0.335179
-0.335458
-0.335737
-0.336015
-0.336293
-0.336571
-0.336849
-0.337126
-0.337403
-0.33768
-0.337956
-0.338232
-0.338508
-0.338784
-0.339059
-0.339334
-0.339609
-0.339884
-0.340158
-0.340432
-0.340706
-0.340979
-0.341252
-0.341525
-0.341797
-0.34207
-0.342342
-0.342613
-0.342885
-0.343156
-0.343427
-0.343697
-0.343968
-0.344238
-0.344507
-0.344777
-0.345046
-0.345315
-0.345583
-0.345852
-0.34612
-0.346387
-0.346655
-0.346922
-0.347189
-0.347455
-0.347722
-0.347988
-0.348253
-0.348519
-0.348784
-0.349049
-0.349313
-0.349577
-0.349841
-0.350105
-0.350369
-0.350632
-0.350894
-0.351157
-0.351419
-0.351681
-0.351943
-0.352204
-0.352465
-0.352726
-0.352986
-0.353247
-0.353507
-0.353766
-0.354026
-0.354285
-0.354543
-0.354802
-0.35506
-0.355318
-0.355575
-0.355833
-0.35609
-0.356346
-0.356603
-0.356859
-0.357114
-0.35737
-0.357625
-0.35788
-0.358135
-0.358389
-0.358643
-0.358897
-0.35915
-0.359403
-0.359656
-0.359909
-0.360161
-0.360413
-0.360665
-0.360916
-0.361167
-0.361418
-0.361668
-0.361918
-0.362168
-0.362418
-0.362667
-0.362916
-0.363165
-0.363413
-0.363661
-0.363909
-0.364156
-0.364403
-0.36465
-0.364897
-0.365143
-0.365389
-0.365635
-0.36588
-0.366125
-0.36637
-0.366614
-0.366858
-0.367102
-0.367346
-0.367589
-0.367832
-0.368074
-0.368317
-0.368559
-0.3688
-0.369042
-0.369283
-0.369524
-0.369764
-0.370004
-0.370244
-0.370484
-0.370723
-0.370962
-0.371201
-0.371439
-0.371677
-0.371915
-0.372152
-0.372389
-0.372626
-0.372862
-0.373099
-0.373335
-0.37357
-0.373805
-0.37404
-0.374275
-0.374509
-0.374743
-0.374977
-0.37521
-0.375444
-0.375676
-0.375909
-0.376141
-0.376373
-0.376604
-0.376836
-0.377066
-0.377297
-0.377527
-0.377757
-0.377987
-0.378216
-0.378445
-0.378674
-0.378903
-0.379131
-0.379358
-0.379586
-0.379813
-0.38004
-0.380266
-0.380493
-0.380719
-0.380944
-0.381169
-0.381394
-0.381619
-0.381843
-0.382067
-0.382291
-0.382515
-0.382738
-0.38296
-0.383183
-0.383405
-0.383627
-0.383848
-0.384069
-0.38429
-0.384511
-0.384731
-0.384951
-0.38517
-0.38539
-0.385609
-0.385827
-0.386046
-0.386264
-0.386481
-0.386699
-0.386916
-0.387132
-0.387349
-0.387565
-0.38778
-0.387996
-0.388211
-0.388426
-0.38864
-0.388854
-0.389068
-0.389282
-0.389495
-0.389708
-0.38992
-0.390132
-0.390344
-0.390556
-0.390767
-0.390978
-0.391189
-0.391399
-0.391609
-0.391819
-0.392028
-0.392237
-0.392446
-0.392654
-0.392862
-0.39307
-0.393277
-0.393484
-0.393691
-0.393897
-0.394103
-0.394309
-0.394514
-0.394719
-0.394924
-0.395128
-0.395333
-0.395536
-0.39574
-0.395943
-0.396146
-0.396348
-0.39655
-0.396752
-0.396954
-0.397155
-0.397356
-0.397556
-0.397756
-0.397956
-0.398156
-0.398355
-0.398554
-0.398752
-0.39895
-0.399148
-0.399346
-0.399543
-0.39974
-0.399936
-0.400133
-0.400328
-0.400524
-0.400719
-0.400914
-0.401109
-0.401303
-0.401497
-0.40169
-0.401884
-0.402076
-0.402269
-0.402461
-0.402653
-0.402845
-0.403036
-0.403227
-0.403417
-0.403608
-0.403798
-0.403987
-0.404176
-0.404365
-0.404554
-0.404742
-0.40493
-0.405118
-0.405305
-0.405492
-0.405678
-0.405864
-0.40605
-0.406236
-0.406421
-0.406606
-0.40679
-0.406975
-0.407159
-0.407342
-0.407525
-0.407708
-0.407891
-0.408073
-0.408255
-0.408436
-0.408617
-0.408798
-0.408979
-0.409159
-0.409339
-0.409518
-0.409697
-0.409876
-0.410055
-0.410233
-0.410411
-0.410588
-0.410765
-0.410942
-0.411118
-0.411294
-0.41147
-0.411646
-0.411821
-0.411995
-0.41217
-0.412344
-0.412518
-0.412691
-0.412864
-0.413037
-0.413209
-0.413381
-0.413553
-0.413724
-0.413895
-0.414066
-0.414236
-0.414406
-0.414575
-0.414745
-0.414914
-0.415082
-0.41525
-0.415418
-0.415586
-0.415753
-0.41592
-0.416087
