0.454545
0.371076
0.380314
0.388569
0.395953
0.395953
0.402565
0.408492
0.413814
0.418597
0.422903
0.426786
0.430294
0.43347
0.43635
0.43897
0.441357
0.443539
0.445538
0.447376
0.44907
0.450637
0.45209
0.453444
0.454709
0.455895
0.457011
0.458064
0.459063
0.460013
0.460919
0.461787
0.46262
0.463423
0.4642
0.464952
0.465684
0.466396
0.467092
0.467774
0.468443
0.4691
0.469748
0.470386
0.471017
0.471642
0.472261
0.472874
0.473484
0.474097
0.474708
0.475315
0.475921
0.476525
0.477127
0.477729
0.47833
0.478931
0.479532
0.480133
0.480734
0.481336
0.481939
0.482543
0.483147
0.483753
0.48436
0.484968
0.485578
0.486189
0.486801
0.487414
0.488029
0.488645
0.489263
0.489882
0.490502
0.491122
0.491744
0.492367
0.492991
0.493616
0.494241
0.494866
0.495492
0.496118
0.496744
0.497369
0.497995
0.49862
0.499244
0.499867
0.500489
0.50111
0.501729
0.502346
0.502962
0.503575
0.504186
0.504793
0.505398
0.506
0.506598
0.507193
0.507783
0.508369
0.50895
0.509527
0.510098
0.510665
0.511225
0.511779
0.512327
0.512869
0.513404
0.513931
0.514452
0.514964
0.515469
0.515965
0.516453
0.516933
0.517403
0.517863
0.518315
0.518756
0.519187
0.519608
0.520018
0.520418
0.520806
0.521183
0.521548
0.521902
0.522243
0.522573
0.522889
0.523194
0.523485
0.523763
0.524029
0.524281
0.524519
0.524743
0.524954
0.525151
0.525334
0.525503
0.525657
0.525797
0.525922
0.526033
0.526129
0.52621
0.526276
0.526328
0.526365
0.526386
0.526393
0.526385
0.526362
0.526324
0.526271
0.526203
0.52612
0.526022
0.52591
0.525783
0.525641
0.525485
0.525314
0.525129
0.524929
0.524715
0.524488
0.524246
0.523991
0.523721
0.523439
0.523143
0.522834
0.522511
0.522176
0.521829
0.521469
0.521096
0.520712
0.520315
0.519907
0.519488
0.519057
0.518615
0.518163
0.517699
0.517226
0.516742
0.516249
0.515746
0.515233
0.514712
0.514181
0.513642
0.513095
0.512539
0.511975
0.511404
0.510825
0.51024
0.509647
0.509048
0.508442
0.50783
0.507212
0.506589
0.50596
0.505326
0.504688
0.504044
0.503396
0.502744
0.502088
0.501429
0.500765
0.500099
0.499429
0.498757
0.498082
0.497405
0.496726
0.496044
0.495361
0.494677
0.493991
0.493304
0.492616
0.491927
0.491238
0.490549
0.489859
0.489169
0.488479
0.48779
0.487101
0.486413
0.485725
0.485039
0.484354
0.483669
0.482987
0.482306
0.481626
0.480948
0.480272
0.479599
0.478927
0.478258
0.477591
0.476926
0.476264
0.475605
0.474949
0.474295
0.473645
0.472997
0.472353
0.471712
0.471074
0.470439
0.469808
0.469181
0.468557
0.467937
0.46732
0.466707
0.466098
0.465493
0.464892
0.464294
0.463701
0.463112
0.462526
0.461945
0.461368
0.460795
0.460227
0.459662
0.459102
0.458546
0.457994
0.457447
0.456904
0.456365
0.455831
0.455301
0.454775
0.454254
0.453737
0.453224
0.452716
0.452212
0.451713
0.451218
0.450727
0.450241
0.449759
0.449281
0.448808
0.448339
0.447874
0.447414
0.446957
0.446506
0.446058
0.445615
0.445176
0.444741
0.44431
0.443883
0.443461
0.443043
0.442628
0.442218
0.441812
0.44141
0.441012
0.440618
0.440228
0.439841
0.439459
0.439081
0.438706
0.438335
0.437968
0.437605
0.437245
0.436889
0.436537
0.436188
0.435843
0.435501
0.435163
0.434828
0.434497
0.43417
0.433845
0.433524
0.433206
0.432892
0.432581
0.432272
0.431968
0.431666
0.431367
0.431071
0.430779
0.430489
0.430202
0.429918
0.429637
0.429359
0.429084
0.428811
0.428541
0.428274
0.428009
0.427747
0.427487
0.42723
0.426975
0.426723
0.426473
0.426226
0.42598
0.425738
0.425497
0.425258
0.425022
0.424788
0.424555
0.424325
0.424097
0.423871
0.423646
0.423424
0.423203
0.422984
0.422767
0.422552
0.422338
0.422125
0.421915
0.421706
0.421498
0.421292
0.421087
0.420884
0.420682
0.420482
0.420282
0.420084
0.419887
0.419691
0.419497
0.419303
0.41911
0.418919
0.418728
0.418538
0.41835
0.418162
0.417974
0.417788
0.417602
0.417417
0.417233
0.417049
0.416866
0.416684
0.416502
0.41632
0.416139
0.415959
0.415778
0.415598
0.415419
0.415239
0.41506
0.414881
0.414703
0.414524
0.414346
0.414167
0.413989
0.413811
0.413633
0.413454
0.413276
0.413098
0.412919
0.412741
0.412562
0.412383
0.412203
0.412024
0.411844
0.411664
0.411483
0.411303
0.411121
0.41094
0.410758
0.410575
0.410392
0.410209
0.410025
0.409841
0.409656
0.40947
0.409284
0.409097
0.40891
0.408721
0.408533
0.408343
0.408153
0.407962
0.407771
0.407579
0.407386
0.407192
0.406997
0.406802
0.406606
0.406409
0.406211
0.406012
0.405813
0.405613
0.405411
0.405209
0.405007
0.404803
0.404598
0.404393
0.404186
0.403979
0.403771
0.403562
0.403352
0.403141
0.40293
0.402717
0.402504
0.402289
0.402074
0.401858
0.401641
0.401423
0.401205
0.400985
0.400765
0.400543
0.400321
0.400098
0.399875
0.39965
0.399425
0.399199
0.398972
0.398744
0.398516
0.398287
0.398057
0.397827
0.397595
0.397364
0.397131
0.396898
0.396664
0.39643
0.396195
0.395959
0.395723
0.395487
0.39525
0.395012
0.394774
0.394536
0.394297
0.394058
0.393818
0.393579
0.393338
0.393098
0.392857
0.392616
0.392375
0.392134
0.391893
0.391651
0.39141
0.391168
0.390926
0.390685
0.390443
0.390202
0.38996
0.389719
0.389478
0.389237
0.388997
0.388756
0.388516
0.388277
0.388038
0.387799
0.38756
0.387323
0.387085
0.386848
0.386612
0.386377
0.386142
0.385908
0.385675
0.385442
0.38521
0.384979
0.384749
0.38452
0.384292
0.384066
0.38384
0.383615
0.383391
0.383169
0.382947
0.382728
0.382509
0.382292
0.382076
0.381861
0.381648
0.381436
0.381226
0.381018
0.380811
0.380606
0.380403
0.380201
0.380001
0.379803
0.379607
0.379412
0.37922
0.379029
0.378841
0.378654
0.37847
0.378288
0.378108
0.37793
0.377754
0.377581
0.377409
0.377241
0.377074
0.37691
0.376748
0.376589
0.376432
0.376278
0.376126
0.375977
0.37583
0.375686
0.375545
0.375407
0.375271
0.375138
0.375007
0.37488
0.374755
0.374633
0.374514
0.374397
0.374284
0.374173
0.374066
0.373961
0.373859
0.373761
0.373665
0.373572
0.373483
0.373396
0.373312
0.373232
0.373154
0.37308
0.373008
0.37294
0.372875
0.372813
0.372754
0.372698
0.372645
0.372595
0.372548
0.372505
0.372464
0.372427
0.372392
0.372361
0.372332
0.372307
0.372285
0.372265
0.372249
0.372236
0.372226
0.372218
0.372214
0.372212
0.37221
0.372211
0.372216
0.372223
0.372233
0.372247
0.372263
0.372282
0.372304
0.372329
0.372357
0.372388
0.372421
0.372457
0.372496
0.372537
0.372581
0.372627
0.372676
0.372727
0.37278
0.372836
0.372894
0.372954
0.373016
0.37308
0.373147
0.373215
0.373285
0.373356
0.37343
0.373505
0.373582
0.37366
0.37374
0.373821
0.373903
0.373987
0.374072
0.374158
0.374245
0.374333
0.374423
0.374513
0.374603
0.374695
0.374787
0.37488
0.374973
0.375067
0.375161
0.375256
0.375351
0.375445
0.37554
0.375635
0.37573
0.375825
0.37592
0.376014
0.376108
0.376202
0.376295
0.376388
0.37648
0.376571
0.376662
0.376751
0.37684
0.376928
0.377015
0.3771
0.377185
0.377268
0.37735
0.37743
0.377509
0.377587
0.377662
0.377737
0.377809
0.377879
0.377948
0.378015
0.378079
0.378142
0.378202
0.378261
0.378317
0.37837
0.378421
0.37847
0.378516
0.37856
0.378601
0.378639
0.378674
0.378707
0.378737
0.378764
0.378787
0.378808
0.378826
0.37884
0.378851
0.378859
0.378864
0.378865
0.378863
0.378858
0.378849
0.378836
0.37882
0.3788
0.378776
0.378749
0.378718
0.378683
0.378644
0.378601
0.378554
0.378504
0.378449
0.378391
0.378328
0.378261
0.37819
0.378115
0.378035
0.377951
0.377863
0.377771
0.377674
0.377573
0.377468
0.377358
0.377244
0.377126
0.377002
0.376875
0.376743
0.376606
0.376465
0.376319
0.376169
0.376014
0.375854
0.37569
0.375521
0.375347
0.375169
0.374986
0.374798
0.374606
0.374409
0.374207
0.374001
0.37379
0.373574
0.373353
0.373128
0.372897
0.372663
0.372423
0.372178
0.371929
0.371675
0.371417
0.371153
0.370885
0.370612
0.370334
0.370052
0.369765
0.369473
0.369176
0.368875
0.368568
0.368258
0.367942
0.367622
0.367297
0.366968
0.366633
0.366295
0.365951
0.365603
0.36525
0.364893
0.364531
0.364165
0.363794
0.363418
0.363038
0.362653
0.362264
0.361871
0.361473
0.36107
0.360663
0.360252
0.359836
0.359416
0.358992
0.358563
0.35813
0.357692
0.357251
0.356805
0.356355
0.355901
0.355442
0.35498
0.354513
0.354042
0.353567
0.353088
0.352605
0.352118
0.351627
0.351132
0.350633
0.350131
0.349624
0.349114
0.348599
0.348081
0.34756
0.347034
0.346505
0.345973
0.345436
0.344896
0.344353
0.343806
0.343255
0.342701
0.342144
0.341583
0.341019
0.340452
0.339881
0.339308
0.338731
0.33815
0.337567
0.336981
0.336391
0.335799
0.335204
0.334606
0.334004
0.333401
0.332794
0.332185
0.331572
0.330958
0.33034
0.329721
0.329098
0.328473
0.327846
0.327217
0.326585
0.32595
0.325314
0.324676
0.324035
0.323392
0.322747
0.322101
0.321452
0.320802
0.32015
0.319496
0.31884
0.318183
0.317524
0.316864
0.316202
0.315538
0.314874
0.314208
0.313541
0.312873
0.312204
0.311533
0.310862
0.31019
0.309517
0.308843
0.308168
0.307493
0.306817
0.30614
0.305463
0.304786
0.304108
0.30343
0.302752
0.302074
0.301395
0.300717
0.300039
0.29936
0.298682
0.298005
0.297327
0.29665
0.295973
0.295297
0.294621
0.293947
0.293272
0.292599
0.291926
0.291255
0.290584
0.289915
0.289246
0.288579
0.287913
0.287248
0.286585
0.285923
0.285263
0.284605
0.283948
0.283292
0.282639
0.281987
0.281338
0.28069
0.280044
0.279401
0.278759
0.27812
0.277483
0.276849
0.276217
0.275587
0.27496
0.274335
0.273713
0.273094
0.272478
0.271864
0.271253
0.270645
0.27004
0.269438
0.268839
0.268244
0.267651
0.267061
0.266475
0.265892
0.265313
0.264736
0.264163
0.263594
0.263028
0.262465
0.261906
0.261351
0.260799
0.260251
0.259706
0.259165
0.258628
0.258095
0.257565
0.257039
0.256517
0.255998
0.255484
0.254973
0.254466
0.253963
0.253464
0.252968
0.252477
0.251989
0.251505
0.251025
0.250549
0.250077
0.249609
0.249144
0.248684
0.248227
0.247774
0.247325
0.246879
0.246437
0.246
0.245565
0.245135
0.244708
0.244285
0.243865
0.24345
0.243037
0.242628
0.242223
0.241821
0.241423
0.241028
0.240636
0.240248
0.239863
0.239481
0.239103
0.238727
0.238355
0.237985
0.237619
0.237256
0.236895
0.236537
0.236183
0.23583
0.235481
0.235134
0.23479
0.234448
0.234108
0.233771
0.233437
0.233104
0.232774
0.232446
0.232119
0.231795
0.231473
0.231153
0.230834
0.230517
0.230202
0.229889
0.229577
0.229266
0.228957
0.228649
0.228342
0.228037
0.227732
0.227429
0.227127
0.226826
0.226525
0.226225
0.225926
0.225628
0.22533
0.225032
0.224736
0.224439
0.224143
0.223847
0.223551
0.223255
0.22296
0.222664
0.222368
0.222073
0.221777
0.22148
0.221184
0.220887
0.22059
0.220292
0.219994
0.219695
0.219395
0.219095
0.218794
0.218493
0.21819
0.217887
0.217582
0.217277
0.216971
0.216664
0.216355
0.216046
0.215735
0.215423
0.21511
0.214796
0.214481
0.214164
0.213845
0.213526
0.213205
0.212882
0.212558
0.212233
0.211906
0.211578
0.211248
0.210916
0.210583
0.210249
0.209913
0.209575
0.209235
0.208894
0.208552
0.208208
0.207862
0.207514
0.207165
0.206815
0.206462
0.206108
0.205753
0.205396
0.205037
0.204676
0.204314
0.203951
0.203586
0.203219
0.202851
0.202481
0.20211
0.201737
0.201363
0.200988
0.200611
0.200232
0.199852
0.199471
0.199089
0.198705
0.19832
0.197934
0.197546
0.197157
0.196767
0.196376
0.195984
0.195591
0.195196
0.194801
0.194405
0.194007
0.193609
0.19321
0.19281
0.192409
0.192008
0.191605
0.191202
0.190799
0.190394
0.189989
0.189584
0.189178
0.188771
0.188364
0.187957
0.187549
0.18714
0.186732
0.186323
0.185914
0.185505
0.185095
0.184686
0.184276
0.183866
0.183456
0.183046
0.182636
0.182227
0.181817
0.181407
0.180998
0.180589
0.18018
0.179771
0.179363
0.178954
0.178547
0.178139
0.177732
0.177326
0.176919
0.176514
0.176109
0.175704
0.1753
0.174897
0.174494
0.174091
0.17369
0.173289
0.172889
0.172489
0.172091
0.171693
0.171295
0.170899
0.170503
0.170109
0.169715
0.169322
0.16893
0.168538
0.168148
0.167758
0.16737
0.166982
0.166596
0.16621
0.165825
0.165441
0.165059
0.164677
0.164296
0.163916
0.163538
0.16316
0.162783
0.162407
0.162033
0.161659
0.161287
0.160915
0.160544
0.160175
0.159806
0.159439
0.159072
0.15905
0.15905
0.15871
0.158346
0.157984
0.157622
0.157261
0.156901
0.156542
0.156183
0.155826
0.155469
0.155114
0.154759
0.154405
0.154052
0.1537
0.153349
0.152999
0.152649
0.152301
0.151953
0.151606
0.15126
0.150915
0.150571
0.150227
0.149884
0.149542
0.149201
0.14886
0.14852
0.148181
0.147843
0.147505
0.147168
0.146832
0.146496
0.14616
0.145826
0.145492
0.145158
0.144825
0.144493
0.144161
0.143829
0.143498
0.143168
0.142837
0.142508
0.142178
0.141849
0.14152
0.141192
0.140864
0.140536
0.140209
0.139881
0.139554
0.139227
0.1389
0.138574
0.138247
0.137921
0.137595
0.137269
0.136942
0.136616
0.13629
0.135964
0.135638
0.135312
0.134986
0.134659
0.134333
0.134007
0.13368
0.133353
0.133026
0.132699
0.132372
0.132044
0.131716
0.131388
0.13106
0.130731
0.130402
0.130073
0.129743
0.129413
0.129083
0.128752
0.128421
0.128089
0.127757
0.127425
0.127092
0.126758
0.126424
0.12609
0.125755
0.12542
0.125084
0.124747
0.12441
0.124073
0.123735
0.123396
0.123057
0.122717
0.122376
0.122035
0.121693
0.121351
0.121008
0.120664
0.12032
0.119975
0.119629
0.119283
0.118936
0.118588
0.11824
0.11789
0.117541
0.11719
0.116839
0.116487
0.116134
0.115781
0.115427
0.115072
0.114717
0.114361
0.114004
0.113646
0.113288
0.112929
0.112569
0.112208
0.111847
0.111485
0.111122
0.110759
0.110395
0.11003
0.109665
0.109298
0.108932
0.108564
0.108196
0.107827
0.107457
0.107087
0.106716
0.106344
0.105971
0.105598
0.105225
0.10485
0.104475
0.1041
0.103723
0.103347
0.102969
0.102591
0.102212
0.101833
0.101453
0.101072
0.100691
0.100309
0.0999271
0.0995442
0.0991608
0.0987769
0.0983924
0.0980074
0.0976218
0.0972358
0.0968492
0.0964621
0.0960746
0.0956865
0.095298
0.094909
0.0945196
0.0941296
0.0937393
0.0933485
0.0929573
0.0925656
0.0921736
0.0917811
0.0913883
0.090995
0.0906014
0.0902074
0.0898131
0.0894184
0.0890233
0.0886279
0.0882322
0.0878362
0.0874398
0.0870432
0.0866462
0.086249
0.0858515
0.0854537
0.0850556
0.0846573
0.0842587
0.0838599
0.0834608
0.0830616
0.0826621
0.0822624
0.0818625
0.0814624
0.0810621
0.0806616
0.080261
0.0798601
0.0794592
0.0790581
0.0786568
0.0782554
0.0778539
0.0774522
0.0770504
0.0766485
0.0762466
0.0758445
0.0754423
0.0750401
0.0746377
0.0742354
0.0738329
0.0734304
0.0730278
0.0726252
0.0722226
0.0718199
0.0714173
0.0710146
0.0706118
0.0702091
0.0698064
0.0694037
0.069001
0.0685984
0.0681957
0.0677931
0.0673906
0.066988
0.0665856
0.0661832
0.0657808
0.0653785
0.0649763
0.0645742
0.0641722
0.0637703
0.0633684
0.0629667
0.0625651
0.0621636
0.0617622
0.061361
0.0609599
0.0605589
0.0601581
0.0597575
0.059357
0.0589566
0.0585565
0.0581565
0.0577567
0.0573571
0.0569577
0.0565584
0.0561594
0.0557606
0.0553621
0.0549637
0.0545656
0.0541677
0.0537701
0.0533727
0.0529755
0.0525787
0.0521821
0.0517857
0.0513897
0.0509939
0.0505984
0.0502032
0.0498083
0.0494137
0.0490195
0.0486255
0.0482319
0.0478386
0.0474456
0.047053
0.0466607
0.0462688
0.0458773
0.0454861
0.0450952
0.0447048
0.0443147
0.043925
0.0435357
0.0431468
0.0427582
0.0423701
0.0419824
0.0415951
0.0412083
0.0408218
0.0404358
0.0400502
0.039665
0.0392803
0.038896
0.0385122
0.0381288
0.0377459
0.0373634
0.0369814
0.0365998
0.0362187
0.0358381
0.0354579
0.0350782
0.034699
0.0343203
0.033942
0.0335642
0.0331869
0.03281
0.0324337
0.0320578
0.0316824
0.0313075
0.0309331
0.0305591
0.0301856
0.0298126
0.02944
0.029068
0.0286964
0.0283252
0.0279545
0.0275843
0.0272145
0.0268452
0.0264763
0.0261079
0.0257399
0.0253723
0.0250052
0.0246385
0.0242721
0.0239062
0.0235407
0.0231755
0.0228107
0.0224463
0.0220823
0.0217186
0.0213552
0.0209922
0.0206294
0.020267
0.0199049
0.019543
0.0191814
0.01882
0.0184589
0.018098
0.0177373
0.0173768
0.0170164
0.0166562
0.0162961
0.0159362
0.0155763
0.0152165
0.0148568
0.0144971
0.0141374
0.0137777
0.013418
0.0130582
0.0126983
0.0123384
0.0119783
0.011618
0.0112576
0.010897
0.0105361
0.010175
0.00981361
0.00945189
0.00908983
0.00872739
0.00836454
0.00800126
0.00763751
0.00727326
0.00690848
0.00654312
0.00617717
0.00581058
0.00544333
0.00507536
0.00470666
0.00433718
0.00396688
0.00359572
0.00322368
0.00285071
0.00247677
0.00210182
0.00172582
0.00134873
0.000970505
0.000591111
0.000210503
-0.000171362
-0.000554528
-0.000939037
-0.00132493
-0.00171226
-0.00210107
-0.0024914
-0.00288329
-0.0032768
-0.00367197
-0.00406885
-0.00446748
-0.00486791
-0.0052702
-0.00567438
-0.0060805
-0.00648862
-0.00689879
-0.00731104
-0.00772544
-0.00814204
-0.00856088
-0.00898201
-0.00940549
-0.00983136
-0.0102597
-0.0106905
-0.0111239
-0.0115598
-0.0119985
-0.0124398
-0.0128839
-0.0133308
-0.0137805
-0.0142332
-0.0146889
-0.0151476
-0.0156093
-0.0160742
-0.0165422
-0.0170135
-0.0174881
-0.017966
-0.0184473
-0.0189321
-0.0194204
-0.0199122
-0.0204076
-0.0209067
-0.0214095
-0.021916
-0.0224264
-0.0229407
-0.0234588
-0.023981
-0.0245071
-0.0250374
-0.0255718
-0.0261103
-0.0266531
-0.0272002
-0.0277516
-0.0283075
-0.0288677
-0.0294324
-0.0300017
-0.0305756
-0.031154
-0.0317372
-0.0323251
-0.0329178
-0.0335153
-0.0341177
-0.034725
-0.0353372
-0.0359545
-0.0365769
-0.0372043
-0.0378369
-0.0384746
-0.0391176
-0.0397659
-0.0404195
-0.0410784
-0.0417427
-0.0424125
-0.0430877
-0.0437685
-0.0444548
-0.0451467
-0.0458442
-0.0465473
-0.0472561
-0.0479707
-0.048691
-0.0494171
-0.050149
-0.0508867
-0.0516303
-0.0523798
-0.0531352
-0.0538966
-0.0546639
-0.0554373
-0.0562166
-0.057002
-0.0577934
-0.0585909
-0.0593945
-0.0602041
-0.0610199
-0.0618418
-0.0626698
-0.063504
-0.0643443
-0.0651907
-0.0660434
-0.0669021
-0.0677671
-0.0686381
-0.0695154
-0.0703987
-0.0712882
-0.0721839
-0.0730856
-0.0739935
-0.0749075
-0.0758275
-0.0767536
-0.0776857
-0.0786238
-0.0795679
-0.0805179
-0.0814739
-0.0824358
-0.0834035
-0.084377
-0.0853563
-0.0863413
-0.0873321
-0.0883284
-0.0893304
-0.0903378
-0.0913508
-0.0923691
-0.0933929
-0.0944219
-0.0954561
-0.0964955
-0.0975399
-0.0985894
-0.0996437
-0.100703
-0.101767
-0.102835
-0.103909
-0.104986
-0.106068
-0.107155
-0.108245
-0.109339
-0.110438
-0.11154
-0.112646
-0.113755
-0.114868
-0.115984
-0.117104
-0.118226
-0.119351
-0.120479
-0.12161
-0.122743
-0.123879
-0.125016
-0.126155
-0.127297
-0.128439
-0.129584
-0.130729
-0.131876
-0.133023
-0.134172
-0.13532
-0.136469
-0.136469
-0.137618
-0.138768
-0.139916
-0.141064
-0.142212
-0.143358
-0.144504
-0.145648
-0.14679
-0.147931
-0.149069
-0.150205
-0.151339
-0.152469
-0.153597
-0.154721
-0.155842
-0.156959
-0.158072
-0.159181
-0.160285
-0.161384
-0.162478
-0.163567
-0.16465
-0.165727
-0.166798
-0.167863
-0.168921
-0.169972
-0.171016
-0.172052
-0.173081
-0.174102
-0.175114
-0.176117
-0.177112
-0.178098
-0.179074
-0.180041
-0.180998
-0.181944
-0.18288
-0.183806
-0.18472
-0.185624
-0.186516
-0.187396
-0.188264
-0.18912
-0.189964
-0.190795
-0.191614
-0.192419
-0.193211
-0.193989
-0.194754
-0.195505
-0.196241
-0.196964
-0.197672
-0.198365
-0.199043
-0.199707
-0.200355
-0.200988
-0.201605
-0.202207
-0.202794
-0.203364
-0.203919
-0.204457
-0.20498
-0.205486
-0.205976
-0.206449
-0.206906
-0.207347
-0.207771
-0.208178
-0.208569
-0.208944
-0.209302
-0.209643
-0.209968
-0.210276
-0.210567
-0.210843
-0.211101
-0.211344
-0.21157
-0.21178
-0.211974
-0.212151
-0.212313
-0.212459
-0.21259
-0.212704
-0.212804
-0.212888
-0.212957
-0.213011
-0.21305
-0.213075
-0.213085
-0.213082
-0.213064
-0.213032
-0.212987
-0.212928
-0.212857
-0.212772
-0.212675
-0.212565
-0.212443
-0.212309
-0.212164
-0.212007
-0.211839
-0.211661
-0.211471
-0.211272
-0.211062
-0.210843
-0.210614
-0.210376
-0.210129
-0.209873
-0.209609
-0.209337
-0.209058
-0.208771
-0.208477
-0.208176
-0.207868
-0.207554
-0.207235
-0.206909
-0.206578
-0.206242
-0.205901
-0.205556
-0.205206
-0.204853
-0.204495
-0.204135
-0.203771
-0.203404
-0.203034
-0.202662
-0.202288
-0.201913
-0.201535
-0.201156
-0.200776
-0.200395
-0.200014
-0.199632
-0.19925
-0.198868
-0.198486
-0.198104
-0.197723
-0.197343
-0.196964
-0.196587
-0.19621
-0.195836
-0.195463
-0.195092
-0.194723
-0.194357
-0.193993
-0.193631
-0.193273
-0.192918
-0.192565
-0.192216
-0.19187
-0.191528
-0.191189
-0.190853
-0.190522
-0.190195
-0.189871
-0.189552
-0.189237
-0.188926
-0.18862
-0.188318
-0.188021
-0.187728
-0.187441
-0.187158
-0.18688
-0.186607
-0.186339
-0.186076
-0.185818
-0.185566
-0.185318
-0.185076
-0.18484
-0.184609
-0.184383
-0.184162
-0.183948
-0.183738
-0.183535
-0.183337
-0.183144
-0.182957
-0.182776
-0.182601
-0.182431
-0.182267
-0.182108
-0.181956
-0.181809
-0.181668
-0.181532
-0.181403
-0.181279
-0.181161
-0.181048
-0.180941
-0.18084
-0.180745
-0.180656
-0.180572
-0.180494
-0.180422
-0.180355
-0.180294
-0.180239
-0.180189
-0.180145
-0.180106
-0.180073
-0.180046
-0.180024
-0.180008
-0.179997
-0.179992
-0.179992
-0.179998
-0.180009
-0.180025
-0.180047
-0.180074
-0.180106
-0.180144
-0.180187
-0.180235
-0.180288
-0.180347
-0.18041
-0.180479
-0.180553
-0.180632
-0.180715
-0.180804
-0.180898
-0.180996
-0.1811
-0.181208
-0.181321
-0.181439
-0.181561
-0.181688
-0.18182
-0.181957
-0.182098
-0.182243
-0.182393
-0.182548
-0.182707
-0.18287
-0.183038
-0.18321
-0.183386
-0.183567
-0.183752
-0.183941
-0.184134
-0.184331
-0.184532
-0.184737
-0.184946
-0.185159
-0.185376
-0.185597
-0.185822
-0.18605
-0.186282
-0.186518
-0.186757
-0.187
-0.187247
-0.187497
-0.18775
-0.188007
-0.188268
-0.188531
-0.188798
-0.189068
-0.189342
-0.189618
-0.189898
-0.190181
-0.190467
-0.190755
-0.191047
-0.191342
-0.191639
-0.19194
-0.192243
-0.192548
-0.192857
-0.193168
-0.193482
-0.193798
-0.194116
-0.194438
-0.194761
-0.195087
-0.195415
-0.195746
-0.196078
-0.196413
-0.19675
-0.197089
-0.19743
-0.197773
-0.198118
-0.198465
-0.198814
-0.199164
-0.199517
-0.19987
-0.200226
-0.200583
-0.200942
-0.201302
-0.201664
-0.202027
-0.202391
-0.202757
-0.203124
-0.203492
-0.203862
-0.204232
-0.204604
-0.204976
-0.20535
-0.205724
-0.2061
-0.206476
-0.206853
-0.207231
-0.207609
-0.207988
-0.208368
-0.208748
-0.209129
-0.20951
-0.209891
-0.210273
-0.210655
-0.211038
-0.21142
-0.211803
-0.212186
-0.212569
-0.212952
-0.213335
-0.213718
-0.214101
-0.214484
-0.214867
-0.215249
-0.215631
-0.216013
-0.216394
-0.216775
-0.217156
-0.217536
-0.217915
-0.218294
-0.218673
-0.21905
-0.219427
-0.219804
-0.220179
-0.220554
-0.220928
-0.221301
-0.221673
-0.222044
-0.222414
-0.222783
-0.223151
-0.223518
-0.223884
-0.224249
-0.224612
-0.224974
-0.225335
-0.225695
-0.226053
-0.22641
-0.226766
-0.22712
-0.227473
-0.227824
-0.228174
-0.228523
-0.22887
-0.229215
-0.229559
-0.229901
-0.230241
-0.23058
-0.230918
-0.231253
-0.231587
-0.231919
-0.23225
-0.232579
-0.232906
-0.233231
-0.233554
-0.233876
-0.234196
-0.234514
-0.23483
-0.235144
-0.235457
-0.235768
-0.236077
-0.236384
-0.236689
-0.236992
-0.237294
-0.237593
-0.237891
-0.238187
-0.238481
-0.238773
-0.239063
-0.239352
-0.239638
-0.239923
-0.240206
-0.240487
-0.240767
-0.241044
-0.24132
-0.241594
-0.241866
-0.242137
-0.242406
-0.242673
-0.242938
-0.243202
-0.243464
-0.243724
-0.243983
-0.24424
-0.244496
-0.24475
-0.245003
-0.245254
-0.245503
-0.245752
-0.245998
-0.246244
-0.246488
-0.246731
-0.246972
-0.247212
-0.247451
-0.247689
-0.247925
-0.248161
-0.248395
-0.248629
-0.248861
-0.249093
-0.249323
-0.249553
-0.249781
-0.250009
-0.250237
-0.250463
-0.250689
-0.250914
-0.251139
-0.251363
-0.251586
-0.251809
-0.252032
-0.252255
-0.252477
-0.252699
-0.25292
-0.253142
-0.253363
-0.253585
-0.253806
-0.254028
-0.25425
-0.254471
-0.254693
-0.254916
-0.255139
-0.255362
-0.255585
-0.255809
-0.256034
-0.256259
-0.256485
-0.256712
-0.256939
-0.257168
-0.257397
-0.257627
-0.257859
-0.258091
-0.258325
-0.25856
-0.258796
-0.259033
-0.259272
-0.259512
-0.259754
-0.259997
-0.260242
-0.260489
-0.260737
-0.260988
-0.26124
-0.261494
-0.26175
-0.262008
-0.262269
-0.262531
-0.262796
-0.263063
-0.263333
-0.263604
-0.263879
-0.264156
-0.264435
-0.264717
-0.265002
-0.26529
-0.26558
-0.265874
-0.26617
-0.266469
-0.266772
-0.267077
-0.267386
-0.267698
-0.268013
-0.268332
-0.268654
-0.268979
-0.269308
-0.269641
-0.269977
-0.270317
-0.27066
-0.271007
-0.271358
-0.271713
-0.272072
-0.272435
-0.272801
-0.273172
-0.273547
-0.273926
-0.274309
-0.274696
-0.275088
-0.275484
-0.275884
-0.276288
-0.276697
-0.277111
-0.277529
-0.277951
-0.278378
-0.27881
-0.279246
-0.279687
-0.280133
-0.280583
-0.281038
-0.281498
-0.281962
-0.282432
-0.282906
-0.283385
-0.283869
-0.284358
-0.284851
-0.28535
-0.285854
-0.286362
-0.286876
-0.287395
-0.287918
-0.288447
-0.288981
-0.289519
-0.290063
-0.290612
-0.291166
-0.291725
-0.292289
-0.292858
-0.293432
-0.294011
-0.294596
-0.295185
-0.295779
-0.296379
-0.296983
-0.297592
-0.298207
-0.298826
-0.299451
-0.30008
-0.300714
-0.301353
-0.301997
-0.302645
-0.303298
-0.303956
-0.304618
-0.305285
-0.305958
-0.306634
-0.307316
-0.308002
-0.308693
-0.309389
-0.310089
-0.310794
-0.311504
-0.312218
-0.312936
-0.313659
-0.314386
-0.315118
-0.315854
-0.316594
-0.317338
-0.318087
-0.318839
-0.319595
-0.320356
-0.32112
-0.321888
-0.32266
-0.323436
-0.324215
-0.324998
-0.325784
-0.326574
-0.327367
-0.328163
-0.328963
-0.329765
-0.330571
-0.33138
-0.332192
-0.333007
-0.333824
-0.334644
-0.335467
-0.336293
-0.337121
-0.337951
-0.338784
-0.339619
-0.340456
-0.341295
-0.342137
-0.34298
-0.343825
-0.344672
-0.345521
-0.346371
-0.347223
-0.348076
-0.348931
-0.349787
-0.350644
-0.351503
-0.352362
-0.353223
-0.354084
-0.354946
-0.355809
-0.356673
-0.357537
-0.358402
-0.359267
-0.360132
-0.360997
-0.361863
-0.362729
-0.363595
-0.36446
-0.365326
-0.366191
-0.367056
-0.36792
-0.368784
-0.369648
-0.37051
-0.371372
-0.372233
-0.373093
-0.373953
-0.374811
-0.375668
-0.376524
-0.377378
-0.378231
-0.379083
-0.379933
-0.380781
-0.381628
-0.382473
-0.383317
-0.384158
-0.384997
-0.385835
-0.38667
-0.387503
-0.388334
-0.389162
-0.389988
-0.390812
-0.391633
-0.392452
-0.393268
-0.394081
-0.394891
-0.395699
-0.396503
-0.397305
-0.398103
-0.398899
-0.399691
-0.40048
-0.401266
-0.402049
-0.402828
-0.403603
-0.404376
-0.405144
-0.405909
-0.406671
-0.407429
-0.408183
-0.408933
-0.409679
-0.410421
-0.41116
-0.411894
-0.412625
-0.413351
-0.414073
-0.414791
-0.415505
-0.416215
-0.41692
-0.417621
-0.418318
-0.41901
-0.419698
-0.420381
-0.42106
-0.421734
-0.422403
-0.423068
-0.423729
-0.424384
-0.425035
-0.425681
-0.426323
-0.426959
-0.427591
-0.428218
-0.428839
-0.429456
-0.430068
-0.430675
-0.431277
-0.431874
-0.432466
-0.433053
-0.433635
-0.434211
-0.434783
-0.435349
-0.43591
-0.436466
-0.437016
-0.437562
-0.438102
-0.438637
-0.439166
-0.43969
-0.440209
-0.440722
-0.44123
-0.441733
-0.44223
-0.442722
-0.443208
-0.443689
-0.444164
-0.444634
-0.445099
-0.445557
-0.446011
-0.446458
-0.446901
-0.447337
-0.447768
-0.448194
-0.448613
-0.449028
-0.449436
-0.449839
-0.450236
-0.450628
-0.451014
-0.451394
-0.451768
-0.452137
-0.4525
-0.452857
-0.453209
-0.453555
-0.453895
-0.454229
-0.454558
-0.454881
-0.455198
-0.455509
-0.455814
-0.456114
-0.456407
-0.456695
-0.456977
-0.457254
-0.457524
-0.457788
-0.458047
-0.4583
-0.458547
-0.458788
-0.459023
-0.459252
-0.459475
-0.459692
-0.459904
-0.460109
-0.460309
-0.460503
-0.46069
-0.460872
-0.461048
-0.461218
-0.461382
-0.46154
-0.461692
-0.461838
-0.461978
-0.462112
-0.46224
-0.462362
-0.462478
-0.462589
-0.462693
-0.462791
-0.462883
-0.46297
-0.46305
-0.463124
-0.463193
-0.463255
-0.463311
-0.463362
-0.463406
-0.463444
-0.463477
-0.463503
-0.463524
-0.463538
-0.463547
-0.46355
-0.463546
-0.463537
-0.463522
-0.463501
-0.463474
-0.463441
-0.463402
-0.463358
-0.463307
-0.463251
-0.463189
-0.463121
-0.463047
-0.462967
-0.462881
-0.46279
-0.462693
-0.46259
-0.462482
-0.462368
-0.462248
-0.462122
-0.461991
-0.461854
-0.461711
-0.461563
-0.46141
-0.46125
-0.461086
-0.460916
-0.46074
-0.460559
-0.460372
-0.460181
-0.459984
-0.459781
-0.459573
-0.45936
-0.459142
-0.458919
-0.458691
-0.458457
-0.458219
-0.457975
-0.457727
-0.457473
-0.457215
-0.456952
-0.456684
-0.456412
-0.456134
-0.455852
-0.455566
-0.455275
-0.45498
-0.45468
-0.454375
-0.454067
-0.453754
-0.453437
-0.453116
-0.452791
-0.452462
-0.452128
-0.451791
-0.451451
-0.451106
-0.450758
-0.450406
-0.450051
-0.449692
-0.44933
-0.448964
-0.448595
-0.448223
-0.447848
-0.44747
-0.447089
-0.446705
-0.446318
-0.445929
-0.445537
-0.445142
-0.444745
-0.444346
-0.443944
-0.44354
-0.443134
-0.442726
-0.442316
-0.441904
-0.441491
-0.441076
-0.440659
-0.44024
-0.439821
-0.4394
-0.438977
-0.438554
-0.438129
-0.437704
-0.437278
-0.436851
-0.436423
-0.435995
-0.435567
-0.435138
-0.434708
-0.434279
-0.433849
-0.43342
-0.43299
-0.432561
-0.432132
-0.431704
-0.431276
-0.430848
-0.430422
-0.429996
-0.429571
-0.429146
-0.428723
-0.428301
-0.427881
-0.427461
-0.427043
-0.426627
-0.426212
-0.425799
-0.425388
-0.424978
-0.424571
-0.424165
-0.423762
-0.423361
-0.422962
-0.422565
-0.422171
-0.42178
-0.421391
-0.421005
-0.420621
-0.420241
-0.419863
-0.419489
-0.419117
-0.418749
-0.418383
-0.418022
-0.417663
-0.417308
-0.416956
-0.416608
-0.416264
-0.415923
-0.415586
-0.415253
-0.414923
-0.414597
-0.414276
-0.413958
-0.413645
-0.413335
-0.41303
-0.412728
-0.412431
-0.412139
-0.41185
-0.411566
-0.411287
-0.411011
-0.41074
-0.410474
-0.410212
-0.409955
-0.409702
-0.409454
-0.40921
