1.11022e-16
0.00037725
0.000436711
0.000496737
0.000561047
0.0006276
0.0006276
0.000699618
0.000775393
0.000857155
0.000943739
0.00103652
0.00113475
0.00123922
0.00134943
0.00146579
0.00158795
0.00171608
0.00184993
0.00198952
0.00213464
0.00228522
0.0024411
0.00260217
0.00276828
0.0029393
0.0031151
0.00329556
0.00348054
0.00366995
0.00386367
0.0040616
0.00426366
0.00446976
0.00467982
0.0048938
0.00511162
0.00533324
0.00555864
0.00578777
0.00602062
0.00625719
0.00649746
0.00674145
0.00698916
0.00724062
0.00749586
0.0077549
0.0080178
0.008261
0.00850875
0.00876101
0.00901773
0.00927888
0.00954443
0.00981433
0.0100886
0.0103671
0.01065
0.0109371
0.0112285
0.0115241
0.011824
0.0121281
0.0124364
0.0127489
0.0130657
0.0133866
0.0137117
0.014041
0.0143744
0.014712
0.0150538
0.0153997
0.0157497
0.0161038
0.016462
0.0168243
0.0171907
0.017561
0.0179354
0.0183137
0.018696
0.0190822
0.0194722
0.0198661
0.0202637
0.020665
0.0210701
0.0214788
0.021891
0.0223067
0.0227259
0.0231484
0.0235742
0.0240032
0.0244354
0.0248706
0.0253088
0.0257498
0.0261936
0.02664
0.027089
0.0275404
0.0279942
0.0284502
0.0289082
0.0293683
0.0298301
0.0302937
0.0307588
0.0312254
0.0316932
0.0321622
0.0326322
0.033103
0.0335744
0.0340464
0.0345187
0.0349911
0.0354636
0.0359359
0.0364079
0.0368793
0.0373501
0.03782
0.0382888
0.0387563
0.0392224
0.0396869
0.0401495
0.0406101
0.0410685
0.0415245
0.0419779
0.0424284
0.042876
0.0433204
0.0437614
0.0441987
0.0446323
0.0450619
0.0454872
0.0459082
0.0463246
0.0467362
0.0471428
0.0475443
0.0479404
0.0483309
0.0487157
0.0490945
0.0494673
0.0498337
0.0501937
0.050547
0.0508934
0.0512329
0.0515652
0.0518902
0.0522077
0.0525176
0.0528196
0.0531138
0.0533998
0.0536776
0.053947
0.0542079
0.0544602
0.0547037
0.0549384
0.0551641
0.0553807
0.0555881
0.0557862
0.055975
0.0561543
0.056324
0.0564841
0.0566345
0.0567752
0.0569061
0.0570271
0.0571381
0.0572393
0.0573304
0.0574115
0.0574826
0.0575436
0.0575945
0.0576353
0.0576661
0.0576867
0.0576973
0.0576978
0.0576883
0.0576688
0.0576393
0.0575999
0.0575505
0.0574913
0.0574223
0.0573436
0.0572551
0.0571571
0.0570495
0.0569324
0.056806
0.0566702
0.0565252
0.0563711
0.056208
0.056036
0.0558551
0.0556655
0.0554673
0.0552606
0.0550456
0.0548223
0.0545909
0.0543515
0.0541042
0.0538492
0.0535866
0.0533166
0.0530392
0.0527546
0.052463
0.0521645
0.0518593
0.0515474
0.0512291
0.0509045
0.0505738
0.050237
0.0498944
0.0495461
0.0491922
0.048833
0.0484685
0.048099
0.0477245
0.0473453
0.0469614
0.0465731
0.0461804
0.0457837
0.0453829
0.0449782
0.0445699
0.0441579
0.0437426
0.0433241
0.0429024
0.0424778
0.0420503
0.0416202
0.0411875
0.0407525
0.0403152
0.0398757
0.0394343
0.0389911
0.0385461
0.0380995
0.0376515
0.0372022
0.0367516
0.0363
0.0358474
0.0353939
0.0349397
0.0344849
0.0340296
0.0335739
0.0331179
0.0326618
0.0322055
0.0317493
0.0312932
0.0308374
0.0303818
0.0299267
0.0294721
0.029018
0.0285647
0.0281121
0.0276603
0.0272095
0.0267596
0.0263108
0.0258632
0.0254168
0.0249717
0.0245279
0.0240856
0.0236447
0.0232054
0.0227676
0.0223316
0.0218972
0.0214646
0.0210338
0.0206049
0.0201779
0.0197528
0.0193297
0.0189087
0.0184898
0.0180729
0.0176583
0.0172458
0.0168355
0.0164275
0.0160217
0.0156183
0.0152172
0.0148184
0.014422
0.0140281
0.0136365
0.0132474
0.0128608
0.0124766
0.0120949
0.0117157
0.011339
0.0109649
0.0105933
0.0102242
0.00985767
0.0094937
0.00913229
0.00877345
0.00841717
0.00806346
0.00771232
0.00736375
0.00701775
0.00667431
0.00633344
0.00599512
0.00565936
0.00532615
0.00499549
0.00466735
0.00434175
0.00401866
0.00369808
0.00338
0.00306441
0.0027513
0.00244065
0.00213246
0.0018267
0.00152337
0.00122246
0.000923933
0.000627791
0.000334013
4.25825e-05
-0.000246517
-0.000533303
-0.000817794
-0.00110001
-0.00137996
-0.00165768
-0.00193318
-0.00220647
-0.00247759
-0.00274655
-0.00301334
-0.00327802
-0.0035406
-0.0038011
-0.00405955
-0.00431596
-0.00457036
-0.00482278
-0.00507322
-0.00532173
-0.00556832
-0.00581301
-0.00605582
-0.00629679
-0.00653593
-0.00677327
-0.00700883
-0.00724264
-0.00747472
-0.0077051
-0.00793379
-0.00816083
-0.00838624
-0.00861004
-0.00883226
-0.00905292
-0.00927205
-0.00948967
-0.00970581
-0.00992049
-0.0101337
-0.0103456
-0.010556
-0.0107651
-0.0109729
-0.0111794
-0.0113845
-0.0115884
-0.0117911
-0.0119926
-0.0121929
-0.012392
-0.01259
-0.0127869
-0.0129827
-0.0131774
-0.0133711
-0.0135637
-0.0137554
-0.0139461
-0.0141359
-0.0143247
-0.0145127
-0.0146997
-0.0148859
-0.0150713
-0.0152559
-0.0154397
-0.0156227
-0.015805
-0.0159866
-0.0161674
-0.0163476
-0.0165272
-0.0167061
-0.0168843
-0.017062
-0.0172391
-0.0174157
-0.0175917
-0.0177672
-0.0179422
-0.0181168
-0.0182909
-0.0184645
-0.0186377
-0.0188105
-0.0189829
-0.0191549
-0.0193266
-0.019498
-0.019669
-0.0198397
-0.0200101
-0.0201802
-0.0203501
-0.0205197
-0.0206891
-0.0208583
-0.0210272
-0.0211959
-0.0213645
-0.0215329
-0.0217011
-0.0218691
-0.0220371
-0.0222048
-0.0223725
-0.02254
-0.0227075
-0.0228748
-0.0230421
-0.0232092
-0.0233763
-0.0235433
-0.0237102
-0.0238771
-0.0240439
-0.0242107
-0.0243774
-0.0245441
-0.0247108
-0.0248774
-0.0250439
-0.0252104
-0.0253769
-0.0255434
-0.0257098
-0.0258762
-0.0260425
-0.0262088
-0.0263751
-0.0265413
-0.0267075
-0.0268736
-0.0270396
-0.0272056
-0.0273715
-0.0275374
-0.0277032
-0.0278688
-0.0280344
-0.0281999
-0.0283653
-0.0285306
-0.0286957
-0.0288607
-0.0290255
-0.0291902
-0.0293546
-0.029519
-0.0296831
-0.029847
-0.0300106
-0.030174
-0.0303372
-0.0305001
-0.0306627
-0.030825
-0.030987
-0.0311486
-0.0313099
-0.0314709
-0.0316314
-0.0317915
-0.0319512
-0.0321104
-0.0322691
-0.0324274
-0.0325851
-0.0327423
-0.0328989
-0.033055
-0.0332104
-0.0333653
-0.0335194
-0.0336729
-0.0338257
-0.0339777
-0.034129
-0.0342795
-0.0344292
-0.034578
-0.034726
-0.0348731
-0.0350193
-0.0351645
-0.0353088
-0.035452
-0.0355943
-0.0357354
-0.0358755
-0.0360144
-0.0361522
-0.0362887
-0.0364241
-0.0365582
-0.0366911
-0.0368226
-0.0369528
-0.0370816
-0.0372089
-0.0373349
-0.0374593
-0.0375823
-0.0377037
-0.0378235
-0.0379418
-0.0380583
-0.0381732
-0.0382864
-0.0383978
-0.0385075
-0.0386153
-0.0387213
-0.0388253
-0.0389275
-0.0390277
-0.0391259
-0.0392221
-0.0393162
-0.0394082
-0.0394981
-0.0395858
-0.0396712
-0.0397545
-0.0398354
-0.0399141
-0.0399904
-0.0400643
-0.0401358
-0.0402048
-0.0402713
-0.0403353
-0.0403968
-0.0404556
-0.0405118
-0.0405653
-0.0406162
-0.0406642
-0.0407095
-0.040752
-0.0407916
-0.0408284
-0.0408622
-0.0408931
-0.040921
-0.0409459
-0.0409677
-0.0409865
-0.0410021
-0.0410145
-0.0410238
-0.0410299
-0.0410326
-0.0410322
-0.0410283
-0.0410212
-0.0410106
-0.0409966
-0.0409792
-0.0409583
-0.0409339
-0.040906
-0.0408745
-0.0408393
-0.0408006
-0.0407582
-0.0407121
-0.0406623
-0.0406087
-0.0405513
-0.0404902
-0.0404252
-0.0403564
-0.0402837
-0.040207
-0.0401264
-0.0400419
-0.0399534
-0.0398608
-0.0397642
-0.0396636
-0.0395589
-0.03945
-0.039337
-0.0392199
-0.0390986
-0.0389731
-0.0388433
-0.0387094
-0.0385711
-0.0384286
-0.0382818
-0.0381306
-0.0379752
-0.0378153
-0.0376511
-0.0374825
-0.0373095
-0.0371321
-0.0369502
-0.0367639
-0.0365691
-0.0363704
-0.0361676
-0.0359609
-0.0357501
-0.0355351
-0.0353159
-0.0350924
-0.0348647
-0.0346327
-0.0343962
-0.0341554
-0.0339102
-0.0336605
-0.0334064
-0.0331477
-0.0328846
-0.0326169
-0.0323446
-0.0320677
-0.0317863
-0.0315003
-0.0312096
-0.0309143
-0.0306144
-0.0303099
-0.0300007
-0.0296869
-0.0293684
-0.0290452
-0.0287175
-0.028385
-0.028048
-0.0277063
-0.0273599
-0.0270089
-0.0266533
-0.0262931
-0.0259283
-0.0255589
-0.0251849
-0.0248063
-0.0244231
-0.0240354
-0.0236432
-0.0232465
-0.0228452
-0.0224395
-0.0220292
-0.0216146
-0.0211955
-0.020772
-0.0203441
-0.0199118
-0.0194752
-0.0190343
-0.018589
-0.0181395
-0.0176858
-0.0172278
-0.0167656
-0.0162992
-0.0158288
-0.0153542
-0.0148755
-0.0143927
-0.013906
-0.0134152
-0.0129205
-0.0124219
-0.0119194
-0.011413
-0.0109028
-0.0103888
-0.0098711
-0.00934965
-0.00882453
-0.00829577
-0.00776341
-0.00722749
-0.00668804
-0.00614512
-0.00559876
-0.00504899
-0.00449587
-0.00393944
-0.00337974
-0.00281681
-0.00225069
-0.00168144
-0.0011091
-0.000533705
4.46864e-05
0.00062603
0.00121028
0.00179739
0.0023873
0.00297998
0.00357537
0.00417342
0.0047741
0.00537735
0.00598311
0.00659133
0.00720196
0.00781494
0.00843023
0.00904777
0.0096675
0.0102894
0.0109134
0.0115394
0.0121673
0.0127973
0.013429
0.0140626
0.014698
0.015335
0.0159737
0.016614
0.0172558
0.0178991
0.0185438
0.0191899
0.0198372
0.0204858
0.0211356
0.0217865
0.0224384
0.0230914
0.0237453
0.0244
0.0250556
0.025712
0.0263691
0.0270268
0.027685
0.0283438
0.0290031
0.0296628
0.0303228
0.030983
0.0316435
0.0323041
0.0329648
0.0336256
0.0342863
0.0349469
0.0356074
0.0362676
0.0369276
0.0375872
0.0382464
0.0389051
0.0395633
0.0402209
0.0408778
0.0415341
0.0421895
0.0428441
0.0434978
0.0441505
0.0448022
0.0454528
0.0461022
0.0467505
0.0473974
0.048043
0.0486871
0.0493299
0.049971
0.0506106
0.0512485
0.0518847
0.0525191
0.0531517
0.0537823
0.054411
0.0550376
0.0556622
0.0562845
0.0569047
0.0575225
0.0581381
0.0587512
0.0593618
0.0599699
0.0605753
0.0611781
0.0617782
0.0623755
0.0629699
0.0635615
0.06415
0.0647355
0.0653179
0.0658971
0.066473
0.0670457
0.067615
0.0681809
0.0687433
0.0693021
0.0698573
0.0704089
0.0709566
0.0715006
0.0720407
0.0725769
0.073109
0.0736371
0.074161
0.0746808
0.0751963
0.0757074
0.0762142
0.0767165
0.0772142
0.0777074
0.0781959
0.0786797
0.0791587
0.0796329
0.0801021
0.0805663
0.0810255
0.0814795
0.0819284
0.0823719
0.0828102
0.0832431
0.0836705
0.0840923
0.0845086
0.0849192
0.0853241
0.0857231
0.0861163
0.0865036
0.0868848
0.0872599
0.0876289
0.0879917
0.0883482
0.0886983
0.089042
0.0893792
0.0897099
0.0900339
0.0903512
0.0906617
0.0909653
0.0912621
0.0915518
0.0918345
0.09211
0.0923784
0.0926394
0.0928931
0.0931395
0.0933783
0.0936095
0.0938332
0.0940491
0.0942573
0.0944576
0.09465
0.0948345
0.0950109
0.0951792
0.0953393
0.0954911
0.0956346
0.0957697
0.0958964
0.0960145
0.096124
0.0962249
0.096317
0.0964004
0.0964748
0.0965404
0.0965969
0.0966444
0.0966827
0.0967119
0.0967318
0.0967424
0.0967437
0.0967354
0.0967177
0.0966905
0.0966536
0.096607
0.0965508
0.0964847
0.0964088
0.096323
0.0962272
0.0961215
0.0960057
0.0958798
0.0957437
0.0955974
0.0954409
0.0952741
0.095097
0.0949095
0.0947116
0.0945032
0.0942843
0.0940549
0.0938149
0.0935644
0.0933031
0.0930313
0.0927487
0.0924554
0.0921514
0.0918366
0.091511
0.0911746
0.0908273
0.0904693
0.0901003
0.0897205
0.0893298
0.0889283
0.0885158
0.0880925
0.0876582
0.0872131
0.0867571
0.0862902
0.0858124
0.0853237
0.0848243
0.0843139
0.0837928
0.0832609
0.0827182
0.0821647
0.0816006
0.0810258
0.0804403
0.0798442
0.0792376
0.0786204
0.0779928
0.0773547
0.0767062
0.0760474
0.0753784
0.0746991
0.0740098
0.0733103
0.0726008
0.0718814
0.0711522
0.0704131
0.0696644
0.068906
0.0681382
0.0673609
0.0665742
0.0657783
0.0649733
0.0641592
0.0633362
0.0625044
0.0616639
0.0608147
0.0599571
0.0590912
0.058217
0.0573347
0.0564444
0.0555463
0.0546405
0.0537271
0.0528063
0.0518782
0.050943
0.0500009
0.0490519
0.0480962
0.047134
0.0461655
0.0451908
0.0442101
0.0432235
0.0422313
0.0412335
0.0402305
0.0392223
0.0382091
0.0371912
0.0361687
0.0351417
0.0341106
0.0330754
0.0320365
0.0309939
0.0299478
0.0288986
0.0278463
0.0267912
0.0257335
0.0246733
0.023611
0.0225467
0.0214806
0.0204129
0.0193439
0.0182737
0.0172026
0.0161309
0.0150586
0.013986
0.0129134
0.011841
0.010769
0.00969754
0.00862695
0.00755742
0.00648916
0.0054224
0.00435737
0.00329428
0.00223335
0.00117482
0.0001189
-0.000934187
-0.00198422
-0.00303097
-0.00407423
-0.00511378
-0.00614938
-0.00718083
-0.00820792
-0.00923041
-0.0102481
-0.0112608
-0.0122682
-0.0132702
-0.0142666
-0.0152571
-0.0162415
-0.0172196
-0.0181913
-0.0191562
-0.0201143
-0.0210654
-0.0220091
-0.0229454
-0.023874
-0.0247947
-0.0257074
-0.0266119
-0.0275079
-0.0283954
-0.029274
-0.0301438
-0.0310044
-0.0318557
-0.0326975
-0.0335298
-0.0343522
-0.0351647
-0.0359671
-0.0367592
-0.0375409
-0.0383121
-0.0390725
-0.0398222
-0.0405608
-0.0412884
-0.0420047
-0.0427096
-0.0434031
-0.0440849
-0.0447551
-0.0454133
-0.0460597
-0.046694
-0.0473161
-0.047926
-0.0485236
-0.0491087
-0.0496813
-0.0502413
-0.0507886
-0.0513232
-0.0518449
-0.0523537
-0.0528496
-0.0533325
-0.0538023
-0.054259
-0.0547026
-0.0551329
-0.05555
-0.0559538
-0.0563443
-0.0567214
-0.0570852
-0.0574357
-0.0577727
-0.0580963
-0.0584066
-0.0587034
-0.0589868
-0.0592568
-0.0595134
-0.0597566
-0.0599865
-0.060203
-0.0604062
-0.0605961
-0.0607728
-0.0609363
-0.0610865
-0.0612237
-0.0613477
-0.0614588
-0.0615568
-0.061642
-0.0617142
-0.0617737
-0.0618205
-0.0618546
-0.0618761
-0.0618852
-0.0618818
-0.0618662
-0.0618382
-0.0617982
-0.0617461
-0.061682
-0.0616061
-0.0615184
-0.0614192
-0.0613083
-0.0611861
-0.0610526
-0.0609079
-0.0607521
-0.0605854
-0.0604079
-0.0602197
-0.0600209
-0.0598117
-0.0595923
-0.0593626
-0.059123
-0.0588735
-0.0586143
-0.0583454
-0.0580672
-0.0577796
-0.0574829
-0.0571772
-0.0568627
-0.0565395
-0.0562078
-0.0558676
-0.0555193
-0.0551629
-0.0547986
-0.0544266
-0.054047
-0.05366
-0.0532658
-0.0528645
-0.0524562
-0.0520412
-0.0516196
-0.0511917
-0.0507574
-0.0503171
-0.0498708
-0.0494189
-0.0489613
-0.0484983
-0.0480301
-0.0475569
-0.0470787
-0.0465958
-0.0461083
-0.0456165
-0.0451204
-0.0446203
-0.0441163
-0.0436086
-0.0430973
-0.0425826
-0.0420647
-0.0415438
-0.04102
-0.0404935
-0.0399644
-0.0394329
-0.0388992
-0.0383634
-0.0378257
-0.0372862
-0.0367452
-0.0362027
-0.035659
-0.0351142
-0.0345684
-0.0340217
-0.0334745
-0.0329267
-0.0323786
-0.0318303
-0.0312819
-0.0307337
-0.0301856
-0.029638
-0.0290909
-0.0285445
-0.0279989
-0.0274542
-0.0269106
-0.0263683
-0.0258274
-0.0252879
-0.0247501
-0.024214
-0.0236799
-0.0231477
-0.0226178
-0.02209
-0.0215647
-0.021042
-0.0205333
-0.0200265
-0.0195216
-0.0190188
-0.0185183
-0.0180202
-0.0175247
-0.0170319
-0.0165419
-0.016055
-0.0155712
-0.0150906
-0.0146135
-0.0141399
-0.01367
-0.0132039
-0.0127417
-0.0122835
-0.0118295
-0.0113798
-0.0109345
-0.0104937
-0.0100574
-0.00962593
-0.00919923
-0.00877745
-0.00836067
-0.00794901
-0.00754254
-0.00714136
-0.00674555
-0.0063552
-0.00597039
-0.0055912
-0.00521771
-0.00484998
-0.0044881
-0.00413213
-0.00378214
-0.00343819
-0.00310034
-0.00276865
-0.00244319
-0.002124
-0.00181114
-0.00150466
-0.0012046
-0.000911007
-0.000623931
-0.000343409
-6.94804e-05
0.00019782
0.000458457
0.0007124
0.000959619
0.00120009
0.00143378
0.00166067
0.00188074
0.00209397
0.00230034
0.00249985
0.00269247
0.0028782
0.00305702
0.00322894
0.00339395
0.00355205
0.00370322
0.00384749
0.00398485
0.00411531
0.00423887
0.00435554
0.00446535
0.00456829
0.00466439
0.00475366
0.00483613
0.0049118
0.00498072
0.00504289
0.00509836
0.00514714
0.00518926
0.00522477
0.00525368
0.00527605
0.0052919
0.00530127
0.00530421
0.00530075
0.00529094
0.00527483
0.00525247
0.0052239
0.00518917
0.00514833
0.00510144
0.00504856
0.00498973
0.00492503
0.0048545
0.00477821
0.00469622
0.0046086
0.00451541
0.00441671
0.00431258
0.00420308
0.00408829
0.00396827
0.00384311
0.00371287
0.00357763
0.00343746
0.00329245
0.00314268
0.00298821
0.00282915
0.00266556
0.00249753
0.00232514
0.00214849
0.00196765
0.00178272
0.00159378
0.00140092
0.00120423
0.0010038
0.000799721
0.000592089
0.000380994
0.00016653
-5.12091e-05
-0.000272128
-0.000496133
-0.000723126
-0.000953012
-0.00118569
-0.00142107
-0.00165905
-0.00189953
-0.00214242
-0.00238761
-0.002635
-0.0028845
-0.00313601
-0.00338942
-0.00364463
-0.00390155
-0.00416007
-0.0044201
-0.00468153
-0.00494426
-0.00520819
-0.00547322
-0.00573925
-0.00600618
-0.00627391
-0.00654234
-0.00681136
-0.00708088
-0.0073508
-0.00762102
-0.00789144
-0.00816196
-0.00843248
-0.00870291
-0.00897314
-0.00924308
-0.00951264
-0.00978171
-0.0100502
-0.010318
-0.0105851
-0.0108513
-0.0111165
-0.0113807
-0.0116437
-0.0119055
-0.012166
-0.0124251
-0.0126827
-0.0129386
-0.013193
-0.0134455
-0.0136962
-0.013945
-0.0141917
-0.0144364
-0.0146788
-0.014919
-0.0151569
-0.0153924
-0.0156253
-0.0158557
-0.0160834
-0.0163084
-0.0165306
-0.0167499
-0.0169663
-0.0171797
-0.01739
-0.0175972
-0.0178011
-0.0180018
-0.0181991
-0.018393
-0.0185835
-0.0187704
-0.0189537
-0.0191334
-0.0193094
-0.0194817
-0.0196501
-0.0198147
-0.0199754
-0.0201321
-0.0202849
-0.0204336
-0.0205781
-0.0207186
-0.0208549
-0.0209869
-0.0211147
-0.0212382
-0.0213573
-0.0214721
-0.0215825
-0.0216885
-0.02179
-0.021887
-0.0219795
-0.0220674
-0.0221508
-0.0222296
-0.0223037
-0.0223732
-0.0224381
-0.0224983
-0.0225539
-0.0226047
-0.0226508
-0.0226922
-0.0227289
-0.0227609
-0.0227881
-0.0228105
-0.0228282
-0.0228412
-0.0228494
-0.0228529
-0.0228516
-0.0228456
-0.0228348
-0.0228193
-0.0227991
-0.0227742
-0.0227446
-0.0227103
-0.0226714
-0.0226278
-0.0225796
-0.0225268
-0.0224693
-0.0224074
-0.0223408
-0.0222698
-0.0221943
-0.0221143
-0.0220299
-0.0219411
-0.0218479
-0.0217504
-0.0216487
-0.0215426
-0.0214324
-0.021318
-0.0211994
-0.0210767
-0.0209501
-0.0208194
-0.0206847
-0.0205462
-0.0204038
-0.0202576
-0.0201077
-0.019954
-0.0197968
-0.0196359
-0.0194716
-0.0193037
-0.0191325
-0.0189579
-0.0187801
-0.018599
-0.0184148
-0.0182276
-0.0180373
-0.0178441
-0.017648
-0.0174491
-0.0172475
-0.0170432
-0.0168364
-0.016627
-0.0164153
-0.0162012
-0.0159848
-0.0157663
-0.0155456
-0.015323
-0.0150984
-0.0148719
-0.0146437
-0.0144139
-0.0141824
-0.0139494
-0.0137151
-0.0134794
-0.0132424
-0.0130044
-0.0127653
-0.0125252
-0.0122843
-0.0120426
-0.0118003
-0.0115573
-0.0113139
-0.0110702
-0.0108261
-0.0105819
-0.0103376
-0.0100933
-0.0098491
-0.00960515
-0.00936151
-0.00911829
-0.0088756
-0.00863353
-0.00839218
-0.00815167
-0.0079121
-0.00767355
-0.00743615
-0.00719999
-0.00696518
-0.00673183
-0.00650002
-0.00626988
-0.0060415
-0.00581498
-0.00559044
-0.00536798
-0.00514769
-0.00492968
-0.00471406
-0.00450093
-0.0042904
-0.00408255
-0.00387751
-0.00367536
-0.00347622
-0.00328017
-0.00308733
-0.0028978
-0.00271166
-0.00252903
-0.00235
-0.00217467
-0.00200314
-0.0018355
-0.00167185
-0.00151228
-0.00135689
-0.00120578
-0.00105903
-0.000916731
-0.000778985
-0.000645876
-0.000517495
-0.000393928
-0.000275262
-0.000161584
-5.29782e-05
5.04723e-05
0.000148685
0.000241578
0.000329073
0.00041109
0.000487553
0.000558384
0.000623511
0.000682859
0.000736356
0.000783933
0.000825521
0.000861052
0.000890461
0.000913683
0.000930655
0.000941317
0.000945609
0.000943473
0.000934854
0.000919696
0.000897948
0.000869558
0.000834477
0.000792658
0.000744055
0.000688624
0.000626324
0.000557114
0.000480956
0.000397815
0.000307654
0.000210443
0.00010615
-5.25359e-06
-0.000123794
-0.000249496
-0.000382382
-0.000522474
-0.00066979
-0.000824346
-0.000986158
-0.00115524
-0.0013316
-0.00151525
-0.00170619
-0.00190443
-0.00210997
-0.00232282
-0.00254297
-0.00277041
-0.00300515
-0.00324717
-0.00349647
-0.00375303
-0.00401684
-0.00428789
-0.00456615
-0.00485161
-0.00514425
-0.00544404
-0.00575095
-0.00606496
-0.00638605
-0.00671417
-0.0070493
-0.00739139
-0.00774042
-0.00809634
-0.00845911
-0.00882869
-0.00920504
-0.0095881
-0.00997783
-0.0103742
-0.0107771
-0.0111865
-0.0116024
-0.0120247
-0.0124533
-0.0128882
-0.0133293
-0.0137765
-0.0142299
-0.0146892
-0.0151545
-0.0156257
-0.0161027
-0.0165854
-0.0170737
-0.0175677
-0.0180671
-0.0185719
-0.0190821
-0.0195975
-0.020118
-0.0206437
-0.0211743
-0.0217098
-0.0222502
-0.0227952
-0.0233449
-0.0238991
-0.0244577
-0.0250206
-0.0255878
-0.0261591
-0.0267344
-0.0273137
-0.0278968
-0.0284836
-0.029074
-0.0296679
-0.0302652
-0.0308657
-0.0314695
-0.0320763
-0.032686
-0.0332986
-0.0339139
-0.0345317
-0.0351521
-0.0357748
-0.0363998
-0.0370268
-0.0376559
-0.0382869
-0.0389195
-0.0395539
-0.0401897
-0.0408269
-0.0414653
-0.0421048
-0.0427453
-0.0433867
-0.0440288
-0.0446715
-0.0453146
-0.0459581
-0.0466017
-0.0472454
-0.047889
-0.0485324
-0.0491755
-0.049818
-0.0504599
-0.051101
-0.0517411
-0.0523802
-0.0530181
-0.0536547
-0.0542897
-0.0549231
-0.0555547
-0.0561844
-0.056812
-0.0574373
-0.0580603
-0.0586807
-0.0592985
-0.0599134
-0.0605253
-0.0611341
-0.0617397
-0.0623417
-0.0629402
-0.0635349
-0.0641258
-0.0647125
-0.0652951
-0.0658732
-0.0664469
-0.0670158
-0.0675799
-0.068139
-0.068693
-0.0692416
-0.0697847
-0.0703222
-0.0708539
-0.0713797
-0.0718993
-0.0724127
-0.0729196
-0.0734199
-0.0739134
-0.0744001
-0.0748796
-0.0753519
-0.0758168
-0.0762742
-0.0767238
-0.0771656
-0.0775993
-0.0780248
-0.0784419
-0.0788506
-0.0792505
-0.0796417
-0.0800238
-0.0803968
-0.0807605
-0.0811148
-0.0814594
-0.0817943
-0.0821192
-0.0824342
-0.0827389
-0.0830332
-0.083317
-0.0835902
-0.0838526
-0.0841041
-0.0843444
-0.0845736
-0.0847914
-0.0849977
-0.0851924
-0.0853753
-0.0855464
-0.0857054
-0.0858523
-0.085987
-0.0861092
-0.086219
-0.0863161
-0.0864006
-0.0864722
-0.0865309
-0.0865765
-0.0865523
-0.0865217
-0.0864839
-0.0864383
-0.0863844
-0.0863217
-0.0862496
-0.0861678
-0.0860757
-0.0859731
-0.0858595
-0.0857346
-0.0855981
-0.0854498
-0.0852894
-0.0851165
-0.0849311
-0.0847328
-0.0845216
-0.0842973
-0.0840596
-0.0838085
-0.0835439
-0.0832656
-0.0829736
-0.0826678
-0.0823481
-0.0820145
-0.081667
-0.0813055
-0.08093
-0.0805405
-0.080137
-0.0797196
-0.0792883
-0.0788431
-0.0783841
-0.0779113
-0.0774248
-0.0769248
-0.0764112
-0.0758843
-0.075344
-0.0747906
-0.0742241
-0.0736448
-0.0730527
-0.0724479
-0.0718308
-0.0712013
-0.0705598
-0.0699063
-0.0692411
-0.0685644
-0.0678764
-0.0671773
-0.0664673
-0.0657466
-0.0650155
-0.0642742
-0.063523
-0.0627621
-0.0619917
-0.0612122
-0.0604237
-0.0596267
-0.0588212
-0.0580077
-0.0571864
-0.0563575
-0.0555215
-0.0546785
-0.0538289
-0.052973
-0.0521111
-0.0512435
-0.0503705
-0.0494924
-0.0486096
-0.0477223
-0.0468309
-0.0459357
-0.0450371
-0.0441353
-0.0432306
-0.0423235
-0.0414142
-0.0405031
-0.0395905
-0.0386767
-0.037762
-0.0368468
-0.0359314
-0.0350161
-0.0341013
-0.0331871
-0.0322741
-0.0313624
-0.0304524
-0.0295444
-0.0286387
-0.0277356
-0.0268354
-0.0259383
-0.0250448
-0.024155
-0.0232692
-0.0223878
-0.0215109
-0.0206388
-0.0197719
-0.0189103
-0.0180544
-0.0172042
-0.0163602
-0.0155224
-0.0146912
-0.0138668
-0.0130493
-0.0122389
-0.0114359
-0.0106405
-0.00985282
-0.00907304
-0.00830134
-0.00753788
-0.00678283
-0.00603633
-0.00529852
-0.00456953
-0.0038495
-0.00313854
-0.00243677
-0.0017443
-0.00106123
-0.000387636
0.00027638
0.000930742
0.00157538
0.00221023
0.00283523
0.00345032
0.00405547
0.00465063
0.00523578
0.00581087
0.0063759
0.00693085
0.00747571
0.00801047
0.00853514
0.00904973
0.00955424
0.0100487
0.0105331
0.0110076
0.0114721
0.0119266
0.0123713
0.0128061
0.0132311
0.0136464
0.0140521
0.0144481
0.0148346
0.0152116
0.0155793
0.0159376
0.0162866
0.0166266
0.0169574
0.0172793
0.0175923
0.0178964
0.0181919
0.0184788
0.0187572
0.0190272
0.0192889
0.0195424
0.0197879
0.0200253
0.0202549
0.0204767
0.0206909
0.0208976
0.0210969
0.0212888
0.0214736
0.0216512
0.021822
0.0219859
0.022143
0.0222936
0.0224377
0.0225754
0.0227068
0.0228321
0.0229513
0.0230646
0.0231722
0.023274
0.0233703
0.0234611
0.0235466
0.0236269
0.0237021
0.0237722
0.0238375
0.0238979
0.0239537
0.0240049
0.0240517
0.024094
0.0241322
0.0241661
0.024196
0.024222
0.0242441
0.0242624
0.0242771
0.0242882
0.0242959
0.0243002
0.0243012
0.024299
0.0242937
0.0242854
0.0242742
0.0242601
0.0242433
0.0242238
0.0242017
0.0241771
0.0241501
0.0241207
0.024089
0.0240551
0.0240191
0.0239811
0.023941
0.0238991
0.0238552
0.0238096
0.0237623
0.0237134
0.0236628
0.0236107
0.0235572
0.0235022
0.0234459
0.0233883
0.0233294
0.0232694
0.0232082
0.0231459
0.0230826
0.0230184
0.0229532
0.0228871
0.0228201
0.0227524
0.0226839
0.0226147
0.0225448
0.0224743
0.0224032
0.0223315
0.0222593
0.0221866
0.0221135
0.02204
0.021966
0.0218917
0.0218171
0.0217422
0.0216671
0.0215917
0.021516
0.0214402
0.0213643
0.0212881
0.0212119
0.0211356
0.0210592
0.0209828
0.0209063
0.0208298
0.0207533
0.0206769
0.0206005
0.0205241
0.0204478
0.0203715
0.0202954
0.0202194
0.0201434
0.0200676
0.019992
0.0199165
0.0198411
0.0197659
0.0196909
0.0196192
0.0195472
0.0194749
0.0194023
0.0193295
0.0192564
0.0191832
0.0191097
0.0190361
0.0189624
0.0188885
0.0188141
0.0187392
0.0186638
0.0185879
0.0185117
0.0184351
0.0183581
0.0182808
0.0182033
0.0181254
0.0180474
0.0179691
0.0178906
0.017812
0.0177332
0.0176543
0.0175753
0.0174962
0.017417
0.0173378
0.0172585
0.0171792
0.0170999
0.0170207
0.0169414
0.0168622
0.016783
0.0167039
0.0166248
0.0165458
0.0164669
0.0163881
0.0163094
0.0162307
0.0161522
0.0160739
0.0159956
0.0159175
0.0158395
0.0157616
0.0156839
0.0156064
0.0155289
0.0154517
0.0153746
0.0152976
0.0152208
0.0151442
0.0150677
0.0149913
0.0149152
0.0148392
0.0147633
0.0146876
0.0146121
0.0145367
0.0144614
0.0143863
0.0143114
0.0142366
0.0141619
0.0140874
0.014013
0.0139388
0.0138646
0.0137906
0.0137168
0.013643
0.0135693
0.0134958
0.0134223
0.013349
0.0132757
0.0132026
0.0131295
0.0130564
0.0129835
0.0129106
0.0128378
0.012765
0.0126922
0.0126195
0.0125468
0.0124742
0.0124015
0.0123289
0.0122562
0.0121836
0.0121109
0.0120382
0.0119655
0.0118927
0.0118199
0.011747
0.0116741
0.0116011
0.011528
0.0114548
0.0113816
0.0113082
0.0112347
0.011161
0.0110873
0.0110134
0.0109393
0.0108651
0.0107907
0.0107161
0.0106413
0.0105663
0.0104912
0.0104158
0.0103401
0.0102642
0.0101881
0.0101117
0.0100351
0.00995811
0.00988088
0.00980335
0.0097255
0.00964734
0.00956884
0.00949001
0.00941082
0.00933127
0.00925135
0.00917104
0.00909035
0.00900925
0.00892775
0.00884582
0.00876345
0.00868065
0.00859739
0.00851368
0.00842949
0.00834482
0.00825965
0.00817399
0.00808782
0.00800113
0.0079139
0.00782614
0.00773783
0.00764896
0.00755953
0.00746952
0.00737893
0.00728774
0.00719596
0.00710356
0.00701055
0.0069169
0.00682263
0.00672771
0.00663214
0.00653592
0.00643903
0.00634146
0.00624322
0.00614429
0.00604467
0.00594435
0.00584333
0.00574159
0.00563914
0.00553596
0.00543206
0.00532742
0.00522204
0.00511592
0.00500905
0.00490143
0.00479306
0.00468393
0.00457403
0.00446337
0.00435194
0.00423974
0.00412677
0.00401302
0.00389849
0.00378319
0.0036671
0.00355024
0.00343259
0.00331417
0.00319496
0.00307497
0.00295421
0.00283266
0.00271034
0.00258725
0.00246338
0.00233874
0.00221333
0.00208715
0.00196022
0.00183253
0.00170408
0.00157489
0.00144495
0.00131427
0.00118286
0.00105073
0.000917867
0.000784293
0.000650012
0.000515029
0.000379353
0.000242992
0.000105955
-3.17515e-05
-0.000170117
-0.000309132
-0.000448789
-0.000589075
-0.000729982
-0.000871499
-0.00101361
-0.00115632
-0.0012996
-0.00144344
-0.00158783
-0.00173277
-0.00187823
-0.0020242
-0.00217068
-0.00231764
-0.00246508
-0.00261297
-0.00276131
-0.00291007
-0.00305926
-0.00320884
-0.0033588
-0.00350914
-0.00365982
-0.00381084
-0.00396219
-0.00411383
-0.00426577
-0.00441797
-0.00457043
-0.00472312
-0.00487603
-0.00502914
-0.00518244
-0.0053359
-0.00548951
-0.00564325
-0.0057971
-0.00595104
-0.00610506
-0.00625914
-0.00641326
-0.0065674
-0.00672154
-0.00687567
-0.00702976
-0.0071838
-0.00733777
-0.00749165
-0.00764543
-0.00779908
-0.00795259
-0.00810593
-0.0082591
-0.00841207
-0.00856483
-0.00871735
-0.00886963
-0.00902164
-0.00917337
-0.0093248
-0.00947591
-0.0096267
-0.00977713
-0.0099272
-0.0100769
-0.0102262
-0.0103751
-0.0105235
-0.0106716
-0.0108191
-0.0109662
-0.0111129
-0.011259
-0.0114046
-0.0115498
-0.0116944
-0.0118384
-0.0119819
-0.0121248
-0.0122672
-0.012409
-0.0125502
-0.0126908
-0.0128308
-0.0129702
-0.013109
-0.0132471
-0.0133846
-0.0135215
-0.0136578
-0.0137934
-0.0139283
-0.0140626
-0.0141962
-0.0143292
-0.0144616
-0.0145932
-0.0147243
-0.0148546
-0.0149844
-0.0151134
-0.0152418
-0.0153696
-0.0154967
-0.0156232
-0.0157491
-0.0158743
-0.0159962
-0.0161114
-0.0162259
-0.0163306
-0.0164405
-0.0165319
-0.0166436
-0.0167562
-0.0168695
-0.0169834
-0.0170979
-0.017213
-0.0173285
-0.0174444
-0.0175606
-0.0176772
-0.017794
-0.0179111
-0.0180283
-0.0181457
-0.0182633
-0.0183809
-0.0184986
-0.0186164
-0.0187342
-0.0188521
-0.01897
-0.019088
-0.0192059
-0.0193239
-0.0194418
-0.0195598
-0.0196779
-0.0197959
-0.019914
-0.0200321
-0.0201503
-0.0202686
-0.0203869
-0.0205054
-0.020624
-0.0207427
-0.0208616
-0.0209807
-0.0211
-0.0212195
-0.0213393
-0.0214594
-0.0215798
-0.0217005
-0.0218217
-0.0219432
-0.0220652
-0.0221876
-0.0223105
-0.022434
-0.022558
-0.0226826
-0.0228079
-0.0229338
-0.0230604
-0.0231877
-0.0233158
-0.0234448
-0.0235745
-0.0237051
-0.0238367
-0.0239692
-0.0241026
-0.0242371
-0.0243726
-0.0245092
-0.024647
-0.0247858
-0.0249259
-0.0250672
-0.0252097
-0.0253536
-0.0254987
-0.0256452
-0.0257931
-0.0259424
-0.0260932
-0.0262454
-0.0263991
-0.0265544
-0.0267113
-0.0268697
-0.0270298
-0.0271915
-0.0273549
-0.02752
-0.0276868
-0.0278554
-0.0280257
-0.0281979
-0.0283719
-0.0285477
-0.0287254
-0.028905
-0.0290864
-0.0292699
-0.0294552
-0.0296425
-0.0298318
-0.030023
-0.0302163
-0.0304116
-0.0306089
-0.0308082
-0.0310096
-0.0312131
-0.0314186
-0.0316262
-0.0318359
-0.0320477
-0.0322615
-0.0324775
-0.0326956
-0.0329157
-0.033138
-0.0333624
-0.0335888
-0.0338174
-0.0340481
-0.0342808
-0.0345157
-0.0347526
-0.0349916
-0.0352327
-0.0354758
-0.035721
-0.0359682
-0.0362174
-0.0364687
-0.0367219
-0.0369772
-0.0372344
-0.0374935
-0.0377546
-0.0380177
-0.0382826
-0.0385494
-0.038818
-0.0390885
-0.0393608
-0.0396348
-0.0399107
-0.0401882
-0.0404675
-0.0407485
-0.0410311
-0.0413153
-0.0416012
-0.0418886
-0.0421775
-0.0424679
-0.0427598
-0.0430531
-0.0433478
-0.0436439
-0.0439413
-0.04424
-0.0445399
-0.044841
-0.0451433
-0.0454467
-0.0457512
-0.0460568
-0.0463633
-0.0466708
-0.0469793
-0.0472885
-0.0475987
-0.0479095
-0.0482212
-0.0485335
-0.0488464
-0.0491599
-0.049474
-0.0497885
-0.0501035
-0.0504189
-0.0507346
-0.0510506
-0.0513668
-0.0516832
-0.0519997
-0.0523162
-0.0526328
-0.0529494
-0.0532658
-0.0535821
-0.0538982
-0.054214
-0.0545295
-0.0548446
-0.0551592
-0.0554734
-0.055787
-0.0561
-0.0564122
-0.0567238
-0.0570345
-0.0573444
-0.0576534
-0.0579613
-0.0582682
-0.058574
-0.0588786
-0.059182
-0.0594841
-0.0597848
-0.0600841
-0.0603818
-0.060678
-0.0609726
-0.0612655
-0.0615566
-0.0618459
-0.0621333
-0.0624188
-0.0627022
-0.0629836
-0.0632627
-0.0635397
-0.0638144
-0.0640867
-0.0643565
-0.0646239
-0.0648887
-0.0651509
-0.0654104
-0.0656671
-0.0659209
-0.0661719
-0.0664198
-0.0666648
-0.0669066
-0.0671452
-0.0673806
-0.0676127
-0.0678413
-0.0680665
-0.0682882
-0.0685063
-0.0687207
-0.0689313
-0.0691382
-0.0693412
-0.0695402
-0.0697352
-0.0699262
-0.0701129
-0.0702955
-0.0704737
-0.0706476
-0.0708171
-0.0709821
-0.0711425
-0.0712983
-0.0714493
-0.0715956
-0.0717371
-0.0718736
-0.0720052
-0.0721317
-0.0722532
-0.0723694
-0.0724805
-0.0725862
-0.0726865
-0.0727814
-0.0728708
-0.0729547
-0.0730329
-0.0731054
-0.0731722
-0.0732332
-0.0732882
-0.0733374
-0.0733805
-0.0734176
-0.0734485
-0.0734733
-0.0734918
-0.073504
-0.0735099
-0.0735093
-0.0735023
-0.0734888
-0.0734686
-0.0734419
-0.0734084
-0.0733682
-0.0733213
-0.0732674
-0.0732067
-0.073139
-0.0730644
-0.0729827
-0.0728939
-0.072798
-0.0726949
-0.0725846
-0.0724671
-0.0723422
-0.07221
-0.0720704
-0.0719234
-0.071769
-0.071607
-0.0714376
-0.0712605
-0.0710759
-0.0708837
-0.0706838
-0.0704762
-0.070261
-0.070038
-0.0698073
-0.0695687
-0.0693224
-0.0690683
-0.0688064
-0.0685366
-0.0682589
-0.0679734
-0.06768
-0.0673787
-0.0670695
-0.0667524
-0.0664274
-0.0660945
-0.0657536
-0.0654049
-0.0650482
-0.0646836
-0.0643112
-0.0639308
-0.0635426
-0.0631465
-0.0627425
-0.0623307
-0.0619111
-0.0614836
-0.0610484
-0.0606054
-0.0601547
-0.0596963
-0.0592303
-0.0587566
-0.0582752
-0.0577863
-0.0572899
-0.056786
-0.0562746
-0.0557559
-0.0552297
-0.0546963
-0.0541555
-0.0536076
-0.0530525
-0.0524904
-0.0519212
-0.051345
-0.0507619
-0.0501719
-0.0495751
-0.0489717
-0.0483616
-0.0477449
-0.0471218
-0.0464922
-0.0458563
-0.0452141
-0.0445657
-0.0439113
-0.0432509
-0.0425845
-0.0419124
-0.0412345
-0.040551
-0.0398619
-0.0391674
-0.0384676
-0.0377625
-0.0370524
-0.0363372
-0.035617
-0.0348921
-0.0341625
-0.0334283
-0.0326896
-0.0319466
-0.0311994
-0.030448
-0.0296926
-0.0289334
-0.0281704
-0.0274038
-0.0266337
-0.0258602
-0.0250835
-0.0243036
-0.0235208
-0.0227351
-0.0219467
-0.0211557
-0.0203622
-0.0195665
-0.0187685
-0.0179685
-0.0171666
-0.0163629
-0.0155576
-0.0147508
-0.0139427
-0.0131333
-0.0123229
-0.0115115
-0.0106994
-0.0098866
-0.00907332
-0.00825969
-0.00744584
-0.00663192
-0.00581808
-0.00500445
-0.00419118
-0.00337841
-0.00256628
-0.00175495
-0.000944538
-0.0001352
0.000672926
0.0014797
0.00228498
0.00308862
0.0038905
0.00469046
0.00548837
0.00628409
0.0070775
0.00786844
0.00865679
0.00944241
0.0102252
0.0110049
