-0.005
-8.33685e-06
5.24369e-05
5.17016e-05
0.00492197
0.00974269
0.0144038
0.0189042
0.0188577
0.0230586
0.0269637
0.0305326
0.0337287
0.0365191
0.0388747
0.0407712
0.0421886
0.0431119
0.0435311
0.0434413
0.0428426
0.0417405
0.0401455
0.0380729
0.035543
0.0325805
0.0292143
0.0254772
0.0214054
0.0170383
0.0124184
0.00759105
0.00260365
-0.00249445
-0.00765271
-0.0128199
-0.0177999
-0.0181606
-0.0183044
-0.0229748
-0.0278624
-0.0325576
-0.0370137
-0.041186
-0.045033
-0.048516
-0.0516004
-0.054255
-0.0564535
-0.0581736
-0.0593981
-0.0601148
-0.0603166
-0.0600015
-0.0591728
-0.0578388
-0.0560131
-0.0537142
-0.050965
-0.0478844
-0.0461257
-0.0460334
-0.0442638
-0.0412057
-0.041171
-0.0403114
-0.0360778
-0.0315704
-0.0268339
-0.0219153
-0.0168632
-0.0117277
-0.0065595
-0.00140987
0.00367026
0.0086306
0.0134221
0.0179973
0.022311
0.0263207
0.0299867
0.0332731
0.0361473
0.0385814
0.0405515
0.0420384
0.0430278
0.0435105
0.0434821
0.0429435
0.0419005
0.0403642
0.0383505
0.0358798
0.0329775
0.0296731
0.0259999
0.0219953
0.0176997
0.0131565
0.00841154
0.00351268
-0.00149066
-0.00654799
-0.0116083
-0.0166205
-0.0215341
-0.0262994
-0.0308682
-0.0351943
-0.039234
-0.0429463
-0.0462936
-0.0492417
-0.0517606
-0.0538246
-0.0554125
-0.0565078
-0.0570991
-0.0571799
-0.056749
-0.0558101
-0.0543721
-0.052449
-0.0500595
-0.0472271
-0.0439795
-0.0403487
-0.0363707
-0.0320846
-0.0275327
-0.0227601
-0.0178139
-0.0127431
-0.00759778
-0.002429
0.00271207
0.00777446
0.012708
0.0174636
0.0219942
0.0262548
0.030203
0.0337996
0.0370089
0.039799
0.0421423
0.0440157
0.0454005
0.0462833
0.0466555
0.0465136
0.0458594
0.0446997
0.0430466
0.0409169
0.0383323
0.035319
0.0319074
0.028132
0.0240309
0.0196453
0.0150192
0.0101991
0.00523341
0.000171811
-0.00493498
-0.0100358
-0.0150797
-0.0200161
-0.0247957
-0.0293707
-0.0336953
-0.0377263
-0.0414234
-0.0447498
-0.047672
-0.050161
-0.052192
-0.0537446
-0.0548034
-0.0553578
-0.0554024
-0.0549367
-0.0539654
-0.0524982
-0.0505499
-0.04814
-0.0452923
-0.0420355
-0.0384021
-0.0344282
-0.0301537
-0.025621
-0.0208756
-0.0159647
-0.0109375
-0.00584406
-0.000735416
0.0043374
0.00932365
0.0141734
0.0188381
0.023271
0.0274277
0.0312663
0.0347484
0.0378388
0.0405065
0.0427245
0.0444703
0.0457263
0.0464795
0.0467222
0.0464516
0.0456703
0.0443858
0.0426107
0.0403625
0.0376636
0.0345407
0.0310248
0.0271511
0.0231388
0.0229851
0.0228043
0.0184873
0.0137836
0.00889393
0.00386699
-0.001247
-0.00639694
-0.0115314
-0.0165989
-0.0215489
-0.0263318
-0.0308997
-0.0352069
-0.0392102
-0.0428696
-0.0461484
-0.0490138
-0.0514371
-0.0533941
-0.0548652
-0.0558358
-0.0562962
-0.0562421
-0.0556741
-0.0545982
-0.0531767
-0.0531593
-0.0530078
-0.0509715
-0.0484576
-0.045509
-0.0421552
-0.0384301
-0.0343708
-0.0300182
-0.0254156
-0.0206091
-0.0156466
-0.0105776
-0.00545268
-0.000322868
0.00476071
0.00974742
0.0145876
0.019233
0.0236373
0.0277568
0.0315503
0.0349801
0.038012
0.0406159
0.0427658
0.0444403
0.0456228
0.0463015
0.0464697
0.0461257
0.0452729
0.04392
0.0420803
0.0397722
0.0370187
0.0338471
0.0302891
0.02638
0.0221587
0.0176671
0.01295
0.00805429
0.0030286
-0.00207707
-0.00721192
-0.0123249
-0.0173651
-0.0222825
-0.027028
-0.0315545
-0.0358168
-0.0397727
-0.0433827
-0.0466109
-0.0494251
-0.0517974
-0.0537042
-0.0551266
-0.0560505
-0.0564668
-0.0563714
-0.0557656
