-0.025
-0.000315655
-1.06655e-05
-0.0246912
-0.0250432
-0.0251926
-0.025514
-0.00114674
-0.026088
-0.0270093
-0.0283888
-0.0303507
-0.0330381
-0.0366184
-0.0412884
-0.0472815
-0.0548746
-0.0643976
-0.0762406
-0.0908633
-0.108793
-0.130614
-0.156919
-0.188217
-0.224757
-0.266299
-0.311892
-0.359858
-0.408099
-0.454655
-0.4982
-0.538204
-0.574785
-0.608446
-0.63983
-0.669583
-0.672936
-0.673084
-0.69831
-0.726301
-0.754236
-0.782269
-0.810632
-0.839498
-0.869
-0.899237
-0.930284
-0.962201
-0.995042
-1.02886
-1.06372
-1.09969
-1.13685
-1.17533
-1.21523
-1.25673
-1.29999
-1.34521
-1.39257
-1.42959
-1.4418
-1.45499
-1.4901
-1.50943
-1.51475
-1.55036
-1.60757
-1.66652
-1.72644
-1.78634
-1.8452
-1.90213
-1.95653
-2.00806
-2.05669
-2.10252
-2.14575
-2.18661
-2.22534
-2.26213
-2.29713
-2.33048
-2.36228
-2.39259
-2.42146
-2.44892
-2.47497
-2.49962
-2.52283
-2.54459
-2.56487
-2.58361
-2.60077
-2.6163
-2.63014
-2.64223
-2.65251
-2.66091
-2.66737
-2.67184
-2.67426
-2.67458
-2.67277
-2.66882
-2.66273
-2.65449
-2.64416
-2.63177
-2.61741
-2.60116
-2.58312
-2.56342
-2.54219
-2.51958
-2.4957
-2.4707
-2.4447
-2.41777
-2.39001
-2.36147
-2.33217
-2.30213
-2.27135
-2.23981
-2.20748
-2.17431
-2.14028
-2.10531
-2.06934
-2.0323
-1.9941
-1.95464
-1.91383
-1.87154
-1.82767
-1.78212
-1.73478
-1.6856
-1.63454
-1.58164
-1.52698
-1.47073
-1.41309
-1.35434
-1.29481
-1.23484
-1.17479
-1.11505
-1.05599
-0.997984
-0.941374
-0.886496
-0.833641
-0.783057
-0.734933
-0.689396
-0.646509
-0.606276
-0.568649
-0.533542
-0.500842
-0.470419
-0.442137
-0.415861
-0.391461
-0.368819
-0.347827
-0.32839
-0.310427
-0.29387
-0.278663
-0.264761
-0.252131
-0.240746
-0.230585
-0.221632
-0.213872
-0.207287
-0.201856
-0.197551
-0.194335
-0.192162
-0.190973
-0.190697
-0.191254
-0.192547
-0.194474
-0.196919
-0.199759
-0.202865
-0.206102
-0.209332
-0.21242
-0.21523
-0.217634
-0.219516
-0.220773
-0.221319
-0.221095
-0.220064
-0.218219
-0.215582
-0.212203
-0.208157
-0.203537
-0.19845
-0.19301
-0.187322
-0.181481
-0.175561
-0.169606
-0.163629
-0.157606
-0.151482
-0.145165
-0.138536
-0.131452
-0.123747
-0.11524
-0.105735
-0.0950278
-0.0870191
-0.0732498
-0.0802578
-0.0805261
-0.0578446
-0.0398201
-0.0197211
0.00295439
0.0284319
0.0569196
0.0885952
0.123591
0.161979
0.203755
0.24883
0.297028
0.348089
0.40168
0.457414
0.514865
0.573587
0.633122
0.693019
0.752841
0.812186
0.870697
0.928086
0.98414
1.03874
1.05912
1.05933
1.09203
1.14344
1.19371
1.24276
1.29076
1.33788
1.38428
1.43012
1.47551
1.52057
1.56539
1.61003
1.65451
1.69886
1.74307
1.7871
1.8309
1.87441
1.91753
1.96015
2.00216
2.04343
2.08384
2.12327
2.16158
2.19868
2.23447
2.26888
2.30183
2.33329
2.36322
2.39163
2.4185
2.44385
2.4677
2.49006
2.51097
2.53045
2.54852
2.56521
2.58054
2.59453
2.60718
2.6185
2.62849
2.63714
2.64443
2.65035
2.65488
2.65797
2.65962
2.65978
2.65845
2.6556
2.65124
2.64537
2.63802
2.62921
2.61901
2.60746
2.59464
2.58062
