0
0.00349795
0.00354157
-0.00236094
0.000189725
-0.00153184
0.000499338
0.00406891
-0.000753024
0.000880345
2.13981e-05
0.00138899
0.000870276
0.00207179
0.00184797
0.00295435
0.00298476
0.00404373
0.00429111
0.00533359
0.00576513
0.00681178
0.00740075
0.00846568
0.00918684
0.0102669
0.0110687
0.0121028
0.0128623
0.0137206
0.0143044
0.0149293
0.0153517
0.0158394
0.0162178
0.0166855
0.0199372
0.0201911
0.0172895
0.0175195
0.0180218
0.0185361
0.0190654
0.0196035
0.0201533
0.0207112
0.0212806
0.0218599
0.0224526
0.0230578
0.0236777
0.0243111
0.0249582
0.0256159
0.0262822
0.026952
0.027621
0.0282827
0.028931
0.0308023
0.0325775
0.0312128
0.0302638
0.032998
0.0325487
0.0303165
0.0310303
0.0314184
0.031949
0.0322104
0.032562
0.0326979
0.0328967
0.0329289
0.0330048
0.0329474
0.032913
0.0327657
0.0326241
0.0323861
0.032143
0.0318193
0.0314857
0.0310861
0.030675
0.0302102
0.0297333
0.0292123
0.0286786
0.0281076
0.0275227
0.026905
0.0262716
0.0256081
0.0249272
0.0242178
0.0234895
0.022734
0.021959
0.0211588
0.0203398
0.0194987
0.0186414
0.0177665
0.01688
0.0159821
0.0150788
0.0141719
0.0132671
0.0123672
0.0114775
0.0106013
0.00974334
0.00890658
0.00809505
0.00731089
0.00655686
0.00583392
0.00514322
0.00448431
0.00385671
0.00325865
0.00268838
0.00214333
0.00162112
0.001119
0.000634675
0.000165829
-0.000289248
-0.000732026
-0.00116333
-0.00158362
-0.00199275
-0.00239021
-0.0027749
-0.00314537
-0.00349961
-0.00383512
-0.00414876
-0.00443668
-0.00469419
-0.00491582
-0.00509533
-0.00522611
-0.00530154
-0.00531563
-0.0052635
-0.00514194
-0.00494976
-0.00468788
-0.0043594
-0.0039693
-0.0035241
-0.00303123
-0.0024985
-0.00193338
-0.00134262
-0.0007319
-0.000105874
0.000531855
0.00117826
0.00183087
0.00248738
0.00314572
0.00380392
0.0044603
0.00511343
0.00576233
0.00640639
0.00704545
0.0076797
0.00830965
0.00893593
0.00955931
0.0101805
0.0107999
0.0114179
0.0120344
0.0126487
0.0132601
0.0138669
0.0144671
0.0150583
0.0156376
0.0162016
0.0167469
0.0172697
0.0177663
0.0182328
0.0186657
0.0190618
0.0194181
0.0197322
0.0200021
0.0202264
0.0204043
0.0205357
0.020621
0.020661
0.0206573
0.0206115
0.0205257
0.0204024
0.0202437
0.0200519
0.0198291
0.019577
0.019297
0.0189901
0.0186567
0.0182968
0.0179101
0.0174958
0.0170527
0.0165795
0.0160749
0.0155374
0.0149657
0.014359
0.0137161
0.0130367
0.0123206
0.0115681
0.0116964
0.0117019
0.0107748
0.00994747
0.00910467
0.00822517
0.00732732
0.00639991
0.0054574
0.00449207
0.00351551
0.0025227
0.00152317
0.000514057
-0.000496512
-0.00150972
-0.00251846
-0.00352266
-0.00451604
-0.00549755
-0.0064614
-0.00740573
-0.00832469
-0.00921576
-0.0100736
-0.0108956
-0.0116775
-0.0121531
-0.0121582
-0.0124231
-0.0131193
-0.0137744
-0.0143888
-0.0149588
-0.0154901
-0.0159813
-0.0164375
-0.0168584
-0.0172483
-0.0176068
-0.0179369
-0.0182378
-0.018511
-0.018755
-0.0189702
-0.0191546
-0.0193076
-0.0194271
-0.0195121
-0.0195603
-0.0195708
-0.0195415
-0.0194717
-0.01936
-0.0192058
-0.0190086
-0.0187682
-0.0184848
-0.0181592
-0.017792
-0.0173848
-0.0169393
-0.0164575
-0.0159418
-0.015395
-0.0148202
-0.0142205
-0.0135993
-0.0129601
-0.0123061
-0.0116407
-0.0109669
-0.0102876
-0.00960503
-0.00892141
-0.00823837
-0.00755716
-0.00687864
-0.00620332
-0.00553139
-0.00486286
-0.00419757
-0.00353536
-0.00287618
-0.00222016
-0.00156777
-0.000919883
-0.000277844
0.000356472
0.000980663
0.00159182
