-0.00357143
0.0129692
0.0131726
0.00315295
0.00447549
0.00379511
0.00232601
0.0188047
0.000781613
-0.000547581
-0.00153341
-0.00214719
-0.00236235
-0.00219567
-0.00163648
-0.000699483
0.000624496
0.00232018
0.00438603
0.00679416
0.00952089
0.0125144
0.0157174
0.0190392
0.0223684
0.0255485
0.0283946
0.0307036
0.0323185
0.0331798
0.0333563
0.0329984
0.0322741
0.031309
0.0301737
0.0288899
0.0360204
0.0365717
0.0279359
0.0256531
0.0238702
0.0219868
0.0200045
0.017958
0.0159031
0.0139081
0.0120462
0.0103895
0.00900365
0.00794291
0.00724625
0.00693407
0.00700608
0.00744076
0.00819626
0.00921292
0.010417
0.0117257
0.0130522
0.0121004
0.00998952
0.0124314
0.0151749
0.0114016
0.0123883
0.0175518
0.0182463
0.0185044
0.0184555
0.0181772
0.0177253
0.0171322
0.0164099
0.0155518
0.0145465
0.0133865
0.0120781
0.0106412
0.00910905
0.0075227
0.00592798
0.00437052
0.00289329
0.00153367
0.000322108
-0.000719293
-0.00157713
-0.00224699
-0.00273298
-0.00304703
-0.0032077
-0.00323874
-0.0031674
-0.00302255
-0.00283292
-0.00262534
-0.00242327
-0.00224562
-0.00210598
-0.00201228
-0.00196688
-0.00196708
-0.00200606
-0.00207401
-0.00215964
-0.00225166
-0.00234039
-0.00241926
-0.00248607
-0.00254402
-0.00260234
-0.00267642
-0.00278743
-0.0029614
-0.00322762
-0.00361663
-0.00415778
-0.00487652
-0.00579171
-0.0069133
-0.0082404
-0.00976018
-0.0114476
-0.0132659
-0.0151684
-0.0171004
-0.019002
-0.0208112
-0.0224672
-0.023913
-0.0250987
-0.0259833
-0.0265365
-0.0267398
-0.0265868
-0.0260834
-0.0252465
-0.0241031
-0.0226887
-0.0210458
-0.0192219
-0.0172688
-0.015241
-0.0131953
-0.0111899
-0.00928283
-0.00753073
-0.00598604
-0.00469434
-0.00369146
-0.00300092
-0.00263193
-0.00257851
-0.00281956
-0.00332024
-0.00403435
-0.00490766
-0.0058817
-0.00689754
-0.00789936
-0.00883726
-0.00966933
-0.0103629
-0.0108952
-0.0112529
-0.0114322
-0.0114374
-0.0112807
-0.0109803
-0.01056
-0.0100476
-0.00947392
-0.00887126
-0.00827235
-0.00770881
-0.0072098
-0.00680064
-0.00650163
-0.00632692
-0.00628382
-0.00637233
-0.00658516
-0.00690814
-0.00732113
-0.00779928
-0.00831461
-0.00883781
-0.00934011
-0.00979508
-0.0101802
-0.0104784
-0.0106786
-0.0107767
-0.0107751
-0.0106829
-0.0105145
-0.0102888
-0.0100277
-0.0097543
-0.00949134
-0.00925922
-0.0090745
-0.00894838
-0.00888554
-0.00888338
-0.00893162
-0.00901245
-0.00910113
-0.00916719
-0.009176
-0.00909093
-0.00887564
-0.00849669
-0.00792601
-0.00714323
-0.0061375
-0.00490885
-0.00346874
-0.00184
-5.60753e-05
0.00184053
0.00380029
0.00576916
0.0166307
0.0170368
0.00804801
0.00938138
0.0110378
0.0125241
0.0137835
0.0147785
0.0154862
0.0158954
0.016006
0.0158274
0.0153786
0.0146882
0.0137949
0.0127469
0.0116017
0.0104238
0.00928129
0.00824114
0.00736388
0.0066982
0.00627608
0.00611008
0.00619243
0.00649629
0.00697891
0.0054043
0.00538458
0.00757869
0.00829545
0.00898668
0.00962012
0.0101477
0.0105283
0.0107297
0.0107295
0.0105147
0.0100814
0.0094344
0.00858604
0.00755557
0.00636818
0.00505405
0.0036474
0.00218548
0.000707411
-0.000746919
-0.00213816
-0.00342882
-0.00458469
-0.0055762
-0.00637978
-0.00697901
-0.00736553
-0.00753958
-0.00751015
-0.00729461
-0.0069179
-0.00641124
-0.00581044
-0.00515401
-0.00448102
-0.00382905
-0.00323226
-0.00271966
-0.00231387
-0.00203017
-0.00187612
-0.00185156
-0.0019491
-0.00215497
-0.00245019
-0.00281198
-0.00321534
-0.00363474
-0.00404572
-0.00442651
-0.00475941
-0.00503195
-0.00523772
-0.00537684
-0.005456
-0.00548799
-0.0054909
-0.00548674
-0.00549976
-0.00555453
-0.00567382
-0.00587652
-0.00617581
