-0.00576923
-6.9386e-05
1.08068e-06
-0.00559895
-0.00548334
-0.00521403
-0.00486011
0.000901308
-0.0044235
-0.00389738
-0.00328536
-0.00257855
-0.00177277
-0.00085753
0.000173022
0.00132865
0.00261467
0.00403685
0.00559663
0.00729116
0.00911252
0.0110406
0.0130455
0.0150685
0.0170243
0.0187655
0.020087
0.0206903
0.0202337
0.018364
0.01485
0.00964454
0.00295076
-0.00483945
-0.0132113
-0.0216389
-0.0172488
-0.0168573
-0.0292172
-0.036857
-0.0430683
-0.0480966
-0.0518916
-0.0544739
-0.0559137
-0.0563106
-0.0557788
-0.0544349
-0.0523896
-0.0497429
-0.04658
-0.0429709
-0.0389702
-0.0346187
-0.0299446
-0.0249662
-0.019694
-0.0141334
-0.00828896
-0.00282486
-0.000315114
0.000412801
0.00398653
0.00782787
0.00815697
0.0109137
0.0176669
0.0244219
0.0310003
0.0372097
0.0428384
0.0477006
0.0516501
0.0546091
0.0565635
0.0575588
0.057679
0.0570319
0.0557313
0.0538892
0.0516075
0.0489765
0.0460737
0.0429651
0.0397061
0.0363444
0.0329205
0.0294706
0.0260268
0.0226189
0.0192741
0.016018
0.0128742
0.00986462
0.00700897
0.00432491
0.00182758
-0.000470346
-0.00255898
-0.00443116
-0.00608264
-0.007512
-0.00872065
-0.0097127
-0.0104947
-0.0110751
-0.0114639
-0.0116713
-0.0117071
-0.0115793
-0.0112925
-0.0108473
-0.0102386
-0.00945586
-0.00848299
-0.00729939
-0.00588185
-0.00420703
-0.00225434
-8.79883e-06
0.00253651
0.00537864
0.008504
0.0118884
0.0154982
0.0192915
0.0232207
0.0272341
0.0312781
0.0352986
0.0392423
0.043057
0.0466922
0.0500982
0.0532266
0.056029
0.0584574
0.0604645
0.0620044
0.0630356
0.0635226
0.06344
0.0627747
0.0615276
0.0597135
0.0573582
0.0544939
0.0511528
0.0473608
0.043132
0.0384659
0.0333473
0.0277503
0.0216464
0.0150143
0.00785178
0.000185625
-0.00792085
-0.0163654
-0.0250094
-0.0336856
-0.0422091
-0.0503904
-0.0580477
-0.0650177
-0.0711641
-0.0763821
-0.0806007
-0.0837821
-0.0859188
-0.08703
-0.0871572
-0.0863592
-0.0847081
-0.0822846
-0.0791747
-0.0754668
-0.0712488
-0.0666068
-0.0616232
-0.0563758
-0.0509375
-0.045376
-0.0397533
-0.0341265
-0.0285476
-0.023064
-0.0177188
-0.0125514
-0.00759755
-0.00289
0.00154099
0.00566727
0.00946221
0.0129001
0.0159556
0.0186033
0.020817
0.0225701
0.0238352
0.0245847
0.0247921
0.0244332
0.0234887
0.0219464
0.0198043
0.017074
0.013784
0.00998152
0.0057351
0.00113432
-0.00371124
-0.00867502
-0.0136182
-0.0183954
-0.0228616
-0.0268786
-0.0303211
-0.0330811
-0.0350728
-0.0362345
-0.0365296
-0.0359463
-0.0402194
-0.0403862
-0.0346276
-0.032166
-0.0290604
-0.0251821
-0.0205828
-0.0153279
-0.00949783
-0.00319026
0.00347808
0.0103695
0.0173254
0.0241686
0.0307073
0.0367428
0.0420782
0.0465278
0.0499282
0.0521463
0.053088
0.0527045
0.0509975
0.0480222
0.0438875
0.0387533
0.0328227
0.0274739
0.0274177
0.026272
0.0195152
0.0126351
0.00591296
-0.000453331
-0.00630058
-0.0115046
-0.0159807
-0.0196816
-0.0225929
-0.0247273
-0.026119
-0.0268183
-0.0268865
-0.0263921
-0.0254075
-0.0240068
-0.0222642
-0.0202519
-0.0180396
-0.0156935
-0.0132747
-0.0108389
-0.00843545
-0.00610678
-0.00388804
-0.00180704
0.000115577
0.00186591
0.00343615
0.00482377
0.0060307
0.00706238
0.007927
0.0086346
0.00919654
0.0096248
0.00993163
0.0101291
0.0102289
0.0102419
0.0101784
0.0100475
0.00985752
0.00961551
0.00932765
0.00899911
0.0086343
0.00823701
0.00781061
0.00735829
0.00688327
0.00638889
0.00587867
0.0053563
0.00482544
0.00428955
0.00375167
0.00321418
0.00267872
0.00214619
0.00161684
