-0.00454545
-4.37217e-05
1.18003e-05
-0.00352178
-0.00278684
-0.00219892
-0.00187594
0.00266569
-0.00184094
-0.00216874
-0.00286513
-0.00401109
-0.00560353
-0.0077296
-0.0103849
-0.0136614
-0.017557
-0.0221675
-0.0274959
-0.0336434
-0.0406211
-0.0485333
-0.05739
-0.0672692
-0.0781179
-0.0898759
-0.102262
-0.114875
-0.127043
-0.137999
-0.146897
-0.153044
-0.155964
-0.155499
-0.151776
-0.145158
-0.14047
-0.140153
-0.135712
-0.125266
-0.113298
-0.100682
-0.0879105
-0.0753996
-0.0634813
-0.0524086
-0.0423612
-0.0334537
-0.0257438
-0.0192405
-0.0139113
-0.00968937
-0.00647952
-0.00416341
-0.00260427
-0.00165058
-0.00113901
-0.000896713
-0.000743363
0.0012516
0.00340095
0.00171528
0.000678314
0.00398134
0.00345678
0.00114687
0.00279734
0.00519219
0.00835543
0.0122423
0.016689
0.0214587
0.0262386
0.0307178
0.0346076
0.0376972
0.0398521
0.0410278
0.0412467
0.0405898
0.039172
0.0371302
0.0346068
0.0317419
0.0286644
0.0254892
0.0223135
0.0192176
0.0162646
0.0135018
0.0109626
0.0086682
0.00662981
0.00485036
0.00332617
0.0020484
0.00100413
0.000177158
-0.000451429
-0.000903065
-0.00120157
-0.00137334
-0.00144734
-0.00145529
-0.00143146
-0.00141247
-0.0014365
-0.00154245
-0.00176849
-0.00215052
-0.00272007
-0.00350227
-0.00451353
-0.00575959
-0.00723383
-0.00891638
-0.0107743
-0.0127625
-0.0148266
-0.0169052
-0.018934
-0.020849
-0.0225898
-0.0241017
-0.0253375
-0.0262582
-0.0268328
-0.0270376
-0.0268555
-0.0262747
-0.0252876
-0.0238904
-0.0220827
-0.0198684
-0.0172573
-0.014267
-0.0109267
-0.00728029
-0.00339097
0.000656199
0.00475255
0.00876681
0.0125493
0.0159394
0.0187755
0.0209072
0.0222063
0.0225778
0.0219686
0.0203726
0.0178341
0.0144472
0.0103524
0.00573
0.000789359
-0.00424398
-0.00914357
-0.0136976
-0.0177231
-0.0210767
-0.0236622
-0.0254317
-0.0263842
-0.0265593
-0.0260294
-0.0248902
-0.023252
-0.0212311
-0.0189432
-0.0164983
-0.0139967
-0.0115266
-0.00916323
-0.00696823
-0.00498956
-0.00326215
-0.00180858
-0.000639985
0.0002429
0.000848558
0.00119337
0.0013002
0.0011969
0.0009148
0.000487269
-5.16903e-05
-0.000668638
-0.00133173
-0.00201153
-0.00268165
-0.00331913
-0.00390472
-0.00442301
-0.00486244
-0.00521522
-0.00547724
-0.00564777
-0.00572912
-0.00572607
-0.00564509
-0.00549322
-0.0052768
-0.00499982
-0.00466232
-0.00425887
-0.00377736
-0.00319861
-0.00249677
-0.0016408
-0.000596982
0.000667779
0.00218228
0.00396742
0.00603327
0.00837722
0.0109835
0.0138241
0.0168608
0.0200482
0.0233364
0.0266743
0.0300123
0.0333039
0.0318389
0.0317774
0.0364484
0.0396005
0.0425381
0.0452856
0.0478073
0.0500637
0.0520114
0.0536008
0.0547785
0.0554886
0.055678
0.0553005
0.054323
0.0527283
0.0505181
0.0477118
0.0443434
0.0404561
0.0360972
0.0313131
0.0261469
0.0206384
0.0148276
0.00875927
0.00248858
-0.000108569
-0.000135621
-0.00394282
-0.0103863
-0.0167879
-0.0230094
-0.0289368
-0.0344606
-0.0394812
-0.0439149
-0.0476968
-0.0507829
-0.0531504
-0.0547965
-0.0557364
-0.0560005
-0.055632
-0.054684
-0.0532164
-0.0512946
-0.0489863
-0.0463607
-0.0434864
-0.0404303
-0.037256
-0.034023
-0.0307857
-0.0275926
-0.0244855
-0.0214998
-0.0186637
-0.015999
-0.013521
-0.0112394
-0.00915852
-0.00727847
-0.0055955
-0.00410294
-0.00279192
-0.00165208
-0.000672288
0.000158729
0.000851817
0.00141689
0.00186255
0.00219585
0.00242219
0.00254543
0.00256814
0.0024921
0.00231889
0.00205064
0.00169077
0.00124476
0.000720691
0.000129587
-0.000514543
-0.00119503
-0.00189319
-0.00258928
-0.00326355
-0.00389743
-0.00447456
-0.00498158
