0.5
0.201142
0.296684
0.377585
0.444767
0.499115
0.541456
0.572969
0.593972
0.605023
0.605023
0.606547
0.598834
0.582023
0.556092
0.520847
0.475917
0.420751
0.354647
0.276811
0.186494
0.0832071
-0.0329411
-0.16082
-0.297827
-0.439564
-0.579848
-0.584504
-0.584504
-0.680184
-0.77086
-0.848997
-0.910388
-0.952351
-0.973944
-0.975802
-0.959707
-0.928083
-0.883547
-0.828611
-0.765527
-0.696234
-0.622384
-0.545386
-0.466463
-0.386701
-0.307086
-0.228519
-0.151833
-0.077788
-0.00706334
0.0597551
0.122188
0.179873
0.232575
0.280189
0.32273
0.360332
0.393223
0.421709
0.44615
0.466936
0.484459
0.499099
0.511206
0.521087
0.529
0.535155
0.539711
0.542788
0.544465
0.544789
0.543784
0.541447
0.537756
0.532663
0.526092
0.517928
0.508008
0.496102
0.481894
0.464963
0.444754
0.420562
0.391507
0.356533
0.31442
0.263837
0.263837
0.263836
0.203446
0.132071
0.0489567
-0.0459049
-0.151407
-0.265005
-0.382548
-0.498385
-0.6058
-0.697725
-0.767562
-0.809915
-0.82111
-0.799487
-0.745574
-0.662202
-0.554538
-0.429916
-0.297276
-0.166169
-0.0454638
0.0579168
0.139823
0.199078
0.237092
0.257133
0.263519
0.260899
0.253694
0.24571
0.239911
0.23833
0.242098
0.251566
0.266468
0.286108
0.309535
0.335688
0.363501
0.391979
0.420241
0.44753
0.473213
0.496764
0.517737
0.535738
0.550395
0.561321
0.56808
0.570164
0.56695
0.557682
0.541443
0.517148
0.483547
0.439264
0.439264
0.382875
0.313045
0.228736
0.129494
0.0157822
-0.110664
-0.246576
-0.387085
-0.52596
-0.656206
-0.770955
-0.864458
-0.932916
-0.974921
-0.991425
-0.985272
-0.960498
-0.92158
-0.872808
-0.817869
-0.759641
-0.70017
-0.640766
-0.582156
-0.524653
-0.468313
-0.41306
-0.358774
-0.305351
-0.252728
-0.200892
-0.149874
-0.0997373
-0.0505601
-0.00242517
0.0445912
0.0904243
0.135023
0.17835
0.220374
0.261072
0.300417
0.33838
0.374918
0.409979
0.443488
0.475352
0.505455
0.533651
0.559761
0.583566
0.604796
0.623111
0.638077
0.649136
0.655547
0.656329
0.650162
0.635284
0.609352
0.569315
0.511324
0.511324
0.430785
0.322702
0.182549
0.00787142
-0.199365
-0.430251
-0.667267
-0.88765
-1.0678
-1.19144
-1.25449
-1.25462
-1.25462
-1.22325
-1.17268
-1.11015
-1.04048
-0.967404
-0.893444
-0.820181
-0.748613
-0.679337
-0.612667
-0.548724
-0.487489
-0.428849
-0.372632
-0.318636
-0.266654
-0.216491
-0.167978
-0.120979
-0.0753963
-0.0311675
0.0117357
0.0533144
0.0935481
0.132402
0.16983
0.205786
0.240216
0.273068
0.304287
0.333813
0.361583
0.387528
0.411572
0.433636
0.453642
0.471515
0.487189
0.500611
0.511746
0.52058
0.527123
0.531404
0.533474
0.533399
0.531257
0.527125
0.521075
0.513157
0.503392
0.49175
0.478136
0.462369
0.444163
0.423103
0.398621
0.369986
0.33629
0.296464
0.249312
0.193602
0.193602
0.128207
0.0523287
-0.0342143
-0.13064
-0.234874
-0.343332
-0.450936
-0.551439
-0.638074
-0.704388
-0.745081
-0.756658
-0.737823
-0.689638
-0.615499
-0.520931
-0.413155
-0.300353
-0.190676
-0.0911446
-0.00674439
0.0600578
0.109265
0.14287
0.164149
0.176928
