2.5
2.49761
2.49531
2.49288
2.49072
2.48945
2.48974
2.49261
2.49848
-4.51442
2.50794
2.52155
2.53974
2.56286
2.59106
2.62426
2.66201
2.7033
2.74634
2.78828
2.82493
2.85049
2.85752
2.83719
2.78012
2.67785
2.52472
2.48352
2.44787
2.27445
2.06266
1.82241
1.56176
1.29059
1.01903
0.755987
0.50817
0.27973
0.07241
-0.113995
-0.281073
-0.431262
-0.567418
-0.692483
-0.809262
-0.920275
-1.02768
-1.13322
-1.23824
-1.34369
-1.45018
-1.55804
-1.66735
-1.778
-1.88979
-2.00239
-2.11544
-2.22852
-2.34121
-2.45302
-2.56348
-2.67207
-2.77824
-2.88147
-2.9812
-3.0769
-3.1681
-3.25436
-3.33531
-3.41068
-3.48028
-3.54402
-3.60191
-3.65407
-3.70068
-3.74205
-3.77852
-3.81053
-3.83855
-3.86308
-3.88461
-3.90362
-3.92047
-3.93539
-3.94835
-3.95896
-3.96628
-3.09949
-3.09942
-3.96872
-3.96379
-3.94802
-3.91691
-3.86514
-3.787
-3.67727
-3.53228
-3.35102
-3.13591
-2.89274
-2.62968
-2.3555
-2.07755
-1.8001
-1.52353
-1.24455
-0.957447
-0.656139
-0.336425
0.0021721
0.355703
0.716541
1.07527
1.4229
1.75262
2.06044
2.34507
2.60703
2.84782
3.06915
3.27249
3.45896
3.62935
3.78428
3.9243
4.05005
4.16223
4.26166
4.34924
4.42593
4.49269
4.55049
4.60032
4.64311
4.67979
4.71127
4.73842
4.76205
4.78291
4.80164
4.81874
4.83448
4.84885
4.86144
4.87131
-0.207055
4.87686
4.87566
4.86435
4.83851
4.79275
4.7209
4.61647
4.47336
4.28685
4.05448
3.77678
3.45753
3.10334
2.72273
2.32498
1.91912
1.5132
1.11394
0.726646
0.355328
0.00276706
-0.329338
-0.640227
-0.929915
-1.199
-1.44848
-1.67957
-1.89357
-2.09173
-2.27526
-2.44524
-2.60262
-2.74825
-2.88288
-3.00716
-3.12169
-3.22696
-3.32343
-3.4115
-3.49156
-3.56392
-3.62891
-3.68684
-3.73799
-3.78268
-3.82123
-3.85401
-3.88142
-3.90392
-3.92207
-3.93651
-3.948
-3.95744
-3.9659
-3.97462
-3.98505
-3.99884
-4.01778
-4.04379
-4.07869
-4.12393
-4.18009
3.04205
-4.246
-4.31755
-4.38606
-4.43656
-4.44666
-4.3875
-4.22863
-3.94838
-3.54397
-3.04039
-2.48536
-1.93323
-1.88435
-1.83904
-1.40153
-1.02948
-0.72046
-0.466655
-0.258534
-0.0868534
0.056492
0.17825
0.28384
0.377523
0.462594
0.54159
0.616457
0.688705
0.759525
0.829882
0.900587
0.972343
1.04578
1.12146
1.19991
1.28159
1.36687
1.45605
1.54932
1.64672
1.74818
1.85342
1.96204
2.07347
2.18699
2.30177
2.4169
2.53144
2.6444
2.75487
2.86196
2.96488
3.06295
3.15563
3.24246
3.32315
3.39752
3.46551
3.52717
3.58265
3.63218
3.6761
3.71477
3.74864
3.77818
3.80388
3.82625
3.84572
3.86269
3.87738
3.88982
3.89973
3.90637
3.90841
-4.3401
3.90378
3.88953
3.86176
3.81575
3.74626
3.64816
3.51735
3.35174
3.15203
2.92198
2.66775
2.39656
2.11496
1.82728
1.53486
1.23621
0.928093
0.607183
0.271793
-0.0769051
-0.434637
-0.794815
-1.15001
-1.49349
-1.82026
-2.12737
-2.41363
