2.5
2.49688
2.48751
2.47193
2.45017
2.42228
2.38834
2.34843
2.30265
2.25112
2.25112
2.19396
2.13131
2.06334
1.99021
1.91211
1.82922
1.74177
1.64996
1.55402
1.45421
1.35076
1.24393
1.13399
1.02122
0.905894
0.788306
0.784403
0.784403
0.668747
0.547517
0.424918
0.301257
0.176843
0.0519871
-0.0729988
-0.197802
-0.322111
-0.445615
-0.568005
-0.688976
-0.808224
-0.925452
-1.04037
-1.15268
-1.26212
-1.36839
-1.47125
-1.57043
-1.66569
-1.75678
-1.84348
-1.92558
-2.00286
-2.07513
-2.14222
-2.20396
-2.26018
-2.31076
-2.35556
-2.39447
-2.4274
-2.45426
-2.47498
-2.48952
-2.49784
-2.49991
-2.49574
-2.48532
-2.4687
-2.4459
-2.417
-2.38205
-2.34114
-2.29439
-2.2419
-2.1838
-2.12025
-2.0514
-1.97742
-1.8985
-1.81483
-1.72663
-1.63411
-1.53751
-1.43706
-1.33302
-1.22565
-1.22565
-1.22565
-1.11522
-1.002
-0.886273
-0.768332
-0.648471
-0.526989
-0.404191
-0.280381
-0.155871
-0.0309717
0.0940054
0.218747
0.342943
0.466281
0.588454
0.709155
0.828085
0.944944
1.05944
1.17129
1.28021
1.38594
1.48819
1.58673
1.6813
1.77167
1.85762
1.93891
2.01537
2.08678
2.15298
2.2138
2.26908
2.3187
2.36251
2.40043
2.43234
2.45817
2.47786
2.49136
2.49862
2.49965
2.49442
2.48296
2.4653
2.44147
2.41154
2.37558
2.33369
2.28596
2.23252
2.17349
2.10904
2.03931
1.96449
1.88476
1.88476
1.80031
1.71137
1.61814
1.52088
1.41981
1.31519
1.20729
1.09637
0.982706
0.866588
0.748304
0.62815
0.506425
0.383435
0.259486
0.134889
0.00995406
-0.115005
-0.239677
-0.36375
-0.486914
-0.60886
-0.729285
-0.847887
-0.96437
-1.07844
-1.18982
-1.29822
-1.40338
-1.50503
-1.60292
-1.6968
-1.78644
-1.87162
-1.95211
-2.02773
-2.09828
-2.16359
-2.22349
-2.27783
-2.32647
-2.3693
-2.40621
-2.43711
-2.46191
-2.48056
-2.49301
-2.49923
-2.4992
-2.49293
-2.48042
-2.46172
-2.43686
-2.40591
-2.36895
-2.32607
-2.27737
-2.22298
-2.16303
-2.09768
-2.02708
-1.95142
-1.95142
-1.87088
-1.78566
-1.69598
-1.60207
-1.50414
-1.40246
-1.29727
-1.18884
-1.07744
-0.963345
-0.846843
-0.846502
-0.846501
-0.728223
-0.607784
-0.485825
-0.362652
-0.238572
-0.113896
0.0110642
0.135997
0.26059
0.384532
0.507512
0.629224
0.749363
0.86763
0.983727
1.09737
1.20826
1.31614
1.42072
1.52176
1.61899
1.71218
1.80108
1.88548
1.96518
2.03995
2.10963
2.17404
2.23302
2.28641
2.33408
2.37593
2.41183
2.44171
2.46548
2.48309
2.4945
2.49967
2.49859
2.49126
2.47771
2.45797
2.43208
2.40012
2.36215
2.31828
2.26862
2.21328
2.15242
2.08617
2.01471
1.93821
1.85687
1.77089
1.68048
1.58587
1.4873
1.38501
1.27926
1.17031
1.05844
1.05844
0.943916
0.827037
0.708091
0.587375
0.46519
0.341843
0.217641
0.092896
-0.0320818
-0.156979
-0.281484
-0.405286
-0.528075
-0.649543
-0.769389
-0.887311
-1.00301
-1.11621
-1.22662
-1.33396
-1.43797
-1.53838
-1.63495
-1.72743
-1.81559
-1.89922
