0
0.00365957
0.00713124
0.0105805
0.0139876
0.0173438
0.0206417
0.0238756
0.0270391
0.0270391
0.0301269
0.0331337
0.0360538
0.0388813
0.0416095
0.0442312
0.0467382
0.0491215
0.0513718
0.0534793
0.0554352
0.0572329
0.0588699
0.0603502
0.0616861
0.0628997
0.0629366
0.0629366
0.0640203
0.0652041
0.0663378
0.0674251
0.0684659
0.0694548
0.0703822
0.0712369
0.0720086
0.0726902
0.0732787
0.0737749
0.0741823
0.0745066
0.0747539
0.0749308
0.0750437
0.0750989
0.0751024
0.0750604
0.0749793
0.074866
0.0747278
0.0745726
0.0744091
0.0742464
0.0740945
0.0739635
0.0738641
0.0738072
0.0738037
0.0738646
0.0740005
0.0742217
0.0745381
0.0749589
0.0754926
0.076147
0.0769291
0.0778452
0.0789008
0.0801009
0.0814496
0.0829504
0.0846065
0.0864199
0.0883926
0.0905256
0.0928191
0.095273
0.0978859
0.100656
0.10358
0.106653
0.10987
0.113225
0.116707
0.120308
0.124015
0.124015
0.124015
0.127814
0.131691
0.13563
0.139616
0.143634
0.147675
0.15173
0.155796
0.159874
0.163964
0.168066
0.172177
0.176288
0.180392
0.184479
0.188545
0.192588
0.196607
0.200604
0.204584
0.208556
0.212537
0.21655
0.220624
0.224793
0.229085
0.233524
0.238129
0.242911
0.247875
0.253018
0.258331
0.2638
0.269405
0.275123
0.280932
0.286807
0.292725
0.298664
0.304605
0.31053
0.316422
0.322266
0.328047
0.333754
0.339372
0.344888
0.350291
0.355568
0.360704
0.365687
0.370503
0.375135
0.379569
0.383787
0.387771
0.387771
0.391502
0.394962
0.398132
0.400993
0.403532
0.405737
0.407605
0.409141
0.410356
0.411271
0.411914
0.412313
0.412494
0.412481
0.41229
0.411936
0.411429
0.41078
0.410004
0.409117
0.408138
0.407089
0.405992
0.404871
0.403744
0.402631
0.401544
0.400495
0.39949
0.398531
0.397619
0.396753
0.395929
0.395144
0.394395
0.393679
0.392994
0.392339
0.391714
0.391118
0.390553
0.390021
0.389524
0.389065
0.388647
0.388273
0.387947
0.387673
0.387455
0.387296
0.387199
0.38717
0.387209
0.387321
0.387508
0.387771
0.388109
0.388522
0.389006
0.389554
0.390159
0.390807
0.390807
0.391482
0.392169
0.39285
0.393519
0.394186
0.394895
0.395733
0.396823
0.39833
0.400384
0.403027
0.403036
0.403036
0.406187
0.409567
0.413057
0.416526
0.419892
0.423123
0.426214
0.429176
0.432025
0.43478
0.437459
0.440077
0.442649
0.445185
0.447694
0.450184
0.452659
0.455125
0.457583
0.460036
0.462486
0.464934
0.46738
0.469826
0.472272
0.474718
0.477165
0.479612
0.482059
0.484504
0.486944
0.489377
0.491798
0.494201
0.49658
0.498927
0.501235
0.503494
0.505697
0.507834
0.509898
0.511881
0.513775
0.515573
0.517271
0.518861
0.52034
0.521703
0.522945
0.524064
0.525057
0.525918
0.526647
0.527239
0.527691
0.528
0.528162
0.528174
0.528032
0.527731
0.527268
0.527268
0.52664
0.525846
0.524886
0.523766
0.522496
0.521091
0.519571
0.517954
0.516256
0.514478
0.512607
0.510606
0.508426
0.506007
0.503292
0.500235
0.49681
0.493011
0.488852
0.484365
0.479595
0.474597
0.46943
0.464157
0.458838
0.453531
0.448282
