0.357143
0.551852
0.820157
1.0477
1.23843
1.39592
1.5234
1.6247
1.70159
1.75625
1.75625
1.79048
1.80564
1.80261
1.78175
1.74282
1.68497
1.60666
1.50578
1.37968
1.22552
1.04073
0.823817
0.575372
0.299285
0.00375955
-0.298277
-0.308478
-0.308478
-0.493618
-0.677857
-0.843962
-0.979617
-1.07564
-1.12709
-1.13342
-1.09789
-1.02646
-0.926601
-0.806268
-0.673167
-0.534313
-0.395815
-0.262829
-0.139579
-0.029432
0.0650264
0.141925
0.20005
0.238807
0.258182
0.258717
0.241464
0.207945
0.160089
0.100159
0.0306614
-0.0457455
-0.126357
-0.20852
-0.289731
-0.36772
-0.440516
-0.506501
-0.56443
-0.613446
-0.653063
-0.683134
-0.703816
-0.715514
-0.718836
-0.714538
-0.703484
-0.686609
-0.664892
-0.639348
-0.611018
-0.580987
-0.550401
-0.520499
-0.492657
-0.468431
-0.449611
-0.438265
-0.436769
-0.44781
-0.47432
-0.51933
-0.519331
-0.519331
-0.585684
-0.67558
-0.789916
-0.92746
-1.08396
-1.25144
-1.41788
-1.56785
-1.68396
-1.74917
-1.74931
-1.67528
-1.52422
-1.29982
-1.01197
-0.676142
-0.312535
0.0549658
0.400567
0.699148
0.929439
1.07702
1.13622
1.11034
1.01026
0.85193
0.65369
0.433835
0.208794
-0.00802031
-0.206747
-0.38111
-0.528072
-0.647243
-0.740185
-0.809717
-0.859296
-0.892532
-0.912832
-0.923183
-0.926039
-0.92329
-0.916287
-0.905901
-0.892602
-0.876537
-0.857613
-0.835562
-0.810011
-0.780529
-0.74668
-0.70806
-0.664334
-0.615259
-0.560702
-0.500632
-0.500632
-0.435081
-0.364053
-0.287387
-0.204549
-0.114412
-0.0150747
0.0961517
0.222458
0.36687
0.531226
0.715051
0.914677
1.123
1.33006
1.5243
1.69426
1.83015
1.92514
1.97598
1.98304
1.9499
1.88254
1.78841
1.67552
1.55167
1.42387
1.298
1.17867
1.06917
0.971636
0.887182
0.816151
0.758295
0.712979
0.679331
0.656376
0.643121
0.63862
0.642011
0.652529
0.66951
0.692386
0.720664
0.753914
0.791743
0.833778
0.879638
0.928916
0.981151
1.0358
1.0922
1.14955
1.2068
1.26267
1.31548
1.36305
1.40255
1.4303
1.4415
1.42993
1.38775
1.30525
1.30525
1.17102
0.972714
0.698856
0.342267
-0.0948505
-0.594994
-1.11981
-1.6171
-2.02672
-2.29979
-2.41374
-2.41397
-2.41397
-2.25342
-2.02558
-1.75548
-1.46254
-1.16365
-0.871502
-0.595134
-0.340727
-0.112267
0.0879209
0.258752
0.400062
0.512357
0.596628
0.654212
0.686686
0.695795
0.683402
0.651462
0.602004
0.537124
0.458988
0.369831
0.271944
0.16767
0.059374
-0.0505933
-0.15994
-0.266487
-0.368232
-0.463399
-0.550495
-0.628341
-0.696099
-0.753269
-0.79968
-0.835454
-0.860969
-0.876805
-0.883694
-0.88247
-0.874022
-0.859259
-0.839081
-0.814361
-0.785937
-0.754612
-0.721163
-0.686363
-0.651
-0.615908
-0.582008
-0.550343
-0.522127
-0.498788
-0.482009
-0.473753
-0.476267
-0.492029
-0.523621
-0.573493
-0.573493
-0.64357
-0.734683
-0.845839
-0.973402
-1.11038
-1.24611
-1.3666
-1.4559
-1.49821
-1.48055
-1.39502
-1.24029
-1.02193
-0.751838
-0.447077
-0.128494
0.180981
0.458417
0.683367
0.840463
0.921467
0.926171
0.861822
0.741303
0.580645
0.39653
