0.000357143
0.000705947
0.00114659
0.00167338
0.00167339
0.00228101
0.00296444
0.00371899
0.00454022
0.00542399
0.0063664
0.00736379
0.00841273
0.00950998
0.0106525
0.0118375
0.0130622
0.0143242
0.0156212
0.0169508
0.018311
0.0196999
0.0211156
0.0225564
0.0240207
0.025507
0.0270139
0.0285399
0.0300839
0.0316447
0.0332212
0.0348122
0.0364169
0.0380343
0.0396635
0.0413037
0.0429542
0.0446143
0.0462832
0.0479603
0.049645
0.0513368
0.0530351
0.0547395
0.0564493
0.0581643
0.059884
0.0616079
0.0633358
0.0650673
0.0668022
0.0685401
0.0702806
0.0720236
0.0737688
0.0755158
0.0772646
0.0790147
0.0807661
0.0825186
0.0842719
0.0860258
0.0877802
0.0895349
0.0912898
0.0930447
0.0947995
0.096554
0.0983081
0.100062
0.101815
0.103567
0.105318
0.107069
0.108818
0.110566
0.112313
0.114059
0.115803
0.117546
0.119287
0.121027
0.122764
0.1245
0.126235
0.127967
0.129697
0.131425
0.133151
0.134875
0.136597
0.138316
0.140033
0.141748
0.14346
0.14517
0.146877
0.148582
0.150284
0.151983
0.153679
0.155373
0.157064
0.158752
0.160437
0.16212
0.163799
0.165475
0.167148
0.168818
0.170485
0.172148
0.173809
0.175466
0.17712
0.178771
0.180418
0.182062
0.183702
0.185339
0.186972
0.188602
0.190228
0.191851
0.19347
0.195086
0.196698
0.198306
0.19991
0.201511
0.203108
0.204701
0.20629
0.207876
0.209457
0.211035
0.212609
0.214178
0.215744
0.217306
0.218864
0.220418
0.221968
0.223514
0.225055
0.226593
0.228127
0.229656
0.231182
0.232703
0.23422
0.235733
0.237242
0.238747
0.240247
0.241744
0.243236
0.244724
0.246208
0.247687
0.249163
0.250634
0.252101
0.253563
0.255022
0.256476
0.257926
0.259372
0.260814
0.262251
0.263684
0.265113
0.266538
0.267959
0.269375
0.270787
0.272195
0.273599
0.274999
0.276394
0.277786
0.279173
0.280556
0.281935
0.28331
0.28468
0.286047
0.28741
0.288768
0.290122
0.291473
0.292819
0.294161
0.2955
0.296834
0.298164
0.29949
0.300813
0.302131
0.303446
0.304756
0.306063
0.307365
0.308664
0.309959
0.31125
0.312538
0.313821
0.315101
0.316377
0.317649
0.318917
0.320181
0.321442
0.322699
0.323953
0.325202
0.326448
0.327691
0.328929
0.330164
0.331396
0.332624
0.333848
0.335068
0.336285
0.337499
0.338708
0.339915
0.341117
0.342317
0.343512
0.344704
0.345893
0.347078
0.34826
0.349438
0.350613
0.351784
0.352952
0.354116
0.355277
0.356434
0.357588
0.358739
0.359886
0.361029
0.36217
0.363306
0.36444
0.36557
0.366696
0.367819
0.368939
0.370056
0.371169
0.372278
0.373384
0.374487
0.375586
0.376682
0.377775
0.378864
0.379949
0.381032
0.38211
0.383186
0.384258
0.385326
0.386391
0.387453
0.388511
0.389566
0.390617
0.391665
0.392709
0.39375
0.394788
0.395822
0.396852
0.397879
0.398902
0.399922
0.400939
0.401952
0.402961
0.403967
0.404969
0.405968
0.406963
0.407954
0.408942
0.409926
0.410907
0.411884
0.412857
0.413827
0.414793
0.415756
0.416714
0.417669
0.418621
0.419569
0.420512
0.421453
0.422389
0.423322
0.424251
0.425176
0.426098
0.427015
0.427929
0.428839
0.429745
0.430648
0.431546
0.432441
0.433332
0.434218
0.435101
0.435981
0.436856
0.437727
0.438594
0.439458
0.440317
0.441172
0.442024
0.442871
0.443715
0.444554
0.445389
0.446221
0.447048
0.447871
0.44869
0.449505
0.450316
0.451123
0.451925
0.452724
0.453518
0.454309
0.455095
0.455877
0.456654
0.457428
0.458197
0.458962
0.459723
0.46048
0.461232
0.46198
0.462724
0.463463
0.464199
0.46493
0.465656
0.466378
0.467096
0.46781
0.468519
0.469224
0.469925
0.470621
0.471312
0.472
0.472683
0.473361
0.474035
0.474705
0.47537
0.476031
0.476687
0.477339
0.477986
0.478628
0.479267
0.4799
0.480529
0.481154
0.481774
0.48239
0.483001
0.483607
0.484209
0.484806
0.485398
0.485986
0.48657
0.487148
0.487722
0.488292
0.488857
0.489417
0.489972
0.490523
0.491069
0.49161
0.492147
0.492678
0.493206
0.493728
0.494246
0.494758
0.495267
0.49577
0.496268
0.496762
0.497251
0.497735
0.498215
0.498689
0.499159
0.499623
0.500083
0.500538
0.500989
0.501434
0.501874
0.50231
0.50274
0.503166
0.503587
0.504003
0.504413
0.504819
0.50522
0.505616
0.506007
0.506393
0.506774
0.50715
0.507521
0.507887
0.508248
0.508604
0.508955
0.5093
0.509641
0.509977
0.510307
0.510633
0.510953
0.511268
0.511578
0.511883
0.512183
0.512477
0.512767
0.513051
0.51333
0.513604
0.513873
0.514136
0.514394
0.514647
0.514895
0.515138
0.515375
0.515607
0.515834
0.516055
0.516272
0.516483
0.516688
0.516888
0.517083
0.517273
0.517457
0.517636
0.51781
0.517978
0.518141
0.518298
0.51845
0.518597
0.518738
0.518874
0.519004
0.519129
0.519248
0.519362
0.519471
0.519574
0.519671
0.519763
0.51985
0.519931
0.520006
0.520076
0.520141
0.5202
0.520253
0.520301
0.520343
0.52038
0.520411
0.520436
0.520456
0.52047
0.520479
0.520482
0.520479
0.520471
0.520457
0.520437
0.520412
0.520381
0.520344
0.520302
0.520253
0.5202
0.52014
0.520075
0.520004
0.519927
0.519845
0.519757
0.519663
0.519563
0.519458
0.519347
0.51923
0.519107
0.518978
0.518844
0.518703
0.518557
0.518406
0.518248
0.518084
0.517915
0.51774
0.517559
0.517372
0.517179
0.516981
0.516776
0.516566
0.51635
0.516128
0.5159
0.515666
0.515426
0.51518
0.514929
0.514671
0.514408
0.514138
0.513863
0.513582
0.513295
0.513002
0.512703
0.512398
0.512087
0.51177
0.511447
0.511119
0.510784
0.510444
0.510097
0.509745
0.509386
0.509022
0.508651
0.508275
0.507893
0.507505
0.50711
0.50671
0.506304
0.505892
0.505474
0.50505
0.50462
0.504184
0.503742
0.503294
0.50284
0.502381
0.501915
0.501443
0.500965
0.500482
0.499992
0.499497
0.498995
0.498488
0.497975
0.497455
0.49693
0.496399
0.495862
0.495319
0.49477
0.494215
0.493654
0.493087
0.492515
0.491936
0.491352
0.490761
0.490165
0.489563
0.488955
0.488341
0.487722
0.487096
0.486465
0.485827
0.485184
0.484535
0.48388
0.48322
0.482553
0.481881
0.481203
0.480519
0.47983
0.479134
0.478433
0.477726
0.477013
0.476295
0.475571
0.474841
0.474105
0.473364
0.472617
0.471864
0.471106
0.470342
0.469572
0.468797
0.468016
0.467229
0.466437
0.465639
0.464836
0.464027
0.463212
0.462392
0.461567
0.460736
0.459899
0.459057
0.458209
0.457356
0.456497
0.455633
0.454764
0.453889
0.453009
0.452123
0.451232
0.450335
0.449434
0.448527
0.447614
0.446696
0.445773
0.444845
0.443911
0.442973
0.442029
0.44108
0.440125
0.439166
0.438201
0.437232
0.436257
0.435277
0.434292
0.433302
0.432307
0.431307
0.430302
0.429291
0.428276
0.427256
0.426231
0.425201
0.424166
0.423126
0.422081
0.421032
0.419977
0.418918
0.417854
0.416785
0.415712
0.414633
0.41355
0.412463
0.41137
0.410273
0.409171
0.408065
0.406954
0.405838
0.404718
0.403593
0.402464
0.40133
0.400192
0.39905
0.397902
0.396751
0.395595
0.394435
0.39327
0.392101
0.390928
0.389751
0.388569
0.387383
0.386193
0.384998
0.3838
0.382597
0.38139
0.380179
0.378964
0.377745
0.376522
0.375295
0.374064
0.372829
0.37159
0.370347
0.3691
0.36785
0.366595
0.365337
0.364075
0.362809
0.361539
0.360266
0.358989
0.357708
0.356423
0.355135
0.353843
0.352548
0.351249
0.349947
0.348641
0.347331
0.346018
0.344702
0.343382
0.342059
0.340732
0.339402
0.338068
0.336732
0.335392
0.334048
0.332702
0.331352
0.329999
0.328643
0.327283
0.325921
0.324555
0.323186
0.321814
0.320439
0.319061
0.31768
0.316296
0.314909
0.31352
0.312127
0.310731
0.309332
0.307931
0.306527
0.305119
0.303709
0.302297
0.300881
0.299463
0.298042
0.296618
0.295192
0.293763
0.292332
0.290897
0.289461
0.288021
0.286579
0.285135
0.283688
0.282238
0.280786
0.279332
0.277875
0.276416
0.274955
0.273491
0.272024
0.270556
0.269085
0.267612
0.266136
0.264658
0.263179
0.261696
0.260212
0.258726
0.257237
0.255746
0.254253
0.252758
0.251261
0.249762
0.248261
0.246758
0.245253
0.243746
0.242237
0.240726
0.239213
0.237699
0.236182
0.234663
0.233143
0.231621
0.230097
0.228571
0.227044
0.225515
0.223984
0.222451
0.220917
0.219381
0.217843
0.216304
0.214763
0.213221
0.211677
0.210132
0.208584
0.207036
0.205486
0.203934
0.202381
0.200827
0.199271
0.197714
0.196155
0.194595
0.193034
0.191471
0.189907
0.188342
0.186775
0.185208
0.183639
0.182068
0.180497
0.178925
0.177351
0.175776
0.1742
0.172623
0.171045
0.169466
0.167885
0.166304
0.164722
0.163138
0.161554
0.159969
0.158383
0.156796
0.155208
0.153619
0.152029
0.150439
0.148848
0.147256
0.145663
0.144069
0.142475
0.14088
0.139284
0.137687
0.13609
0.134492
0.132894
0.131295
0.129695
0.128095
0.126494
0.124893
0.123291
0.121689
0.120086
0.118483
0.116879
0.115275
0.113671
0.112066
0.11046
0.108855
0.107249
0.105643
0.104036
0.102429
0.100822
0.0992151
0.0976076
0.0959999
0.0943921
0.0927841
0.0911759
0.0895676
0.0879592
0.0863508
0.0847423
0.0831337
0.0815251
0.0799165
0.0783079
0.0766993
0.0750908
0.0734824
0.071874
0.0702657
0.0686576
0.0670496
0.0654417
0.063834
0.0622266
0.0606193
0.0590123
0.0574055
0.055799
0.0541927
0.0525868
0.0509812
0.0493759
0.047771
0.0461665
0.0445623
0.0429586
0.0413553
0.0397524
0.03815
0.0365481
0.0349467
0.0333458
0.0317454
0.0301456
0.0285463
0.0269477
0.0253496
0.0237521
0.0221553
0.0205591
0.0189636
0.0173688
0.0157747
0.0141813
0.0125887
0.0109968
0.00940561
0.00781525
0.00622569
0.00463694
0.00304903
0.00146196
-0.000124251
-0.00170958
-0.00329402
-0.00487755
-0.00646016
-0.00804183
-0.00962254
-0.0112023
-0.0127811
-0.0143588
-0.0159356
-0.0175113
-0.019086
-0.0206596
-0.0222322
-0.0238037
-0.0253741
-0.0269433
-0.0285115
-0.0300785
-0.0316443
-0.033209
-0.0347726
-0.0363349
-0.037896
-0.0394559
-0.0410146
-0.042572
-0.0441282
-0.0456831
-0.0472368
-0.0487891
-0.0503402
-0.0518899
-0.0534383
-0.0549854
-0.0565311
-0.0580755
-0.0596185
-0.0611601
-0.0627004
-0.0642392
-0.0657766
-0.0673126
-0.0688471
-0.0703803
-0.0719119
-0.0734421
-0.0749709
-0.0764981
-0.0780238
-0.0795481
-0.0810708
-0.0825921
-0.0841117
-0.0856299
-0.0871465
-0.0886615
-0.090175
-0.0916869
-0.0931973
-0.094706
-0.0962131
-0.0977187
-0.0992226
-0.100725
-0.102226
-0.103725
-0.105222
-0.106718
-0.108212
-0.109704
-0.111195
-0.112684
-0.114171
-0.115657
-0.117141
-0.118623
-0.120103
-0.121582
-0.123059
-0.124534
-0.126008
-0.12748
-0.12895
-0.130418
-0.131884
-0.133349
-0.134812
-0.136273
-0.137732
-0.13919
-0.140645
-0.142099
-0.143551
-0.145001
-0.146449
-0.147896
-0.14934
-0.150783
-0.152224
-0.153662
-0.155099
-0.156534
-0.157968
-0.159399
-0.160828
-0.162255
-0.163681
-0.165104
-0.166526
-0.167945
-0.169362
-0.170778
-0.172191
-0.173603
-0.175012
-0.17642
-0.177825
-0.179228
-0.180629
-0.182028
-0.183426
-0.18482
-0.186213
-0.187604
-0.188993
-0.190379
-0.191763
-0.193145
-0.194525
-0.195903
-0.197278
-0.198652
-0.200023
-0.201391
-0.202758
-0.204122
-0.205484
-0.206844
-0.208201
-0.209556
-0.210909
-0.212259
-0.213607
-0.214952
-0.216295
-0.217636
-0.218974
-0.22031
-0.221643
-0.222974
-0.224302
-0.225628
-0.226951
-0.228272
-0.22959
-0.230905
-0.232218
-0.233528
-0.234835
-0.23614
-0.237442
-0.238742
-0.240038
-0.241332
-0.242623
-0.243911
-0.245197
-0.246479
-0.247759
-0.249036
-0.25031
-0.251581
-0.252849
-0.254114
-0.255376
-0.256635
-0.257891
-0.259144
-0.260393
-0.26164
-0.262884
-0.264124
-0.265361
-0.266595
-0.267826
-0.269054
-0.270278
-0.271499
-0.272717
-0.273931
-0.275142
-0.276349
-0.277553
-0.278754
-0.279951
-0.281145
-0.282335
-0.283522
-0.284705
-0.285884
-0.28706
-0.288233
-0.289401
-0.290566
-0.291727
-0.292885
-0.294039
-0.295189
-0.296335
-0.297477
-0.298616
-0.29975
-0.300881
-0.302008
-0.303131
-0.304249
-0.305364
-0.306475
-0.307582
-0.308685
-0.309783
-0.310878
-0.311968
-0.313055
-0.314137
-0.315215
-0.316289
-0.317358
-0.318423
-0.319484
-0.320541
-0.321593
-0.322641
-0.323685
-0.324724
-0.325759
-0.326789
-0.327815
-0.328836
-0.329853
-0.330866
-0.331873
-0.332877
-0.333876
-0.33487
-0.335859
-0.336844
-0.337825
-0.3388
-0.339771
-0.340737
-0.341699
-0.342656
-0.343608
-0.344555
-0.345498
-0.346435
-0.347368
-0.348296
-0.349219
-0.350138
-0.351051
-0.351959
-0.352863
-0.353762
-0.354655
-0.355544
-0.356428
-0.357307
-0.358181
-0.359049
-0.359913
-0.360772
-0.361625
-0.362474
-0.363317
-0.364156
-0.364989
-0.365817
-0.36664
-0.367458
-0.368271
-0.369078
-0.36988
-0.370678
-0.371469
-0.372256
-0.373038
-0.373814
-0.374585
-0.375351
-0.376111
-0.376866
-0.377616
-0.378361
-0.3791
-0.379834
-0.380562
-0.381286
-0.382003
-0.382716
-0.383423
-0.384125
-0.384821
-0.385512
-0.386198
-0.386878
-0.387553
-0.388222
-0.388886
-0.389545
-0.390198
-0.390845
-0.391488
-0.392124
-0.392755
-0.393381
-0.394001
-0.394616
-0.395225
-0.395829
-0.395868
-0.395868
-0.396427
-0.39702
-0.397607
-0.398189
-0.398765
-0.399335
-0.399901
-0.40046
-0.401014
-0.401563
-0.402106
-0.402643
-0.403175
-0.403701
-0.404221
-0.404736
-0.405246
-0.40575
-0.406248
-0.40674
-0.407227
-0.407709
-0.408184
-0.408655
-0.409119
-0.409578
-0.410031
-0.410478
-0.41092
-0.411356
-0.411787
-0.412212
-0.412631
-0.413044
-0.413452
-0.413854
-0.414251
-0.414642
-0.415027
-0.415406
-0.41578
-0.416148
-0.41651
-0.416867
-0.417218
-0.417563
-0.417902
-0.418236
-0.418564
-0.418887
-0.419203
-0.419514
-0.419819
-0.420119
-0.420413
-0.420701
-0.420983
-0.42126
-0.421531
-0.421796
-0.422055
-0.422309
-0.422557
-0.422799
-0.423036
-0.423267
-0.423492
-0.423711
-0.423925
-0.424132
-0.424335
-0.424531
-0.424722
-0.424906
-0.425086
-0.425259
-0.425427
-0.425589
-0.425745
-0.425895
-0.42604
-0.426179
-0.426312
-0.42644
-0.426562
-0.426678
-0.426788
-0.426892
-0.426991
-0.427084
-0.427172
-0.427253
-0.427329
-0.427399
-0.427464
-0.427522
-0.427575
-0.427623
-0.427664
-0.4277
-0.42773
-0.427754
-0.427773
-0.427785
-0.427793
-0.427794
-0.42779
-0.42778
-0.427764
-0.427742
-0.427715
-0.427682
-0.427644
-0.427599
-0.427549
-0.427493
-0.427432
-0.427365
-0.427292
-0.427214
-0.427129
-0.427039
-0.426944
-0.426842
-0.426735
-0.426623
-0.426504
-0.42638
-0.426251
-0.426115
-0.425974
-0.425828
-0.425675
-0.425517
-0.425354
-0.425184
-0.425009
-0.424829
-0.424643
-0.424451
-0.424253
-0.42405
-0.423841
-0.423627
-0.423407
-0.423181
-0.42295
-0.422713
-0.422471
-0.422223
-0.421969
-0.42171
-0.421445
-0.421174
-0.420898
-0.420617
-0.42033
-0.420037
-0.419739
-0.419435
-0.419126
-0.418811
-0.418491
-0.418165
-0.417833
-0.417496
-0.417154
-0.416806
-0.416452
-0.416093
-0.415729
-0.415359
-0.414983
-0.414602
-0.414216
-0.413824
-0.413427
-0.413024
-0.412616
-0.412202
-0.411783
-0.411359
-0.410929
-0.410494
-0.410053
-0.409607
-0.409155
-0.408698
-0.408236
-0.407768
-0.407296
-0.406817
-0.406334
-0.405845
-0.40535
-0.404851
-0.404346
-0.403835
-0.40332
-0.402799
-0.402273
-0.401741
-0.401205
-0.400663
-0.400116
-0.399563
-0.399006
-0.398443
-0.397875
-0.397301
-0.396723
-0.396139
-0.39555
-0.394956
-0.394357
-0.393753
-0.393143
-0.392529
-0.391909
-0.391284
-0.390654
-0.390019
-0.389379
-0.388734
-0.388084
-0.387429
-0.386768
-0.386103
-0.385433
-0.384757
-0.384077
-0.383391
-0.382701
-0.382006
-0.381305
-0.3806
-0.37989
-0.379175
-0.378455
-0.37773
-0.377
-0.376265
-0.375526
-0.374781
-0.374032
-0.373278
-0.372519
-0.371755
-0.370987
-0.370213
-0.369435
-0.368652
-0.367864
-0.367072
-0.366275
-0.365473
-0.364666
-0.363855
-0.363039
-0.362218
-0.361393
-0.360563
-0.359728
-0.358889
-0.358045
-0.357196
-0.356343
-0.355486
-0.354623
-0.353757
-0.352885
-0.352009
-0.351129
-0.350244
-0.349355
-0.348461
-0.347562
-0.34666
-0.345752
-0.344841
-0.343925
-0.343004
-0.342079
-0.34115
-0.340216
-0.339278
-0.338336
-0.337389
-0.336438
-0.335483
-0.334523
-0.333559
-0.332591
-0.331619
-0.330642
-0.329661
-0.328676
-0.327687
-0.326693
-0.325696
-0.324694
-0.323688
-0.322678
-0.321663
-0.320645
-0.319622
-0.318596
-0.317565
-0.31653
-0.315491
-0.314449
-0.313402
-0.312351
-0.311296
-0.310237
-0.309174
-0.308107
-0.307036
-0.305962
-0.304883
-0.3038
-0.302714
-0.301623
-0.300529
-0.299431
-0.298329
-0.297223
-0.296113
-0.295
-0.293882
-0.292761
-0.291636
-0.290507
-0.289375
-0.288238
-0.287098
-0.285955
-0.284807
-0.283656
-0.282501
-0.281342
-0.28018
-0.279014
-0.277845
-0.276671
-0.275494
-0.274314
-0.27313
-0.271942
-0.270751
-0.269556
-0.268357
-0.267155
-0.26595
-0.264741
-0.263528
-0.262312
-0.261092
-0.259869
-0.258642
-0.257412
-0.256179
-0.254941
-0.253701
-0.252457
-0.25121
-0.249959
-0.248705
-0.247447
-0.246186
-0.244922
-0.243654
-0.242383
-0.241108
-0.23983
-0.238549
-0.237265
-0.235977
-0.234686
-0.233391
-0.232094
-0.230793
-0.229489
-0.228181
-0.22687
-0.225556
-0.224239
-0.222919
-0.221595
-0.220268
-0.218938
-0.217605
-0.216268
-0.214929
-0.213586
-0.21224
-0.210891
-0.209539
-0.208183
-0.206825
-0.205463
-0.204099
-0.202731
-0.20136
-0.199986
-0.198609
-0.197229
-0.195846
-0.19446
-0.193071
-0.191678
-0.190283
-0.188885
-0.187484
-0.18608
-0.184672
-0.183262
-0.181849
-0.180433
-0.179014
-0.177592
-0.176167
-0.174739
-0.173309
-0.171875
-0.170439
-0.168999
-0.167557
-0.166112
-0.164664
-0.163213
-0.16176
-0.160303
-0.158844
-0.157382
-0.155917
-0.15445
-0.152979
-0.151506
-0.15003
-0.148551
-0.14707
-0.145586
-0.144099
-0.14261
-0.141118
-0.139623
-0.138125
-0.136625
-0.135122
-0.133617
-0.132109
-0.130598
-0.129085
-0.127569
-0.12605
-0.124529
-0.123006
-0.121479
-0.119951
-0.11842
-0.116886
-0.11535
-0.113811
-0.11227
-0.110727
-0.109181
-0.107632
-0.106081
-0.104528
-0.102972
-0.101414
-0.0998542
-0.0982915
-0.0967265
-0.0951591
-0.0935895
-0.0920176
-0.0904434
-0.0888669
-0.0872883
-0.0857073
-0.0841242
-0.0825389
-0.0809514
-0.0793617
-0.0777699
-0.0761759
-0.0745799
-0.0729817
-0.0713814
-0.0697791
-0.0681747
-0.0665683
-0.0649599
-0.0633495
-0.061737
-0.0601227
-0.0585063
-0.0568881
-0.0552679
-0.0536458
-0.0520219
-0.0503961
-0.0487684
-0.047139
-0.0455077
-0.0438746
-0.0422398
-0.0406032
-0.038965
-0.037325
-0.0356833
-0.0340399
-0.0323949
-0.0307483
-0.0291001
-0.0274503
-0.0257989
-0.024146
-0.0224915
-0.0208356
-0.0191781
-0.0175193
-0.0158589
-0.0141972
-0.0125341
-0.0108696
-0.0092037
-0.00753652
-0.00586804
-0.00419828
-0.00252726
-0.000855002
0.000818465
0.00249312
0.00416894
0.0058459
0.00752398
0.00920315
0.0108834
0.0125647
0.014247
0.0159303
0.0176145
0.0192997
0.0209859
0.0226729
0.0243608
0.0260495
0.0277391
0.0294294
0.0311205
0.0328124
0.0345049
0.0361981
0.037892
0.0395865
0.0412817
0.0429774
0.0446736
0.0463704
0.0480676
0.0497653
0.0514635
0.0531621
0.054861
0.0565603
0.0582599
0.0599598
0.0616599
0.0633603
0.0650609
0.0667616
0.0684625
0.0701635
0.0718646
0.0735657
0.0752669
0.076968
0.0786691
0.0803701
0.082071
0.0837717
0.0854723
0.0871727
0.0888729
0.0905727
0.0922723
0.0939716
0.0956704
0.0973689
0.0990669
0.100765
0.102462
0.104158
0.105854
0.107549
0.109244
0.110938
0.112632
0.114324
0.116016
0.117707
0.119397
0.121086
0.122775
0.124462
0.126148
0.127834
0.129518
0.131201
0.132883
0.134564
0.136244
0.136244
0.137922
0.1396
0.141275
0.14295
0.144623
0.146295
0.147965
0.149633
0.151301
0.152966
0.15463
0.156292
0.157953
0.159612
0.161269
0.162924
0.164577
0.166229
0.167879
0.169526
0.171172
0.172815
0.174457
0.176096
0.177734
0.179369
0.181002
0.182632
0.184261
0.185887
0.18751
0.189131
0.19075
0.192366
0.19398
0.195591
0.1972
0.198806
0.200409
0.20201
0.203608
0.205203
0.206796
0.208385
0.209972
0.211556
0.213137
0.214715
0.21629
0.217862
0.219431
0.220996
0.222559
0.224119
0.225675
0.227228
0.228778
0.230325
0.231869
0.233409
0.234946
0.236479
0.238009
0.239536
0.241059
0.242579
0.244095
0.245608
0.247118
0.248624
0.250126
0.251625
0.25312
0.254611
0.256099
0.257584
0.259064
0.260541
0.262014
0.263484
0.26495
0.266412
0.267871
0.269325
0.270777
0.272224
0.273667
0.275107
0.276543
0.277975
0.279404
0.280829
0.282249
0.283667
0.28508
0.28649
0.287895
0.289298
0.290696
0.29209
0.293481
0.294868
0.296251
0.297631
0.299007
0.300379
0.301747
0.303112
0.304473
0.30583
0.307183
0.308533
0.309879
0.311222
0.312561
0.313896
0.315228
0.316556
0.317881
0.319202
0.320519
0.321833
0.323143
0.32445
0.325754
0.327054
0.32835
0.329644
0.330933
0.33222
0.333503
0.334782
0.336059
0.337332
0.338602
0.339868
0.341131
0.342391
0.343648
0.344902
0.346153
0.3474
0.348644
0.349885
0.351123
0.352358
0.35359
0.354819
0.356045
0.357268
0.358488
0.359705
0.360919
0.36213
0.363339
0.364544
0.365747
0.366946
0.368143
0.369337
0.370528
0.371717
0.372903
0.374085
0.375266
0.376443
0.377618
0.37879
0.379959
0.381126
0.38229
0.383451
0.38461
0.385766
0.386919
0.38807
0.389218
0.390363
0.391506
0.392646
0.393784
0.394919
0.396052
0.397182
0.398309
0.399434
0.400556
0.401675
0.402792
0.403907
0.405019
0.406128
0.407235
0.408339
0.40944
0.410539
0.411635
0.412729
0.41382
0.414909
0.415995
0.417078
0.418159
0.419237
0.420313
0.421385
0.422456
0.423523
0.424588
0.42565
0.42671
0.427767
0.428821
0.429872
0.430921
0.431967
0.43301
0.434051
0.435089
0.436124
0.437156
0.438185
0.439212
0.440236
0.441257
0.442275
0.44329
0.444302
0.445312
0.446318
0.447322
0.448323
0.44932
0.450315
0.451307
0.452296
0.453281
0.454264
0.455244
0.456221
0.457194
0.458165
0.459132
0.460097
0.461058
0.462016
0.462971
0.463922
0.464871
0.465816
0.466758
0.467697
0.468632
0.469565
0.470493
0.471419
0.472341
0.47326
0.474176
0.475088
0.475997
0.476903
0.477805
0.478703
0.479598
0.48049
0.481378
0.482263
0.483144
0.484022
0.484896
0.485766
0.486633
0.487497
0.488356
0.489213
0.490065
0.490914
0.491759
0.492601
0.493439
0.494273
0.495103
0.49593
0.496753
0.497572
0.498387
0.499199
0.500007
0.50081
0.501611
0.502407
0.503199
0.503988
0.504772
0.505553
0.50633
0.507103
0.507872
0.508637
0.509398
0.510155
0.510908
0.511657
0.512403
0.513144
0.513881
0.514614
0.515343
0.516068
0.516788
0.517505
0.518218
0.518926
0.519631
0.520331
0.521027
0.521719
0.522407
0.52309
0.52377
0.524445
0.525116
0.525782
0.526445
0.527103
0.527757
0.528407
0.529053
0.529694
0.530331
0.530963
0.531592
0.532216
0.532835
0.533451
0.534062
0.534668
0.535271
0.535868
0.536462
0.537051
0.537636
0.538216
0.538792
0.539363
0.53993
0.540493
0.541051
0.541604
0.542154
0.542698
0.543238
0.543774
0.544305
0.544832
0.545354
0.545871
0.546384
0.546893
0.547397
0.547896
0.548391
0.548881
0.549366
0.549847
0.550323
0.550795
0.551262
0.551724
0.552182
0.552635
0.553084
0.553527
0.553966
0.554401
0.55483
0.555255
0.555675
0.556091
0.556502
0.556908
0.557309
0.557705
0.558097
0.558484
0.558866
0.559243
0.559616
0.559984
0.560347
0.560705
0.561058
0.561406
0.56175
0.562088
0.562422
0.562751
0.563075
0.563394
0.563708
0.564017
0.564322
0.564621
0.564915
0.565205
0.565489
0.565769
0.566044
0.566313
0.566578
0.566837
0.567092
0.567341
0.567586
0.567825
0.568059
0.568289
0.568513
0.568732
0.568946
0.569155
0.569359
0.569558
0.569751
0.56994
0.570123
0.570301
0.570474
0.570642
0.570805
0.570962
0.571114
0.571261
0.571403
0.57154
0.571671
0.571797
0.571918
0.572034
0.572144
0.572249
0.572349
0.572443
0.572533
0.572616
0.572695
0.572768
0.572836
0.572898
0.572955
0.573007
0.573054
0.573094
0.57313
0.57316
0.573185
0.573204
0.573218
0.573227
0.57323
0.573227
0.573219
0.573206
0.573187
0.573163
0.573133
0.573097
0.573056
0.57301
0.572958
0.572901
0.572838
0.572769
0.572695
0.572615
0.57253
0.572439
0.572342
0.57224
0.572133
0.572019
0.5719
0.571776
0.571646
0.57151
0.571368
0.571221
0.571068
0.57091
0.570746
0.570576
0.5704
0.570219
0.570032
0.569839
0.569641
0.569437
0.569227
0.569011
0.56879
0.568563
0.56833
0.568092
0.567847
0.567597
0.567341
0.56708
0.566812
0.566539
0.56626
0.565975
0.565685
0.565388
0.565086
0.564778
0.564464
0.564145
0.563819
0.563488
0.563151
0.562808
0.562459
0.562104
0.561744
0.561378
0.561006
0.560628
0.560244
0.559854
0.559459
0.559057
0.55865
0.558237
0.557818
0.557393
0.556963
0.556526
0.556084
0.555636
0.555181
0.554722
0.554256
0.553784
0.553307
0.552823
0.552334
0.551839
0.551338
0.550831
0.550319
0.5498
0.549276
0.548746
0.548209
0.547668
0.54712
0.546566
0.546007
0.545442
0.544871
0.544294
0.543711
0.543123
0.542528
0.541928
0.541322
0.54071
0.540093
0.539469
0.53884
0.538205
0.537565
0.536918
0.536266
0.535608
0.534944
0.534275
0.5336
0.532919
0.532232
0.531539
0.530841
0.530137
0.529428
0.528713
0.527992
0.527265
0.526533
0.525795
0.525051
0.524302
0.523547
0.522786
0.52202
0.521249
0.520471
0.519688
0.5189
0.518106
0.517306
0.516501
0.51569
0.514874
0.514052
0.513224
0.512392
0.511553
0.51071
0.50986
0.509006
0.508145
0.50728
0.506409
0.505533
0.504651
0.503764
0.502871
0.501973
0.50107
0.500161
0.499248
0.498328
0.497404
0.496474
0.495539
0.494599
0.493654
0.492703
0.491747
0.490786
0.48982
0.488849
0.487872
0.486891
0.485904
0.484912
0.483915
0.482913
0.481906
0.480894
0.479878
0.478856
0.477829
0.476797
0.47576
0.474718
0.473672
0.47262
0.471564
0.470503
0.469437
0.468366
0.46729
0.46621
0.465125
0.464035
0.46294
0.461841
0.460737
0.459628
0.458514
0.457396
0.456274
0.455147
0.454015
0.452878
0.451737
0.450592
0.449442
0.448288
0.447129
0.445965
0.444798
0.443625
0.442449
0.441268
0.440083
0.438893
0.4377
0.436501
0.435299
0.434092
0.432882
0.431667
0.430447
0.429224
0.427997
0.426765
0.42553
0.42429
0.423046
0.421798
0.420547
0.419291
0.418031
0.416768
0.4155
0.414229
0.412953
0.411674
0.410391
0.409105
0.407814
0.40652
0.405222
0.40392
0.402615
0.401305
0.399993
0.398676
0.397356
0.396033
0.394706
0.393375
0.392041
0.390703
0.389362
0.388017
0.386669
0.385318
0.383963
0.382605
0.381243
0.379878
0.37851
0.377139
0.375764
0.374386
0.373005
0.37162
0.370233
0.368842
0.367448
0.366052
0.364652
0.363249
0.361843
0.360433
0.359021
0.357606
0.356188
0.354767
0.353343
0.351917
0.350487
0.349055
0.347619
0.346181
0.34474
0.343297
0.34185
0.340401
0.338949
0.337495
0.336038
0.334578
0.333115
0.33165
0.330183
0.328713
0.32724
0.325765
0.324287
0.322807
0.321324
0.319839
0.318352
0.316862
0.315369
0.313875
0.312378
0.310879
0.309377
0.307873
0.306367
0.304859
0.303348
0.301835
0.300321
0.298803
0.297284
0.295763
0.294239
0.292714
0.291186
0.289657
0.288125
0.286592
0.285056
0.283518
0.281979
0.280437
0.278894
0.277349
0.275802
0.274253
0.272702
0.271149
0.269595
0.268039
0.266481
0.264921
0.26336
0.261797
0.260232
0.258666
0.257098
0.255528
0.253957
0.252384
0.25081
0.249234
0.247656
0.246077
0.244497
0.242915
0.241332
0.239747
0.23816
0.236573
0.234984
0.233393
0.231802
0.230209
0.228614
0.227019
0.225422
0.223824
0.222224
0.220624
0.219022
0.217419
0.215815
0.214209
0.212603
0.210995
0.209387
0.207777
0.206167
0.204555
0.202942
0.201328
0.199714
0.198098
0.196481
0.194864
0.193245
0.191626
0.190006
0.188385
0.186763
0.18514
0.183517
0.181893
0.180268
0.178642
0.177016
0.175388
0.173761
0.172132
0.170503
0.168873
0.167243
0.165612
0.16398
0.162348
0.160715
0.159082
0.157449
0.155815
0.15418
0.152545
0.150909
0.149273
0.147637
0.146
0.144363
0.142726
0.141088
0.13945
0.137812
0.136173
0.134535
0.132896
0.131256
0.129617
0.127977
0.126338
0.124698
0.123058
0.121417
0.119777
0.118137
0.116496
0.114856
0.113216
0.111575
0.109935
0.108294
0.106654
0.105014
0.103374
0.101733
0.100093
0.0984537
0.096814
0.0951745
0.0935352
0.0918961
0.0902572
0.0886186
0.0869802
0.0853421
0.0837043
0.0820669
0.0804297
0.0787929
0.0771564
0.0755203
0.0738847
0.0722494
0.0706145
0.0689801
0.0673462
0.0657127
0.0640797
0.0624473
0.0608153
0.0591839
0.0575531
0.0559229
0.0542932
0.0526641
0.0510357
0.0494079
0.0477807
0.0461543
0.0445285
0.0429034
0.041279
0.0396554
0.0380325
0.0364103
0.034789
0.0331684
0.0315487
0.0299298
0.0283117
0.0266945
0.0250781
0.0234626
0.0218481
0.0202344
0.0186217
0.0170099
0.015399
0.0137892
0.0121803
0.0105724
0.00896552
0.00735967
0.00575487
0.00415112
0.00254843
0.000946834
-0.000653672
-0.00225307
-0.00385135
-0.00544849
-0.00704448
-0.00863931
-0.010233
-0.0118254
-0.0134167
-0.0150068
-0.0165956
-0.0181832
-0.0197695
-0.0213546
-0.0229384
-0.024521
-0.0261022
-0.0276821
-0.0292607
-0.0308379
-0.0324138
-0.0339884
-0.0355616
-0.0371334
-0.0387038
-0.0402728
-0.0418404
-0.0434066
-0.0449713
-0.0465346
-0.0480964
-0.0496567
-0.0512156
-0.052773
-0.0543289
-0.0558832
-0.0574361
-0.0589874
-0.0605372
-0.0620854
-0.063632
-0.0651771
-0.0667206
-0.0682625
-0.0698028
-0.0713415
-0.0728786
-0.074414
-0.0759478
-0.0774799
-0.0790104
-0.0805392
-0.0820663
-0.0835918
-0.0851155
-0.0866375
-0.0881578
-0.0896764
-0.0911932
-0.0927083
-0.0942216
-0.0957332
-0.097243
-0.098751
-0.100257
-0.101762
-0.103264
-0.104765
-0.106264
-0.107761
-0.109256
-0.11075
-0.112241
-0.113731
-0.115219
-0.116704
-0.118188
-0.11967
-0.12115
-0.122629
-0.124105
-0.125579
-0.127051
-0.128522
-0.12999
-0.131456
-0.132921
-0.134383
-0.135843
-0.137302
-0.138758
-0.140212
-0.141664
-0.143114
-0.144562
-0.146008
-0.147451
-0.148893
-0.150332
-0.15177
-0.153205
-0.154638
-0.156068
-0.157497
-0.158923
-0.160347
-0.161769
-0.163189
-0.164606
-0.166022
-0.167434
-0.168845
-0.170253
-0.171659
-0.173063
-0.174464
-0.175863
-0.177259
-0.178653
-0.180045
-0.181434
-0.182821
