-0.00357143
0.00757364
0.0160171
0.0221482
0.0263166
0.0288361
0.0299887
0.0300179
0.0291498
0.0451512
0.0275888
0.0255212
0.0231203
0.0205505
0.017973
0.0155515
0.0134587
0.0118826
0.0110329
0.0111459
0.0124869
0.0153471
0.0200328
0.0268452
0.0360466
0.0478179
0.0593264
0.0596947
0.0626781
0.0782451
0.0955995
0.11418
0.13367
0.153664
0.173704
0.193331
0.212116
0.229692
0.245765
0.260125
0.272636
0.283234
0.291918
0.298736
0.303782
0.307182
0.30909
0.309679
0.309134
0.307648
0.305413
0.302617
0.299438
0.29604
0.292567
0.289143
0.285866
0.282808
0.280015
0.277507
0.27528
0.273307
0.271543
0.269926
0.268384
0.266834
0.265192
0.263371
0.261287
0.25886
0.256017
0.252693
0.248833
0.244389
0.239327
0.23362
0.227255
0.220229
0.212549
0.204238
0.195331
0.185879
0.175953
0.165644
0.155065
0.144359
0.133698
0.118091
0.11809
0.123284
0.113347
0.10414
0.0959262
0.0889547
0.0834334
0.0794901
0.0771329
0.0762154
0.0764174
0.0772483
0.0780762
0.0781776
0.0768009
0.0732309
0.0668519
0.0572022
0.0440223
0.0272913
0.00724631
-0.0156247
-0.0406213
-0.0668987
-0.0935561
-0.119726
-0.144649
-0.167726
-0.188542
-0.206866
-0.222629
-0.235899
-0.246842
-0.255687
-0.262694
-0.268127
-0.272236
-0.275241
-0.27733
-0.278654
-0.279332
-0.279451
-0.279077
-0.278256
-0.27702
-0.275396
-0.273403
-0.271062
-0.268394
-0.265424
-0.262181
-0.258698
-0.255016
-0.251176
-0.247227
-0.24322
-0.239205
-0.240245
-0.235238
-0.231372
-0.22766
-0.224159
-0.220932
-0.218054
-0.215617
-0.213743
-0.212587
-0.212333
-0.213184
-0.215342
-0.218968
-0.224157
-0.230902
-0.239082
-0.248463
-0.258712
-0.269429
-0.280182
-0.290543
-0.300122
-0.308585
-0.315679
-0.321226
-0.325129
-0.327363
-0.32796
-0.326998
-0.324591
-0.320872
-0.315987
-0.310087
-0.303317
-0.29582
-0.287728
-0.279165
-0.270245
-0.261073
-0.251743
-0.242346
-0.232964
-0.223673
-0.214546
-0.205649
-0.197048
-0.188803
-0.180971
-0.173603
-0.166749
-0.16045
-0.154743
-0.149657
-0.145207
-0.141399
-0.138221
-0.135638
-0.133587
-0.131969
-0.130636
-0.129379
-0.127907
-0.112782
-0.125835
-0.122662
-0.117765
-0.110403
-0.0997664
-0.0850643
-0.0656821
-0.041388
-0.0124718
0.0201756
0.055175
0.0668545
0.0668876
0.0909572
0.124663
0.155706
0.183618
0.208161
0.229262
0.24698
0.261461
0.272917
0.281597
0.287776
0.291739
0.293775
0.294167
0.293189
0.291103
0.288154
0.284572
0.280568
0.276335
0.272045
0.26785
0.263882
0.26025
0.257042
0.254321
0.252129
0.250485
0.249386
0.248804
0.248698
0.249004
0.249647
0.250541
0.251589
0.252693
0.253752
0.254667
0.255345
0.255697
0.255644
0.255113
0.254043
0.252383
0.250088
0.247125
0.243471
0.239108
0.234029
0.228233
0.22173
0.214535
0.206677
0.198193
0.189132
0.179559
0.169557
0.159226
0.148692
0.138103
0.127635
0.111754
0.117489
0.107884
0.0990486
0.0912007
0.0845227
0.0791271
0.0750196
0.0720663
0.0699737
0.0682905
0.0664354
0.0637483
0.0595556
0.0532395
0.0443011
0.0324118
0.0174518
-0.000469943
-0.0210151
-0.043641
-0.0676517
-0.0922688
-0.116712
-0.140275
-0.162378
-0.182604
-0.200702
