-0.025
-0.00191935
-0.000741892
-0.00980368
0.000538812
-0.00958077
-0.030413
-0.0226118
-0.049193
-0.0690856
-0.0806829
-0.0745124
-0.049291
-0.019122
0.00134009
0.0114438
0.0129884
0.00851934
0.00242333
-0.00402237
-0.0132001
-0.0279591
-0.0479849
-0.0696453
-0.087439
-0.0957537
-0.112537
-0.0912382
-0.0773136
-0.0661504
-0.0674292
-0.0526111
-0.0454553
-0.0669104
-0.0740841
-0.0639507
-0.0527535
-0.0512848
-0.0609199
-0.0749744
-0.0856896
-0.0878515
-0.100332
-0.0814836
-0.0722371
-0.0606388
-0.0553259
-0.0553256
-0.0553219
-0.0543829
-0.0376907
-0.00951178
0.0120837
0.0137004
-0.000804866
-0.0170681
-0.0300714
-0.0300718
-0.0300739
-0.0311057
-0.0396123
-0.0622431
-0.0773898
-0.0953421
-0.0709742
-0.025699
0.0349068
0.0427158
0.0155527
-0.00796425
0.0111091
0.0117463
-0.0145619
-0.00436835
-0.00436591
-0.0233859
-0.03747
-0.0511894
-0.0542014
-0.0575508
-0.0735984
-0.0879368
-0.0921918
-0.106062
-0.0834819
-0.0653212
