-0.0005
-0.000154355
0.000139445
0.000388276
0.000598062
0.00109755
0.000773977
0.000920455
0.0010414
0.00114016
0.00121966
0.00128241
0.00133061
0.00136615
0.00139069
0.00140566
0.00141229
0.00141165
0.00140469
0.0013922
0.00137489
0.00135336
0.00132815
0.00129971
0.00126844
0.00123468
0.00119873
0.00116084
0.00112126
0.00108016
0.00103773
0.0009941
0.000949408
0.000903764
0.000857265
0.000809995
0.000762028
0.000713429
0.000664253
0.00061455
0.000564363
0.000513729
0.000462683
0.000411252
0.000359465
0.000307342
0.000254905
0.000202173
0.000149161
9.58435e-05
4.22387e-05
-1.16376e-05
-6.57709e-05
-0.000120148
-0.000174757
-0.000229586
-0.000284626
-0.000339866
-0.000395299
-0.000450914
-0.000506705
-0.000562664
-0.000618783
-0.000675056
-0.000731475
-0.000788034
-0.000844727
-0.000901547
-0.000958487
-0.00101554
-0.00107271
-0.00112997
-0.00118734
-0.00124479
-0.00130233
-0.00135994
-0.00141763
-0.00147539
-0.0015332
-0.00159108
-0.001649
-0.00170696
-0.00176496
-0.00182299
-0.00188105
-0.00193912
-0.00199721
-0.0020553
-0.0021134
-0.00217149
-0.00222957
-0.00228763
-0.00234567
-0.00240368
-0.00246166
-0.0025196
-0.00257748
-0.00263532
-0.00269309
-0.0027508
-0.00280844
-0.00286601
-0.00292349
-0.00298088
-0.00303818
-0.00309538
-0.00315247
-0.00320945
-0.00326631
-0.00332306
-0.00337967
-0.00343615
-0.00349249
-0.00354868
-0.00360473
-0.00366062
-0.00371635
-0.00377192
-0.00382731
-0.00388253
-0.00393757
-0.00399243
-0.00404709
-0.00410157
-0.00415584
-0.00420991
-0.00426377
-0.00431742
-0.00437085
-0.00442406
-0.00447705
-0.00452981
-0.00458234
-0.00463464
-0.00468669
-0.00473851
-0.00479008
-0.0048414
-0.00489246
-0.00494328
-0.00499383
-0.00504413
-0.00509416
-0.00514393
-0.00519343
-0.00524266
-0.00529161
-0.0053403
-0.00538871
-0.00543684
-0.00548469
-0.00553226
-0.00557955
-0.00562655
-0.00567327
-0.00571971
-0.00576586
-0.00581172
-0.0058573
-0.00590258
-0.00594758
-0.00599229
-0.0060367
-0.00608083
-0.00612467
-0.00616822
-0.00621148
-0.00625445
-0.00629714
-0.00633953
-0.00638164
-0.00642346
-0.00646499
-0.00650624
-0.0065472
-0.00658789
-0.00662828
-0.0066684
-0.00670824
-0.0067478
-0.00678708
-0.00682608
-0.00686482
-0.00690327
-0.00694146
-0.00697938
-0.00701703
-0.00705441
-0.00709152
-0.00712838
-0.00716497
-0.00720131
-0.00723738
-0.0072732
-0.00730877
-0.00734408
-0.00737915
-0.00741397
-0.00744854
-0.00748286
-0.00751695
-0.00755079
-0.0075844
-0.00761777
-0.0076509
-0.00768381
-0.00771648
-0.00774892
-0.00778114
-0.00781313
-0.00784489
-0.00787644
-0.00790776
-0.00793887
-0.00796976
-0.00800043
-0.0080309
-0.00806115
-0.00809118
-0.00812101
-0.00815064
-0.00818005
-0.00820927
-0.00823828
-0.00826708
-0.00829569
-0.00832409
-0.0083523
-0.00838031
-0.00840812
-0.00843574
-0.00846316
-0.00849039
-0.00851743
-0.00854427
-0.00857092
-0.00859738
-0.00862365
-0.00864973
-0.00867562
-0.00870132
-0.00872684
-0.00875216
-0.0087773
-0.00880225
-0.00882701
-0.00885159
-0.00887598
-0.00890018
-0.00892419
-0.00894802
-0.00897166
-0.00899512
-0.00901838
-0.00904146
-0.00906436
-0.00908706
-0.00910958
-0.00913191
-0.00915405
-0.009176
-0.00919777
-0.00921934
-0.00924072
-0.00926192
-0.00928292
-0.00930373
-0.00932435
-0.00934478
-0.00936501
-0.00938505
-0.0094049
-0.00942455
-0.009444
-0.00946326
-0.00948233
-0.00950119
-0.00951986
-0.00953833
-0.0095566
-0.00957468
-0.00959255
-0.00961022
-0.00962768
-0.00964495
-0.00966201
-0.00967887
-0.00969552
-0.00971197
-0.00972822
-0.00974425
-0.00976008
-0.00977571
-0.00979112
-0.00980633
-0.00982133
-0.00983611
-0.00985069
-0.00986505
-0.00987921
-0.00989315
-0.00990688
-0.0099204
-0.0099337
-0.00994679
-0.00995967
-0.00997233
-0.00998478
-0.00999701
-0.010009
-0.0100208
-0.0100324
-0.0100438
-0.0100549
-0.0100659
-0.0100766
-0.0100871
-0.0100974
-0.0101074
-0.0101173
-0.0101269
-0.0101363
-0.0101455
-0.0101545
-0.0101632
-0.0101718
-0.0101801
-0.0101882
-0.0101961
-0.0102038
-0.0102113
-0.0102185
-0.0102255
-0.0102323
-0.0102389
-0.0102453
-0.0102515
-0.0102574
-0.0102632
-0.0102687
-0.010274
-0.0102791
-0.010284
-0.0102887
-0.0102932
-0.0102974
-0.0103015
-0.0103053
-0.010309
-0.0103124
-0.0103156
-0.0103187
-0.0103215
-0.0103241
-0.0103265
-0.0103287
-0.0103307
-0.0103325
-0.0103342
-0.0103356
-0.0103368
-0.0103378
-0.0103386
-0.0103393
-0.0103397
-0.01034
-0.0103401
-0.0103399
-0.0103396
-0.0103391
-0.0103385
-0.0103376
-0.0103366
-0.0103353
-0.0103339
-0.0103324
-0.0103306
-0.0103287
-0.0103266
-0.0103243
-0.0103219
-0.0103192
-0.0103165
-0.0103135
-0.0103104
-0.0103072
-0.0103037
-0.0103001
-0.0102964
-0.0102925
-0.0102884
-0.0102842
-0.0102799
-0.0102754
-0.0102707
-0.0102659
-0.010261
-0.0102559
-0.0102507
-0.0102454
-0.0102399
-0.0102342
-0.0102285
-0.0102226
-0.0102166
-0.0102105
-0.0102042
-0.0101978
-0.0101913
-0.0101847
-0.0101779
-0.0101711
-0.0101641
-0.0101571
-0.0101499
-0.0101426
-0.0101352
-0.0101277
-0.0101201
-0.0101124
-0.0101046
-0.0100968
-0.0100888
-0.0100807
-0.0100726
-0.0100644
-0.010056
-0.0100477
-0.0100392
-0.0100306
-0.010022
-0.0100133
-0.0100046
-0.00999574
-0.00998685
-0.00997789
-0.00996887
-0.0099598
-0.00995067
-0.00994148
-0.00993225
-0.00992296
-0.00991363
-0.00990425
-0.00989483
-0.00988537
-0.00987587
-0.00986634
-0.00985677
-0.00984717
-0.00983754
-0.00982788
-0.0098182
-0.0098085
-0.00979877
-0.00978903
-0.00977927
-0.0097695
-0.00975972
-0.00974993
-0.00974014
-0.00973033
-0.00972053
-0.00971073
-0.00970092
-0.00969113
-0.00968134
-0.00967156
-0.00966179
-0.00965203
-0.00964229
-0.00963257
-0.00962286
-0.00961318
-0.00960353
-0.0095939
-0.0095843
-0.00957473
-0.00956519
-0.00955569
-0.00954623
-0.0095368
-0.00952742
-0.00951808
-0.00950879
-0.00949955
-0.00949036
-0.00948121
-0.00947213
-0.0094631
-0.00945413
-0.00944522
-0.00943637
-0.00942759
-0.00941887
-0.00941023
-0.00940165
-0.00939315
-0.00938472
-0.00937637
-0.0093681
-0.00935991
-0.0093518
-0.00934378
-0.00933584
-0.00932799
-0.00932024
-0.00931257
-0.009305
-0.00929753
-0.00929015
-0.00928288
-0.00927571
-0.00926864
-0.00926167
-0.00925481
-0.00924807
-0.00924143
-0.0092349
-0.00922849
-0.0092222
-0.00921602
-0.00920997
-0.00920403
-0.00919822
-0.00919253
-0.00918696
-0.00918153
-0.00917622
-0.00917105
-0.009166
-0.00916109
-0.00915632
-0.00915168
-0.00914718
-0.00914283
-0.00913861
-0.00913454
-0.00913061
-0.00912682
-0.00912319
-0.0091197
-0.00911636
-0.00911317
-0.00911014
-0.00910726
-0.00910453
-0.00910197
-0.00909956
-0.0090973
-0.00909521
-0.00909328
-0.00909152
-0.00908991
-0.00908848
-0.00908721
-0.0090861
-0.00908517
-0.0090844
-0.0090838
-0.00908338
-0.00908313
-0.00908305
-0.00908315
-0.00908342
-0.00908387
-0.0090845
-0.00908531
-0.00908629
-0.00908746
-0.0090888
-0.00909033
-0.00909205
-0.00909394
-0.00909602
-0.00909829
-0.00910074
-0.00910338
-0.00910621
-0.00910922
-0.00911243
-0.00911582
-0.0091194
-0.00912318
-0.00912715
-0.00913131
-0.00913566
-0.0091402
-0.00914494
-0.00914988
-0.00915501
-0.00916033
-0.00916586
-0.00917158
-0.00917749
-0.0091836
-0.00918992
-0.00919642
-0.00920313
-0.00921004
-0.00921715
-0.00922446
-0.00923196
-0.00923967
-0.00924758
-0.00925569
-0.009264
-0.00927252
-0.00928123
-0.00929015
-0.00929927
-0.0093086
-0.00931812
-0.00932785
-0.00933778
-0.00934792
-0.00935826
-0.0093688
-0.00937955
-0.0093905
-0.00940166
-0.00941301
-0.00942458
-0.00943635
-0.00944832
-0.00946049
-0.00947287
-0.00948546
-0.00949825
-0.00951124
-0.00952444
-0.00953784
-0.00955144
-0.00956525
-0.00957927
-0.00959348
-0.0096079
-0.00962253
-0.00963736
-0.00965239
-0.00966762
-0.00968306
-0.0096987
-0.00971455
-0.00973059
-0.00974684
-0.00976329
-0.00977995
-0.0097968
-0.00981386
-0.00983112
-0.00984858
-0.00986624
-0.0098841
-0.00990216
-0.00992042
-0.00993888
-0.00995754
-0.0099764
-0.00999546
-0.0100147
-0.0100342
-0.0100538
-0.0100737
-0.0100937
-0.010114
-0.0101345
-0.0101551
-0.010176
-0.0101971
-0.0102183
-0.0102398
-0.0102615
-0.0102833
-0.0103054
-0.0103276
-0.01035
-0.0103726
-0.0103954
-0.0104184
-0.0104416
-0.010465
-0.0104885
-0.0105123
-0.0105362
-0.0105603
-0.0105846
-0.0106091
-0.0106337
-0.0106586
-0.0106836
-0.0107088
-0.0107342
-0.0107598
-0.0107855
-0.0108115
-0.0108376
-0.0108639
-0.0108903
-0.010917
-0.0109438
-0.0109708
-0.010998
-0.0110253
-0.0110528
-0.0110805
-0.0111084
-0.0111364
-0.0111646
-0.011193
-0.0112216
-0.0112503
-0.0112792
-0.0113082
-0.0113374
-0.0113668
-0.0113964
-0.0114261
-0.011456
-0.011486
-0.0115162
-0.0115466
-0.0115771
-0.0116078
-0.0116386
-0.0116696
-0.0117007
-0.011732
-0.0117635
-0.0117951
-0.0118268
-0.0118587
-0.0118908
-0.0119229
-0.0119553
-0.0119878
-0.0120204
-0.0120532
-0.0120861
-0.0121191
-0.0121523
-0.0121856
-0.0122191
-0.0122526
-0.0122864
-0.0123202
-0.0123542
-0.0123883
-0.0124225
-0.0124568
-0.0124913
-0.0125259
-0.0125606
-0.0125955
-0.0126304
-0.0126655
-0.0127006
-0.0127359
-0.0127713
-0.0128068
-0.0128424
-0.0128781
-0.0129139
-0.0129498
-0.0129858
-0.0130219
-0.013058
-0.0130943
-0.0131307
-0.0131671
-0.0132037
-0.0132403
-0.013277
-0.0133137
-0.0133506
-0.0133875
-0.0134245
-0.0134616
-0.0134987
-0.0135359
-0.0135732
-0.0136105
-0.0136478
-0.0136853
-0.0137227
-0.0137603
-0.0137978
-0.0138355
-0.0138731
-0.0139108
-0.0139486
-0.0139863
-0.0140241
-0.014062
-0.0140998
-0.0141377
-0.0141756
-0.0142135
-0.0142515
-0.0142894
-0.0143274
-0.0143654
-0.0144033
-0.0144413
-0.0144793
-0.0145173
-0.0145552
-0.0145932
-0.0146311
-0.014669
-0.0147069
-0.0147448
-0.0147827
-0.0148205
-0.0148583
-0.0148961
-0.0149339
-0.0149716
-0.0150092
-0.0150468
-0.0150844
-0.0151219
-0.0151594
-0.0151968
-0.0152341
-0.0152714
-0.0153086
-0.0153458
-0.0153828
-0.0154198
-0.0154568
-0.0154936
-0.0155304
-0.015567
-0.0156036
-0.0156401
-0.0156765
-0.0157128
-0.015749
-0.015785
-0.015821
-0.0158569
-0.0158926
-0.0159282
-0.0159638
-0.0159991
-0.0160344
-0.0160695
-0.0161045
-0.0161394
-0.0161741
-0.0162087
-0.0162431
-0.0162774
-0.0163116
-0.0163456
-0.0163794
-0.0164131
-0.0164466
-0.0164799
-0.0165131
-0.0165461
-0.016579
-0.0166116
-0.0166441
-0.0166764
-0.0167085
-0.0167405
-0.0167722
-0.0168038
-0.0168351
-0.0168663
-0.0168972
-0.016928
-0.0169585
-0.0169889
-0.017019
-0.0170489
-0.0170786
-0.0171081
-0.0171374
-0.0171665
-0.0171953
-0.0172239
-0.0172522
-0.0172804
-0.0173083
-0.0173359
-0.0173634
-0.0173906
-0.0174175
-0.0174442
-0.0174707
-0.0174969
-0.0175228
-0.0175485
-0.017574
-0.0175992
-0.0176241
-0.0176488
-0.0176732
-0.0176973
-0.0177212
-0.0177448
-0.0177682
-0.0177913
-0.0178141
-0.0178366
-0.0178589
-0.0178808
-0.0179025
-0.017924
-0.0179451
-0.017966
-0.0179865
-0.0180068
-0.0180268
-0.0180466
-0.018066
-0.0180851
-0.018104
-0.0181225
-0.0181408
-0.0181588
-0.0181765
-0.0181938
-0.0182109
-0.0182277
-0.0182442
-0.0182604
-0.0182763
-0.0182919
-0.0183072
-0.0183222
-0.0183369
-0.0183512
-0.0183653
-0.0183791
-0.0183926
-0.0184058
-0.0184186
-0.0184312
-0.0184435
-0.0184554
-0.0184671
-0.0184784
-0.0184895
-0.0185002
-0.0185106
-0.0185208
-0.0185306
-0.0185401
-0.0185493
-0.0185582
-0.0185668
-0.0185751
-0.0185831
-0.0185908
-0.0185982
-0.0186052
-0.018612
-0.0186185
-0.0186247
-0.0186305
-0.0186361
-0.0186414
-0.0186463
-0.018651
-0.0186554
-0.0186595
-0.0186632
-0.0186667
-0.0186699
-0.0186728
-0.0186754
-0.0186777
-0.0186797
-0.0186814
-0.0186829
-0.018684
-0.0186849
-0.0186854
-0.0186857
-0.0186857
-0.0186854
-0.0186848
-0.018684
-0.0186828
-0.0186814
-0.0186797
-0.0186778
-0.0186755
-0.018673
-0.0186702
-0.0186671
-0.0186638
-0.0186602
-0.0186563
-0.0186522
-0.0186478
-0.0186431
-0.0186382
-0.018633
-0.0186276
-0.0186219
-0.0186159
-0.0186097
-0.0186033
-0.0185965
-0.0185896
-0.0185824
-0.0185749
-0.0185672
-0.0185593
-0.0185511
-0.0185427
-0.018534
-0.0185251
-0.018516
-0.0185066
-0.018497
-0.0184872
-0.0184771
-0.0184669
-0.0184564
-0.0184457
-0.0184347
-0.0184236
-0.0184122
-0.0184006
-0.0183888
-0.0183768
-0.0183646
-0.0183522
-0.0183395
-0.0183267
-0.0183137
-0.0183005
-0.018287
-0.0182734
-0.0182596
-0.0182456
-0.0182314
-0.018217
-0.0182025
-0.0181878
-0.0181728
-0.0181577
-0.0181425
-0.018127
-0.0181114
-0.0180956
-0.0180797
-0.0180636
-0.0180473
-0.0180308
-0.0180143
-0.0179975
-0.0179806
-0.0179635
-0.0179463
-0.017929
-0.0179115
-0.0178939
-0.0178761
-0.0178582
-0.0178402
-0.017822
-0.0178037
-0.0177853
-0.0177667
-0.0177481
-0.0177293
-0.0177104
-0.0176914
-0.0176722
-0.017653
-0.0176337
-0.0176142
-0.0175947
-0.017575
-0.0175553
-0.0175355
-0.0175156
-0.0174956
-0.0174755
-0.0174554
-0.0174351
-0.0174148
-0.0173945
-0.017374
-0.0173535
-0.017333
-0.0173124
-0.0172917
-0.017271
-0.0172502
-0.0172294
-0.0172085
-0.0171876
-0.0171667
-0.0171457
-0.0171247
-0.0171037
-0.0170827
-0.0170616
-0.0170406
-0.0170195
-0.0169984
-0.0169773
-0.0169562
-0.0169352
-0.0169141
-0.016893
-0.016872
-0.016851
-0.0168299
-0.016809
-0.016788
-0.0167671
-0.0167462
-0.0167254
-0.0167046
-0.0166839
-0.0166632
-0.0166426
-0.016622
-0.0166015
-0.0165811
-0.0165607
-0.0165405
-0.0165203
-0.0165002
-0.0164801
-0.0164602
-0.0164404
-0.0164206
-0.016401
-0.0163815
-0.0163621
-0.0163428
-0.0163237
-0.0163046
-0.0162857
-0.016267
-0.0162483
-0.0162298
-0.0162115
-0.0161933
-0.0161753
-0.0161574
-0.0161397
-0.0161221
-0.0161047
-0.0160875
-0.0160705
-0.0160536
-0.016037
-0.0160205
-0.0160042
-0.0159881
-0.0159723
-0.0159566
-0.0159411
-0.0159259
-0.0159108
-0.015896
-0.0158814
-0.015867
-0.0158529
-0.015839
-0.0158253
-0.0158119
-0.0157987
-0.0157858
-0.0157731
-0.0157607
-0.0157485
-0.0157366
-0.0157249
-0.0157135
-0.0157024
-0.0156916
-0.015681
-0.0156708
-0.0156608
-0.015651
-0.0156416
-0.0156325
-0.0156236
-0.0156151
-0.0156068
-0.0155989
-0.0155913
-0.0155839
-0.0155769
-0.0155702
-0.0155638
-0.0155577
-0.0155519
-0.0155465
-0.0155413
-0.0155365
-0.0155321
-0.0155279
-0.0155241
-0.0155206
-0.0155174
-0.0155146
-0.0155121
-0.01551
-0.0155082
-0.0155067
-0.0155056
-0.0155048
-0.0155044
-0.0155043
-0.0155045
-0.0155051
-0.0155061
-0.0155074
-0.015509
-0.015511
-0.0155134
-0.0155161
-0.0155192
-0.0155226
-0.0155264
-0.0155305
-0.015535
-0.0155399
-0.0155451
-0.0155506
-0.0155565
-0.0155628
-0.0155695
-0.0155765
-0.0155838
-0.0155915
-0.0155996
-0.015608
-0.0156168
-0.015626
-0.0156355
-0.0156453
-0.0156556
-0.0156661
-0.0156771
-0.0156884
-0.0157
-0.015712
-0.0157244
-0.0157371
-0.0157501
-0.0157635
-0.0157773
-0.0157914
-0.0158059
-0.0158207
-0.0158358
-0.0158513
-0.0158672
-0.0158834
-0.0158999
-0.0159168
-0.015934
-0.0159515
-0.0159694
-0.0159877
-0.0160062
-0.0160251
-0.0160444
-0.0160639
-0.0160838
-0.016104
-0.0161246
-0.0161454
-0.0161666
-0.0161881
-0.01621
-0.0162321
-0.0162546
-0.0162774
-0.0163005
-0.0163239
-0.0163476
-0.0163716
-0.0163959
-0.0164205
-0.0164455
-0.0164707
-0.0164962
-0.016522
-0.0165481
-0.0165745
-0.0166012
-0.0166282
-0.0166554
-0.016683
-0.0167108
-0.0167389
-0.0167672
-0.0167958
-0.0168247
-0.0168539
-0.0168833
-0.016913
-0.0169429
-0.0169731
-0.0170035
-0.0170343
-0.0170652
-0.0170964
-0.0171279
-0.0171595
-0.0171915
-0.0172236
-0.017256
-0.0172887
-0.0173216
-0.0173547
-0.017388
-0.0174215
-0.0174553
-0.0174893
-0.0175235
-0.0175579
-0.0175925
-0.0176273
-0.0176624
-0.0176976
-0.017733
-0.0177687
-0.0178045
-0.0178405
-0.0178767
-0.0179131
-0.0179496
-0.0179864
-0.0180233
-0.0180604
-0.0180976
-0.0181351
-0.0181727
-0.0182104
-0.0182483
-0.0182864
-0.0183246
-0.0183629
-0.0184015
-0.0184401
-0.0184789
-0.0185178
-0.0185569
-0.0185961
-0.0186354
-0.0186749
-0.0187145
-0.0187542
-0.018794
-0.0188339
-0.0188739
-0.0189141
-0.0189543
-0.0189947
-0.0190352
-0.0190757
-0.0191164
-0.0191571
-0.0191979
-0.0192388
-0.0192798
-0.0193209
-0.019362
-0.0194033
-0.0194446
-0.0194859
-0.0195273
-0.0195688
-0.0196104
-0.019652
-0.0196936
-0.0197353
-0.0197771
-0.0198188
-0.0198607
-0.0199026
-0.0199445
-0.0199864
-0.0200284
-0.0200704
-0.0201124
-0.0201544
-0.0201965
-0.0202386
-0.0202807
-0.0203228
-0.0203649
-0.020407
-0.0204491
-0.0204912
-0.0205333
-0.0205754
-0.0206175
-0.0206596
-0.0207017
-0.0207437
-0.0207857
-0.0208277
-0.0208697
-0.0209116
-0.0209536
-0.0209954
-0.0210373
-0.0210791
-0.0211209
-0.0211626
-0.0212042
-0.0212459
-0.0212874
-0.0213289
-0.0213704
-0.0214118
-0.0214531
-0.0214944
-0.0215355
-0.0215767
-0.0216177
-0.0216587
-0.0216996
-0.0217404
-0.0217811
-0.0218217
-0.0218623
-0.0219027
-0.0219431
-0.0219833
-0.0220235
-0.0220635
-0.0221035
-0.0221433
-0.0221831
-0.0222227
-0.0222622
-0.0223016
-0.0223409
-0.02238
-0.022419
-0.0224579
-0.0224967
-0.0225353
-0.0225738
-0.0226122
-0.0226504
-0.0226885
-0.0227264
-0.0227642
-0.0228019
-0.0228394
-0.0228767
-0.0229139
-0.0229509
-0.0229878
-0.0230245
-0.023061
-0.0230974
-0.0231336
-0.0231696
-0.0232054
-0.0232411
-0.0232766
-0.0233119
-0.023347
-0.023382
-0.0234168
-0.0234513
-0.0234857
-0.0235199
-0.0235539
-0.0235876
-0.0236212
-0.0236546
-0.0236878
-0.0237208
-0.0237535
-0.0237861
-0.0238184
-0.0238505
-0.0238824
-0.0239141
-0.0239456
-0.0239768
-0.0240078
-0.0240386
-0.0240691
-0.0240995
-0.0241296
-0.0241594
-0.024189
-0.0242184
-0.0242475
-0.0242764
-0.024305
-0.0243334
-0.0243616
-0.0243895
-0.0244171
-0.0244445
-0.0244716
-0.0244985
-0.0245251
-0.0245514
-0.0245775
-0.0246033
-0.0246289
-0.0246542
-0.0246792
-0.0247039
-0.0247283
-0.0247525
-0.0247764
-0.0248001
-0.0248234
-0.0248465
-0.0248692
-0.0248917
-0.0249139
-0.0249358
-0.0249574
-0.0249788
-0.0249998
-0.0250205
-0.025041
-0.0250611
-0.025081
-0.0251005
-0.0251197
-0.0251387
-0.0251573
-0.0251756
-0.0251936
-0.0252113
-0.0252287
-0.0252458
-0.0252625
-0.025279
-0.0252951
-0.0253109
-0.0253264
-0.0253416
-0.0253565
-0.025371
-0.0253852
-0.0253991
-0.0254127
-0.0254259
-0.0254388
-0.0254514
-0.0254636
-0.0254756
-0.0254872
-0.0254984
-0.0255093
-0.0255199
-0.0255302
-0.0255401
-0.0255497
-0.0255589
-0.0255679
-0.0255764
-0.0255847
-0.0255926
-0.0256001
-0.0256073
-0.0256142
-0.0256207
-0.0256269
-0.0256328
-0.0256383
-0.0256434
-0.0256482
-0.0256527
-0.0256568
-0.0256606
-0.0256641
-0.0256672
-0.0256699
-0.0256723
-0.0256744
-0.0256761
-0.0256774
-0.0256784
-0.0256791
-0.0256794
-0.0256794
-0.025679
-0.0256783
-0.0256772
-0.0256758
-0.0256741
-0.025672
-0.0256695
-0.0256667
-0.0256636
-0.0256601
-0.0256563
-0.0256521
-0.0256476
-0.0256428
-0.0256376
-0.0256321
-0.0256262
-0.02562
-0.0256134
-0.0256065
-0.0255993
-0.0255917
-0.0255838
-0.0255756
-0.025567
-0.0255581
-0.0255489
-0.0255393
-0.0255294
-0.0255192
-0.0255087
-0.0254978
-0.0254866
-0.0254751
-0.0254632
-0.025451
-0.0254386
-0.0254257
-0.0254126
-0.0253992
-0.0253854
-0.0253714
-0.025357
-0.0253423
-0.0253273
-0.025312
-0.0252964
-0.0252805
-0.0252643
-0.0252478
-0.025231
-0.0252139
-0.0251965
-0.0251788
-0.0251609
-0.0251426
-0.0251241
-0.0251053
-0.0250862
-0.0250668
-0.0250472
-0.0250272
-0.0250071
-0.0249866
-0.0249659
-0.0249449
-0.0249237
-0.0249022
-0.0248804
-0.0248584
-0.0248362
-0.0248137
-0.0247909
-0.0247679
-0.0247447
-0.0247213
-0.0246976
-0.0246737
-0.0246495
-0.0246252
-0.0246006
-0.0245758
-0.0245508
-0.0245256
-0.0245001
-0.0244745
-0.0244487
-0.0244227
-0.0243964
-0.02437
-0.0243434
-0.0243166
-0.0242897
-0.0242626
-0.0242352
-0.0242078
-0.0241801
-0.0241523
-0.0241244
-0.0240962
-0.024068
-0.0240396
-0.024011
-0.0239823
-0.0239535
-0.0239245
-0.0238954
-0.0238662
-0.0238369
-0.0238074
-0.0237779
-0.0237482
-0.0237184
-0.0236886
-0.0236586
-0.0236285
-0.0235984
-0.0235681
-0.0235378
-0.0235074
-0.023477
-0.0234465
-0.0234159
-0.0233852
-0.0233545
-0.0233238
-0.023293
-0.0232621
-0.0232313
-0.0232003
-0.0231694
-0.0231384
-0.0231075
-0.0230765
-0.0230454
-0.0230144
-0.0229834
-0.0229524
-0.0229214
-0.0228904
-0.0228594
-0.0228284
-0.0227974
-0.0227665
-0.0227356
-0.0227047
-0.0226739
-0.0226432
-0.0226124
-0.0225817
-0.0225511
-0.0225206
-0.0224901
-0.0224597
-0.0224293
-0.022399
-0.0223689
-0.0223388
-0.0223088
-0.0222788
-0.022249
-0.0222193
-0.0221897
-0.0221602
-0.0221309
-0.0221016
-0.0220725
-0.0220435
-0.0220146
-0.0219859
-0.0219573
-0.0219288
-0.0219006
-0.0218724
-0.0218444
-0.0218166
-0.0217889
-0.0217614
-0.0217341
-0.021707
-0.02168
-0.0216532
-0.0216266
-0.0216002
-0.021574
-0.021548
-0.0215222
-0.0214966
-0.0214712
-0.021446
-0.0214211
-0.0213963
-0.0213718
-0.0213475
-0.0213235
-0.0212996
-0.021276
-0.0212527
-0.0212296
-0.0212067
-0.0211841
-0.0211617
-0.0211396
-0.0211178
-0.0210962
-0.0210749
-0.0210538
-0.0210331
-0.0210125
-0.0209923
-0.0209724
-0.0209527
-0.0209333
-0.0209142
-0.0208954
-0.0208769
-0.0208586
-0.0208407
-0.0208231
-0.0208057
-0.0207887
-0.020772
-0.0207556
-0.0207395
-0.0207237
-0.0207082
-0.020693
-0.0206782
-0.0206636
-0.0206494
-0.0206355
-0.020622
-0.0206087
-0.0205958
-0.0205832
-0.020571
-0.0205591
-0.0205475
-0.0205362
-0.0205253
-0.0205147
-0.0205045
-0.0204946
-0.020485
-0.0204758
-0.0204669
-0.0204583
-0.0204501
-0.0204423
-0.0204347
-0.0204276
-0.0204207
-0.0204142
-0.0204081
-0.0204023
-0.0203968
-0.0203917
-0.0203869
-0.0203825
-0.0203784
-0.0203747
-0.0203713
-0.0203682
-0.0203655
-0.0203631
-0.0203611
-0.0203594
-0.020358
-0.020357
-0.0203563
-0.020356
-0.020356
-0.0203563
-0.020357
-0.020358
-0.0203593
-0.0203609
-0.0203629
-0.0203652
-0.0203679
-0.0203708
-0.0203741
-0.0203776
-0.0203816
-0.0203858
-0.0203903
-0.0203951
-0.0204003
-0.0204057
-0.0204115
-0.0204175
-0.0204239
-0.0204305
-0.0204374
-0.0204446
-0.0204521
-0.0204599
-0.020468
-0.0204763
-0.0204849
-0.0204938
-0.020503
-0.0205124
-0.0205221
-0.020532
-0.0205422
-0.0205526
-0.0205632
-0.0205741
-0.0205853
-0.0205967
-0.0206083
-0.0206201
-0.0206321
-0.0206444
-0.0206569
-0.0206695
-0.0206824
-0.0206955
-0.0207087
-0.0207222
-0.0207359
-0.0207497
-0.0207637
-0.020778
-0.0207924
-0.0208069
-0.0208216
-0.0208365
-0.0208515
-0.0208667
-0.020882
-0.0208974
-0.0209129
-0.0209286
-0.0209443
-0.0209602
-0.0209762
-0.0209922
-0.0210084
-0.0210246
-0.0210409
-0.0210573
-0.0210737
-0.0210902
-0.0211067
-0.0211233
-0.0211399
-0.0211566
-0.0211733
-0.02119
-0.0212068
-0.0212235
-0.0212403
-0.021257
-0.0212738
-0.0212906
-0.0213073
-0.021324
-0.0213407
-0.0213574
-0.021374
-0.0213906
-0.0214072
-0.0214237
-0.0214401
-0.0214565
-0.0214728
-0.0214891
-0.0215052
-0.0215214
-0.0215374
-0.0215533
-0.0215691
-0.0215849
-0.0216005
-0.0216161
-0.0216315
-0.0216468
-0.021662
-0.0216771
-0.021692
-0.0217069
-0.0217216
-0.0217361
-0.0217505
-0.0217648
-0.021779
-0.021793
-0.0218068
-0.0218205
-0.021834
-0.0218474
-0.0218606
-0.0218737
-0.0218866
-0.0218993
-0.0219119
-0.0219243
-0.0219365
-0.0219486
-0.0219605
-0.0219722
-0.0219837
-0.021995
-0.0220062
-0.0220172
-0.022028
-0.0220387
-0.0220491
-0.0220594
-0.0220695
-0.0220795
-0.0220892
-0.0220988
-0.0221082
-0.0221174
-0.0221264
-0.0221353
-0.022144
-0.0221525
-0.0221608
-0.022169
-0.022177
-0.0221848
-0.0221925
-0.0222
-0.0222073
-0.0222145
-0.0222215
-0.0222283
-0.022235
-0.0222416
-0.022248
-0.0222542
-0.0222603
-0.0222662
-0.022272
-0.0222777
-0.0222832
-0.0222886
-0.0222939
-0.022299
-0.022304
-0.0223089
-0.0223136
-0.0223183
-0.0223228
-0.0223272
-0.0223315
-0.0223357
-0.0223398
-0.0223438
-0.0223476
-0.0223514
-0.0223551
-0.0223587
-0.0223622
-0.0223656
-0.0223689
-0.0223722
-0.0223754
-0.0223785
-0.0223815
-0.0223844
-0.0223873
-0.0223901
-0.0223929
-0.0223956
-0.0223982
-0.0224008
-0.0224033
-0.0224057
-0.0224081
-0.0224105
-0.0224128
-0.022415
-0.0224172
-0.0224194
-0.0224215
-0.0224236
-0.0224256
-0.0224276
-0.0224296
-0.0224315
-0.0224334
-0.0224353
-0.0224371
-0.0224388
-0.0224406
-0.0224423
-0.022444
-0.0224456
-0.0224472
-0.0224488
-0.0224504
-0.0224519
-0.0224534
-0.0224548
-0.0224563
-0.0224577
-0.022459
-0.0224604
-0.0224616
-0.0224629
-0.0224641
-0.0224653
-0.0224665
-0.0224676
-0.0224687
-0.0224697
-0.0224707
-0.0224717
-0.0224726
-0.0224735
-0.0224743
-0.0224751
-0.0224758
-0.0224765
-0.0224771
-0.0224777
-0.0224783
-0.0224787
-0.0224792
-0.0224795
-0.0224798
-0.0224801
-0.0224803
-0.0224804
-0.0224805
-0.0224805
-0.0224804
-0.0224802
-0.02248
-0.0224797
-0.0224793
-0.0224789
-0.0224783
-0.0224777
-0.022477
-0.0224762
-0.0224754
-0.0224744
-0.0224733
-0.0224722
-0.0224709
-0.0224696
-0.0224681
-0.0224666
-0.0224649
-0.0224632
-0.0224613
-0.0224593
-0.0224573
-0.0224551
-0.0224527
-0.0224503
-0.0224478
-0.0224451
-0.0224423
-0.0224394
-0.0224364
-0.0224332
-0.0224299
-0.0224265
-0.0224229
-0.0224192
-0.0224154
-0.0224114
-0.0224073
-0.0224031
-0.0223987
-0.0223942
-0.0223895
-0.0223847
-0.0223797
-0.0223746
-0.0223693
-0.0223639
-0.0223583
-0.0223526
-0.0223467
-0.0223407
-0.0223345
-0.0223282
-0.0223217
-0.022315
-0.0223082
-0.0223012
-0.022294
-0.0222867
-0.0222792
-0.0222716
-0.0222638
-0.0222558
-0.0222476
-0.0222393
-0.0222308
-0.0222222
-0.0222133
-0.0222043
-0.0221952
-0.0221858
-0.0221763
-0.0221667
-0.0221568
-0.0221468
-0.0221366
-0.0221262
-0.0221157
-0.0221049
-0.022094
-0.022083
-0.0220717
-0.0220603
-0.0220487
-0.022037
-0.022025
-0.0220129
-0.0220006
-0.0219882
-0.0219755
-0.0219627
-0.0219497
-0.0219366
-0.0219233
-0.0219098
-0.0218961
-0.0218823
-0.0218682
-0.0218541
-0.0218397
-0.0218252
-0.0218105
-0.0217956
-0.0217806
-0.0217654
-0.02175
-0.0217345
-0.0217188
-0.0217029
-0.0216869
-0.0216707
-0.0216544
-0.0216379
-0.0216212
-0.0216044
-0.0215874
-0.0215703
-0.021553
-0.0215355
-0.0215179
-0.0215002
-0.0214822
-0.0214642
-0.021446
-0.0214276
-0.0214091
-0.0213905
-0.0213717
-0.0213527
-0.0213337
-0.0213144
-0.0212951
-0.0212756
-0.021256
-0.0212362
-0.0212163
-0.0211963
-0.0211761
-0.0211558
-0.0211354
-0.0211148
-0.0210942
-0.0210734
-0.0210525
-0.0210314
-0.0210103
-0.020989
-0.0209676
-0.0209461
-0.0209245
-0.0209027
-0.0208809
-0.020859
-0.0208369
-0.0208147
-0.0207925
-0.0207701
-0.0207477
-0.0207251
-0.0207025
-0.0206797
-0.0206569
-0.020634
-0.0206109
-0.0205878
-0.0205646
-0.0205414
-0.020518
-0.0204946
-0.0204711
-0.0204475
-0.0204238
-0.0204001
-0.0203763
-0.0203524
-0.0203285
-0.0203045
-0.0202804
-0.0202563
-0.0202321
-0.0202079
-0.0201836
-0.0201592
-0.0201348
-0.0201104
-0.0200859
-0.0200614
-0.0200368
-0.0200122
-0.0199875
-0.0199628
-0.0199381
-0.0199133
-0.0198885
-0.0198637
-0.0198389
-0.019814
-0.0197891
-0.0197642
-0.0197392
-0.0197143
-0.0196893
-0.0196643
-0.0196394
-0.0196144
-0.0195894
-0.0195644
-0.0195393
-0.0195143
-0.0194893
-0.0194643
-0.0194393
-0.0194143
-0.0193894
-0.0193644
-0.0193394
-0.0193145
-0.0192896
-0.0192647
-0.0192398
-0.019215
-0.0191901
-0.0191653
-0.0191406
-0.0191159
-0.0190912
-0.0190665
-0.0190419
-0.0190173
-0.0189928
-0.0189683
-0.0189438
-0.0189194
-0.0188951
-0.0188708
-0.0188465
-0.0188224
-0.0187982
-0.0187742
-0.0187502
-0.0187262
-0.0187024
-0.0186786
-0.0186548
-0.0186312
-0.0186076
-0.0185841
-0.0185607
-0.0185373
-0.018514
-0.0184909
-0.0184678
-0.0184448
-0.0184218
-0.018399
-0.0183763
-0.0183536
-0.0183311
-0.0183086
-0.0182863
-0.0182641
-0.0182419
-0.0182199
-0.018198
-0.0181761
-0.0181544
-0.0181328
-0.0181114
-0.01809
-0.0180688
-0.0180476
-0.0180266
-0.0180058
-0.017985
-0.0179644
-0.0179439
-0.0179235
-0.0179033
-0.0178832
-0.0178632
-0.0178434
-0.0178237
-0.0178041
-0.0177847
-0.0177654
-0.0177463
-0.0177273
-0.0177085
-0.0176898
-0.0176712
-0.0176528
-0.0176346
-0.0176165
-0.0175986
-0.0175808
-0.0175632
-0.0175457
-0.0175284
-0.0175113
-0.0174943
-0.0174775
-0.0174609
-0.0174444
-0.0174281
-0.017412
-0.017396
-0.0173802
-0.0173646
-0.0173492
-0.0173339
-0.0173188
-0.0173039
-0.0172892
-0.0172747
-0.0172603
-0.0172461
-0.0172321
-0.0172183
-0.0172047
-0.0171912
-0.017178
-0.0171649
-0.017152
-0.0171393
-0.0171268
-0.0171145
-0.0171024
-0.0170905
-0.0170788
-0.0170673
-0.0170559
-0.0170448
-0.0170339
-0.0170232
-0.0170126
-0.0170023
-0.0169922
-0.0169823
-0.0169725
-0.016963
-0.0169537
-0.0169446
-0.0169357
-0.016927
-0.0169186
-0.0169103
-0.0169022
-0.0168944
-0.0168867
-0.0168793
-0.0168721
-0.016865
-0.0168582
-0.0168517
-0.0168453
-0.0168391
-0.0168332
-0.0168274
-0.0168219
-0.0168166
-0.0168115
-0.0168067
-0.016802
-0.0167976
-0.0167934
-0.0167894
-0.0167856
-0.016782
-0.0167787
-0.0167756
-0.0167726
-0.01677
-0.0167675
-0.0167652
-0.0167632
-0.0167614
-0.0167598
-0.0167585
-0.0167573
-0.0167564
-0.0167557
-0.0167552
-0.016755
-0.0167549
-0.0167551
-0.0167555
-0.0167561
-0.016757
-0.0167581
-0.0167594
-0.0167609
-0.0167626
-0.0167646
-0.0167668
-0.0167692
-0.0167718
-0.0167747
-0.0167777
-0.016781
-0.0167846
-0.0167883
-0.0167923
-0.0167964
-0.0168008
-0.0168055
-0.0168103
-0.0168154
-0.0168207
-0.0168262
-0.0168319
-0.0168379
-0.016844
-0.0168504
-0.016857
-0.0168639
-0.0168709
-0.0168782
-0.0168857
-0.0168934
-0.0169013
-0.0169095
-0.0169178
-0.0169264
-0.0169352
-0.0169442
-0.0169534
-0.0169629
-0.0169726
-0.0169825
-0.0169927
-0.0170031
-0.0170138
-0.0170247
-0.0170358
-0.0170471
-0.0170587
-0.0170704
-0.0170824
-0.0170946
-0.0171069
-0.0171195
-0.0171323
-0.0171452
-0.0171584
-0.0171718
-0.0171853
-0.0171991
-0.017213
-0.0172272
-0.0172416
-0.0172561
-0.0172708
-0.0172858
-0.0173009
-0.0173162
-0.0173318
-0.0173475
-0.0173634
-0.0173795
-0.0173958
-0.0174123
-0.0174289
-0.0174458
-0.0174629
-0.0174801
-0.0174975
-0.0175152
-0.017533
-0.017551
-0.0175692
-0.0175875
-0.0176061
-0.0176249
-0.0176438
-0.0176629
-0.0176822
-0.0177017
-0.0177213
-0.0177412
-0.0177612
-0.0177814
-0.0178018
-0.0178223
-0.0178431
-0.017864
-0.0178851
-0.0179063
-0.0179278
-0.0179494
-0.0179711
-0.0179931
-0.0180152
-0.0180374
-0.0180599
-0.0180825
-0.0181052
-0.0181282
-0.0181513
-0.0181745
-0.0181979
-0.0182215
-0.0182452
-0.018269
-0.0182931
-0.0183172
-0.0183415
-0.018366
-0.0183906
-0.0184154
-0.0184403
-0.0184653
-0.0184905
-0.0185158
-0.0185412
-0.0185668
-0.0185925
-0.0186184
-0.0186443
-0.0186704
-0.0186967
-0.018723
-0.0187495
-0.018776
-0.0188027
-0.0188296
-0.0188565
-0.0188835
-0.0189107
-0.0189379
-0.0189653
-0.0189927
-0.0190203
-0.0190479
-0.0190757
-0.0191035
-0.0191314
-0.0191595
-0.0191876
-0.0192158
-0.019244
-0.0192724
-0.0193008
-0.0193293
-0.0193579
-0.0193865
-0.0194152
-0.019444
-0.0194728
-0.0195017
-0.0195306
-0.0195596
-0.0195887
-0.0196178
-0.0196469
-0.0196761
-0.0197053
-0.0197346
-0.0197639
-0.0197932
-0.0198226
-0.0198519
-0.0198813
-0.0199108
-0.0199402
-0.0199697
-0.0199992
-0.0200286
-0.0200581
-0.0200876
-0.0201171
-0.0201466
-0.0201761
-0.0202056
-0.020235
-0.0202645
-0.0202939
-0.0203233
-0.0203527
-0.0203821
-0.0204114
-0.0204408
-0.02047
-0.0204993
-0.0205285
-0.0205576
-0.0205867
-0.0206158
-0.0206448
-0.0206737
-0.0207026
-0.0207314
-0.0207602
-0.0207889
-0.0208175
-0.020846
-0.0208745
-0.0209029
-0.0209312
-0.0209594
-0.0209875
-0.0210156
-0.0210435
-0.0210713
-0.0210991
-0.0211267
-0.0211542
-0.0211816
-0.0212089
-0.0212361
-0.0212632
-0.0212901
-0.0213169
-0.0213436
-0.0213702
-0.0213966
-0.0214229
-0.021449
-0.021475
-0.0215009
-0.0215266
-0.0215521
-0.0215775
-0.0216028
-0.0216279
-0.0216528
-0.0216775
-0.0217021
-0.0217265
-0.0217508
-0.0217748
-0.0217987
-0.0218224
-0.0218459
-0.0218692
-0.0218924
-0.0219153
-0.0219381
-0.0219606
-0.021983
-0.0220051
-0.0220271
-0.0220488
-0.0220703
-0.0220916
-0.0221127
-0.0221336
-0.0221543
-0.0221747
-0.0221949
-0.0222149
-0.0222347
-0.0222542
-0.0222735
-0.0222925
-0.0223114
-0.0223299
-0.0223483
-0.0223664
-0.0223842
-0.0224018
-0.0224192
-0.0224363
-0.0224531
-0.0224697
-0.0224861
-0.0225022
-0.022518
-0.0225335
-0.0225488
-0.0225639
-0.0225786
-0.0225931
-0.0226074
-0.0226213
-0.022635
-0.0226484
-0.0226615
-0.0226744
-0.022687
-0.0226993
-0.0227113
-0.022723
-0.0227345
-0.0227457
-0.0227565
-0.0227671
-0.0227774
-0.0227875
-0.0227972
-0.0228067
-0.0228158
-0.0228247
-0.0228332
-0.0228415
-0.0228495
-0.0228572
-0.0228646
-0.0228717
-0.0228785
-0.022885
-0.0228912
-0.0228971
-0.0229027
-0.022908
-0.0229131
-0.0229178
-0.0229222
-0.0229263
-0.0229301
-0.0229336
-0.0229369
-0.0229398
-0.0229424
-0.0229447
-0.0229467
-0.0229485
-0.0229499
-0.022951
-0.0229518
-0.0229523
-0.0229526
-0.0229525
-0.0229521
-0.0229514
-0.0229505
-0.0229492
-0.0229476
-0.0229458
-0.0229436
-0.0229412
-0.0229384
-0.0229354
-0.022932
-0.0229284
-0.0229245
-0.0229203
-0.0229158
-0.022911
-0.0229059
-0.0229006
-0.0228949
-0.022889
-0.0228828
-0.0228763
-0.0228695
-0.0228624
-0.0228551
-0.0228475
-0.0228395
-0.0228314
-0.0228229
-0.0228142
-0.0228052
-0.0227959
-0.0227864
-0.0227766
-0.0227665
-0.0227561
-0.0227455
-0.0227346
-0.0227235
-0.0227121
-0.0227005
-0.0226886
-0.0226764
-0.022664
-0.0226513
-0.0226384
-0.0226252
-0.0226118
-0.0225981
-0.0225842
-0.0225701
-0.0225557
-0.022541
-0.0225262
-0.0225111
-0.0224957
-0.0224802
-0.0224644
-0.0224484
-0.0224321
-0.0224157
-0.022399
-0.0223821
-0.0223649
-0.0223476
-0.02233
-0.0223123
-0.0222943
-0.0222761
-0.0222578
-0.0222392
-0.0222204
-0.0222014
-0.0221822
-0.0221629
-0.0221433
-0.0221235
-0.0221036
-0.0220835
-0.0220632
-0.0220427
-0.022022
-0.0220012
-0.0219802
-0.021959
-0.0219377
-0.0219162
-0.0218945
-0.0218727
-0.0218507
-0.0218285
-0.0218062
-0.0217838
-0.0217612
-0.0217384
-0.0217155
-0.0216925
-0.0216694
-0.0216461
-0.0216226
-0.0215991
-0.0215754
-0.0215516
-0.0215277
-0.0215036
-0.0214795
-0.0214552
-0.0214308
-0.0214063
-0.0213817
-0.021357
-0.0213323
-0.0213074
-0.0212824
-0.0212573
-0.0212322
-0.0212069
-0.0211816
-0.0211562
-0.0211308
-0.0211052
-0.0210796
-0.0210539
-0.0210282
-0.0210024
-0.0209766
-0.0209507
-0.0209247
-0.0208987
-0.0208727
-0.0208466
-0.0208205
-0.0207944
-0.0207682
-0.020742
-0.0207158
-0.0206896
-0.0206633
-0.0206371
-0.0206108
-0.0205845
-0.0205582
-0.020532
-0.0205057
-0.0204794
-0.0204532
-0.020427
-0.0204007
-0.0203746
-0.0203484
-0.0203223
-0.0202962
-0.0202701
