0
0.00249999
0.00499992
0.00749972
0.00999933
0.00999937
0.0124987
0.0149978
0.0174964
0.0199947
0.0224924
0.0249896
0.0274861
0.029982
0.0324771
0.0349714
0.0374649
0.0399573
0.0424488
0.0449393
0.0474286
0.0499167
0.0524036
0.0548892
0.0573733
0.0598561
0.0623374
0.0648171
0.0672952
0.0697716
0.0722462
0.0747191
0.07719
0.0796591
0.0821262
0.0845912
0.0870541
0.0895148
0.0919733
0.0944294
0.0968833
0.0993347
0.101784
0.10423
0.106674
0.109115
0.111553
0.113989
0.116421
0.118851
0.121278
0.123702
0.126123
0.12854
0.130955
0.133366
0.135773
0.138178
0.140579
0.142976
0.14537
0.14776
0.150147
0.152529
0.154908
0.157283
0.159654
0.162022
0.164385
0.166744
0.169098
0.171449
0.173795
0.176137
0.178475
0.180808
0.183136
0.18546
0.18778
0.190094
0.192404
0.194709
0.197009
0.199305
0.201595
0.20388
0.20616
0.208435
0.210705
0.21297
0.215229
0.217483
0.219731
0.221974
0.224211
0.226443
0.228669
0.23089
0.233104
0.235313
0.237516
0.239713
0.241904
0.244089
0.246267
0.24844
0.250607
0.252767
0.254921
0.257068
0.259209
0.261344
0.263472
0.265593
0.267708
0.269816
0.271917
0.274012
0.2761
0.278181
0.280254
0.282321
0.284381
0.286434
0.288479
0.290518
0.292549
0.294572
0.296589
0.298598
0.300599
0.302593
0.30458
0.306558
0.30853
0.310493
0.312449
0.314397
0.316337
0.318269
0.320193
0.322109
0.324017
0.325917
0.327809
0.329692
0.331568
0.333435
0.335294
0.337144
0.338986
0.340819
0.342644
0.344461
0.346268
0.348068
0.349858
0.35164
0.353413
0.355177
0.356932
0.358678
0.360415
0.362144
0.363863
0.365573
0.367274
0.368966
0.370648
0.372322
0.373986
0.37564
0.377285
0.378921
0.380548
0.382164
0.383772
0.385369
0.386957
0.388536
0.390105
0.391663
0.393213
0.394752
0.396281
0.397801
0.39931
0.40081
0.4023
0.403779
0.405248
0.406708
0.408157
0.409596
0.411024
0.412443
0.413851
0.415249
0.416636
0.418013
0.419379
0.420735
0.422081
0.423416
0.42474
0.426054
0.427357
0.428649
0.429931
0.431202
0.432462
0.433712
0.43495
0.436178
0.437394
0.4386
0.439795
0.440979
0.442152
0.443313
0.444464
0.445604
0.446732
0.447849
0.448955
0.45005
0.451134
0.452206
0.453267
0.454317
0.455355
0.456382
0.457397
0.458402
0.459394
0.460375
0.461345
0.462303
0.46325
0.464184
0.465108
0.46602
0.46692
0.467808
0.468685
0.46955
0.470403
0.471244
0.472074
0.472892
0.473698
0.474492
0.475275
0.476045
0.476804
0.47755
0.478285
0.479008
0.479719
0.480418
0.481104
0.481779
0.482442
0.483092
0.483731
0.484358
0.484972
0.485574
0.486164
0.486742
0.487308
0.487862
0.488403
0.488932
0.489449
0.489954
0.490447
0.490927
0.491395
0.49185
0.492294
0.492725
0.493144
0.49355
0.493944
0.494326
0.494695
0.495052
0.495397
0.495729
0.496049
0.496356
0.496652
0.496934
0.497204
0.497462
0.497708
0.49794
0.498161
0.498369
0.498564
0.498747
0.498918
0.499076
0.499222
0.499355
0.499476
0.499584
0.49968
0.499763
0.499834
0.499892
0.499938
0.499971
0.499992
0.5
0.499996
0.499979
0.49995
0.499908
0.499854
0.499787
0.499708
0.499616
0.499512
0.499395
0.499266
0.499124
0.49897
0.498803
0.498624
0.498433
0.498228
0.498012
0.497783
0.497542
0.497288
0.497022
0.496743
0.496452
0.496148
0.495832
0.495504
0.495163
0.49481
0.494445
0.494067
0.493677
0.493274
0.49286
0.492432
0.491993
0.491541
0.491077
0.490601
0.490112
0.489611
0.489098
0.488573
0.488035
0.487486
0.486924
0.48635
0.485763
0.485165
0.484555
0.483932
0.483297
0.48265
0.481991
0.481321
0.480638
0.479943
0.479236
0.478517
0.477786
0.477043
0.476288
0.475521
0.474743
0.473952
0.47315
0.472336
0.47151
0.470672
0.469823
0.468961
0.468089
0.467204
0.466308
0.465399
0.46448
0.463549
0.462606
0.461651
0.460685
0.459708
0.458719
0.457719
0.456707
0.455683
0.454649
0.453603
0.452545
0.451477
0.450397
0.449305
0.448203
0.447089
0.445964
0.444828
0.443681
0.442523
0.441354
0.440173
0.438982
0.43778
0.436566
0.435342
0.434107
0.432861
0.431605
0.430337
0.429059
0.42777
0.42647
0.42516
0.423839
0.422507
0.421165
0.419813
0.418449
0.417076
0.415692
0.414297
0.412892
0.411477
0.410052
0.408616
0.40717
0.405714
0.404248
0.402772
0.401286
0.399789
0.398283
0.396766
0.39524
0.393704
0.392158
0.390602
0.389037
0.387461
0.385876
0.384282
0.382677
0.381064
0.37944
0.377808
0.376165
0.374514
0.372853
0.371182
0.369503
0.367814
0.366116
0.364409
0.362692
0.360967
0.359232
0.357489
0.355737
0.353975
0.352205
0.350427
0.348639
0.346843
0.345037
0.343224
0.341402
0.339571
0.337732
0.335884
0.334028
0.332163
0.330291
0.32841
0.32652
0.324623
0.322717
0.320804
0.318882
0.316953
0.315015
0.31307
0.311117
0.309156
0.307187
0.305211
0.303227
0.301235
0.299236
0.297229
0.295215
0.293194
0.291165
0.289129
0.287086
0.285036
0.282978
0.280913
0.278842
0.276763
0.274678
0.272585
0.270486
0.26838
0.266267
0.264148
0.262022
0.25989
0.257751
0.255605
0.253453
0.251295
0.249131
0.24696
0.244783
0.2426
0.240411
0.238216
0.236015
0.233808
0.231596
0.229377
0.227153
0.224923
0.222687
0.220446
0.2182
0.215947
0.21369
0.211427
0.209159
0.206886
0.204607
0.202323
0.200035
0.197741
0.195442
0.193139
0.19083
0.188517
0.1862
0.183877
0.18155
0.179218
0.176882
0.174542
0.172197
0.169848
0.167494
0.165136
0.162775
0.160409
0.158039
0.155665
0.153287
0.150906
0.148521
0.146132
0.143739
0.141343
0.138943
0.13654
0.134133
0.131723
0.12931
0.126893
0.124473
0.122051
0.119625
0.117196
0.114764
0.112329
0.109892
0.107452
0.105009
0.102563
0.100115
0.0976644
0.0952113
0.0927559
0.0902981
0.0878381
0.0853759
0.0829116
0.0804452
0.0779767
0.0755064
0.0730341
0.07056
0.0680842
0.0656066
0.0631274
0.0606466
0.0581643
0.0556806
0.0531955
0.050709
0.0482213
0.0457323
0.0432422
0.0407511
0.0382589
0.0357658
0.0332717
0.0307769
0.0282812
0.0257849
0.0232879
0.0207903
0.0182922
0.0157937
0.0132948
0.0107955
0.00829595
0.0057962
0.0032963
0.000796326
-0.00170367
-0.00420362
-0.00670347
-0.00920315
-0.0117026
-0.0142018
-0.0167006
-0.019199
-0.0216969
-0.0241942
-0.026691
-0.0291871
-0.0316824
-0.034177
-0.0366707
-0.0391635
-0.0416553
-0.0441461
-0.0466358
-0.0491243
-0.0516116
-0.0540976
-0.0565822
-0.0590654
-0.0615472
-0.0640274
-0.066506
-0.0689829
-0.0714582
-0.0739316
-0.0764032
-0.0788728
-0.0813406
-0.0838062
-0.0862698
-0.0887312
-0.0911904
-0.0936473
-0.0961019
-0.0985541
-0.101004
-0.103451
-0.105896
-0.108338
-0.110777
-0.113213
-0.115647
-0.118078
-0.120505
-0.12293
-0.125352
-0.127771
-0.130186
-0.132598
-0.135007
-0.137412
-0.139814
-0.142213
-0.144608
-0.146999
-0.149387
-0.151771
-0.154151
-0.156527
-0.1589
-0.161268
-0.163632
-0.165993
-0.168349
-0.170701
-0.173048
-0.175392
-0.177731
-0.180065
-0.182395
-0.18472
-0.187041
-0.189357
-0.191669
-0.193975
-0.196277
-0.198574
-0.200866
-0.203153
-0.205435
-0.207711
-0.209983
-0.212249
-0.21451
-0.216765
-0.219016
-0.22126
-0.223499
-0.225733
-0.227961
-0.230183
-0.232399
-0.23461
-0.236815
-0.239014
-0.241206
-0.243393
-0.245574
-0.247749
-0.249917
-0.252079
-0.254235
-0.256385
-0.258528
-0.260664
-0.262795
-0.264918
-0.267035
-0.269145
-0.271249
-0.273346
-0.275435
-0.277518
-0.279595
-0.281664
-0.283726
-0.285781
-0.287828
-0.289869
-0.291902
-0.293929
-0.295947
-0.297959
-0.299962
-0.301959
-0.303948
-0.305929
-0.307903
-0.309868
-0.311827
-0.313777
-0.315719
-0.317654
-0.319581
-0.321499
-0.32341
-0.325313
-0.327207
-0.329093
-0.330971
-0.332841
-0.334702
-0.336555
-0.3384
-0.340236
-0.342064
-0.343883
-0.345694
-0.347495
-0.349289
-0.351073
-0.352849
-0.354616
-0.356374
-0.358123
-0.359863
-0.361594
-0.363316
-0.365029
-0.366733
-0.368428
-0.370113
-0.37179
-0.373457
-0.375114
-0.376762
-0.378401
-0.380031
-0.38165
-0.383261
-0.384862
-0.386453
-0.388034
-0.389606
-0.391168
-0.39272
-0.394263
-0.395795
-0.397318
-0.398831
-0.400333
-0.401826
-0.403309
-0.404782
-0.406244
-0.407696
-0.409139
-0.41057
-0.411992
-0.413404
-0.414805
-0.416195
-0.417576
-0.418945
-0.420305
-0.421654
-0.422992
-0.42432
-0.425637
-0.426943
-0.428239
-0.429524
-0.430798
-0.432062
-0.433315
-0.434557
-0.435788
-0.437008
-0.438217
-0.439416
-0.440603
-0.441779
-0.442945
-0.444099
-0.445242
-0.446374
-0.447495
-0.448604
-0.449703
-0.45079
-0.451866
-0.45293
-0.453984
-0.455026
-0.456056
-0.457075
-0.458083
-0.459079
-0.460064
-0.461037
-0.461999
-0.462949
-0.463888
-0.464815
-0.46573
-0.466634
-0.467526
-0.468407
-0.469275
-0.470132
-0.470978
-0.471811
-0.472633
-0.473443
-0.474241
-0.475027
-0.475801
-0.476563
-0.477314
-0.478052
-0.478779
-0.479494
-0.480196
-0.480887
-0.481565
-0.482232
-0.482887
-0.483529
-0.484159
-0.484778
-0.485384
-0.485978
-0.486559
-0.487129
-0.487687
-0.488232
-0.488765
-0.489286
-0.489795
-0.490291
-0.490775
-0.491247
-0.491707
-0.492154
-0.492589
-0.493012
-0.493422
-0.49382
-0.494206
-0.494579
-0.49494
-0.495288
-0.495625
-0.495948
-0.49626
-0.496559
-0.496846
-0.49712
-0.497381
-0.497631
-0.497868
-0.498092
-0.498304
-0.498503
-0.498691
-0.498865
-0.499027
-0.499177
-0.499314
-0.499439
-0.499551
-0.499651
-0.499738
-0.499812
-0.499875
-0.499924
-0.499962
-0.499986
-0.499999
-0.499998
-0.499986
-0.49996
-0.499922
-0.499872
-0.499809
-0.499734
-0.499646
-0.499546
-0.499433
-0.499308
-0.49917
-0.49902
-0.498858
-0.498682
-0.498495
-0.498295
-0.498082
-0.497857
-0.49762
-0.49737
-0.497108
-0.496833
-0.496546
-0.496246
-0.495934
-0.49561
-0.495273
-0.494924
-0.494563
-0.494189
-0.493803
-0.493404
-0.492993
-0.49257
-0.492134
-0.491686
-0.491226
-0.490754
-0.490269
-0.489772
-0.489263
-0.488742
-0.488208
-0.487662
-0.487104
-0.486534
-0.485952
-0.485357
-0.48475
-0.484132
-0.483501
-0.482858
-0.482203
-0.481536
-0.480856
-0.480165
-0.479462
-0.478747
-0.47802
-0.477281
-0.47653
-0.475767
-0.474992
-0.474205
-0.473407
-0.472597
-0.471774
-0.47094
-0.470095
-0.469237
-0.468368
-0.467487
-0.466594
-0.46569
-0.464774
-0.463846
-0.462907
-0.461957
-0.460994
-0.460021
-0.459035
-0.458038
-0.45703
-0.456011
-0.45498
-0.453937
-0.452883
-0.451818
-0.450742
-0.449654
-0.448555
-0.447445
-0.446324
-0.445191
-0.444048
-0.442893
-0.441727
-0.440551
-0.439363
-0.438164
-0.436954
-0.435733
-0.434502
-0.433259
-0.432006
-0.430742
-0.429467
-0.428182
-0.426885
-0.425578
-0.424261
-0.422933
-0.421594
-0.420245
-0.418885
-0.417514
-0.416134
-0.414743
-0.413341
-0.411929
-0.410507
-0.409075
-0.407632
-0.406179
-0.404716
-0.403243
-0.40176
-0.400267
-0.398764
-0.39725
-0.395727
-0.394194
-0.392651
-0.391099
-0.389536
-0.387964
-0.386382
-0.384791
-0.38319
-0.381579
-0.379958
-0.378329
-0.376689
-0.375041
-0.373383
-0.371715
-0.370039
-0.368353
-0.366658
-0.364953
-0.36324
-0.361517
-0.359786
-0.358045
-0.356296
-0.354537
-0.35277
-0.350994
-0.349209
-0.347416
-0.345613
-0.343802
-0.341983
-0.340155
-0.338318
-0.336473
-0.33462
-0.332758
-0.330888
-0.32901
-0.327123
-0.325228
-0.323325
-0.321414
-0.319495
-0.317568
-0.315633
-0.31369
-0.31174
-0.309781
-0.307815
-0.305841
-0.30386
-0.30187
-0.299874
-0.297869
-0.295858
-0.293839
-0.291812
-0.289779
-0.287738
-0.28569
-0.283634
-0.281572
-0.279502
-0.277426
-0.275343
-0.273253
-0.271156
-0.269052
-0.266941
-0.264824
-0.2627
-0.26057
-0.258433
-0.256289
-0.25414
-0.251983
-0.249821
-0.247652
-0.245477
-0.243296
-0.241109
-0.238916
-0.236717
-0.234512
-0.232301
-0.230084
-0.227862
-0.225634
-0.2234
-0.221161
-0.218916
-0.216665
-0.21441
-0.212148
-0.209882
-0.20761
-0.205333
-0.203051
-0.200764
-0.198472
-0.196175
-0.193873
-0.191566
-0.189255
-0.186938
-0.184617
-0.182292
-0.179961
-0.177627
-0.175288
-0.172944
-0.170596
-0.168244
-0.165888
-0.163527
-0.161163
-0.158794
-0.156422
-0.154045
-0.151665
-0.149281
-0.146893
-0.144502
-0.142106
-0.139708
-0.137306
-0.1349
-0.132491
-0.130079
-0.127663
-0.125244
-0.122823
-0.120398
-0.11797
-0.115539
-0.113105
-0.110669
-0.108229
-0.105787
-0.103342
-0.100895
-0.0984452
-0.095993
-0.0935383
-0.0910813
-0.088622
-0.0861604
-0.0836968
-0.081231
-0.0787632
-0.0762935
-0.0738218
-0.0713483
-0.068873
-0.066396
-0.0639173
-0.061437
-0.0589552
-0.0564719
-0.0539872
-0.0515011
-0.0490138
-0.0465253
-0.0440355
-0.0415447
-0.0390528
-0.03656
-0.0340662
-0.0315716
-0.0290762
-0.0265801
-0.0240833
-0.0215859
-0.019088
-0.0165896
-0.0140908
-0.0115916
-0.00909215
-0.00659246
-0.00409261
-0.00159265
0.000907346
0.00340732
0.00590721
0.00840695
0.0109065
0.0134057
0.0159047
0.0184032
0.0209013
0.0233988
0.0258958
0.0283921
0.0308877
0.0333825
0.0358765
0.0383696
0.0408617
0.0433528
0.0458429
0.0483318
0.0508194
0.0533058
0.0557909
0.0582746
0.0607568
0.0632375
0.0657167
0.0681941
0.0706699
0.0731439
0.0756161
0.0780864
0.0805547
0.0830211
0.0854853
0.0879474
0.0904073
0.092865
0.0953203
0.0977733
0.100224
0.102672
0.102831
0.102831
0.105117
0.10756
0.11
0.112437
0.114872
0.117304
0.119732
0.122158
0.124581
0.127001
0.129417
0.13183
0.13424
0.136646
0.13905
0.141449
0.143845
0.146238
0.148627
0.151012
0.153393
0.155771
0.158144
0.160514
0.16288
0.165241
0.167599
0.169952
0.172301
0.174646
0.176986
0.179322
0.181653
0.18398
0.186303
0.18862
0.190933
0.193241
0.195545
0.197843
0.200136
0.202425
0.204708
0.206987
0.20926
0.211528
0.21379
0.216048
0.218299
0.220546
0.222787
0.225022
0.227252
0.229476
0.231694
0.233907
0.236113
0.238314
0.240509
0.242697
0.24488
0.247057
0.249227
0.251391
0.253549
0.255701
0.257846
0.259985
0.262117
0.264242
0.266361
0.268474
0.270579
0.272678
0.27477
0.276856
0.278934
0.281005
0.28307
0.285127
0.287177
0.28922
0.291256
0.293284
0.295305
0.297319
0.299325
0.301324
0.303315
0.305299
0.307275
0.309243
0.311204
0.313157
0.315102
0.317039
0.318968
0.320889
0.322802
0.324707
0.326604
0.328493
0.330374
0.332246
0.33411
0.335966
0.337813
0.339652
0.341483
0.343305
0.345118
0.346922
0.348718
0.350506
0.352284
0.354054
0.355815
0.357567
0.35931
0.361044
0.362769
0.364485
0.366191
0.367889
0.369577
0.371257
0.372927
0.374587
0.376238
0.37788
0.379513
0.381136
0.382749
0.384353
0.385947
0.387531
0.389106
0.390671
0.392227
0.393772
0.395308
0.396834
0.39835
0.399856
0.401352
0.402838
0.404314
0.405779
0.407235
0.40868
0.410115
0.41154
0.412955
0.414359
0.415753
0.417137
0.41851
0.419873
0.421225
0.422567
0.423898
0.425218
0.426528
0.427827
0.429116
0.430394
0.431661
0.432917
0.434162
0.435397
0.436621
0.437833
0.439035
0.440226
0.441406
0.442575
0.443732
0.444879
0.446015
0.447139
0.448252
0.449354
0.450445
0.451524
0.452592
0.453649
0.454695
0.455729
0.456752
0.457763
0.458763
0.459752
0.460729
0.461694
0.462648
0.46359
0.464521
0.46544
0.466348
0.467243
0.468128
0.469
0.469861
0.47071
0.471547
0.472372
0.473186
0.473988
0.474778
0.475556
0.476322
0.477076
0.477818
0.478549
0.479267
0.479974
0.480668
0.481351
0.482021
0.482679
0.483326
0.48396
0.484582
0.485192
0.48579
0.486375
0.486949
0.48751
0.48806
0.488597
0.489121
0.489634
0.490134
0.490622
0.491098
0.491562
0.492013
0.492452
0.492878
0.493293
0.493695
0.494084
0.494461
0.494826
0.495179
0.495519
0.495847
0.496162
0.496465
0.496756
0.497034
0.497299
0.497553
0.497793
0.498022
0.498238
0.498441
0.498632
0.498811
0.498977
0.499131
0.499272
0.4994
0.499516
0.49962
0.499711
0.49979
0.499856
0.49991
0.499951
0.49998
0.499996
0.5
0.499991
0.49997
0.499936
0.49989
0.499831
0.499759
0.499676
0.499579
0.499471
0.499349
0.499216
0.499069
0.498911
0.49874
0.498556
0.49836
0.498151
0.49793
0.497697
0.497451
0.497193
0.496922
0.496639
0.496343
0.496035
0.495715
0.495382
0.495037
0.494679
0.494309
0.493927
0.493532
0.493125
0.492706
0.492274
0.49183
0.491374
0.490906
0.490425
0.489932
0.489427
0.488909
0.488379
0.487837
0.487283
0.486717
0.486138
0.485548
0.484945
0.48433
0.483703
0.483064
0.482413
0.481749
0.481074
0.480387
0.479687
0.478976
0.478253
0.477518
0.47677
0.476011
0.47524
0.474457
0.473663
0.472856
0.472038
0.471207
0.470365
0.469512
0.468646
0.467769
0.46688
0.465979
0.465067
0.464143
0.463208
0.462261
0.461302
0.460332
0.45935
0.458357
0.457353
0.456337
0.455309
0.45427
0.45322
0.452159
0.451086
0.450002
0.448907
0.4478
0.446682
0.445553
0.444413
0.443262
0.4421
0.440927
0.439742
0.438547
0.437341
0.436123
0.434895
0.433656
0.432407
0.431146
0.429874
0.428592
0.427299
0.425996
0.424682
0.423357
0.422021
0.420675
0.419319
0.417952
0.416575
0.415187
0.413789
0.41238
0.410961
0.409532
0.408093
0.406643
0.405183
0.403714
0.402234
0.400744
0.399244
0.397734
0.396214
0.394684
0.393144
0.391594
0.390035
0.388466
0.386887
0.385299
0.383701
0.382093
0.380476
0.378849
0.377213
0.375567
0.373912
0.372247
0.370574
0.368891
0.367199
0.365497
0.363787
0.362067
0.360338
0.358601
0.356854
0.355098
0.353334
0.351561
0.349779
0.347988
0.346188
0.34438
0.342563
0.340738
0.338904
0.337062
0.335211
0.333352
0.331485
0.329609
0.327725
0.325833
0.323932
0.322024
0.320107
0.318183
0.316251
0.31431
0.312362
0.310406
0.308442
0.306471
0.304492
0.302505
0.30051
0.298509
0.296499
0.294483
0.292459
0.290427
0.288389
0.286343
0.28429
0.28223
0.280162
0.278088
0.276007
0.273919
0.271824
0.269723
0.267614
0.265499
0.263377
0.261249
0.259114
0.256973
0.254825
0.252671
0.25051
0.248344
0.246171
0.243992
0.241807
0.239615
0.237418
0.235215
0.233006
0.230791
0.22857
0.226344
0.224112
0.221875
0.219631
0.217383
0.215129
0.212869
0.210605
0.208334
0.206059
0.203779
0.201493
0.199203
0.196907
0.194607
0.192302
0.189992
0.187677
0.185357
0.183033
0.180704
0.178371
0.176033
0.173691
0.171345
0.168994
0.166639
0.16428
0.161916
0.159549
0.157178
0.154803
0.152424
0.150041
0.147654
0.145264
0.14287
0.140472
0.138071
0.135667
0.133259
0.130847
0.128433
0.126015
0.123594
0.12117
0.118743
0.116314
0.113881
0.111445
0.109006
0.106565
0.104121
0.101675
0.0992259
0.0967743
0.0943204
0.0918641
0.0894056
0.0869447
0.0844818
0.0820167
0.0795495
0.0770804
0.0746093
0.0721364
0.0696616
0.0671851
0.064707
0.0622272
0.0597459
0.0572631
0.0547788
0.0522932
0.0498062
0.0473181
0.0448287
0.0423382
0.0398467
0.0373541
0.0348607
0.0323663
0.0298712
0.0273753
0.0248787
0.0223815
0.0198837
0.0173855
0.0148868
0.0123877
0.00988834
0.00738871
0.0048889
0.00238897
-0.00011102
-0.00261101
-0.00511093
-0.00761073
-0.0101103
-0.0126097
-0.0151087
-0.0176074
-0.0201056
-0.0226033
-0.0251005
-0.027597
-0.0300928
-0.0325879
-0.0350822
-0.0375756
-0.040068
-0.0425595
-0.0450498
-0.0475391
-0.0500272
-0.052514
-0.0549995
-0.0574836
-0.0599663
-0.0624475
-0.0649272
-0.0674052
-0.0698815
-0.0698815
-0.0723561
-0.0748288
-0.0772997
-0.0797687
-0.0822357
-0.0847006
-0.0871634
-0.089624
-0.0920824
-0.0945385
-0.0969922
-0.0994435
-0.101892
-0.104339
-0.106782
-0.109223
-0.111661
-0.114097
-0.116529
-0.118959
-0.121386
-0.12381
-0.12623
-0.128648
-0.131062
-0.133473
-0.13588
-0.138285
-0.140685
-0.143082
-0.145476
-0.147866
-0.150252
-0.152635
-0.155014
-0.157389
-0.15976
-0.162127
-0.164489
-0.166848
-0.169203
-0.171553
-0.173899
-0.176241
-0.178578
-0.180911
-0.18324
-0.185563
-0.187882
-0.190197
-0.192507
-0.194811
-0.197111
-0.199406
-0.201697
-0.203982
-0.206262
-0.208536
-0.210806
-0.21307
-0.215329
-0.217583
-0.219831
-0.222074
-0.224311
-0.226542
-0.228768
-0.230988
-0.233202
-0.235411
-0.237614
-0.23981
-0.242001
-0.244186
-0.246364
-0.248536
-0.250703
-0.252862
-0.255016
-0.257163
-0.259304
-0.261438
-0.263566
-0.265687
-0.267802
-0.269909
-0.272011
-0.274105
-0.276192
-0.278273
-0.280346
-0.282413
-0.284472
-0.286525
-0.28857
-0.290608
-0.292639
-0.294662
-0.296678
-0.298687
-0.300688
-0.302682
-0.304668
-0.306646
-0.308617
-0.31058
-0.312535
-0.314483
-0.316422
-0.318354
-0.320278
-0.322194
-0.324101
-0.326001
-0.327893
-0.329776
-0.331651
-0.333518
-0.335376
-0.337226
-0.339068
-0.340901
-0.342725
-0.344541
-0.346349
-0.348147
-0.349937
-0.351719
-0.353491
-0.355255
-0.35701
-0.358755
-0.360492
-0.36222
-0.363939
-0.365649
-0.367349
-0.369041
-0.370723
-0.372396
-0.374059
-0.375713
-0.377358
-0.378994
-0.38062
-0.382236
-0.383843
-0.38544
-0.387028
-0.388606
-0.390174
-0.391732
-0.393281
-0.39482
-0.396349
-0.397868
-0.399377
-0.400876
-0.402365
-0.403845
-0.405313
-0.406772
-0.408221
-0.409659
-0.411088
-0.412506
-0.413913
-0.415311
-0.416697
-0.418074
-0.41944
-0.420795
-0.42214
-0.423475
-0.424799
-0.426112
-0.427415
-0.428707
-0.429988
-0.431258
-0.432518
-0.433767
-0.435005
-0.436232
-0.437448
-0.438654
-0.439848
-0.441031
-0.442204
-0.443365
-0.444515
-0.445654
-0.446782
-0.447899
-0.449004
-0.450099
-0.451182
-0.452253
-0.453314
-0.454363
-0.455401
-0.456427
-0.457442
-0.458446
-0.459438
-0.460419
-0.461388
-0.462345
-0.463291
-0.464226
-0.465149
-0.46606
-0.466959
-0.467847
-0.468723
-0.469588
-0.470441
-0.471281
-0.472111
-0.472928
-0.473734
-0.474527
-0.475309
-0.476079
-0.476837
-0.477583
-0.478318
-0.47904
-0.47975
-0.480448
-0.481135
-0.481809
-0.482471
-0.483121
-0.483759
-0.484385
-0.484999
-0.485601
-0.48619
-0.486768
-0.487333
-0.487886
-0.488427
-0.488956
-0.489472
-0.489976
-0.490468
-0.490948
-0.491415
-0.49187
-0.492313
-0.492744
-0.493162
-0.493568
-0.493961
-0.494343
-0.494711
-0.495068
-0.495412
-0.495744
-0.496063
-0.49637
-0.496664
-0.496946
-0.497216
-0.497473
-0.497718
-0.49795
-0.49817
-0.498378
-0.498573
-0.498755
-0.498925
-0.499083
-0.499228
-0.499361
-0.499481
-0.499588
-0.499684
-0.499766
-0.499836
-0.499894
-0.499939
-0.499972
-0.499992
-0.5
-0.499995
-0.499978
-0.499948
-0.499906
-0.499851
-0.499784
-0.499704
-0.499611
-0.499507
-0.499389
-0.49926
-0.499117
-0.498963
-0.498796
-0.498616
-0.498424
-0.498219
-0.498002
-0.497773
-0.497531
-0.497276
-0.497009
-0.49673
-0.496439
-0.496135
-0.495818
-0.495489
-0.495148
-0.494794
-0.494428
-0.49405
-0.493659
-0.493256
-0.492841
-0.492413
-0.491973
-0.491521
-0.491056
-0.490579
-0.49009
-0.489589
-0.489075
-0.488549
-0.488011
-0.487461
-0.486899
-0.486324
-0.485737
-0.485138
-0.484527
-0.483904
-0.483269
-0.482621
-0.481962
-0.48129
-0.480607
-0.479911
-0.479204
-0.478484
-0.477753
-0.47701
-0.476254
-0.475487
-0.474708
-0.473917
-0.473114
-0.472299
-0.471473
-0.470635
-0.469785
-0.468923
-0.468049
-0.467164
-0.466267
-0.465359
-0.464439
-0.463507
-0.462564
-0.461609
-0.460642
-0.459664
-0.458675
-0.457674
-0.456661
-0.455638
-0.454603
-0.453556
-0.452498
-0.451429
-0.450348
-0.449257
-0.448154
-0.447039
-0.445914
-0.444778
-0.44363
-0.442471
-0.441301
-0.440121
-0.438929
-0.437726
-0.436512
-0.435288
-0.434052
-0.432806
-0.431549
-0.430281
-0.429002
-0.427712
-0.426412
-0.425101
-0.42378
-0.422448
-0.421105
-0.419752
-0.418389
-0.417015
-0.41563
-0.414235
-0.41283
-0.411414
-0.409988
-0.408552
-0.407106
-0.405649
-0.404183
-0.402706
-0.401219
-0.399722
-0.398216
-0.396699
-0.395172
-0.393636
-0.392089
-0.390533
-0.388967
-0.387391
-0.385806
-0.384211
-0.382606
-0.380992
-0.379368
-0.377735
-0.376092
-0.37444
-0.372779
-0.371108
-0.369428
-0.367739
-0.36604
-0.364332
-0.362616
-0.36089
-0.359155
-0.357411
-0.355659
-0.353897
-0.352127
-0.350347
-0.348559
-0.346763
-0.344957
-0.343143
-0.34132
-0.339489
-0.33765
-0.335802
-0.333945
-0.33208
-0.330207
-0.328326
-0.326436
-0.324539
-0.322633
-0.320719
-0.318797
-0.316867
-0.314929
-0.312983
-0.31103
-0.309069
-0.3071
-0.305123
-0.303138
-0.301147
-0.299147
-0.29714
-0.295126
-0.293104
-0.291075
-0.289039
-0.286995
-0.284944
-0.282887
-0.280822
-0.27875
-0.276671
-0.274585
-0.272492
-0.270393
-0.268286
-0.266173
-0.264054
-0.261928
-0.259795
-0.257656
-0.25551
-0.253358
-0.251199
-0.249035
-0.246864
-0.244686
-0.242503
-0.240314
-0.238119
-0.235917
-0.23371
-0.231497
-0.229278
-0.227054
-0.224824
-0.222588
-0.220347
-0.2181
-0.215847
-0.21359
-0.211326
-0.209058
-0.206785
-0.204506
-0.202222
-0.199933
-0.197639
-0.19534
-0.193036
-0.190728
-0.188415
-0.186096
-0.183774
-0.181446
-0.179115
-0.176778
-0.174438
-0.172093
-0.169743
-0.167389
-0.165032
-0.16267
-0.160304
-0.157934
-0.15556
-0.153182
-0.1508
-0.148415
-0.146025
-0.143633
-0.141236
-0.138836
-0.136433
-0.134026
-0.131616
-0.129202
-0.126786
-0.124366
-0.121943
-0.119517
-0.117088
-0.114656
-0.112221
-0.109783
-0.107343
-0.1049
-0.102454
-0.100006
-0.0975555
-0.0951023
-0.0926468
-0.0901889
-0.0877288
-0.0852665
-0.0828021
-0.0803356
-0.0778671
-0.0753966
-0.0729243
-0.0704501
-0.0679742
-0.0654965
-0.0630173
-0.0605364
-0.0580541
-0.0555703
-0.0530851
-0.0505985
-0.0481108
-0.0456218
-0.0431316
-0.0406404
-0.0381482
-0.035655
-0.0331609
-0.030666
-0.0281704
-0.025674
-0.023177
-0.0206794
-0.0181813
-0.0156827
-0.0131838
-0.0106845
-0.00818494
-0.00568518
-0.00318529
-0.000685307
0.00181469
0.00431464
0.00681448
0.00931415
0.0118136
0.0143127
0.0168115
0.0193099
0.0218078
0.0243051
0.0268018
0.0292979
0.0317932
0.0342878
0.0367814
0.0392742
0.041766
0.0442567
0.0467463
0.0492348
0.051722
0.0542079
0.0566925
0.0591757
0.0616573
0.0641375
0.066616
0.0690929
0.071568
0.0740414
0.0765129
0.0789825
0.0814501
0.0839157
0.0863791
0.0888405
0.0912996
0.0937564
0.0962109
0.0986629
0.101113
0.10356
0.106004
0.108446
0.110885
0.113321
0.115755
0.118186
0.120613
0.123038
0.125459
0.127878
0.130293
0.132705
0.135114
0.137519
0.139921
0.142319
0.144714
0.147105
0.149493
0.151877
0.154257
0.156633
0.159005
0.161373
0.163737
0.166097
0.168453
0.170805
0.173152
0.175496
0.177834
0.180169
0.182498
0.184824
0.187144
0.18946
0.191771
0.194078
0.196379
0.198676
0.200968
0.203254
0.205536
0.207812
0.210084
0.212349
0.21461
0.216865
0.219115
0.22136
0.223599
0.225832
0.22806
0.230282
0.232498
0.234708
0.236913
0.239111
0.241304
0.24349
0.245671
0.247845
0.250013
0.252175
0.254331
0.25648
0.258623
0.260759
0.262889
0.265012
0.267129
0.269239
0.271342
0.273438
0.275528
0.277611
0.279687
0.281755
0.283817
0.285872
0.287919
0.28996
0.291993
0.294018
0.296037
0.298048
0.300051
0.302047
0.304036
0.306017
0.30799
0.309956
0.311913
0.313863
0.315805
0.31774
0.319666
0.321584
0.323495
0.325397
0.327291
0.329177
0.331054
0.332924
0.334785
0.336638
0.338482
0.340318
0.342145
0.343964
0.345774
0.347575
0.349368
0.351152
0.352927
0.354694
0.356452
0.3582
0.35994
0.361671
0.363392
0.365105
0.366809
0.368503
0.370188
0.371864
0.37353
0.375188
0.376835
0.378474
0.380103
0.381722
0.383332
0.384932
0.386523
0.388104
0.389676
0.391237
0.392789
0.394331
0.395863
0.397385
0.398898
0.4004
0.401892
0.403374
0.404847
0.406309
0.407761
0.409202
0.410634
0.412055
0.413466
0.414867
0.416257
0.417637
0.419006
0.420365
0.421713
0.423051
0.424378
0.425695
0.427001
0.428296
0.429581
0.430855
0.432118
0.43337
0.434612
0.435842
0.437062
0.438271
0.439469
0.440655
0.441831
0.442996
0.44415
0.445292
0.446424
0.447544
0.448653
0.449751
0.450838
0.451913
0.452977
0.45403
0.455072
0.456102
0.45712
0.458127
0.459123
0.460107
0.46108
0.462042
0.462991
0.463929
0.464856
0.465771
0.466674
0.467566
0.468446
0.469314
0.47017
0.471015
0.471848
0.472669
0.473478
0.474276
0.475061
0.475835
0.476597
0.477347
0.478085
0.478811
0.479525
0.480227
0.480917
0.481595
0.482261
0.482915
0.483557
0.484187
0.484805
0.48541
0.486004
0.486585
0.487154
0.487711
0.488256
0.488788
0.489309
0.489817
0.490313
0.490796
0.491268
0.491727
0.492173
0.492608
0.49303
0.49344
0.493837
0.494222
0.494595
0.494956
0.495304
0.495639
0.495963
0.496273
0.496572
0.496858
0.497132
0.497393
0.497642
0.497878
0.498102
0.498313
0.498512
0.498699
0.498873
0.499034
0.499183
0.49932
0.499444
0.499556
0.499655
0.499741
0.499816
0.499877
0.499926
0.499963
0.499987
0.499999
0.499998
0.499985
0.499959
0.49992
0.49987
0.499806
0.499731
0.499642
0.499541
0.499428
0.499302
0.499164
0.499013
0.49885
0.498674
0.498486
0.498286
0.498073
0.497847
0.497609
0.497359
0.497096
0.496821
0.496533
0.496233
0.49592
0.495595
0.495258
0.494908
0.494546
0.494172
0.493785
0.493386
0.492975
0.492551
0.492115
0.491666
0.491206
0.490733
0.490247
0.48975
0.48924
0.488718
0.488184
0.487638
0.487079
0.486508
0.485925
0.48533
0.484723
0.484104
0.483472
0.482829
0.482173
0.481506
0.480826
0.480134
0.479431
0.478715
0.477987
0.477248
0.476496
0.475733
0.474957
0.47417
0.473371
0.47256
0.471738
0.470903
0.470057
0.469199
0.468329
0.467448
0.466554
0.46565
0.464733
0.463805
0.462865
0.461914
0.460951
0.459977
0.458991
0.457994
0.456985
0.455965
0.454933
0.453891
0.452836
0.451771
0.450694
0.449606
0.448506
0.447396
0.446274
0.445141
0.443997
0.442842
0.441675
0.440498
0.43931
0.43811
0.4369
0.435679
0.434447
0.433204
0.43195
0.430686
0.42941
0.428124
0.426828
0.42552
0.424202
0.422873
0.421534
0.420184
0.418824
0.417453
0.416072
0.414681
0.413279
0.411866
0.410444
0.409011
0.407568
0.406115
0.404651
0.403178
0.401694
0.4002
0.398697
0.397183
0.395659
0.394126
0.392583
0.39103
0.389467
0.387894
0.386312
0.38472
0.383118
0.381507
0.379886
0.378256
0.376616
0.374967
0.373309
0.371641
0.369964
0.368278
0.366582
0.364877
0.363164
0.361441
0.359709
0.357968
0.356218
0.354459
0.352691
0.350915
0.34913
0.347336
0.345533
0.343722
0.341902
0.340074
0.338237
0.336391
0.334537
0.332675
0.330805
0.328926
0.327039
0.325144
