-0.0025
-0.00249892
-0.00249691
-0.00249405
-0.00249045
8.90604e-06
-0.00248614
-0.00248139
-0.00247615
-0.00247056
-0.00246471
-0.00245871
-0.00245264
-0.00244661
-0.00244071
-0.00243504
-0.0024297
-0.00242478
-0.00242039
-0.00241661
-0.00241355
-0.00241131
-0.00240997
-0.00240963
-0.00241039
-0.00241234
-0.00241557
-0.00242017
-0.00242624
-0.00243385
-0.0024431
-0.00245408
-0.00246687
-0.00248155
-0.0024982
-0.00251691
-0.00253776
-0.00256081
-0.00258616
-0.00261387
-0.00264402
-0.00267668
-0.00271192
-0.0027498
-0.0027904
-0.00283378
-0.00288001
-0.00292914
-0.00298124
-0.00303639
-0.00309466
-0.0031561
-0.00322076
-0.0032887
-0.00335997
-0.00343463
-0.00351271
-0.00359428
-0.00367936
-0.00376802
-0.00386028
-0.0039562
-0.00405581
-0.00415915
-0.00426625
-0.00437716
-0.0044919
-0.00461051
-0.00473302
-0.00485945
-0.00498984
-0.00512422
-0.0052626
-0.00540501
-0.00555148
-0.00570202
-0.00585665
-0.00601539
-0.00617827
-0.00634528
-0.00651645
-0.00669179
-0.00687132
-0.00705503
-0.00724295
-0.00743507
-0.0076314
-0.00783195
-0.00803672
-0.00824572
-0.00845894
-0.00867638
-0.00889804
-0.00912393
-0.00935402
-0.00958833
-0.00982684
-0.0100695
-0.0103164
-0.0105675
-0.0108227
-0.0110821
-0.0113456
-0.0116133
-0.011885
-0.0121608
-0.0124408
-0.0127247
-0.0130127
-0.0133047
-0.0136007
-0.0139006
-0.0142045
-0.0145123
-0.014824
-0.0151395
-0.0154589
-0.0157821
-0.016109
-0.0164397
-0.0167741
-0.0171121
-0.0174538
-0.017799
-0.0181479
-0.0185002
-0.0188561
-0.0192154
-0.019578
-0.0199441
-0.0203135
-0.0206862
-0.0210621
-0.0214412
-0.0218234
-0.0222088
-0.0225972
-0.0229886
-0.023383
-0.0237803
-0.0241805
-0.0245835
-0.0249893
-0.0253977
-0.0258089
-0.0262227
-0.026639
-0.0270579
-0.0274792
-0.027903
-0.0283291
-0.0287575
-0.0291882
-0.029621
-0.030056
-0.0304931
-0.0309322
-0.0313734
-0.0318164
-0.0322613
-0.032708
-0.0331565
-0.0336067
-0.0340586
-0.034512
-0.034967
-0.0354235
-0.0358814
-0.0363407
-0.0368014
-0.0372633
-0.0377264
-0.0381906
-0.038656
-0.0391225
-0.0395899
-0.0400583
-0.0405276
-0.0409977
-0.0414686
-0.0419403
-0.0424127
-0.0428857
-0.0433593
-0.0438334
-0.0443081
-0.0447831
-0.0452586
-0.0457345
-0.0462106
-0.046687
-0.0471636
-0.0476404
-0.0481173
-0.0485943
-0.0490713
-0.0495483
-0.0500253
-0.0505022
-0.050979
-0.0514556
-0.0519319
-0.0524081
-0.052884
-0.0533595
-0.0538347
-0.0543096
-0.054784
-0.0552579
-0.0557314
-0.0562043
-0.0566768
-0.0571486
-0.0576198
-0.0580904
-0.0585603
-0.0590295
-0.059498
-0.0599658
-0.0604328
-0.060899
-0.0613644
-0.061829
-0.0622927
-0.0627555
-0.0632174
-0.0636784
-0.0641385
-0.0645976
-0.0650557
-0.0655129
-0.065969
-0.0664241
-0.0668782
-0.0673312
-0.0677832
-0.0682341
-0.0686839
-0.0691326
-0.0695803
-0.0700267
-0.0704721
-0.0709163
-0.0713594
-0.0718014
-0.0722421
-0.0726817
-0.0731202
-0.0735574
-0.0739935
-0.0744284
-0.0748621
-0.0752946
-0.0757259
-0.076156
-0.0765849
-0.0770125
-0.077439
-0.0778643
-0.0782884
-0.0787112
-0.0791328
-0.0795533
-0.0799725
-0.0803905
-0.0808073
-0.0812229
-0.0816373
-0.0820505
-0.0824625
-0.0828733
-0.0832828
-0.0836912
-0.0840984
-0.0845045
-0.0849093
-0.0853129
-0.0857154
-0.0861167
-0.0865168
-0.0869158
-0.0873136
-0.0877102
-0.0881057
-0.0885
-0.0888932
-0.0892852
-0.0896761
-0.0900659
-0.0904545
-0.090842
-0.0912284
-0.0916137
-0.0919979
-0.0923809
-0.0927629
-0.0931437
-0.0935235
-0.0939021
-0.0942797
-0.0946562
-0.0950316
-0.095406
-0.0957792
-0.0961514
-0.0965226
-0.0968927
-0.0972617
-0.0976297
-0.0979966
-0.0983625
-0.0987273
-0.0990911
-0.0994538
-0.0998156
-0.100176
-0.100536
-0.100895
-0.101252
-0.101609
-0.101964
-0.102319
-0.102672
-0.103025
-0.103376
-0.103727
-0.104076
-0.104425
-0.104772
-0.105119
-0.105464
-0.105808
-0.106152
-0.106494
-0.106836
-0.107176
-0.107515
-0.107854
-0.108191
-0.108527
-0.108863
-0.109197
-0.10953
-0.109862
-0.110194
-0.110524
-0.110853
-0.111181
-0.111508
-0.111834
-0.112159
-0.112483
-0.112806
-0.113128
-0.113449
-0.113769
-0.114087
-0.114405
-0.114722
-0.115037
-0.115352
-0.115665
-0.115977
-0.116288
-0.116599
-0.116908
-0.117215
-0.117522
-0.117828
-0.118132
-0.118436
-0.118738
-0.119039
-0.119339
-0.119638
-0.119936
-0.120232
-0.120527
-0.120821
-0.121114
-0.121406
-0.121697
-0.121986
-0.122274
-0.122561
-0.122847
-0.123131
-0.123414
-0.123696
-0.123977
-0.124256
-0.124534
-0.124811
-0.125086
-0.125361
-0.125634
-0.125905
-0.126175
-0.126444
-0.126712
-0.126978
-0.127243
-0.127506
-0.127768
-0.128029
-0.128288
-0.128546
-0.128802
-0.129057
-0.129311
-0.129563
-0.129813
-0.130063
-0.13031
-0.130556
-0.130801
-0.131044
-0.131286
-0.131526
-0.131765
-0.132002
-0.132237
-0.132471
-0.132704
-0.132934
-0.133164
-0.133391
-0.133617
-0.133841
-0.134064
-0.134285
-0.134505
-0.134722
-0.134938
-0.135153
-0.135365
-0.135576
-0.135786
-0.135993
-0.136199
-0.136403
-0.136606
-0.136806
-0.137005
-0.137202
-0.137397
-0.137591
-0.137782
-0.137972
-0.13816
-0.138346
-0.13853
-0.138713
-0.138894
-0.139072
-0.139249
-0.139424
-0.139597
-0.139768
-0.139937
-0.140105
-0.14027
-0.140433
-0.140595
-0.140754
-0.140912
-0.141067
-0.141221
-0.141372
-0.141522
-0.141669
-0.141815
-0.141958
-0.1421
-0.142239
-0.142377
-0.142512
-0.142645
-0.142776
-0.142905
-0.143032
-0.143157
-0.14328
-0.1434
-0.143519
-0.143635
-0.143749
-0.143861
-0.143971
-0.144079
-0.144184
-0.144288
-0.144389
-0.144488
-0.144585
-0.144679
-0.144772
-0.144862
-0.14495
-0.145036
-0.145119
-0.1452
-0.14528
-0.145356
-0.145431
-0.145503
-0.145573
-0.145641
-0.145706
-0.145769
-0.14583
-0.145889
-0.145945
-0.145999
-0.14605
-0.1461
-0.146147
-0.146191
-0.146234
-0.146274
-0.146311
-0.146347
-0.14638
-0.14641
-0.146438
-0.146464
-0.146488
-0.146509
-0.146528
-0.146544
-0.146558
-0.14657
-0.146579
-0.146586
-0.14659
-0.146592
-0.146592
-0.146589
-0.146584
-0.146576
-0.146566
-0.146554
-0.146539
-0.146522
-0.146502
-0.14648
-0.146455
-0.146428
-0.146399
-0.146367
-0.146333
-0.146296
-0.146257
-0.146216
-0.146172
-0.146125
-0.146076
-0.146025
-0.145971
-0.145915
-0.145856
-0.145795
-0.145732
-0.145666
-0.145597
-0.145526
-0.145453
-0.145377
-0.145299
-0.145218
-0.145135
-0.14505
-0.144962
-0.144871
-0.144778
-0.144683
-0.144585
-0.144485
-0.144382
-0.144277
-0.14417
-0.14406
-0.143947
-0.143832
-0.143715
-0.143596
-0.143473
-0.143349
-0.143222
-0.143093
-0.142961
-0.142827
-0.14269
-0.142551
-0.14241
-0.142266
-0.14212
-0.141971
-0.14182
-0.141667
-0.141512
-0.141353
-0.141193
-0.14103
-0.140865
-0.140698
-0.140528
-0.140356
-0.140181
-0.140004
-0.139825
-0.139644
-0.13946
-0.139274
-0.139085
-0.138895
-0.138702
-0.138506
-0.138309
-0.138109
-0.137907
-0.137703
-0.137496
-0.137287
-0.137076
-0.136863
-0.136647
-0.13643
-0.13621
-0.135988
-0.135763
-0.135537
-0.135308
-0.135077
-0.134845
-0.134609
-0.134372
-0.134133
-0.133891
-0.133648
-0.133402
-0.133155
-0.132905
-0.132653
-0.132399
-0.132143
-0.131885
-0.131625
-0.131363
-0.131099
-0.130833
-0.130565
-0.130295
-0.130023
-0.129749
-0.129473
-0.129196
-0.128916
-0.128634
-0.128351
-0.128066
-0.127779
-0.127542
-0.127251
-0.126958
-0.126664
-0.126367
-0.126069
-0.125768
-0.125466
-0.125162
-0.124857
-0.124549
-0.12424
-0.123929
-0.123617
-0.123302
-0.122986
-0.122668
-0.122349
-0.122028
-0.121705
-0.121381
-0.121055
-0.120728
-0.120399
-0.120068
-0.119736
-0.119403
-0.119067
-0.118731
-0.118393
-0.118053
-0.117712
-0.11737
-0.117026
-0.116681
-0.116334
-0.115986
-0.115637
-0.115286
-0.114934
-0.114581
-0.114226
-0.11387
-0.113513
-0.113154
-0.112794
-0.112433
-0.112071
-0.111708
-0.111343
-0.110977
-0.11061
-0.110242
-0.109873
-0.109502
-0.109131
-0.108758
-0.108384
-0.10801
-0.107634
-0.107257
-0.106879
-0.106499
-0.106119
-0.105738
-0.105356
-0.104973
-0.104589
-0.104204
-0.103817
-0.10343
-0.103042
-0.102653
-0.102264
-0.101873
-0.101481
-0.101088
-0.100695
-0.100301
-0.0999052
-0.0995091
-0.0991121
-0.0987142
-0.0983155
-0.097916
-0.0975157
-0.0971145
-0.0967125
-0.0963097
-0.0959061
-0.0955016
-0.0950965
-0.0946905
-0.0942837
-0.0938762
-0.0934679
-0.0930589
-0.0926491
-0.0922385
-0.0918272
-0.0914152
-0.0910024
-0.0905889
-0.0901746
-0.0897597
-0.089344
-0.0889276
-0.0885105
-0.0880927
-0.0876741
-0.0872549
-0.086835
-0.0864143
-0.085993
-0.0855709
-0.0851482
-0.0847248
-0.0843007
-0.0838759
-0.0834504
-0.0830242
-0.0825974
-0.0821698
-0.0817416
-0.0813126
-0.080883
-0.0804527
-0.0800217
-0.0795901
-0.0791577
-0.0787246
-0.0782909
-0.0778565
-0.0774213
-0.0769855
-0.076549
-0.0761118
-0.0756739
-0.0752353
-0.074796
-0.0743559
-0.0739152
-0.0734738
-0.0730316
-0.0725887
-0.0721452
-0.0717008
-0.0712558
-0.07081
-0.0703636
-0.0699163
-0.0694683
-0.0690196
-0.0685702
-0.0681199
-0.067669
-0.0672172
-0.0667648
-0.0663115
-0.0658575
-0.0654026
-0.0649471
-0.0644907
-0.0640335
-0.0635755
-0.0631168
-0.0626572
-0.0621968
-0.0617356
-0.0612736
-0.0608108
-0.0603471
-0.0598826
-0.0594172
-0.058951
-0.058484
-0.058016
-0.0575473
-0.0570776
-0.0566071
-0.0561357
-0.0556634
-0.0551903
-0.0547162
-0.0542412
-0.0537654
-0.0532886
-0.0528109
-0.0523323
-0.0518527
-0.0513722
-0.0508908
-0.0504084
-0.0499251
-0.0494408
-0.0489556
-0.0484694
-0.0479823
-0.0474941
-0.047005
-0.0465149
-0.0460238
-0.0455317
-0.0450386
-0.0445445
-0.0440494
-0.0435533
-0.0430562
-0.0425581
-0.0420589
-0.0415587
-0.0410574
-0.0405552
-0.0400519
-0.0395475
-0.0390421
-0.0385356
-0.0380281
-0.0375195
-0.0370099
-0.0364992
-0.0359874
-0.0354745
-0.0349606
-0.0344456
-0.0339296
-0.0334124
-0.0328942
-0.0323748
-0.0318544
-0.0313329
-0.0308104
-0.0302867
-0.0297619
-0.029236
-0.0287091
-0.028181
-0.0276519
-0.0271217
-0.0265903
-0.0260579
-0.0255244
-0.0249898
-0.0244541
-0.0239173
-0.0233794
-0.0228404
-0.0223003
-0.0217592
-0.0212169
-0.0206736
-0.0201292
-0.0195837
-0.0190372
-0.0184896
-0.0179409
-0.0173911
-0.0168403
-0.0162884
-0.0157355
-0.0151816
-0.0146265
-0.0140705
-0.0135134
-0.0129553
-0.0123962
-0.0118361
-0.0112749
-0.0107128
-0.0101496
-0.00958548
-0.00902037
-0.00845429
-0.00788724
-0.00731923
-0.00675028
-0.00618039
-0.00560957
-0.00503783
-0.00446518
-0.00389162
-0.00331718
-0.00274186
-0.00216566
-0.00158861
-0.00101071
-0.000431982
0.000147573
0.000727938
0.0013091
0.00189105
0.00247377
0.00305725
0.00364147
0.00422642
0.00481209
0.00539845
0.00598551
0.00657323
0.00716161
0.00775062
0.00834026
0.0089305
0.00952132
0.0101127
0.0107047
0.0112972
0.0118902
0.0124837
0.0130776
0.0136721
0.0142669
0.0148622
0.0154579
0.016054
0.0166504
0.0172472
0.0178443
0.0184416
0.0190393
0.0196372
0.0202353
0.0208336
0.0214321
0.0220308
0.0226295
0.0232284
0.0238274
0.0244264
0.0250255
0.0256245
0.0262235
0.0268225
0.0274214
0.0280202
0.0286189
0.0292175
0.0298158
0.0304139
0.0310118
0.0316095
0.0322068
0.0328038
0.0334004
0.0339967
0.0345925
0.0351879
0.0357828
0.0363773
0.0369711
0.0375644
0.0381571
0.0387492
0.0393406
0.0399314
0.0405213
0.0411106
0.041699
0.0422866
0.0428734
0.0434592
0.0440442
0.0446281
0.0452111
0.0457931
0.046374
0.0469538
0.0475325
0.04811
0.0486863
0.0492614
0.0498352
0.0504077
0.0509789
0.0515487
0.0521171
0.052684
0.0532495
0.0538134
0.0543759
0.0549367
0.0554959
0.0560535
0.0566093
0.0571635
0.0577159
0.0582665
0.0588152
0.0593621
0.0599071
0.0604502
0.0609913
0.0615303
0.0620674
0.0626023
0.0631352
0.0636659
0.0641944
0.0647207
0.0652448
0.0657666
0.0662861
0.0668032
0.0673179
0.0678302
0.0683401
0.0688475
0.0693523
0.0698546
0.0703544
0.0708515
0.071346
0.0718378
0.0723268
0.0728132
0.0732968
0.0737775
0.0742555
0.0747306
0.0752028
0.0756721
0.0761384
0.0766017
0.0770621
0.0775194
0.0779736
0.0784248
0.0788729
0.0793178
0.0797595
0.080198
0.0806334
0.0810655
0.0814943
0.0819198
0.082342
0.0827609
0.0831764
0.0835886
0.0839973
0.0844026
0.0848044
0.0852028
0.0855977
0.0859891
0.086377
0.0867613
0.0871421
0.0875193
0.0878929
0.0882629
0.0886292
0.0889919
0.0893509
0.0897063
0.090058
0.090406
0.0907502
0.0910908
0.0914276
0.0917606
0.0920899
0.0924154
0.0927371
0.093055
0.0933691
0.0936795
0.0939859
0.0942886
0.0945874
0.0948824
0.0951736
0.0954609
0.0957443
0.0960239
0.0962995
0.0965714
0.0968393
0.0971034
0.0973636
0.0976199
0.0978723
0.0981209
0.0983655
0.0986063
0.0988432
0.0990762
0.0993053
0.0995306
0.0997519
0.0999694
0.100183
0.100393
0.100599
0.100801
0.100999
0.101193
0.101383
0.10157
0.101753
0.101932
0.102107
0.102278
0.102445
0.102609
0.102769
0.102925
0.103077
0.103226
0.10337
0.103511
0.103649
0.103782
0.103912
0.104038
0.10416
0.104279
0.104394
0.104505
0.104612
0.104716
0.104817
0.104913
0.105006
0.105096
0.105181
0.105264
0.105342
0.105417
0.105489
0.105557
0.105621
0.105682
0.10574
0.105794
0.105844
0.105891
0.105935
0.105975
0.106012
0.106045
0.106075
0.106102
0.106125
0.106145
0.106161
0.106174
0.106184
0.106191
0.106194
0.106194
0.106191
0.106184
0.106174
0.106161
0.106145
0.106126
0.106103
0.106077
0.106048
0.106016
0.105981
0.105943
0.105901
0.105857
0.105809
0.105758
0.105705
0.105648
0.105588
0.105525
0.105459
0.10539
0.105319
0.105244
0.105166
0.105085
0.105002
0.104915
0.104825
0.104733
0.104637
0.104539
0.104438
0.104334
0.104227
0.104117
0.104005
0.103889
0.103771
0.10365
0.103526
0.1034
0.10327
0.103138
0.103003
0.102866
0.102725
0.102582
0.102436
0.102288
0.102136
0.101982
0.101825
0.101666
0.101504
0.101339
0.101172
0.101002
0.100829
0.100654
0.100476
0.100295
0.100112
0.0999259
0.0997374
0.0995464
0.0993528
0.0991566
0.0989578
0.0987564
0.0985525
0.098346
0.098137
0.0979255
0.0977114
0.0974948
0.0972756
0.097054
0.0968298
0.0966032
0.096374
0.0961424
0.0959083
0.0956717
0.0954326
0.0952574
0.0950133
0.0947667
0.0945176
0.094266
0.0940119
0.0937553
0.0934963
0.0932348
0.0929708
0.0927044
0.0924356
0.0921644
0.0918907
0.0916147
0.0913362
0.0910554
0.0907721
0.0904865
0.0901986
0.0899083
0.0896156
0.0893207
0.0890234
0.0887237
0.0884218
0.0881176
0.0878111
0.0875023
0.0871912
0.0868778
0.0865623
0.0862444
0.0859243
0.085602
0.0852775
0.0849508
0.0846218
0.0842907
0.0839573
0.0836218
0.0832842
0.0829443
0.0826024
0.0822582
0.081912
0.0815636
0.0812131
0.0808605
0.0805059
0.0801491
0.0797902
0.0794293
0.0790663
0.0787013
0.0783343
0.0779652
0.0775941
0.0772209
0.0768458
0.0764687
0.0760896
0.0757086
0.0753256
0.0749406
0.0745537
0.0741649
0.0737741
0.0733815
0.0729869
0.0725905
0.0721922
0.071792
0.07139
0.0709861
0.0705804
0.0701728
0.0697635
0.0693524
0.0689394
0.0685247
0.0681083
0.0676901
0.0672701
0.0668484
0.066425
0.0659999
0.0655731
0.0651446
0.0647144
0.0642826
0.0638492
0.0634141
0.0629773
0.062539
0.0620991
0.0616575
0.0612145
0.0607698
0.0603236
0.0598759
0.0594266
0.0589758
0.0585235
0.0580698
0.0576146
0.0571579
0.0566997
0.0562402
0.0557792
0.0553168
0.054853
0.0543878
0.0539212
0.0534533
0.0529841
0.0525135
0.0520416
0.0515684
0.0510939
0.0506181
0.0501411
0.0496628
0.0491832
0.0487025
0.0482205
0.0477373
0.047253
0.0467674
0.0462807
0.0457929
0.0453039
0.0448138
0.0443226
0.0438303
0.043337
0.0428425
0.042347
0.0418505
0.0413529
0.0408543
0.0403548
0.0398542
0.0393526
0.0388501
0.0383467
0.0378423
0.0373369
0.0368307
0.0363236
0.0358155
0.0353067
0.0347969
0.0342863
0.0337749
0.0332626
0.0327496
0.0322357
0.0317211
0.0312057
0.0306895
0.0301726
0.029655
0.0291366
0.0286175
0.0280978
0.0275773
0.0270562
0.0265345
0.026012
0.025489
0.0249653
0.0244411
0.0239162
0.0233907
0.0228647
0.0223381
0.021811
0.0212833
0.0207552
0.0202265
0.0196973
0.0191676
0.0186374
0.0181068
0.0175758
0.0170442
0.0165123
0.01598
0.0154472
0.0149141
0.0143806
0.0138467
0.0133124
0.0127779
0.0122429
0.0117077
0.0111721
0.0106363
0.0101002
0.00956377
0.0090271
0.00849018
0.00795303
0.00741564
0.00687804
0.00634024
0.00580224
0.00526406
0.00472572
0.00418721
0.00364856
0.00310977
0.00257086
0.00203183
0.00149271
0.000953496
0.000414205
-0.000125151
-0.000664562
-0.00120402
-0.0017435
-0.002283
-0.00282252
-0.00336203
-0.00390152
-0.00444099
-0.00498041
-0.00551979
-0.00605911
-0.00659835
-0.00713751
-0.00767657
-0.00821553
-0.00875436
-0.00929306
-0.00983162
-0.01037
-0.0109083
-0.0114463
-0.0119842
-0.0125218
-0.0130593
-0.0135965
-0.0141335
-0.0146702
-0.0152067
-0.0157429
-0.0162788
-0.0168144
-0.0173497
-0.0178846
-0.0184193
-0.0189535
-0.0194875
-0.020021
-0.0205542
-0.021087
-0.0216193
-0.0221513
-0.0226828
-0.0232138
-0.0237444
-0.0242745
-0.0248042
-0.0253333
-0.0258619
-0.02639
-0.0269176
-0.0274446
-0.0279711
-0.028497
-0.0290223
-0.029547
-0.0300711
-0.0305945
-0.0311173
-0.0316395
-0.032161
-0.0326818
-0.033202
-0.0337214
-0.0342401
-0.0347581
-0.0352753
-0.0357918
-0.0363075
-0.0368225
-0.0373366
-0.0378499
-0.0383624
-0.0388741
-0.0393849
-0.0398949
-0.0404039
-0.0409121
-0.0414194
-0.0419258
-0.0424312
-0.0429357
-0.0434392
-0.0439418
-0.0444434
-0.044944
-0.0454436
-0.0459421
-0.0464396
-0.0469361
-0.0474315
-0.0479258
-0.048419
-0.0489112
-0.0494022
-0.0498921
-0.0503808
-0.0508684
-0.0513548
-0.05184
-0.0523241
-0.0528069
-0.0532885
-0.0537689
-0.054248
-0.0547258
-0.0552024
-0.0556777
-0.0561517
-0.0566244
-0.0570958
-0.0575658
-0.0580344
-0.0585017
-0.0589677
-0.0594322
-0.0598953
-0.0603571
-0.0608173
-0.0612762
-0.0617336
-0.0621895
-0.062644
-0.063097
-0.0635485
-0.0639984
-0.0644469
-0.0648938
-0.0653392
-0.065783
-0.0662252
-0.0666659
-0.067105
-0.0675424
-0.0679783
-0.0684125
-0.0688451
-0.069276
-0.0697053
-0.0701329
-0.0705589
-0.0709831
-0.0714057
-0.0718265
-0.0722457
-0.072663
-0.0730787
-0.0734926
-0.0739047
-0.0743151
-0.0747237
-0.0751305
-0.0755355
-0.0759387
-0.0763401
-0.0767397
-0.0771374
-0.0775333
-0.0779273
-0.0783195
-0.0787098
-0.0790982
-0.0794847
-0.0798694
-0.0802521
-0.080633
-0.0810119
-0.0813889
-0.0817639
-0.0821371
-0.0825082
-0.0828774
-0.0832447
-0.08361
-0.0839733
-0.0843346
-0.0846939
-0.0850513
-0.0854066
-0.0857599
-0.0861112
-0.0864605
-0.0868078
-0.087153
-0.0874961
-0.0878373
-0.0881763
-0.0885134
-0.0888483
-0.0891812
-0.089512
-0.0898407
-0.0901673
-0.0904919
-0.0908143
-0.0911346
-0.0914529
-0.091769
-0.092083
-0.0923948
-0.0927046
-0.0930122
-0.0933177
-0.093621
-0.0939222
-0.0942212
-0.094518
-0.0948127
-0.0951053
-0.0953956
-0.0956838
-0.0959698
-0.0962537
-0.0965353
-0.0968147
-0.097092
-0.097367
-0.0976398
-0.0979105
-0.0981789
-0.098445
-0.098709
-0.0989707
-0.0992302
-0.0994875
-0.0997425
-0.0999952
-0.100246
-0.100494
-0.10074
-0.100984
-0.101225
-0.101464
-0.101701
-0.101936
-0.102168
-0.102398
-0.102626
-0.102851
-0.103074
-0.103295
-0.103514
-0.10373
-0.103944
-0.104155
-0.104364
-0.104571
-0.104775
-0.104978
-0.105177
-0.105375
-0.10557
-0.105762
-0.105952
-0.10614
-0.106325
-0.106508
-0.106689
-0.106867
-0.107043
-0.107216
-0.107387
-0.107555
-0.107721
-0.107885
-0.108046
-0.108204
-0.10836
-0.108514
-0.108665
-0.108813
-0.108959
-0.109103
-0.109243
-0.109382
-0.109518
-0.109651
-0.109781
-0.10991
-0.110035
-0.110158
-0.110278
-0.110396
-0.110511
-0.110623
-0.110733
-0.11084
-0.110944
-0.111046
-0.111145
-0.111241
-0.111334
-0.111425
-0.111513
-0.111599
-0.111681
-0.111761
-0.111838
-0.111912
-0.111983
-0.112052
-0.112117
-0.11218
-0.11224
-0.112297
-0.112351
-0.112402
-0.112451
-0.112496
-0.112538
-0.112578
-0.112614
-0.112648
-0.112678
-0.112706
-0.11273
-0.112751
-0.11277
-0.112785
-0.112797
-0.112806
-0.112812
-0.112814
-0.112814
-0.11281
-0.112803
-0.112793
-0.11278
-0.112764
-0.112744
-0.112721
-0.112694
-0.112665
-0.112632
-0.112596
-0.112556
-0.112513
-0.112466
-0.112417
-0.112363
-0.112307
-0.112246
-0.112183
-0.112116
-0.112045
-0.111971
-0.111893
-0.111812
-0.111727
-0.111639
-0.111547
-0.111451
-0.111352
-0.111249
-0.111142
-0.111032
-0.110918
-0.1108
-0.110679
-0.110553
-0.110424
-0.110292
-0.110155
-0.110015
-0.10987
-0.109722
-0.10957
-0.109414
-0.109255
-0.109091
-0.108923
-0.108752
-0.108576
-0.108397
-0.108213
-0.108026
-0.107835
-0.107639
-0.10744
-0.107236
-0.107028
-0.106817
-0.106601
-0.106381
-0.106157
-0.105929
-0.105697
-0.10546
-0.10522
-0.104975
-0.104726
-0.104473
-0.104216
-0.103955
-0.103689
-0.10342
-0.103146
-0.102868
-0.10276
-0.102473
-0.102182
-0.101887
-0.101587
-0.101282
-0.100974
-0.100661
-0.100343
-0.100022
-0.0996956
-0.0993653
-0.0990306
-0.0986916
-0.0983483
-0.0980007
-0.0976489
-0.0972927
-0.0969323
-0.0965676
-0.0961986
-0.0958255
-0.095448
-0.0950664
-0.0946806
-0.0942906
-0.0938964
-0.093498
-0.0930955
-0.0926889
-0.0922781
-0.0918633
-0.0914444
-0.0910214
-0.0905944
-0.0901634
-0.0897284
-0.0892894
-0.0888464
-0.0883995
-0.0879488
-0.0874941
-0.0870356
-0.0865733
-0.0861071
-0.0856372
-0.0851636
-0.0846862
-0.0842052
-0.0837205
-0.0832322
-0.0827403
-0.0822448
-0.0817459
-0.0812434
-0.0807375
-0.0802282
-0.0797156
-0.0791996
-0.0786803
-0.0781577
-0.077632
-0.0771031
-0.076571
-0.0760359
-0.0754977
-0.0749565
-0.0744124
-0.0738653
-0.0733154
-0.0727627
-0.0722072
-0.071649
-0.0710881
-0.0705247
-0.0699586
-0.06939
-0.068819
-0.0682455
-0.0676697
-0.0670916
-0.0665112
-0.0659286
-0.0653438
-0.064757
-0.0641681
-0.0635772
-0.0629844
-0.0623897
-0.0617932
-0.061195
-0.060595
-0.0599934
-0.0593901
-0.0587854
-0.0581792
-0.0575715
-0.0569625
-0.0563522
-0.0557406
-0.0551278
-0.0545139
-0.0538989
-0.0532829
-0.052666
-0.0520481
-0.0514294
-0.0508099
-0.0501896
-0.0495687
-0.0489471
-0.048325
-0.0477023
-0.0470792
-0.0464557
-0.0458318
-0.0452077
-0.0445833
-0.0439587
-0.0433339
-0.0427091
-0.0420842
-0.0414594
-0.0408346
-0.0402099
-0.0395854
-0.0389611
-0.0383371
-0.0377134
-0.03709
-0.036467
-0.0358445
-0.0352224
-0.0346009
-0.03398
-0.0333596
-0.0327399
-0.0321209
-0.0315027
-0.0308852
-0.0302686
-0.0296527
-0.0290378
-0.0284238
-0.0278107
-0.0271986
-0.0265876
-0.0259776
-0.0253687
-0.0247609
-0.0241542
-0.0235487
-0.0229444
-0.0223413
-0.0217395
-0.021139
-0.0205397
-0.0199418
-0.0193452
-0.01875
-0.0181561
-0.0175637
-0.0169727
-0.0163831
-0.015795
-0.0152084
-0.0146232
-0.0140396
-0.0134575
-0.0128769
-0.0122978
-0.0117203
-0.0111444
-0.0105701
-0.0099973
-0.00942613
-0.00885656
-0.0082886
-0.00772225
-0.00715752
-0.00659442
-0.00603295
-0.00547312
-0.00491491
-0.00435835
-0.00380343
-0.00325016
-0.00269853
-0.00214854
-0.00160019
-0.00105349
-0.000508429
3.49911e-05
0.000576774
0.00111692
0.00165544
0.00219232
0.00272759
0.00326123
0.00379326
0.00432367
0.00485249
0.0053797
0.00590532
0.00642935
0.00695181
0.00747269
0.00799201
0.00850977
0.00902598
0.00954065
0.0100538
0.0105654
0.0110755
0.0115841
0.0120912
0.0125968
0.0131009
0.0136035
0.0141047
0.0146045
0.0151027
0.0155996
0.0160951
0.0165891
0.0170817
0.0175729
0.0180628
0.0185513
0.0190384
0.0195242
0.0200086
0.0204917
0.0209735
0.0214539
0.0219331
0.022411
0.0228876
0.0233629
0.023837
0.0243098
0.0247813
0.0252517
0.0257208
0.0261887
0.0266554
0.0271209
0.0275852
0.0280483
0.0285103
0.0289711
0.0294308
0.0298893
0.0303467
0.0308029
0.0312581
0.0317121
0.032165
0.0326168
0.0330676
0.0335173
0.0339658
0.0344134
0.0348598
0.0353052
0.0357496
0.0361929
0.0366352
0.0370764
0.0375167
0.0379559
0.0383941
0.0388313
0.0392674
0.0397026
0.0401368
0.04057
0.0410022
0.0414334
0.0418637
0.0422929
0.0427212
0.0431486
0.0435749
0.0440003
0.0444247
0.0448482
0.0452707
0.0456923
0.0461129
0.0465325
0.0469512
0.047369
0.0477858
0.0482016
0.0486165
0.0490304
0.0494434
0.0498555
0.0502666
0.0506767
0.0510859
0.0514942
0.0519015
0.0523078
0.0527132
0.0531176
0.0535211
0.0539236
0.0543251
0.0547257
0.0551253
0.055524
0.0559216
0.0563183
0.056714
0.0571087
0.0575024
0.0578952
0.0582869
0.0586777
0.0590674
0.0594561
0.0598438
0.0602305
0.0606162
0.0610008
0.0613845
0.061767
0.0621486
0.0625291
0.0629085
0.0632869
0.0636642
0.0640404
0.0644156
0.0647897
0.0651627
0.0655346
0.0659054
0.0662751
0.0666437
0.0670111
0.0673775
0.0677427
0.0681067
0.0684696
0.0688314
0.069192
0.0695514
0.0699096
0.0702667
0.0706225
0.0709772
0.0713306
0.0716829
0.0720339
0.0723836
0.0727321
0.0730794
0.0734254
0.0737701
0.0741136
0.0744558
0.0747967
0.0751362
0.0754745
0.0758114
0.0761471
0.0764813
0.0768143
0.0771458
0.077476
0.0778049
0.0781323
0.0784583
0.078783
0.0791062
0.079428
0.0797484
0.0800674
0.0803848
0.0807009
0.0810154
0.0813285
0.0816401
0.0819502
0.0822588
0.0825659
0.0828714
0.0831754
0.0834779
0.0837788
0.0840781
0.0843759
0.0846721
0.0849667
0.0852596
0.085551
0.0858408
0.0861289
0.0864153
0.0867002
0.0869833
0.0872648
0.0875446
0.0878228
0.0880992
0.0883739
0.0886469
0.0889182
0.0891877
0.0894555
0.0897215
0.0899858
0.0902483
0.090509
0.090768
0.0910251
0.0912804
0.0915339
0.0917856
0.0920354
0.0922834
0.0925295
0.0927738
0.0930162
0.0932567
0.0934953
0.0937321
0.0939669
0.0941998
0.0944308
0.0946599
0.094887
0.0951122
0.0953354
0.0955567
0.0957759
0.0959933
0.0962086
0.0964219
0.0966332
0.0968425
0.0970498
0.0972551
0.0974583
0.0976595
0.0978587
0.0980558
0.0982508
0.0984438
0.0986347
0.0988235
0.0990102
0.0991948
0.0993773
0.0995577
0.099736
0.0999122
0.100086
0.100258
0.100428
0.100595
0.100761
0.100924
0.101085
0.101244
0.101401
0.101556
0.101708
0.101858
0.102006
0.102152
0.102296
0.102437
0.102576
0.102713
0.102848
0.10298
0.10311
0.103238
0.103364
0.103488
0.103609
0.103728
0.103844
0.103959
0.104071
0.104181
0.104288
0.104393
0.104496
0.104597
0.104695
0.104791
0.104885
0.104977
0.105066
0.105153
0.105237
0.105319
0.105399
0.105476
0.105552
0.105624
0.105695
0.105763
0.105829
0.105892
0.105953
0.106012
0.106069
0.106123
0.106174
0.106224
0.106271
0.106315
0.106357
0.106397
0.106435
0.10647
0.106503
0.106533
0.106561
0.106587
0.10661
0.106631
0.106649
0.106666
0.106679
0.106691
0.1067
0.106706
0.10671
0.106712
0.106712
0.106709
0.106704
0.106696
0.106686
0.106673
0.106659
0.106641
0.106622
0.1066
0.106576
0.106549
0.10652
0.106488
0.106455
0.106418
0.10638
0.106339
0.106296
0.10625
0.106202
0.106152
0.106099
0.106044
0.105987
0.105927
0.105865
0.1058
0.105733
0.105664
0.105593
0.105519
0.105443
0.105364
0.105284
0.1052
0.105115
0.105027
0.104937
0.104845
0.10475
0.104653
0.104554
0.104453
0.104349
0.104243
0.104134
0.104024
0.103911
0.103796
0.103678
0.103559
0.103437
0.103313
0.103187
0.103058
0.102927
0.102794
0.102659
0.102522
0.102382
0.102241
0.102097
0.101951
0.101802
0.101652
0.101499
0.101345
0.101188
0.101029
0.100868
0.100705
0.10054
0.100372
0.100203
0.100031
0.0998578
0.0996822
0.0995045
0.0993248
0.0991431
0.0989593
0.0987736
0.0985858
0.098396
0.0982043
0.0980106
0.0978149
0.0976172
0.0974176
0.0972161
0.0970127
0.0968073
0.0966001
0.0963909
0.0961799
0.095967
0.0957522
0.0955356
0.0953172
0.0950969
0.0949015
0.0947393
0.0945243
0.0943954
0.094128
0.0940855
0.0936802
0.0934441
0.0932061
0.0929662
0.0927245
0.0924809
0.0922355
0.0919883
0.0917394
0.0914887
0.0912363
0.0909822
0.0907264
0.0904689
0.0902098
0.0899491
0.0896868
0.0894229
0.0891575
0.0888905
0.088622
0.088352
0.0880805
0.0878075
0.0875331
0.0872572
0.08698
0.0867013
0.0864213
0.0861399
0.0858571
0.085573
0.0852876
0.0850008
0.0847128
0.0844235
0.084133
0.0838412
0.0835481
0.0832539
0.0829584
0.0826617
0.0823639
0.0820649
0.0817647
0.0814634
0.081161
0.0808574
0.0805527
0.080247
0.0799401
0.0796322
0.0793232
0.0790131
0.0787021
0.0783899
0.0780768
0.0777627
0.0774475
0.0771314
0.0768142
0.0764961
0.0761771
0.075857
0.0755361
0.0752142
0.0748914
0.0745676
0.0742429
0.0739174
0.0735909
0.0732635
0.0729353
0.0726062
0.0722762
0.0719454
0.0716137
0.0712811
0.0709478
0.0706135
0.0702785
0.0699426
0.069606
0.0692685
0.0689302
0.0685911
0.0682512
0.0679105
0.0675691
0.0672268
0.0668838
0.06654
0.0661955
0.0658502
0.0655041
0.0651573
0.0648097
0.0644614
0.0641123
0.0637625
0.063412
0.0630607
0.0627087
0.062356
0.0620025
0.0616484
0.0612935
0.0609379
0.0605815
0.0602245
0.0598667
0.0595082
0.059149
0.0587892
0.0584285
0.0580672
0.0577052
0.0573425
0.0569791
0.0566149
0.0562501
0.0558845
0.0555183
0.0551513
0.0547837
0.0544153
0.0540462
0.0536764
0.0533059
0.0529347
0.0525628
0.0521902
0.0518168
0.0514428
0.051068
0.0506925
0.0503163
0.0499394
0.0495618
0.0491834
0.0488043
0.0484244
0.0480439
0.0476626
0.0472805
0.0468978
0.0465143
0.04613
0.045745
0.0453592
0.0449727
0.0445854
0.0441974
0.0438086
0.043419
0.0430287
0.0426375
0.0422457
0.041853
0.0414595
0.0410653
0.0406702
0.0402744
0.0398777
0.0394803
0.039082
0.038683
0.0382831
0.0378824
0.0374809
0.0370785
0.0366753
0.0362713
0.0358664
0.0354607
0.0350541
0.0346467
0.0342384
0.0338293
0.0334193
0.0330084
0.0325967
0.032184
0.0317705
0.0313561
0.0309408
0.0305246
0.0301075
0.0296895
0.0292706
0.0288508
0.0284301
0.0280084
0.0275859
0.0271624
0.0267379
0.0263125
0.0258862
0.025459
0.0250308
0.0246016
0.0241716
0.0237405
0.0233085
0.0228755
0.0224416
0.0220067
0.0215708
0.0211339
0.0206961
0.0202573
0.0198175
0.0193767
0.0189349
0.0184922
0.0180484
0.0176037
0.0171579
0.0167112
0.0162635
0.0158147
0.015365
0.0149142
0.0144625
0.0140098
0.013556
0.0131012
0.0126455
0.0121887
0.0117309
0.0112721
0.0108123
0.0103515
0.00988967
0.00942684
0.008963
0.00849816
0.00803232
0.00756547
0.00709762
0.00662877
0.00615892
0.00568807
0.00521622
0.00474339
0.00426956
0.00379474
0.00331895
0.00284216
0.0023644
0.00188567
0.00140596
0.000925284
0.000443646
-3.89526e-05
-0.000522506
-0.00100701
-0.00149246
-0.00197885
-0.00246617
-0.00295442
-0.0034436
-0.00393369
-0.00442469
-0.0049166
-0.00540941
-0.0059031
-0.00639768
-0.00689314
-0.00738946
-0.00788664
-0.00838468
-0.00888356
-0.00938327
-0.00988381
-0.0103852
-0.0108873
-0.0113903
-0.011894
-0.0123986
-0.0129039
-0.0134099
-0.0139167
-0.0144242
-0.0149325
-0.0154414
-0.0159511
-0.0164614
-0.0169724
-0.0174841
-0.0179964
-0.0185094
-0.019023
-0.0195371
-0.0200519
-0.0205672
-0.0210831
-0.0215996
-0.0221166
-0.0226341
-0.0231521
-0.0236706
-0.0241895
-0.0247089
-0.0252287
-0.025749
-0.0262696
-0.0267907
-0.027312
-0.0278338
-0.0283558
-0.0288782
-0.0294008
-0.0299237
-0.0304469
-0.0309703
-0.0314938
-0.0320176
-0.0325415
-0.0330656
-0.0335898
-0.0341141
-0.0346385
-0.0351629
-0.0356874
-0.0362118
-0.0367363
-0.0372607
-0.0377851
-0.0383093
-0.0388335
-0.0393575
-0.0398814
-0.0404051
-0.0409286
-0.0414518
-0.0419748
-0.0424975
-0.0430199
-0.043542
-0.0440637
-0.044585
-0.0451059
-0.0456263
-0.0461463
-0.0466658
-0.0471847
-0.0477031
-0.0482209
-0.0487381
-0.0492546
-0.0497705
-0.0502857
-0.0508002
-0.0513139
-0.0518268
-0.0523389
-0.0528502
-0.0533606
-0.0538701
-0.0543786
-0.0548862
-0.0553928
-0.0558984
-0.0564029
-0.0569063
-0.0574087
-0.0579098
-0.0584098
-0.0589086
-0.0594062
-0.0599024
-0.0603974
-0.0608911
-0.0613833
-0.0618742
-0.0623637
-0.0628517
-0.0633382
-0.0638232
-0.0643066
-0.0647885
-0.0652687
-0.0657473
-0.0662243
-0.0666995
-0.067173
-0.0676447
-0.0681146
-0.0685827
-0.0690489
-0.0695132
-0.0699756
-0.0704361
-0.0708945
-0.071351
-0.0718054
-0.0722577
-0.072708
-0.0731561
-0.073602
-0.0740458
-0.0744873
-0.0749266
-0.0753636
-0.0757983
-0.0762306
-0.0766606
-0.0770882
-0.0775134
-0.0779361
-0.0783563
-0.0787741
-0.0791893
-0.079602
-0.0800121
-0.0804195
-0.0808244
-0.0812266
-0.0816261
-0.0820228
-0.0824169
-0.0828082
-0.0831967
-0.0835824
-0.0839653
-0.0843453
-0.0847225
-0.0850967
-0.0854681
-0.0858365
-0.0862019
-0.0865643
-0.0869238
-0.0872802
-0.0876336
-0.0879839
-0.0883311
-0.0886753
-0.0890163
-0.0893542
-0.0896889
-0.0900205
-0.0903488
-0.090674
