-0.000357143
0.000960716
0.00218667
0.00332645
0.00438532
0.00605178
0.00536833
0.00628009
0.00712508
0.0079074
0.00863094
0.00929933
0.009916
0.0104841
0.0110068
0.0114868
0.0119267
0.0123291
0.0126963
0.0130305
0.0133337
0.013608
0.013855
0.0140765
0.0142742
0.0144494
0.0146036
0.0147382
0.0148543
0.0149532
0.0150359
0.0151035
0.0151568
0.0151969
0.0152246
0.0152406
0.0152458
0.0152407
0.0152262
0.0152027
0.0151709
0.0151314
0.0150845
0.0150309
0.014971
0.0149052
0.0148339
0.0147575
0.0146763
0.0145906
0.0145007
0.0144068
0.0143094
0.0142086
0.0141046
0.0139978
0.0138883
0.0137763
0.0136621
0.0135458
0.0134277
0.0133077
0.0131862
0.0130633
0.012939
0.0128136
0.0126871
0.0125597
0.0124315
0.0123025
0.012173
0.0120429
0.0119124
0.0117816
0.0116504
0.0115191
0.0113877
0.0112562
0.0111248
0.0109934
0.0108622
0.0107311
0.0106003
0.0104699
0.0103398
0.0102101
0.0100808
0.00995205
0.00982384
0.00969621
0.0095692
0.00944285
0.0093172
0.00919229
0.00906814
0.00894479
0.00882227
0.00870062
0.00857987
0.00846004
0.00834116
0.00822326
0.00810636
0.0079905
0.00787569
0.00776196
0.00764934
0.00753784
0.0074275
0.00731832
0.00721033
0.00710356
0.00699801
0.00689372
0.00679069
0.00668894
0.0065885
0.00648938
0.00639158
0.00629514
0.00620006
0.00610636
0.00601405
0.00592314
0.00583365
0.00574558
0.00565895
0.00557377
0.00549005
0.00540779
0.00532701
0.00524771
0.0051699
0.00509358
0.00501877
0.00494547
0.00487367
0.00480339
0.00473463
0.00466739
0.00460168
0.00453748
0.00447481
0.00441367
0.00435405
0.00429595
0.00423937
0.00418431
0.00413076
0.00407872
0.00402818
0.00397914
0.00393159
0.00388553
0.00384094
0.00379782
0.00375615
0.00371594
0.00367717
0.00363982
0.00360388
0.00356935
0.00353621
0.00350444
0.00347404
0.00344498
0.00341725
0.00339083
0.00336571
0.00334186
0.00331928
0.00329794
0.00327782
0.00325891
0.00324118
0.0032246
0.00320917
0.00319486
0.00318164
0.00316949
0.0031584
0.00314833
0.00313926
0.00313116
0.00312402
0.0031178
0.00311249
0.00310805
0.00310446
0.00310169
0.00309971
0.00309851
0.00309804
0.00309829
0.00309922
0.00310081
0.00310303
0.00310585
0.00310924
0.00311318
0.00311763
0.00312257
0.00312797
0.00313379
0.00314002
0.00314662
0.00315357
0.00316083
0.00316838
0.00317618
0.00318422
0.00319245
0.00320087
0.00320942
0.0032181
0.00322687
0.0032357
0.00324456
0.00325344
0.0032623
0.00327111
0.00327985
0.0032885
0.00329703
0.00330541
0.00331362
0.00332163
0.00332942
0.00333697
0.00334425
0.00335123
0.00335791
0.00336424
0.00337022
0.00337582
0.00338101
0.00338578
0.00339011
0.00339397
0.00339735
0.00340023
0.00340258
0.0034044
0.00340565
0.00340633
0.00340642
0.0034059
0.00340475
0.00340296
0.00340051
0.0033974
0.00339359
0.00338908
0.00338386
0.00337791
0.00337121
0.00336377
0.00335555
0.00334656
0.00333678
0.00332621
0.00331482
0.00330261
0.00328957
0.00327569
0.00326097
0.00324539
0.00322894
0.00321162
0.00319342
0.00317433
0.00315435
0.00313347
0.00311168
0.00308898
0.00306536
0.00304082
0.00301535
0.00298895
0.00296162
0.00293334
0.00290412
0.00287395
0.00284283
0.00281076
0.00277773
0.00274374
0.00270879
0.00267288
0.002636
0.00259816
0.00255936
0.00251958
0.00247883
0.00243712
0.00239444
0.00235078
0.00230615
0.00226056
0.00221399
0.00216646
0.00211795
0.00206847
0.00201803
0.00196662
0.00191425
0.00186091
0.0018066
0.00175133
0.00169511
0.00163792
0.00157978
0.00152068
0.00146062
0.00139962
0.00133766
0.00127476
0.00121091
0.00114612
0.00108039
0.00101371
0.000946107
0.000877566
0.000808094
0.000737693
0.000666367
0.000594118
0.000520948
0.00044686
0.000371858
0.000295944
0.00021912
0.00014139
6.27573e-05
-1.6776e-05
-9.72068e-05
-0.000178532
-0.000260748
-0.000343853
-0.000427843
-0.000512716
-0.000598467
-0.000685095
-0.000772595
-0.000860965
-0.000950201
-0.0010403
-0.00113126
-0.00122308
-0.00131575
-0.00140927
-0.00150364
-0.00159885
-0.00169491
-0.0017918
-0.00188953
-0.00198809
-0.00208747
-0.00218768
-0.00228871
-0.00239056
-0.00249323
-0.0025967
-0.00270099
-0.00280607
-0.00291196
-0.00301865
-0.00312613
-0.0032344
-0.00334346
-0.00345331
-0.00356393
-0.00367533
-0.00378751
-0.00390045
-0.00401416
-0.00412863
-0.00424387
-0.00435985
-0.00447659
-0.00459408
-0.00471231
-0.00483129
-0.004951
-0.00507144
-0.00519261
-0.00531451
-0.00543713
-0.00556046
-0.00568451
-0.00580927
-0.00593473
-0.0060609
-0.00618776
-0.00631531
-0.00644355
-0.00657248
-0.00670209
-0.00683237
-0.00696333
-0.00709495
-0.00722723
-0.00736017
-0.00749376
-0.007628
-0.00776289
-0.00789841
-0.00803457
-0.00817136
-0.00830877
-0.0084468
-0.00858544
-0.00872469
-0.00886455
-0.00900501
-0.00914605
-0.00928769
-0.00942991
-0.00957271
-0.00971607
-0.00986001
-0.0100045
-0.0101495
-0.0102951
-0.0104413
-0.010588
-0.0107352
-0.0108829
-0.0110311
-0.0111799
-0.0113292
-0.0114789
-0.0116292
-0.01178
-0.0119312
-0.0120829
-0.0122351
-0.0123877
-0.0125408
-0.0126943
-0.0128483
-0.0130027
-0.0131575
-0.0133127
-0.0134684
-0.0136245
-0.0137809
-0.0139378
-0.014095
-0.0142526
-0.0144106
-0.0145689
-0.0147276
-0.0148866
-0.015046
-0.0152056
-0.0153657
-0.015526
-0.0156866
-0.0158475
-0.0160087
-0.0161702
-0.0163319
-0.0164939
-0.0166562
-0.0168187
-0.0169815
-0.0171444
-0.0173076
-0.017471
-0.0176346
-0.0177984
-0.0179624
-0.0181266
-0.0182909
-0.0184554
-0.01862
-0.0187848
-0.0189497
-0.0191147
-0.0192798
-0.019445
-0.0196103
-0.0197757
-0.0199412
-0.0201067
-0.0202723
-0.020438
-0.0206037
-0.0207694
-0.0209351
-0.0211008
-0.0212665
-0.0214322
-0.0215979
-0.0217636
-0.0219292
-0.0220947
-0.0222602
-0.0224257
-0.022591
-0.0227563
-0.0229215
-0.0230865
-0.0232514
-0.0234162
-0.0235809
-0.0237454
-0.0239098
-0.024074
-0.024238
-0.0244018
-0.0245655
-0.0247289
-0.0248921
-0.0250551
-0.0252178
-0.0253803
-0.0255426
-0.0257045
-0.0258662
-0.0260277
-0.0261888
-0.0263496
-0.0265101
-0.0266703
-0.0268302
-0.0269897
-0.0271488
-0.0273076
-0.0274661
-0.0276241
-0.0277818
-0.0279391
-0.0280959
-0.0282524
-0.0284084
-0.028564
-0.0287191
-0.0288738
-0.0290281
-0.0291819
-0.0293352
-0.029488
-0.0296403
-0.0297921
-0.0299434
-0.0300942
-0.0302444
-0.0303941
-0.0305433
-0.0306919
-0.03084
-0.0309874
-0.0311343
-0.0312807
-0.0314264
-0.0315715
-0.031716
-0.03186
-0.0320032
-0.0321459
-0.0322879
-0.0324293
-0.03257
-0.03271
-0.0328494
-0.0329882
-0.0331262
-0.0332635
-0.0334002
-0.0335362
-0.0336714
-0.033806
-0.0339398
-0.0340729
-0.0342052
-0.0343369
-0.0344678
-0.0345979
-0.0347273
-0.0348559
-0.0349838
-0.0351109
-0.0352372
-0.0353628
-0.0354875
-0.0356115
-0.0357347
-0.0358571
-0.0359786
-0.0360994
-0.0362194
-0.0363385
-0.0364568
-0.0365743
-0.036691
-0.0368068
-0.0369218
-0.037036
-0.0371493
-0.0372618
-0.0373734
-0.0374842
-0.0375941
-0.0377032
-0.0378114
-0.0379188
-0.0380253
-0.0381309
-0.0382357
-0.0383396
-0.0384426
-0.0385447
-0.038646
-0.0387464
-0.0388459
-0.0389446
-0.0390423
-0.0391392
-0.0392352
-0.0393303
-0.0394246
-0.0395179
-0.0396104
-0.039702
-0.0397927
-0.0398825
-0.0399715
-0.0400595
-0.0401467
-0.040233
-0.0403184
-0.040403
-0.0404866
-0.0405694
-0.0406513
-0.0407324
-0.0408125
-0.0408918
-0.0409703
-0.0410478
-0.0411245
-0.0412003
-0.0412753
-0.0413494
-0.0414227
-0.0414951
-0.0415667
-0.0416374
-0.0417072
-0.0417763
-0.0418445
-0.0419118
-0.0419784
-0.0420441
-0.042109
-0.042173
-0.0422363
-0.0422987
-0.0423604
-0.0424212
-0.0424812
-0.0425405
-0.042599
-0.0426568
-0.0427138
-0.0427701
-0.0428256
-0.0428804
-0.0429345
-0.0429878
-0.0430404
-0.0430923
-0.0431434
-0.0431938
-0.0432435
-0.0432925
-0.0433408
-0.0433884
-0.0434352
-0.0434814
-0.0435269
-0.0435717
-0.0436158
-0.0436593
-0.0437021
-0.0437442
-0.0437857
-0.0438265
-0.0438667
-0.0439063
-0.0439452
-0.0439836
-0.0440213
-0.0440584
-0.044095
-0.0441309
-0.0441663
-0.0442011
-0.0442353
-0.044269
-0.0443021
-0.0443347
-0.0443668
-0.0443984
-0.0444294
-0.04446
-0.04449
-0.0445196
-0.0445487
-0.0445773
-0.0446055
-0.0446332
-0.0446605
-0.0446874
-0.0447138
-0.0447398
-0.0447654
-0.0447906
-0.0448154
-0.0448399
-0.044864
-0.0448877
-0.044911
-0.0449341
-0.0449568
-0.0449791
-0.0450012
-0.0450229
-0.0450444
-0.0450655
-0.0450864
-0.045107
-0.0451273
-0.0451474
-0.0451673
-0.0451869
-0.0452062
-0.0452254
-0.0452443
-0.0452631
-0.0452816
-0.0453
-0.0453181
-0.0453361
-0.045354
-0.0453717
-0.0453892
-0.0454066
-0.0454239
-0.0454411
-0.0454581
-0.045475
-0.0454919
-0.0455086
-0.0455253
-0.0455419
-0.0455584
-0.0455748
-0.0455912
-0.0456076
-0.0456239
-0.0456401
-0.0456564
-0.0456726
-0.0456888
-0.0457051
-0.0457213
-0.0457375
-0.0457537
-0.04577
-0.0457862
-0.0458025
-0.0458189
-0.0458353
-0.0458517
-0.0458682
-0.0458848
-0.0459014
-0.0459181
-0.0459349
-0.0459517
-0.0459687
-0.0459857
-0.0460029
-0.0460201
-0.0460375
-0.046055
-0.0460726
-0.0460903
-0.0461081
-0.0461261
-0.0461442
-0.0461625
-0.0461809
-0.0461995
-0.0462182
-0.0462371
-0.0462561
-0.0462753
-0.0462947
-0.0463142
-0.046334
-0.0463539
-0.046374
-0.0463943
-0.0464148
-0.0464354
-0.0464563
-0.0464774
-0.0464987
-0.0465202
-0.0465419
-0.0465638
-0.0465859
-0.0466083
-0.0466309
-0.0466537
-0.0466767
-0.0467
-0.0467235
-0.0467472
-0.0467712
-0.0467954
-0.0468198
-0.0468445
-0.0468695
-0.0468947
-0.0469201
-0.0469458
-0.0469718
-0.046998
-0.0470245
-0.0470512
-0.0470782
-0.0471054
-0.0471329
-0.0471607
-0.0471888
-0.0472171
-0.0472457
-0.0472746
-0.0473037
-0.0473332
-0.0473628
-0.0473928
-0.0474231
-0.0474536
-0.0474844
-0.0475156
-0.0475469
-0.0475786
-0.0476106
-0.0476428
-0.0476754
-0.0477082
-0.0477414
-0.0477748
-0.0478085
-0.0478425
-0.0478768
-0.0479114
-0.0479463
-0.0479815
-0.048017
-0.0480528
-0.0480889
-0.0481253
-0.048162
-0.048199
-0.0482363
-0.0482739
-0.0483118
-0.0483501
-0.0483886
-0.0484275
-0.0484666
-0.0485061
-0.0485459
-0.0485859
-0.0486263
-0.0486671
-0.0487081
-0.0487494
-0.0487911
-0.048833
-0.0488753
-0.0489179
-0.0489609
-0.0490041
-0.0490477
-0.0490915
-0.0491357
-0.0491803
-0.0492251
-0.0492703
-0.0493158
-0.0493616
-0.0494077
-0.0494542
-0.0495009
-0.0495481
-0.0495955
-0.0496433
-0.0496913
-0.0497398
-0.0497885
-0.0498376
-0.049887
-0.0499367
-0.0499868
-0.0500372
-0.0500879
-0.0501389
-0.0501903
-0.050242
-0.0502941
-0.0503464
-0.0503992
-0.0504522
-0.0505056
-0.0505593
-0.0506133
-0.0506677
-0.0507224
-0.0507775
-0.0508328
-0.0508885
-0.0509446
-0.051001
-0.0510577
-0.0511147
-0.0511721
-0.0512298
-0.0512879
-0.0513463
-0.051405
-0.051464
-0.0515234
-0.0515831
-0.0516432
-0.0517035
-0.0517643
-0.0518253
-0.0518867
-0.0519484
-0.0520104
-0.0520727
-0.0521354
-0.0521984
-0.0522617
-0.0523254
-0.0523894
-0.0524537
-0.0525183
-0.0525832
-0.0526485
-0.052714
-0.0527799
-0.0528461
-0.0529126
-0.0529795
-0.0530466
-0.053114
-0.0531818
-0.0532498
-0.0533181
-0.0533868
-0.0534557
-0.053525
-0.0535945
-0.0536643
-0.0537344
-0.0538048
-0.0538755
-0.0539464
-0.0540176
-0.0540891
-0.0541609
-0.0542329
-0.0543052
-0.0543778
-0.0544506
-0.0545237
-0.054597
-0.0546705
-0.0547443
-0.0548184
-0.0548926
-0.0549671
-0.0550419
-0.0551168
-0.055192
-0.0552673
-0.0553429
-0.0554187
-0.0554946
-0.0555708
-0.0556471
-0.0557237
-0.0558003
-0.0558772
-0.0559542
-0.0560314
-0.0561088
-0.0561862
-0.0562639
-0.0563416
-0.0564195
-0.0564975
-0.0565756
-0.0566538
-0.0567321
-0.0568105
-0.056889
-0.0569676
-0.0570462
-0.0571249
-0.0572037
-0.0572825
-0.0573613
-0.0574402
-0.0575191
-0.057598
-0.0576769
-0.0577558
-0.0578347
-0.0579136
-0.0579925
-0.0580713
-0.0581501
-0.0582288
-0.0583075
-0.0583861
-0.0584646
-0.058543
-0.0586214
-0.0586996
-0.0587777
-0.0588557
-0.0589335
-0.0590112
-0.0590888
-0.0591661
-0.0592433
-0.0593203
-0.0593972
-0.0594738
-0.0595502
-0.0596264
-0.0597023
-0.059778
-0.0598534
-0.0599286
-0.0600035
-0.0600782
-0.0601525
-0.0602265
-0.0603002
-0.0603736
-0.0604467
-0.0605194
-0.0605917
-0.0606637
-0.0607353
-0.0608066
-0.0608774
-0.0609479
-0.0610179
-0.0610875
-0.0611567
-0.0612254
-0.0612937
-0.0613616
-0.0614289
-0.0614958
-0.0615622
-0.0616282
-0.0616936
-0.0617585
-0.0618229
-0.0618867
-0.0619501
-0.0620129
-0.0620751
-0.0621368
-0.0621979
-0.0622584
-0.0623184
-0.0623778
-0.0624366
-0.0624948
-0.0625524
-0.0626094
-0.0626657
-0.0627215
-0.0627766
-0.062831
-0.0628849
-0.0629381
-0.0629906
-0.0630425
-0.0630938
-0.0631444
-0.0631943
-0.0632436
-0.0632921
-0.0633401
-0.0633873
-0.0634339
-0.0634798
-0.063525
-0.0635695
-0.0636133
-0.0636565
-0.0636989
-0.0637407
-0.0637818
-0.0638222
-0.0638619
-0.063901
-0.0639393
-0.063977
-0.064014
-0.0640503
-0.0640859
-0.0641209
-0.0641551
-0.0641887
-0.0642217
-0.0642539
-0.0642855
-0.0643165
-0.0643468
-0.0643764
-0.0644054
-0.0644337
-0.0644615
-0.0644885
-0.064515
-0.0645408
-0.0645661
-0.0645907
-0.0646147
-0.0646381
-0.0646609
-0.0646832
-0.0647048
-0.0647259
-0.0647465
-0.0647665
-0.0647859
-0.0648048
-0.0648232
-0.0648411
-0.0648584
-0.0648753
-0.0648916
-0.0649075
-0.0649229
-0.0649378
-0.0649523
-0.0649664
-0.06498
-0.0649931
-0.0650059
-0.0650182
-0.0650302
-0.0650417
-0.0650529
-0.0650638
-0.0650742
-0.0650844
-0.0650942
-0.0651036
-0.0651128
-0.0651217
-0.0651302
-0.0651385
-0.0651466
-0.0651543
-0.0651619
-0.0651692
-0.0651762
-0.0651831
-0.0651897
-0.0651962
-0.0652025
-0.0652086
-0.0652145
-0.0652204
-0.065226
-0.0652316
-0.065237
-0.0652423
-0.0652476
-0.0652527
-0.0652578
-0.0652628
-0.0652678
-0.0652727
-0.0652776
-0.0652825
-0.0652873
-0.0652922
-0.0652971
-0.065302
-0.0653069
-0.0653118
-0.0653168
-0.0653219
-0.065327
-0.0653322
-0.0653375
-0.0653429
-0.0653484
-0.065354
-0.0653597
-0.0653655
-0.0653715
-0.0653776
-0.0653839
-0.0653903
-0.0653969
-0.0654037
-0.0654106
-0.0654178
-0.0654251
-0.0654326
-0.0654404
-0.0654484
-0.0654565
-0.065465
-0.0654736
-0.0654825
-0.0654917
-0.0655011
-0.0655107
-0.0655206
-0.0655308
-0.0655413
-0.065552
-0.065563
-0.0655744
-0.065586
-0.0655979
-0.0656101
-0.0656226
-0.0656355
-0.0656486
-0.0656621
-0.0656759
-0.06569
-0.0657044
-0.0657192
-0.0657343
-0.0657498
-0.0657656
-0.0657818
-0.0657982
-0.0658151
-0.0658323
-0.0658498
-0.0658677
-0.065886
-0.0659046
-0.0659236
-0.065943
-0.0659627
-0.0659828
-0.0660032
-0.066024
-0.0660452
-0.0660668
-0.0660887
-0.0661111
-0.0661337
-0.0661568
-0.0661803
-0.0662041
-0.0662283
-0.0662528
-0.0662778
-0.0663031
-0.0663288
-0.0663549
-0.0663813
-0.0664082
-0.0664354
-0.066463
-0.0664909
-0.0665193
-0.066548
-0.0665771
-0.0666066
-0.0666364
-0.0666666
-0.0666972
-0.0667281
-0.0667594
-0.0667911
-0.066823
-0.0668553
-0.066888
-0.066921
-0.0669543
-0.066988
-0.067022
-0.0670564
-0.0670911
-0.0671262
-0.0671617
-0.0671975
-0.0672336
-0.0672701
-0.067307
-0.0673442
-0.0673817
-0.0674196
-0.0674579
-0.0674965
-0.0675355
-0.0675748
-0.0676144
-0.0676544
-0.0676947
-0.0677354
-0.0677764
-0.0678177
-0.0678594
-0.0679014
-0.0679438
-0.0679864
-0.0680294
-0.0680728
-0.0681164
-0.0681604
-0.0682047
-0.0682493
-0.0682942
-0.0683394
-0.068385
-0.0684308
-0.068477
-0.0685234
-0.0685702
-0.0686173
-0.0686646
-0.0687123
-0.0687602
-0.0688085
-0.068857
-0.0689058
-0.0689549
-0.0690043
-0.0690539
-0.0691038
-0.069154
-0.0692045
-0.0692552
-0.0693062
-0.0693575
-0.069409
-0.0694608
-0.0695129
-0.0695652
-0.0696177
-0.0696705
-0.0697236
-0.0697769
-0.0698304
-0.0698842
-0.0699382
-0.0699924
-0.0700469
-0.0701016
-0.0701566
-0.0702117
-0.0702671
-0.0703227
-0.0703786
-0.0704346
-0.0704909
-0.0705474
-0.0706041
-0.070661
-0.0707181
-0.0707754
-0.0708329
-0.0708906
-0.0709485
-0.0710066
-0.0710649
-0.0711234
-0.071182
-0.0712409
-0.0713
-0.0713592
-0.0714186
-0.0714782
-0.0715379
-0.0715979
-0.071658
-0.0717183
-0.0717787
-0.0718393
-0.0719001
-0.071961
-0.0720221
-0.0720834
-0.0721448
-0.0722063
-0.072268
-0.0723299
-0.0723919
-0.072454
-0.0725163
-0.0725787
-0.0726413
-0.072704
-0.0727668
-0.0728298
-0.0728929
-0.0729561
-0.0730194
-0.0730829
-0.0731465
-0.0732102
-0.073274
-0.073338
-0.073402
-0.0734662
-0.0735304
-0.0735948
-0.0736593
-0.0737239
-0.0737885
-0.0738533
-0.0739182
-0.0739831
-0.0740482
-0.0741133
-0.0741785
-0.0742438
-0.0743092
-0.0743747
-0.0744402
-0.0745058
-0.0745715
-0.0746373
-0.0747031
-0.074769
-0.074835
-0.074901
-0.074967
-0.0750332
-0.0750993
-0.0751656
-0.0752319
-0.0752982
-0.0753645
-0.075431
-0.0754974
-0.0755639
-0.0756304
-0.0756969
-0.0757635
-0.0758301
-0.0758967
-0.0759634
-0.0760301
-0.0760967
-0.0761634
-0.0762301
-0.0762968
-0.0763636
-0.0764303
-0.076497
-0.0765637
-0.0766304
-0.0766971
-0.0767638
-0.0768305
-0.0768971
-0.0769638
-0.0770304
-0.077097
-0.0771635
-0.0772301
-0.0772966
-0.077363
-0.0774294
-0.0774958
-0.0775622
-0.0776284
-0.0776947
-0.0777608
-0.077827
-0.077893
-0.077959
-0.0780249
-0.0780908
-0.0781566
-0.0782223
-0.0782879
-0.0783534
-0.0784189
-0.0784842
-0.0785495
-0.0786147
-0.0786798
-0.0787447
-0.0788096
-0.0788744
-0.078939
-0.0790035
-0.0790679
-0.0791322
-0.0791964
-0.0792604
-0.0793243
-0.0793881
-0.0794517
-0.0795152
-0.0795785
-0.0796417
-0.0797047
-0.0797676
-0.0798303
-0.0798929
-0.0799553
-0.0800175
-0.0800795
-0.0801414
-0.080203
-0.0802645
-0.0803258
-0.0803869
-0.0804478
-0.0805086
-0.0805691
-0.0806294
-0.0806895
-0.0807494
-0.080809
-0.0808685
-0.0809277
-0.0809867
-0.0810454
-0.081104
-0.0811622
-0.0812203
-0.0812781
-0.0813356
-0.0813929
-0.08145
-0.0815068
-0.0815633
-0.0816195
-0.0816755
-0.0817312
-0.0817867
-0.0818418
-0.0818967
-0.0819513
-0.0820056
-0.0820596
-0.0821133
-0.0821667
-0.0822198
-0.0822726
-0.082325
-0.0823772
-0.0824291
-0.0824806
-0.0825318
-0.0825827
-0.0826333
-0.0826835
-0.0827334
-0.082783
-0.0828322
-0.0828811
-0.0829296
-0.0829778
-0.0830256
-0.0830731
-0.0831202
-0.083167
-0.0832134
-0.0832595
-0.0833052
-0.0833505
-0.0833954
-0.08344
-0.0834842
-0.083528
-0.0835715
-0.0836146
-0.0836572
-0.0836996
-0.0837415
-0.083783
-0.0838242
-0.0838649
-0.0839053
-0.0839452
-0.0839848
-0.084024
-0.0840628
-0.0841012
-0.0841392
-0.0841768
-0.0842139
-0.0842507
-0.0842871
-0.0843231
-0.0843587
-0.0843939
-0.0844286
-0.084463
-0.084497
-0.0845305
-0.0845637
-0.0845964
-0.0846288
-0.0846607
-0.0846923
-0.0847234
-0.0847541
-0.0847845
-0.0848144
-0.0848439
-0.0848731
-0.0849018
-0.0849301
-0.0849581
-0.0849856
-0.0850127
-0.0850395
-0.0850659
-0.0850919
-0.0851174
-0.0851426
-0.0851675
-0.0851919
-0.085216
-0.0852397
-0.085263
-0.0852859
-0.0853085
-0.0853307
-0.0853525
-0.085374
-0.0853951
-0.0854159
-0.0854363
-0.0854564
-0.0854761
-0.0854955
-0.0855145
-0.0855332
-0.0855516
-0.0855697
-0.0855874
-0.0856048
-0.0856219
-0.0856387
-0.0856552
-0.0856713
-0.0856872
-0.0857028
-0.0857181
-0.0857331
-0.0857478
-0.0857623
-0.0857765
-0.0857904
-0.0858041
-0.0858175
-0.0858307
-0.0858436
-0.0858563
-0.0858687
-0.0858809
-0.0858929
-0.0859047
-0.0859163
-0.0859277
-0.0859388
-0.0859498
-0.0859606
-0.0859712
-0.0859816
-0.0859919
-0.086002
-0.086012
-0.0860218
-0.0860314
-0.0860409
-0.0860503
-0.0860596
-0.0860687
-0.0860778
-0.0860867
-0.0860955
-0.0861042
-0.0861129
-0.0861215
-0.0861299
-0.0861384
-0.0861467
-0.0861551
-0.0861633
-0.0861715
-0.0861797
-0.0861879
-0.086196
-0.0862042
-0.0862123
-0.0862204
-0.0862286
-0.0862367
-0.0862449
-0.086253
-0.0862613
-0.0862695
-0.0862778
-0.0862862
-0.0862946
-0.0863031
-0.0863116
-0.0863202
-0.0863289
-0.0863377
-0.0863466
-0.0863556
-0.0863647
-0.0863739
-0.0863832
-0.0863927
-0.0864023
-0.086412
-0.0864218
-0.0864318
-0.086442
-0.0864523
-0.0864628
-0.0864735
-0.0864843
-0.0864953
-0.0865065
-0.0865179
-0.0865294
-0.0865412
-0.0865532
-0.0865654
-0.0865778
-0.0865904
-0.0866033
-0.0866164
-0.0866297
-0.0866432
-0.086657
-0.086671
-0.0866853
-0.0866998
-0.0867146
-0.0867296
-0.0867449
-0.0867605
-0.0867763
-0.0867924
-0.0868088
-0.0868255
-0.0868424
-0.0868596
-0.0868771
-0.0868949
-0.086913
-0.0869313
-0.08695
-0.086969
-0.0869882
-0.0870078
-0.0870276
-0.0870478
-0.0870682
-0.087089
-0.0871101
-0.0871315
-0.0871531
-0.0871751
-0.0871974
-0.08722
-0.087243
-0.0872662
-0.0872897
-0.0873136
-0.0873377
-0.0873622
-0.0873869
-0.087412
-0.0874374
-0.0874631
-0.0874891
-0.0875154
-0.0875419
-0.0875688
-0.087596
-0.0876235
-0.0876513
-0.0876794
-0.0877077
-0.0877364
-0.0877653
-0.0877945
-0.087824
-0.0878538
-0.0878838
-0.0879141
-0.0879447
-0.0879755
-0.0880066
-0.088038
-0.0880696
-0.0881014
-0.0881335
-0.0881658
-0.0881984
-0.0882312
-0.0882642
-0.0882974
-0.0883309
-0.0883645
-0.0883984
-0.0884325
-0.0884667
-0.0885011
-0.0885357
-0.0885705
-0.0886055
-0.0886406
-0.0886758
-0.0887112
-0.0887468
-0.0887825
-0.0888182
-0.0888542
-0.0888902
-0.0889263
-0.0889625
-0.0889988
-0.0890352
-0.0890716
-0.0891081
-0.0891447
-0.0891813
-0.0892179
-0.0892545
-0.0892912
-0.0893278
-0.0893645
-0.0894011
-0.0894377
-0.0894743
-0.0895108
-0.0895473
-0.0895836
-0.0896199
-0.0896561
-0.0896922
-0.0897282
-0.0897641
-0.0897998
-0.0898354
-0.0898708
-0.089906
-0.089941
-0.0899758
-0.0900104
-0.0900448
-0.0900789
-0.0901128
-0.0901464
-0.0901797
-0.0902128
-0.0902455
-0.0902778
-0.0903099
-0.0903416
-0.0903729
-0.0904038
-0.0904343
-0.0904644
-0.090494
-0.0905232
-0.090552
-0.0905802
-0.090608
-0.0906352
-0.090662
-0.0906881
-0.0907137
-0.0907387
-0.0907631
-0.0907869
-0.0908101
-0.0908326
-0.0908544
-0.0908756
-0.090896
-0.0909157
-0.0909347
-0.0909529
-0.0909704
-0.0909871
-0.0910031
-0.0910184
-0.0910328
-0.0910463
-0.091059
-0.0910709
-0.0910818
-0.0910918
-0.0911008
-0.0911089
-0.091116
-0.0911221
-0.0911271
-0.091131
-0.0911339
-0.0911357
-0.0911363
-0.0911358
-0.0911341
-0.0911312
-0.0911271
-0.0911218
-0.0911153
-0.0911074
-0.0910983
-0.0910879
-0.0910761
-0.091063
-0.0910485
-0.0910326
-0.0910153
-0.0909966
-0.0909765
-0.0909549
-0.0909318
-0.0909072
-0.0908812
-0.0908536
-0.0908244
-0.0907937
-0.0907615
-0.0907276
-0.0906922
-0.0906551
-0.0906164
-0.0905761
-0.0905341
-0.0904905
-0.0904452
-0.0903982
-0.0903495
-0.0902991
-0.0902469
-0.0901931
-0.0901375
-0.0900802
-0.0900211
-0.0899603
-0.0898977
-0.0898334
-0.0897672
-0.0896993
-0.0896297
-0.0895582
-0.089485
-0.0894099
-0.0893331
-0.0892545
-0.0891741
-0.0890919
-0.089008
-0.0889222
-0.0888347
-0.0887454
-0.0886544
-0.0885615
-0.088467
-0.0883706
-0.0882726
-0.0881728
-0.0880712
-0.087968
-0.0878631
-0.0877564
-0.0876481
-0.0875381
-0.0874265
-0.0873133
-0.0871984
-0.0870819
-0.0869638
-0.0868442
-0.086723
-0.0866003
-0.086476
-0.0863503
-0.0862231
-0.0860945
-0.0859644
-0.0858329
-0.0857001
-0.0855659
-0.0854304
-0.0852936
-0.0851555
-0.0850161
-0.0848756
-0.0847338
-0.0845909
-0.0844469
-0.0843017
-0.0841555
-0.0840082
-0.0838599
-0.0837107
-0.0835605
-0.0834094
-0.0832574
-0.0831046
-0.0829509
-0.0827965
-0.0826413
-0.0824854
-0.0823288
-0.0821716
-0.0820138
-0.0818554
-0.0816965
-0.081537
-0.0813771
-0.0812168
-0.0810561
-0.080895
-0.0807336
-0.0805719
-0.0804099
-0.0802478
-0.0800854
-0.0799229
-0.0797603
-0.0795976
-0.0794349
-0.0792722
-0.0791094
-0.0789468
-0.0787842
-0.0786218
-0.0784595
-0.0782975
-0.0781356
-0.077974
-0.0778127
-0.0776518
-0.0774912
-0.0773309
-0.0771711
-0.0770117
-0.0768528
-0.0766944
-0.0765366
-0.0763792
-0.0762225
-0.0760664
-0.0759109
-0.0757561
-0.075602
-0.0754486
-0.075296
-0.0751441
-0.074993
-0.0748427
-0.0746933
-0.0745447
-0.0743969
-0.0742501
-0.0741042
-0.0739592
-0.0738152
-0.0736721
-0.0735301
-0.073389
-0.073249
-0.07311
-0.072972
-0.0728351
-0.0726994
-0.0725647
-0.0724311
-0.0722986
-0.0721673
-0.0720371
-0.0719081
-0.0717802
-0.0716536
-0.0715281
-0.0714038
-0.0712807
-0.0711588
-0.0710382
-0.0709187
-0.0708005
-0.0706836
-0.0705678
-0.0704534
-0.0703402
-0.0702282
-0.0701175
-0.0700081
-0.0699
-0.0697931
-0.0696875
-0.0695832
-0.0694801
-0.0693784
-0.0692779
-0.0691787
-0.0690808
-0.0689842
-0.0688888
-0.0687948
-0.068702
-0.0686105
-0.0685203
-0.0684313
-0.0683436
-0.0682573
-0.0681721
-0.0680883
-0.0680057
-0.0679244
-0.0678443
-0.0677655
-0.067688
-0.0676117
-0.0675367
-0.0674629
-0.0673903
-0.067319
-0.067249
-0.0671801
-0.0671125
-0.0670461
-0.0669809
-0.0669169
-0.0668541
-0.0667926
-0.0667322
-0.066673
-0.066615
-0.0665582
-0.0665026
-0.0664481
-0.0663949
-0.0663427
-0.0662918
-0.0662419
-0.0661933
-0.0661457
-0.0660994
-0.0660541
-0.06601
-0.065967
-0.0659251
-0.0658843
-0.0658446
-0.065806
-0.0657686
-0.0657322
-0.0656969
-0.0656627
-0.0656295
-0.0655975
-0.0655665
-0.0655365
-0.0655077
-0.0654798
-0.065453
-0.0654273
-0.0654026
-0.0653789
-0.0653563
-0.0653347
-0.0653141
-0.0652945
-0.065276
-0.0652584
-0.0652418
-0.0652263
-0.0652117
-0.0651982
-0.0651856
-0.065174
-0.0651634
-0.0651537
-0.065145
-0.0651373
-0.0651306
-0.0651248
-0.06512
-0.0651161
-0.0651131
-0.0651111
-0.0651101
-0.06511
-0.0651108
-0.0651125
-0.0651151
-0.0651187
-0.0651232
-0.0651286
-0.0651349
-0.0651421
-0.0651502
-0.0651592
-0.0651691
-0.0651798
-0.0651915
-0.065204
-0.0652175
-0.0652318
-0.0652469
-0.065263
-0.0652799
-0.0652977
-0.0653163
-0.0653359
-0.0653562
-0.0653775
-0.0653996
-0.0654225
-0.0654463
-0.0654709
-0.0654964
-0.0655227
-0.0655499
-0.0655779
-0.0656067
-0.0656364
-0.0656669
-0.0656982
-0.0657303
-0.0657632
-0.065797
-0.0658316
-0.065867
-0.0659032
-0.0659402
-0.065978
-0.0660165
-0.0660559
-0.0660961
-0.0661371
-0.0661788
-0.0662214
-0.0662647
-0.0663087
-0.0663536
-0.0663992
-0.0664456
-0.0664927
-0.0665406
-0.0665893
-0.0666387
-0.0666888
-0.0667397
-0.0667913
-0.0668437
-0.0668968
-0.0669506
-0.0670051
-0.0670604
-0.0671163
-0.067173
-0.0672304
-0.0672884
-0.0673472
-0.0674066
-0.0674668
-0.0675276
-0.0675891
-0.0676512
-0.0677141
-0.0677776
-0.0678417
-0.0679065
-0.0679719
-0.068038
-0.0681047
-0.0681721
-0.06824
-0.0683086
-0.0683778
-0.0684476
-0.068518
-0.068589
-0.0686606
-0.0687327
-0.0688055
-0.0688788
-0.0689527
-0.0690271
-0.0691021
-0.0691776
-0.0692537
-0.0693303
-0.0694074
-0.069485
-0.0695632
-0.0696418
-0.069721
-0.0698006
-0.0698807
-0.0699613
-0.0700424
-0.0701239
-0.0702059
-0.0702883
-0.0703712
-0.0704545
-0.0705382
-0.0706224
-0.0707069
-0.0707918
-0.0708772
-0.0709629
-0.071049
-0.0711354
-0.0712222
-0.0713094
-0.0713969
-0.0714847
-0.0715729
-0.0716614
-0.0717502
-0.0718393
-0.0719287
-0.0720183
-0.0721083
-0.0721985
-0.0722889
-0.0723796
-0.0724706
-0.0725617
-0.0726531
-0.0727447
-0.0728365
-0.0729285
-0.0730207
-0.073113
-0.0732055
-0.0732982
-0.073391
-0.073484
-0.0735771
-0.0736703
-0.0737636
-0.073857
-0.0739505
-0.0740441
-0.0741377
-0.0742314
-0.0743252
-0.074419
-0.0745128
-0.0746066
-0.0747005
-0.0747944
-0.0748883
-0.0749821
-0.0750759
-0.0751697
-0.0752635
-0.0753572
-0.0754508
-0.0755443
-0.0756378
-0.0757312
-0.0758245
-0.0759176
-0.0760107
-0.0761036
-0.0761964
-0.076289
-0.0763815
-0.0764738
-0.0765659
-0.0766578
-0.0767496
-0.0768411
-0.0769324
-0.0770235
-0.0771144
-0.077205
-0.0772954
-0.0773855
-0.0774754
-0.0775649
-0.0776542
-0.0777432
-0.0778319
-0.0779202
-0.0780083
-0.078096
-0.0781834
-0.0782704
-0.0783571
-0.0784434
-0.0785293
-0.0786148
-0.0787
-0.0787848
-0.0788691
-0.0789531
-0.0790366
-0.0791197
-0.0792023
-0.0792846
-0.0793663
-0.0794476
-0.0795284
-0.0796088
-0.0796887
-0.0797681
-0.0798469
-0.0799253
-0.0800032
-0.0800806
-0.0801574
-0.0802337
-0.0803095
-0.0803847
-0.0804593
-0.0805335
-0.080607
-0.08068
-0.0807524
-0.0808242
-0.0808954
-0.0809661
-0.0810361
-0.0811056
-0.0811744
-0.0812426
-0.0813102
-0.0813772
-0.0814435
-0.0815092
-0.0815743
-0.0816387
-0.0817025
-0.0817656
-0.081828
-0.0818898
-0.0819509
-0.0820114
-0.0820712
-0.0821303
-0.0821887
-0.0822464
-0.0823035
-0.0823598
-0.0824155
-0.0824704
-0.0825247
-0.0825782
-0.0826311
-0.0826832
-0.0827346
-0.0827853
-0.0828353
-0.0828846
-0.0829331
-0.0829809
-0.083028
-0.0830744
-0.08312
-0.0831649
-0.0832091
-0.0832525
-0.0832952
-0.0833372
-0.0833784
-0.0834189
-0.0834587
-0.0834977
-0.0835359
-0.0835735
-0.0836103
-0.0836463
-0.0836817
-0.0837162
-0.0837501
-0.0837832
-0.0838155
-0.0838472
-0.083878
-0.0839082
-0.0839376
-0.0839663
-0.0839943
-0.0840215
-0.084048
-0.0840737
-0.0840988
-0.0841231
-0.0841467
-0.0841695
-0.0841917
-0.0842131
-0.0842338
-0.0842539
-0.0842732
-0.0842918
-0.0843096
-0.0843268
-0.0843433
-0.0843591
-0.0843742
-0.0843887
-0.0844024
-0.0844155
-0.0844279
-0.0844396
-0.0844506
-0.084461
-0.0844707
-0.0844798
-0.0844882
-0.0844959
-0.0845031
-0.0845095
-0.0845154
-0.0845206
-0.0845252
-0.0845292
-0.0845326
-0.0845354
-0.0845377
-0.0845396
-0.084541
-0.084542
-0.0845425
-0.0845425
-0.084542
-0.0845409
-0.0845393
-0.0845371
-0.0845344
-0.0845312
-0.0845274
-0.0845231
-0.0845183
-0.0845129
-0.084507
-0.0845005
-0.0844935
-0.084486
-0.084478
-0.0844695
-0.0844604
-0.0844509
-0.0844408
-0.0844303
-0.0844193
-0.0844078
-0.0843958
-0.0843834
-0.0843706
-0.0843572
-0.0843435
-0.0843293
-0.0843147
-0.0842996
-0.0842842
-0.0842684
-0.0842522
-0.0842356
-0.0842186
-0.0842013
-0.0841836
-0.0841656
-0.0841473
-0.0841286
-0.0841096
-0.0840903
-0.0840707
-0.0840508
-0.0840306
-0.0840102
-0.0839895
-0.0839686
-0.0839474
-0.083926
-0.0839043
-0.0838824
-0.0838604
-0.0838381
-0.0838156
-0.083793
-0.0837702
-0.0837472
-0.0837241
-0.0837008
-0.0836774
-0.0836538
-0.0836302
-0.0836064
-0.0835825
-0.0835586
-0.0835345
-0.0835103
-0.0834861
-0.0834618
-0.0834375
-0.0834131
-0.0833887
-0.0833642
-0.0833397
-0.0833152
-0.0832907
-0.0832662
-0.0832417
-0.0832172
-0.0831927
-0.0831682
-0.0831438
-0.0831194
-0.083095
-0.0830707
-0.0830465
-0.0830223
-0.0829982
-0.0829742
-0.0829502
-0.0829263
-0.0829026
-0.0828789
-0.0828553
-0.0828319
-0.0828085
-0.0827853
-0.0827622
-0.0827393
-0.0827165
-0.0826938
-0.0826713
-0.0826489
-0.0826267
-0.0826047
-0.0825828
-0.0825611
-0.0825396
-0.0825183
-0.0824971
-0.0824762
-0.0824554
-0.0824349
-0.0824145
-0.0823944
-0.0823745
-0.0823548
-0.0823353
-0.082316
-0.082297
-0.0822782
-0.0822596
-0.0822413
-0.0822232
-0.0822054
-0.0821878
-0.0821704
-0.0821534
-0.0821365
-0.08212
-0.0821037
-0.0820877
-0.0820719
-0.0820564
-0.0820412
-0.0820263
-0.0820117
-0.0819973
-0.0819832
-0.0819694
-0.081956
-0.0819428
-0.0819299
-0.0819173
-0.081905
-0.081893
-0.0818813
-0.0818699
-0.0818588
-0.081848
-0.0818376
-0.0818274
-0.0818176
-0.0818081
-0.0817989
-0.08179
-0.0817814
-0.0817732
-0.0817653
-0.0817577
-0.0817505
-0.0817436
-0.081737
-0.0817307
-0.0817248
-0.0817192
-0.0817139
-0.081709
-0.0817044
-0.0817002
-0.0816962
-0.0816927
-0.0816894
-0.0816866
-0.081684
-0.0816818
-0.0816799
-0.0816784
-0.0816772
-0.0816764
-0.0816759
-0.0816758
-0.081676
-0.0816766
-0.0816775
-0.0816788
-0.0816804
-0.0816824
-0.0816847
-0.0816873
-0.0816904
-0.0816937
-0.0816974
-0.0817015
-0.0817059
-0.0817107
-0.0817159
-0.0817214
-0.0817272
-0.0817334
-0.08174
-0.0817469
-0.0817541
-0.0817617
-0.0817697
-0.081778
-0.0817867
-0.0817958
-0.0818052
-0.0818149
-0.081825
-0.0818355
-0.0818463
-0.0818575
-0.081869
-0.0818809
-0.0818931
-0.0819057
-0.0819187
-0.081932
-0.0819456
-0.0819596
-0.081974
-0.0819887
-0.0820038
-0.0820192
-0.082035
-0.0820511
-0.0820676
-0.0820845
-0.0821016
-0.0821192
-0.0821371
-0.0821553
-0.0821739
-0.0821928
-0.0822121
-0.0822318
-0.0822518
-0.0822721
-0.0822928
-0.0823138
-0.0823352
-0.0823569
-0.0823789
-0.0824013
-0.0824241
-0.0824471
-0.0824706
-0.0824943
-0.0825184
-0.0825429
-0.0825676
-0.0825927
-0.0826182
-0.082644
-0.0826701
-0.0826965
-0.0827233
-0.0827504
-0.0827778
-0.0828056
-0.0828336
-0.082862
-0.0828908
-0.0829198
-0.0829492
-0.0829789
-0.0830088
-0.0830392
-0.0830698
-0.0831007
-0.083132
-0.0831635
-0.0831954
-0.0832275
-0.08326
-0.0832927
-0.0833258
-0.0833591
-0.0833928
-0.0834267
-0.0834609
-0.0834954
-0.0835302
-0.0835653
-0.0836006
-0.0836363
-0.0836722
-0.0837083
-0.0837448
-0.0837815
-0.0838184
-0.0838556
-0.0838931
-0.0839308
-0.0839688
-0.084007
-0.0840455
-0.0840842
-0.0841232
-0.0841623
-0.0842017
-0.0842414
-0.0842812
-0.0843213
-0.0843616
-0.084402
-0.0844427
-0.0844836
-0.0845247
-0.084566
-0.0846075
-0.0846491
-0.084691
-0.084733
-0.0847752
-0.0848175
-0.08486
-0.0849027
-0.0849455
-0.0849885
-0.0850316
-0.0850748
-0.0851182
-0.0851617
-0.0852053
-0.0852491
-0.0852929
-0.0853369
-0.0853809
-0.085425
-0.0854692
-0.0855135
-0.0855579
-0.0856024
-0.0856469
-0.0856914
-0.085736
-0.0857807
-0.0858254
-0.0858701
-0.0859148
-0.0859596
-0.0860043
-0.0860491
-0.0860938
-0.0861386
-0.0861833
-0.086228
-0.0862727
-0.0863173
-0.0863619
-0.0864065
-0.0864509
-0.0864953
-0.0865397
-0.0865839
-0.086628
-0.0866721
-0.086716
-0.0867599
-0.0868036
-0.0868472
-0.0868906
-0.0869339
-0.086977
-0.08702
-0.0870628
-0.0871055
-0.0871479
-0.0871902
-0.0872322
-0.0872741
-0.0873157
-0.0873571
-0.0873983
-0.0874393
-0.0874799
-0.0875204
-0.0875605
-0.0876004
-0.0876401
-0.0876794
-0.0877184
-0.0877572
-0.0877956
-0.0878337
-0.0878715
-0.0879089
-0.087946
-0.0879828
-0.0880192
-0.0880552
-0.0880909
-0.0881262
-0.0881611
-0.0881956
-0.0882297
-0.0882634
-0.0882967
-0.0883296
-0.088362
-0.088394
-0.0884256
-0.0884567
-0.0884874
-0.0885176
-0.0885474
-0.0885767
-0.0886055
-0.0886338
-0.0886616
-0.088689
-0.0887159
-0.0887422
-0.0887681
-0.0887934
-0.0888182
-0.0888425
-0.0888663
-0.0888895
-0.0889123
-0.0889344
-0.0889561
-0.0889772
-0.0889977
-0.0890177
-0.0890372
-0.0890561
-0.0890744
-0.0890922
-0.0891094
-0.0891261
-0.0891422
-0.0891577
-0.0891727
-0.0891871
-0.0892009
-0.0892141
