-0.025
-0.00109429
0.0112481
0.0112481
0.0111211
0.016408
0.0234167
0.0179968
0.00140373
-0.0223998
-0.047679
-0.0683269
-0.0793808
-0.0782092
-0.0655368
-0.0653743
-0.065024
-0.0435805
-0.018754
0.0031463
0.0167036
0.0185465
0.00817756
-0.0119114
-0.0368531
-0.0605952
-0.077381
-0.0831569
-0.0765644
-0.0592706
-0.0355604
-0.0112885
0.00755142
0.0162956
0.0127567
-0.00223651
-0.0250395
-0.0500859
-0.0712504
-0.0833504
-0.0834151
-0.0714124
-0.0502544
-0.0250823
-0.00200878
0.0133769
0.0173758
0.0090855
-0.00937869
-0.0333996
-0.0573158
-0.0569868
-0.0742435
-0.080816
-0.0749658
-0.0580006
-0.0339521
-0.009008
0.00136183
0.00169111
0.0119169
0.0228091
0.0214268
0.00819914
-0.0135708
-0.0385023
-0.0604661
-0.0740817
-0.0760348
