-0.575
8.4681
6.8961
5.1256
3.15974
1.00284
-1.33919
-3.8588
-6.55531
-9.41222
-12.4176
-15.5578
-18.8176
-22.1798
-25.6256
-29.1339
-32.6814
-36.2424
-39.7885
-43.2883
-46.7071
-50.0069
-53.146
-56.0794
-58.7588
-61.1338
-63.153
-64.7663
-65.9281
-66.6008
-66.7595
-66.3959
-65.5217
-64.1702
-62.3955
-59.7434
-59.7434
-60.2685
-57.6734
-57.5596
-57.9622
-56.0282
-53.8295
-51.5179
-49.1384
-46.7275
-44.3126
-41.9129
-39.5409
-37.2044
-34.9083
-32.6563
-30.4521
-28.3
-26.2057
-24.1762
-22.2201
-20.3467
-18.5666
-16.8909
-15.3309
-13.898
-12.6032
-11.4571
-10.4695
-9.64906
-9.00333
-8.53846
-8.259
-8.16784
-8.26604
-8.55276
-9.0252
-9.67855
-10.506
-11.4987
-12.646
-13.9352
-15.3521
-16.8809
-18.5043
-20.1722
-20.5008
-20.5341
-22.0598
-24.0107
-25.9758
-27.9336
-29.8627
-31.7418
-33.5501
-35.2675
-36.8748
-38.3539
-39.6881
-40.8621
-41.8622
-42.6764
-43.2946
-43.7086
-43.9123
-43.9018
-43.6752
-43.2328
-42.5774
-41.7138
-40.649
-39.3924
-37.9552
-36.3506
-34.5937
-32.7011
-30.6909
-28.5823
-26.3955
-24.1515
-21.8716
-19.5773
-17.2902
-15.0314
-12.8217
-10.6814
-8.62947
-6.68436
-4.86317
-3.18183
-1.65493
-0.295655
0.884314
1.87483
2.66737
3.25504
3.63264
3.79666
3.74533
3.47861
2.99817
2.3074
1.41135
0.316702
-0.968265
-2.43377
-4.06861
-5.86023
-7.79485
-9.85755
-12.0324
-14.3027
-16.651
-19.0591
-21.5086
-23.9808
-26.4568
-28.9179
-31.3454
-33.7213
-36.0277
-38.2479
-40.3655
-42.3655
-44.2338
-45.9575
-47.525
-48.9262
-50.1525
-51.197
-52.0541
-52.7202
-53.1935
-53.4737
-53.5624
-53.463
-53.1806
-52.722
-52.0956
-51.3115
-50.3812
-49.3177
-48.135
-46.8485
-45.4744
-44.0297
-42.5323
-41
-39.4513
-37.9045
-36.3776
-34.8884
-33.454
-32.0907
-30.8139
-29.6377
-28.5752
-27.6378
-26.8356
-26.1769
-25.6686
-25.3156
-25.1213
-25.0872
-25.213
-25.497
-25.9355
-26.5233
-27.2538
-28.1187
-29.1085
-30.2125
-31.4187
-32.7144
-34.0859
-35.5186
-36.9978
-38.5079
-40.0335
-41.5589
-43.0684
-44.5469
-45.9792
-47.3512
-48.6491
-49.8601
-50.9723
-51.9749
-52.8584
-53.6144
-54.2361
-54.7181
-55.0564
-55.2486
-55.294
-55.1933
-54.949
-54.565
-54.0469
-53.4018
-52.638
-51.7653
-50.795
-49.7391
-48.6109
-47.4247
-46.1953
-44.9384
-43.67
-42.4064
-41.1641
-39.9595
-38.809
-37.7284
-36.7329
-35.8374
-35.0554
-34.3998
