0.5
0.20252
0.257564
0.311933
0.365489
0.41811
0.469678
0.520078
0.569473
0.617554
0.664216
0.709353
0.752845
0.79456
0.834343
0.872007
0.907328
0.940031
0.96978
0.996169
1.01871
1.03681
1.04981
1.05692
1.05728
1.04997
1.03406
1.00866
0.973032
0.926683
0.869523
0.80196
0.724999
0.640266
0.549948
0.456652
0.456652
0.456652
0.370009
0.366362
0.366362
0.296349
0.225602
0.158773
0.0970186
0.041118
-0.00851829
-0.0518058
-0.0889201
-0.120222
-0.146184
-0.167332
-0.184195
-0.197278
-0.207039
-0.213885
-0.218165
-0.220179
-0.22018
-0.218379
-0.214956
-0.210062
-0.203824
-0.196357
-0.187758
-0.178121
-0.167531
-0.156075
-0.143838
-0.13091
-0.117389
-0.103377
-0.0889869
-0.0743411
-0.0595717
-0.0448204
-0.0302383
-0.015984
-0.00222214
0.0108791
0.0231506
0.0344258
0.0362335
0.0362335
0.0477353
0.0615648
0.0736886
0.0839664
0.092274
0.0985055
0.102576
0.104422
0.104005
0.10131
0.096345
0.0891427
0.0797585
0.0682703
0.0547773
0.039399
0.0222747
0.00356203
-0.0165637
-0.0379105
-0.0602715
-0.0834254
-0.107139
-0.13117
-0.155266
-0.179172
-0.20263
-0.225386
-0.24719
-0.267803
-0.286999
-0.30457
-0.320329
-0.334112
-0.345781
-0.355228
-0.36237
-0.367154
-0.369553
-0.369569
-0.367227
-0.362574
-0.355678
-0.346624
-0.335511
-0.322452
-0.307569
-0.290991
-0.272855
-0.253301
-0.232469
-0.210503
-0.187545
-0.163737
-0.139218
-0.114125
-0.0885901
-0.0627428
-0.036708
-0.0106058
0.0154486
0.0413448
0.0669779
0.0922481
0.117061
0.141328
0.164965
0.187894
0.210041
0.231339
0.251725
0.27114
0.289531
0.306849
0.323051
0.338095
0.351947
0.364575
0.375952
0.386056
0.394867
0.402373
0.408564
0.413437
0.416994
0.419241
0.420193
0.41987
0.4183
0.415518
0.411566
0.406496
0.400365
0.393241
0.385197
0.376315
0.36668
0.356385
0.345526
0.3342
0.322507
0.310544
0.298406
0.286187
0.27397
0.261837
0.249858
0.238098
0.22661
0.21544
0.204623
0.194187
0.18415
0.174523
0.165312
0.156512
0.148119
0.14012
0.1325
0.125244
0.118332
0.111746
0.105466
0.0994722
0.093748
0.0882764
0.0830426
0.0780341
0.0732403
0.0686532
0.0642673
0.0600797
0.0560898
0.0522996
0.0487136
0.0453384
0.0421827
0.0392572
0.0365744
0.0341481
0.0319936
0.0301273
0.0285664
0.0273289
0.0264333
0.0258983
0.0257427
0.0259855
0.0266454
0.0277407
0.0292894
0.031309
0.0338162
0.0368271
0.0403568
0.0444194
0.0490279
0.054194
0.0599276
0.0662373
0.0731293
0.0806079
0.0886748
0.0973288
0.106566
0.116377
0.126753
0.137676
0.149127
0.161081
