-4.125
-4.14608
-4.33396
-4.7009
-5.25951
-6.02411
-7.01001
-8.2335
-9.71916
-11.48
-13.5357
-15.907
-18.616
-21.6861
-25.1423
-29.0112
-33.321
-38.1016
-43.3847
-49.2032
-55.5903
-62.5793
-70.2007
-78.4809
-87.4379
-97.0781
-107.391
-118.342
-129.872
-141.889
-154.27
-166.864
-179.499
-191.996
-204.181
-208.8
270.921
-215.482
-219.864
-219.672
-226.063
-236.518
-246.706
-256.434
-265.723
-274.607
-283.135
-291.358
-299.327
-307.088
-314.682
-322.14
-329.488
-336.745
-343.923
-351.029
-358.069
-365.044
-371.953
-378.791
-385.556
-392.242
-398.841
-405.346
-411.749
-418.041
-424.212
-430.253
-436.153
-441.902
-447.489
-452.904
-458.134
-463.171
-468.003
-472.621
-477.014
-481.175
-485.094
-488.764
-492.179
-493.387
-493.242
-494.808
-497.536
-500.179
-502.557
-504.668
-506.512
-508.088
-509.398
-510.443
-511.224
-511.744
-512.004
-512.006
-511.751
-511.242
-510.479
-509.464
-508.198
-506.682
-504.915
-502.9
-500.637
-498.128
-495.375
-492.38
-489.148
-485.684
-481.994
-478.086
-473.97
-469.656
-465.157
-460.487
-455.662
-450.698
-445.614
-440.429
-435.161
-429.831
-424.459
-419.064
-413.667
-408.287
-402.942
-397.651
-392.432
-387.301
-382.275
-377.368
-372.595
-367.969
-363.505
-359.213
-355.104
-351.191
-347.482
-343.988
-340.715
-337.674
-334.871
-332.312
-330.005
-327.954
-326.165
-324.642
-323.389
-322.409
-321.705
-321.278
-321.13
-321.262
-321.674
-322.364
-323.332
-324.576
-326.092
-327.878
-329.928
-332.238
-334.801
-337.611
-340.661
-343.94
-347.441
-351.152
-355.061
-359.158
-363.428
-367.857
-372.431
-377.132
-381.945
-386.852
-391.835
-396.875
-401.954
-407.052
-412.149
-417.227
-422.267
-427.249
-432.154
-436.966
-441.667
-446.241
-450.671
-454.943
-459.042
-462.956
-466.673
-470.18
-473.468
-476.526
-479.345
-481.916
-484.232
-486.286
-488.07
-489.58
-490.809
-491.752
-492.406
-492.767
-492.831
-492.596
-492.059
-491.221
-490.078
-488.633
-486.883
-484.832
-482.48
-479.83
-476.885
-473.648
-470.124
-466.317
-462.234
-457.88
-453.262
-448.389
-443.267
-437.907
-432.318
-426.509
-420.492
-414.277
-407.876
-401.302
-394.566
-387.683
-380.665
-373.526
-366.279
-358.94
-351.522
-344.04
-336.509
-328.942
-321.355
-313.762
-306.178
-298.616
-291.09
-283.614
-276.203
-268.867
-261.621
-254.477
-247.446
-240.539
