2.5
2.4978
2.49575
2.49394
2.49248
2.49156
2.49141
2.49229
2.4948
2.49906
2.50549
2.5145
2.52659
2.54227
2.56212
2.58675
2.61684
2.6531
2.69629
2.74719
2.80658
2.87519
2.95365
3.04242
3.14164
3.25101
3.36965
3.49589
3.62719
3.76002
3.8899
4.0116
4.11944
4.20783
4.27184
4.30775
-14.8811
4.29177
4.29861
4.2839
4.27017
4.25235
4.21312
4.15366
4.07635
3.98408
3.87998
3.76717
3.64853
3.52665
3.40369
3.28139
3.16115
3.04401
2.93074
2.82188
2.71782
2.61879
2.5249
2.43622
2.35272
2.27434
2.20095
2.13243
2.0686
2.00926
1.9542
1.90319
1.85599
1.81233
1.77197
1.73464
1.70007
1.66799
1.63817
1.61034
1.58428
1.55977
1.5366
1.51461
1.49362
1.47351
1.45912
1.44542
1.42987
1.4136
1.39803
1.3831
1.36877
1.35501
1.34177
1.32902
1.31671
1.30478
1.29315
1.28172
1.27038
1.25898
1.24737
1.23535
1.22274
1.20932
1.19487
1.17917
1.16201
1.14317
1.12249
1.09979
1.07495
1.04788
1.01854
0.986924
0.953081
0.917111
0.879156
0.839401
0.798068
0.755407
0.711693
0.66721
0.62225
0.577103
0.532048
0.487349
0.443248
0.399965
0.357691
0.316593
0.276808
0.238445
0.201591
0.166307
0.132635
0.100597
0.0702018
0.0414428
0.0143044
-0.0112373
-0.0352121
-0.057654
-0.0785989
-0.0980841
-0.116146
-0.132821
-0.148141
-0.16214
-0.174844
-0.18628
-0.196471
-0.205436
-0.213195
-0.219763
-0.225154
-0.229383
-0.232463
-0.23441
-0.235238
-0.234966
-0.233616
-0.231214
-0.227791
-0.223383
-0.218037
-0.211806
-0.204752
-0.196948
-0.188479
-0.179441
-0.169942
-0.160103
-0.150058
-0.139952
-0.129942
-0.120194
-0.110884
-0.102191
-0.0942995
-0.0873935
-0.0816536
-0.077254
-0.074358
-0.0731153
-0.0736582
-0.0760985
-0.0805256
-0.0870044
-0.0955745
-0.10625
-0.119019
-0.133846
-0.150674
-0.169426
-0.190008
-0.212311
-0.236215
-0.261593
-0.288312
-0.316235
-0.345226
-0.375152
-0.405879
-0.437282
-0.469239
-0.501636
-0.534363
-0.567319
-0.600411
-0.63355
-0.666655
-0.699652
-0.732472
-0.76505
-0.797328
-0.829252
-0.860768
-0.891831
-0.922394
-0.952414
-0.981849
-1.01066
-1.03881
-1.06625
-1.09296
-1.11888
-1.14399
-1.16824
-1.19161
-1.21404
-1.23551
-1.25598
-1.27541
-1.29376
-1.31101
-1.32712
-1.34207
-1.35582
-1.36837
-1.37968
-1.38974
-1.39856
-1.40612
-1.41242
-1.41748
-1.4213
-1.42392
-1.42536
-1.42565
-1.42483
-1.42296
-1.42008
-1.41626
-1.41157
-1.40608
-1.39987
