-0.125
-0.0782492
-0.00427909
-0.0042791
-0.0500524
-0.130229
-0.150078
-0.189633
-0.258128
-0.361172
-0.502869
-0.683275
-0.894657
-1.1267
-1.23632
-1.23737
-1.3681
-1.6055
-1.83382
-2.04513
-2.23286
-2.38999
-2.50935
-2.58398
-2.60807
-2.57868
-2.49721
-2.36995
-2.20709
-2.01994
-1.81846
-1.61085
-1.40371
-1.20246
-1.01141
-0.833829
-0.672519
-0.530889
-0.413481
-0.325197
-0.268887
-0.242788
-0.23996
-0.249977
-0.261066
-0.261445
-0.239967
-0.186779
-0.0945922
0.0392826
0.0553736
0.211417
0.412615
0.630363
0.852631
1.0709
1.2801
1.43825
1.49523
1.53033
1.65251
1.80826
1.93465
2.02677
2.07951
2.09052
2.05922
1.98801
1.88173
