0
0.0249896
0.0499167
0.0747191
0.0993347
0.123702
0.14776
0.171449
0.194709
0.217483
0.239713
0.261344
0.282321
0.302593
0.322109
0.340819
0.358678
0.37564
0.391663
0.406708
0.420735
0.433712
0.445604
0.456382
0.46602
0.474492
0.481779
0.487862
0.492725
0.496356
0.498747
0.499892
0.499787
0.498433
0.495832
0.491993
0.491993
0.491993
0.486924
0.486671
0.486671
0.480638
0.47315
0.46448
0.454649
0.443681
0.431605
0.418449
0.404248
0.389037
0.372853
0.355737
0.337732
0.318882
0.299236
0.278842
0.257751
0.236015
0.21369
0.19083
0.167494
0.143739
0.119625
0.0952113
0.07056
0.0457323
0.0207903
-0.00420362
-0.0291871
-0.0540976
-0.0788728
-0.103451
-0.127771
-0.151771
-0.175392
-0.198574
-0.22126
-0.243393
-0.264918
-0.285781
-0.305929
-0.325313
-0.329091
-0.329091
-0.343883
-0.361594
-0.378401
-0.394263
-0.409139
-0.422992
-0.435788
-0.447495
-0.458083
-0.467526
-0.475801
-0.482887
-0.488765
-0.493422
-0.496846
-0.499027
-0.499962
-0.499646
-0.498082
-0.495273
-0.491226
-0.485952
-0.479462
-0.471774
-0.462907
-0.452883
-0.441727
-0.429467
-0.416134
-0.40176
-0.386382
-0.370039
-0.35277
-0.33462
-0.315633
-0.295858
-0.275343
-0.25414
-0.232301
-0.209882
-0.186938
-0.163527
-0.139708
-0.115539
-0.0910813
-0.066396
-0.0415447
-0.0165896
0.00840695
0.0333825
0.0582746
0.0830211
0.10756
0.13183
0.155771
0.179322
0.202425
0.225022
0.247057
0.268474
0.28922
0.309243
0.328493
0.346922
0.364485
0.381136
0.396834
0.41154
0.425218
0.437833
0.449354
0.459752
0.469
0.477076
0.48396
0.489634
0.494084
0.497299
0.499272
0.499996
0.499471
0.497697
0.494679
0.490425
0.484945
0.478253
0.470365
0.461302
0.451086
0.439742
0.427299
0.413789
0.399244
0.383701
0.367199
0.349779
0.331485
0.312362
0.292459
0.271824
0.25051
0.22857
0.206059
0.183033
0.159549
0.135667
0.111445
0.0869447
0.0622272
0.0373541
0.0123877
-0.0126097
-0.0375756
-0.0624475
-0.0871634
-0.111661
-0.13588
-0.15976
-0.18324
-0.206262
-0.228768
-0.250703
-0.272011
-0.292639
-0.312535
-0.331651
-0.349937
-0.367349
-0.383843
-0.399377
-0.413913
-0.427415
-0.439848
-0.451182
-0.461388
-0.470441
-0.478318
-0.484999
-0.490468
-0.494711
-0.497718
-0.499481
-0.499995
-0.49926
-0.497276
-0.49405
-0.489589
-0.483904
-0.47701
-0.468923
-0.459664
-0.449257
-0.437726
-0.425101
-0.411414
-0.396699
-0.380992
-0.364332
-0.346763
-0.328326
-0.309069
-0.289039
-0.268286
-0.246864
-0.224824
-0.202222
-0.179115
-0.15556
-0.131616
-0.107343
