-0.0438861
-0.023389
-0.00454832
0.0125196
0.0277037
0.0408973
0.0519982
0.0609087
0.0675216
0.0717457
0.0734947
0.072688
0.0692508
0.0631158
0.0542233
0.0425232
0.0279761
0.010555
-0.00975186
-0.0329383
-0.0589762
-0.0878108
-0.119354
-0.153475
-0.189994
-0.228667
-0.269174
-0.311109
-0.353967
-0.397137
-0.439907
-0.481476
-0.520986
-0.557566
-0.590397
-0.579085
-0.579085
-0.618617
-0.610393
-0.609999
-0.641295
-0.660727
-0.675507
-0.686223
-0.69326
-0.697161
-0.698591
-0.698279
-0.696975
-0.695403
-0.694229
-0.694039
-0.695327
-0.698496
-0.703856
-0.711639
-0.722009
-0.735071
-0.750885
-0.769475
-0.790837
-0.81495
-0.841774
-0.87126
-0.903354
-0.93799
-0.975101
-1.01461
-1.05644
-1.10051
-1.14672
-1.19496
-1.24513
-1.29711
-1.35074
-1.4059
-1.46241
-1.5201
-1.57878
-1.63826
-1.69833
-1.72802
-1.73242
-1.763
-1.81902
-1.87954
-1.93993
-1.99995
-2.05939
-2.11804
-2.17568
-2.23215
-2.28728
-2.34092
-2.39295
-2.44325
-2.49176
-2.5384
-2.58311
-2.62586
-2.66663
-2.70538
-2.74211
-2.7768
-2.80944
-2.83999
-2.86845
-2.89479
-2.91897
-2.94096
-2.96073
-2.97823
-2.99343
-3.0063
-3.01681
-3.02495
-3.03069
-3.03405
-3.03504
-3.03368
-3.03004
-3.02415
-3.01611
-3.006
-2.99392
-2.97998
-2.96432
-2.94707
-2.92838
-2.90839
-2.88726
-2.86516
-2.84225
-2.81869
-2.79463
-2.77026
-2.74571
-2.72115
-2.69673
-2.67259
-2.64886
-2.62569
-2.60318
-2.58145
-2.56061
-2.54076
-2.52197
-2.50434
-2.48791
-2.47276
-2.45892
-2.44644
-2.43535
-2.42565
-2.41736
-2.41047
-2.40497
-2.40085
-2.39807
-2.39659
-2.39637
-2.39736
-2.39948
-2.40269
-2.40689
-2.41202
-2.41798
-2.42469
-2.43204
-2.43996
-2.44833
-2.45705
-2.46603
-2.47516
-2.48434
-2.49347
-2.50247
-2.51123
-2.51969
-2.52775
-2.53536
-2.54244
-2.54896
-2.55487
-2.56014
-2.56476
-2.56872
-2.57202
-2.57469
-2.57674
-2.57823
-2.57918
-2.57967
-2.57973
-2.57945
-2.57888
-2.57809
-2.57716
-2.57615
-2.57511
-2.57413
-2.57324
-2.57249
-2.57194
-2.57162
-2.57155
-2.57176
-2.57226
-2.57306
-2.57415
-2.57552
-2.57717
-2.57907
-2.58119
-2.58351
-2.58599
-2.58858
-2.59126
-2.59398
-2.5967
-2.59937
-2.60196
-2.60441
-2.60671
-2.60879
-2.61065
-2.61224
-2.61354
-2.61453
-2.6152
-2.61554
-2.61554
-2.6152
-2.61453
-2.61356
-2.61228
-2.61074
-2.60896
-2.60698
-2.60484
-2.6026
-2.6003
-2.598
-2.59577
-2.59367
-2.59177
-2.59015
-2.58888
-2.58803
-2.5877
-2.58795
-2.58886
-2.59052
-2.593
