3.57143
3.84358
4.10652
4.36355
4.61679
4.86846
5.12082
5.37626
5.63666
5.90495
6.18359
6.47518
6.78238
7.108
7.45505
7.82677
8.22673
8.65889
9.12774
9.6384
10.1968
10.8097
11.4851
12.2319
13.0604
13.9816
15.0073
16.1491
17.4176
18.8203
20.3603
22.0338
23.8283
25.7212
27.6794
28.7241
28.7241
29.661
30.6192
30.6558
31.6115
33.3453
35.0183
36.5661
37.9655
39.2022
40.2715
41.1775
41.9314
42.549
43.0488
43.4492
43.7674
44.0179
44.2123
44.3589
44.4633
44.5286
44.5561
44.5456
44.4959
44.4052
44.2714
44.0925
43.8664
43.5917
43.2668
42.8911
42.4641
41.9863
41.4584
40.882
40.2591
39.5925
38.8855
38.1421
37.3666
36.5639
35.7391
34.8976
34.0448
33.6649
33.6187
33.1333
32.311
31.4381
30.5713
29.7147
28.8715
28.0445
27.2355
26.4457
25.6753
24.9241
24.1911
23.4749
22.7739
22.0863
21.4104
20.7444
20.0872
19.4378
18.7958
18.1615
17.5354
16.9188
16.3132
15.7207
15.1435
14.5841
14.0448
13.5279
13.0355
12.5696
12.1314
11.7219
11.3419
10.9913
10.6699
10.3771
10.1119
9.87306
9.65918
9.46873
9.3001
9.15167
9.02186
8.90915
8.81213
8.72948
8.66006
8.60285
8.55697
8.52173
8.49656
8.48104
8.47489
8.47796
8.49023
8.51178
8.54281
8.58359
8.6345
8.69596
8.76849
8.85263
8.949
9.05821
9.18094
9.31786
9.46965
9.63699
9.82057
10.021
10.239
10.475
10.7298
11.0036
11.297
11.6104
11.944
12.298
12.6725
13.0676
13.483
13.9186
14.3739
14.8484
15.3415
15.8522
16.3795
16.9222
17.4788
18.0476
18.627
19.2147
19.8085
20.406
21.0045
21.6011
22.1929
22.7769
23.3498
23.9084
24.4495
24.97
25.4667
25.9367
26.3772
26.7857
27.16
27.4979
27.7978
28.0584
28.2785
28.4574
28.5947
28.6902
28.7441
28.7567
28.7286
28.6607
28.5539
28.4092
28.228
28.0115
27.7612
27.4784
27.1647
26.8217
26.4509
26.0539
25.6323
25.1879
24.7222
24.237
23.734
23.215
22.6817
22.1359
21.5794
21.0143
20.4423
19.8654
19.2856
18.7048
18.1251
17.5485
16.977
16.4126
15.8573
15.3128
14.7812
14.2641
13.763
13.2796
12.8151
12.3706
11.947
11.5451
11.1654
10.808
10.4728
10.1597
9.86807
9.59706
9.34565
9.11257
8.89636
8.69536
8.50777
8.33167
8.16505
8.00584
