0
-0.00164916
-0.00316053
-0.00484946
-0.00689787
-0.009481
-0.0127677
-0.0169214
-0.0220473
-0.0283379
-0.0359305
-0.0449588
-0.0555555
-0.0678558
-0.082001
-0.0981442
-0.116456
-0.137132
-0.160402
-0.186537
-0.215862
-0.248766
-0.285707
-0.327218
-0.373901
-0.426408
-0.485403
-0.551493
-0.625133
-0.706491
-0.795286
-0.890624
-0.990853
-1.09349
-1.19526
-1.29226
-1.29226
-1.29226
-1.37608
-1.3794
-1.3794
-1.44092
-1.49211
-1.52794
-1.54725
-1.54979
-1.53621
-1.50796
-1.46703
-1.41572
-1.35643
-1.29139
-1.22254
-1.15148
-1.07941
-1.00715
-0.935208
-0.86384
-0.7931
-0.722907
-0.653099
-0.583471
-0.513807
-0.443904
-0.373588
-0.302726
-0.231229
-0.159064
-0.0862479
-0.0128517
0.0609995
0.13513
0.209314
0.283282
0.356725
0.429301
0.50064
0.570358
0.638063
0.703369
0.765907
0.825335
0.836701
0.836701
0.882209
0.936151
0.986364
1.03269
1.07505
1.11341
1.14785
1.17849
1.20551
1.22916
1.2497
1.26744
1.28268
1.29571
1.30681
1.31621
1.32411
1.33065
1.3359
1.33992
1.34267
1.34408
1.34406
1.34247
1.33918
1.33402
1.32687
1.3176
1.30612
1.29239
1.27637
1.25811
1.23766
1.21514
1.19067
1.16443
1.13659
1.10735
1.07692
1.0455
1.01328
0.980461
0.947204
0.913672
0.880004
0.84632
0.812722
0.779295
0.746103
0.713197
0.68061
0.648363
0.616464
0.58491
0.55369
0.522784
0.492167
0.461808
0.431672
0.401723
0.371922
0.342229
0.312606
0.283015
0.253419
0.223784
0.19408
0.164279
0.134359
0.1043
0.0740898
0.0437185
0.0131838
-0.0175115
-0.048358
-0.07934
-0.110435
-0.141613
-0.172838
-0.204064
-0.235239
-0.266303
-0.297184
-0.327806
-0.358079
-0.387906
-0.417181
-0.445787
-0.473595
-0.500471
-0.526267
-0.550829
-0.573995
-0.595596
-0.615457
-0.633403
-0.649257
-0.662843
-0.673994
-0.682548
-0.688359
-0.691294
-0.691242
-0.68811
-0.681835
-0.672376
-0.659725
-0.643899
-0.624947
-0.602946
-0.577998
-0.550232
-0.519798
-0.486866
-0.45162
-0.414259
-0.37499
-0.334027
-0.291586
-0.247885
-0.203138
-0.157558
-0.111352
-0.0647188
-0.0178524
0.0290621
0.0758474
0.122334
0.16836
0.213772
0.258421
0.302168
0.344878
0.386422
0.426674
0.465517
0.502835
0.538515
0.572451
0.604539
0.634679
0.662775
0.688738
0.712481
0.733926
0.753001
0.769643
0.783799
0.795424
0.80449
0.810979
0.81489
0.816236
0.815049
0.811379
0.805292
0.796875
0.786234
0.773491
0.758787
0.742278
0.724135
0.70454
0.683687
0.661777
0.639016
0.615612
0.591772
0.567698
0.543589
