0
-1.64916e-05
-4.80969e-05
-9.65915e-05
-0.00016557
-0.00026038
-0.000388057
-0.000557271
-0.000777744
-0.00106112
-0.00142043
-0.00187002
-0.00242557
-0.00310413
-0.00392414
-0.00490558
-0.00607014
-0.00744146
-0.00904548
-0.0109108
-0.0130695
-0.0155571
-0.0184142
-0.0216864
-0.0254254
-0.0296895
-0.0345435
-0.0400584
-0.0463098
-0.0533747
-0.0613275
-0.0702337
-0.0801423
-0.0910772
-0.10303
-0.10303
-0.10303
-0.115952
-0.116562
-0.116562
-0.129745
-0.144154
-0.159075
-0.174355
-0.189827
-0.205325
-0.220687
-0.235767
-0.250437
-0.264594
-0.278158
-0.291072
-0.303298
-0.314812
-0.325607
-0.335678
-0.34503
-0.353669
-0.3616
-0.368829
-0.37536
-0.381194
-0.386332
-0.390771
-0.394507
-0.397535
-0.399847
-0.401437
-0.4023
-0.402428
-0.401818
-0.400467
-0.398374
-0.395541
-0.391974
-0.387681
-0.382675
-0.376971
-0.37059
-0.363557
-0.355898
-0.354248
-0.354248
-0.347553
-0.338731
-0.32937
-0.319506
-0.309179
-0.298429
-0.287295
-0.275816
-0.264031
-0.251976
-0.239684
-0.227187
-0.214513
-0.201686
-0.188729
-0.175661
-0.162499
-0.149258
-0.135951
-0.122592
-0.109193
-0.0957665
-0.0823257
-0.0688851
-0.0554603
-0.0420686
-0.0287284
-0.0154597
-0.00228372
0.0107775
0.0237014
0.0364651
0.0490462
0.0614229
0.0735743
0.085481
0.0971253
0.108491
0.119565
0.130334
0.140789
0.150922
0.160726
0.170198
0.179335
0.188135
0.196598
0.204726
0.212519
0.21998
0.227112
0.233918
0.240401
0.246566
0.252415
0.257952
0.26318
0.268101
0.272719
0.277036
0.281053
0.284773
0.288195
0.291321
0.294151
0.296685
0.298923
0.300864
0.302507
0.30385
0.304893
0.305634
0.306071
0.306203
0.306028
0.305545
0.304751
0.303647
0.302231
0.300502
0.298462
0.296109
0.293446
0.290474
0.287196
0.283616
0.279736
0.275565
0.271107
0.266371
0.261366
0.256103
0.250595
0.244855
0.238899
0.232745
0.226411
0.219918
0.21329
0.20655
0.199724
0.192841
0.185928
0.179015
0.172134
0.165316
0.158592
0.151995
0.145556
0.139306
0.133277
0.127497
0.121995
0.116797
0.111928
0.107412
0.103269
0.0995193
0.096179
0.0932632
0.0907843
0.0887529
0.0871774
0.0860638
0.0854167
0.0852381
0.0855288
0.0862872
0.0875106
0.0891942
0.0913319
0.0939161
0.0969378
0.100387
0.104251
0.108518
0.113173
0.118201
0.123586
0.129311
0.135356
0.141703
0.148331
0.155218
0.162343
0.169682
0.177212
0.184909
0.192747
0.200701
0.208746
0.216855
0.225004
0.233167
0.241317
0.249431
0.257484
0.265453
0.273315
0.28105
0.288638
0.296061
0.303302
0.310347
0.317184
0.323802
0.330192
0.336348
0.342266
0.347943
0.353379
