0
0.0035714
0.00714261
0.0107135
0.0142838
0.0178533
0.021422
0.0249896
0.0285559
0.0321207
0.0356839
0.0392453
0.0428047
0.0463619
0.0499167
0.053469
0.0570185
0.0605652
0.0641087
0.067649
0.0711859
0.0747191
0.0782485
0.0817739
0.0852951
0.088812
0.0923243
0.0958319
0.0993347
0.102832
0.106325
0.109812
0.113293
0.116769
0.120238
0.123702
0.123702
0.123702
0.127159
0.127312
0.127312
0.13061
0.134054
0.137491
0.140921
0.144344
0.14776
0.151168
0.154569
0.157961
0.161346
0.164722
0.16809
0.171449
0.174799
0.178141
0.181473
0.184797
0.188111
0.191415
0.194709
0.197994
0.201268
0.204532
0.207786
0.211029
0.214261
0.217483
0.220693
0.223892
0.22708
0.230256
0.23342
0.236572
0.239713
0.242841
0.245957
0.24906
0.25215
0.255228
0.258292
0.261344
0.261952
0.261952
0.264382
0.267406
0.270417
0.273414
0.276397
0.279366
0.282321
0.285262
0.288187
0.291099
0.293995
0.296876
0.299742
0.302593
0.305429
0.308248
0.311053
0.313841
0.316613
0.319369
0.322109
0.324832
0.327539
0.330229
0.332902
0.335558
0.338198
0.340819
0.343424
0.346011
0.34858
0.351132
0.353665
0.356181
0.358678
0.361157
0.363618
0.36606
0.368483
0.370888
0.373274
0.37564
0.377988
0.380316
0.382625
0.384914
0.387184
0.389433
0.391663
0.393873
0.396063
0.398233
0.400383
0.402512
0.40462
0.406708
0.408775
0.410821
0.412846
0.41485
0.416833
0.418795
0.420735
0.422654
0.424552
0.426427
0.428281
0.430113
0.431924
0.433712
0.435478
0.437221
0.438943
0.440642
0.442318
0.443972
0.445604
0.447212
0.448798
0.450361
0.451901
0.453418
0.454911
0.456382
0.457829
0.459253
0.460654
0.46203
0.463384
0.464714
0.46602
0.467302
0.46856
0.469795
0.471005
0.472192
0.473354
0.474492
0.475606
0.476696
0.477762
0.478803
0.479819
0.480811
0.481779
0.482722
0.483641
0.484534
0.485403
0.486248
0.487067
0.487862
0.488631
0.489376
0.490096
0.490791
0.491461
0.492105
0.492725
0.493319
0.493889
0.494433
0.494952
0.495445
0.495913
0.496356
0.496774
0.497167
0.497534
0.497875
0.498191
0.498482
0.498747
0.498987
0.499202
0.499391
0.499554
0.499692
0.499805
0.499892
0.499953
0.499989
0.5
0.499985
0.499944
0.499878
0.499787
0.49967
0.499527
0.499359
0.499166
0.498947
0.498702
0.498433
0.498137
0.497817
0.49747
0.497099
0.496702
0.49628
0.495832
0.49536
0.494862
0.494338
0.49379
0.493216
0.492617
0.491993
0.491344
0.49067
