0.357143
0.356252
0.454667
0.551809
0.64725
0.740572
0.831328
0.919035
1.0038
1.08462
1.16093
1.23211
1.29752
1.35644
1.40814
1.45181
1.48659
1.5116
1.52587
1.5284
1.51813
1.49396
1.45476
1.39942
1.32681
1.23595
1.12598
0.996367
0.846964
0.678206
0.491252
0.28811
0.0717014
-0.154169
-0.384958
-0.615641
-0.615641
-0.615641
-0.82583
-0.83474
-0.834741
-1.00316
-1.17045
-1.32626
-1.46842
-1.59545
-1.70654
-1.80149
-1.8806
-1.94456
-1.99429
-2.03081
-2.05518
-2.06842
-2.07147
-2.06516
-2.05027
-2.02747
-1.99735
-1.96046
-1.91731
-1.86833
-1.81397
-1.75463
-1.69067
-1.62246
-1.55035
-1.47464
-1.39567
-1.31374
-1.22915
-1.14221
-1.05321
-0.962473
-0.870312
-0.777063
-0.68307
-0.588698
-0.494324
-0.400339
-0.307148
-0.215163
-0.197712
-0.197712
-0.123852
-0.0323724
0.0565447
0.142497
0.225089
0.303934
0.378662
0.448928
0.51441
0.574821
0.629904
0.679442
0.723257
0.761213
0.793218
0.819225
0.839238
0.853309
0.861541
0.864092
0.86117
0.853039
0.840011
0.822447
0.800756
0.775382
0.746805
0.715529
0.682076
0.646973
0.610747
0.573913
0.536963
0.500362
0.464536
0.42987
0.396701
0.365318
0.335957
0.308806
0.284003
0.261641
0.241771
0.224405
0.209521
0.197069
0.186974
0.17914
0.173454
0.16979
0.168013
0.167978
0.169538
0.172541
0.176832
0.182259
0.188667
0.195905
0.203822
0.212269
0.221101
0.230173
0.239346
0.24848
0.25744
0.266093
0.274309
0.28196
0.288922
0.295074
0.300296
0.304475
0.3075
0.309263
0.309664
0.308606
0.305999
0.301761
0.295817
0.288101
0.278558
0.267143
0.253826
0.238589
0.22143
0.202366
0.181428
0.15867
0.134165
0.108008
0.0803157
0.0512264
0.0209012
-0.010478
-0.0427091
-0.0755717
-0.108829
-0.142233
-0.175522
-0.208432
-0.240694
-0.272043
-0.302219
-0.330971
-0.358063
-0.383275
-0.406409
-0.427285
-0.445749
-0.461671
-0.474945
-0.48549
-0.493246
-0.49818
-0.500275
-0.499536
-0.495984
-0.489657
-0.480604
-0.468889
-0.454582
-0.437766
-0.418529
-0.396964
-0.373173
-0.347258
-0.319328
-0.289493
-0.257867
-0.224566
-0.189707
-0.153412
-0.1158
-0.0769963
-0.0371246
0.00368864
0.0453162
0.0876295
0.130499
0.173795
0.217386
0.261141
0.304929
0.34862
0.392086
0.435198
0.47783
0.519862
0.561173
0.601649
0.641181
0.679664
0.717002
0.753105
0.787888
0.821278
0.853208
0.883618
0.91246
0.939689
0.965272
0.98918
1.01139
1.03189
1.05066
1.0677
1.08298
1.09652
1.10829
1.11829
