0.00357143
0.00713395
0.0116806
0.0171987
0.0236712
0.0310769
0.0393902
0.0485806
0.0586185
0.0694647
0.081074
0.0933952
0.10637
0.119935
0.134016
0.148534
0.1634
0.178516
0.193775
0.209059
0.22424
0.23918
0.253727
0.267722
0.28099
0.293349
0.304609
0.314573
0.323042
0.329824
0.334737
0.337618
0.338335
0.336793
0.332944
0.332944
0.332944
0.326787
0.326421
0.326421
0.318444
0.308412
0.296708
0.283445
0.268761
0.252806
0.235741
0.217726
0.19892
0.179475
0.159532
0.139224
0.118672
0.0979874
0.0772728
0.0566211
0.0361184
0.0158437
-0.00412978
-0.0237344
-0.0429075
-0.0615908
-0.0797305
-0.0972768
-0.114184
-0.130408
-0.145912
-0.160658
-0.174615
-0.187752
-0.200044
-0.211466
-0.221998
-0.231623
-0.240326
-0.248096
-0.254927
-0.260814
-0.265757
-0.269761
-0.272832
-0.273262
-0.273262
-0.274844
-0.276083
-0.276406
-0.275841
-0.274416
-0.272165
-0.269126
-0.265339
-0.26085
-0.255706
-0.249958
-0.243659
-0.236864
-0.229632
-0.222019
-0.214087
-0.205895
-0.197503
-0.18897
-0.180354
-0.171713
-0.163102
-0.154571
-0.146171
-0.137947
-0.129939
-0.122185
-0.114717
-0.107562
-0.100741
-0.0942713
-0.0881639
-0.0824247
-0.0770551
-0.0720515
-0.0674061
-0.0631074
-0.0591404
-0.0554873
-0.0521277
-0.0490396
-0.0461996
-0.0435832
-0.0411655
-0.0389214
-0.0368262
-0.0348555
-0.0329858
-0.0311944
-0.0294599
-0.027762
-0.0260818
-0.024402
-0.0227067
-0.0209813
-0.0192129
-0.0173904
-0.0155037
-0.0135446
-0.0115064
-0.00938371
-0.0071727
-0.00487097
-0.00247752
7.27864e-06
0.00258167
0.0052426
0.00798568
0.0108053
0.0136945
0.0166452
0.0196482
0.022693
0.025768
0.0288606
0.0319572
0.0350433
0.0381033
0.0411209
0.0440791
0.0469601
0.0497456
0.0524171
0.0549553
0.0573412
0.0595555
0.0615792
0.0633935
0.0649802
0.0663218
0.0674019
0.068205
0.0687173
0.0689263
0.0688215
0.0683945
0.0676387
0.0665504
0.0651281
0.0633729
0.0612886
0.0588816
0.0561612
0.053139
0.0498293
0.0462487
0.0424159
0.0383518
0.034079
0.0296215
0.0250048
0.0202553
0.0154004
0.010468
0.00548618
0.000483434
-0.00451192
-0.00947177
-0.0143683
-0.0191744
-0.0238633
-0.0284091
-0.0327868
-0.036972
-0.0409417
-0.0446734
-0.048146
-0.0513393
-0.0542342
-0.0568129
-0.0590585
-0.0609556
-0.0624897
-0.0636477
-0.0644177
-0.0647889
-0.064752
-0.0642989
-0.0634226
-0.0621176
-0.0603796
-0.0582058
-0.0555944
-0.0525451
-0.0490589
-0.045138
-0.0407861
-0.0360078
-0.0308091
-0.0251974
-0.0191809
-0.0127691
-0.00597248
0.00119755
0.0087286
0.0166075
0.0248203
0.0333523
0.0421885
0.0513131
0.06071
0.0703627
0.0802545
0.0903685
0.100687
0.111194
0.121871
0.132701
0.143666
0.154749
0.165932
