12.8273
13.8097
13.7053
13.5195
13.2565
12.9209
12.5176
12.0526
11.5258
10.949
10.3301
9.67785
9.00214
8.31374
7.62456
6.94763
6.29716
5.68861
5.13873
4.66558
4.28854
4.02829
3.90668
3.9465
4.17107
4.60363
5.26635
6.17907
7.3576
8.81174
10.5433
12.544
14.7944
17.2635
19.9093
22.2197
22.2197
22.6815
24.7689
24.8551
25.4534
27.8054
30.2233
32.5979
34.8976
37.0964
39.1745
41.1183
42.9192
44.5733
46.0794
47.4385
48.6526
49.7243
50.6558
51.4495
52.1071
52.6304
53.0207
53.2793
53.4074
53.4061
53.2767
53.0206
52.639
52.1337
51.506
50.758
49.8913
48.9083
47.8111
46.6024
45.2849
43.8618
42.3367
40.7133
38.9961
37.1899
35.2998
33.3315
31.2911
29.056
28.6113
28.73
26.9999
24.7492
22.4533
20.12
17.7573
15.3733
12.9765
10.5751
8.17733
5.79152
3.42568
1.08763
-1.21508
-3.47521
-5.68593
-7.84084
-9.93404
-11.9602
-13.9146
-15.7932
-17.5926
-19.3103
-20.9443
-22.4937
-23.9582
-25.3383
-26.6352
-27.8508
-28.9876
-30.0485
-31.037
-31.9567
-32.8116
-33.6055
-34.3426
-35.0267
-35.6614
-36.2503
-36.7966
-37.3031
-37.7724
-38.2067
-38.6078
-38.9773
-39.3164
-39.6261
-39.907
-40.1596
-40.3842
-40.5809
-40.7496
-40.8902
-41.0022
-41.0854
-41.1392
-41.1631
-41.1564
-41.1186
-41.0488
-40.9464
-40.8106
-40.6404
-40.4352
-40.1939
-39.9158
-39.5998
-39.2449
-38.8503
-38.4149
-37.9376
-37.4175
-36.8535
-36.2446
-35.5897
-34.8877
-34.1377
-33.3387
-32.4897
-31.5899
-30.6384
-29.6346
-28.5779
-27.4677
-26.3037
-25.0859
-23.8142
-22.4891
-21.111
-19.6808
-18.1995
-16.6688
-15.0903
-13.4662
-11.7991
-10.0918
-8.34754
-6.5699
-4.76279
-2.93041
-1.07721
0.79212
2.67272
4.55959
6.44765
8.3318
10.2069
12.068
13.9101
15.7284
17.5181
19.275
20.9946
22.673
24.3062
25.8907
27.4231
28.9001
30.3189
31.6765
32.9705
34.1984
35.358
36.4472
37.4643
38.4074
39.2751
40.0659
40.7786
41.4121
41.9654
42.4379
42.8287
43.1375
43.364
43.5079
43.5693
43.5482
43.445
43.2602
42.9942
42.648
42.2223
41.7183
41.1371
40.4801
39.7487
38.9446
38.0693
37.1248
36.1128
35.0355
33.8948
32.6928
31.4317
30.1137
28.741
27.3158
25.8404
24.317
22.7478
21.1352
19.4813
17.7884
16.0588
14.2946
12.4982
10.6718
8.81793
6.93889
5.0372
