0
0.0166636
0.0333086
0.0499167
0.0664693
0.0829481
0.0993347
0.115611
0.131759
0.14776
0.163597
0.179253
0.194709
0.209949
0.224956
0.239713
0.254203
0.268411
0.282321
0.295917
0.309185
0.322109
0.334675
0.346869
0.358678
0.370088
0.381088
0.391663
0.401804
0.411498
0.420735
0.429505
0.437798
0.445604
0.452915
0.459722
0.459722
0.459723
0.46602
0.466287
0.466287
0.471799
0.477054
0.481779
0.485969
0.489619
0.492725
0.495283
0.497292
0.498747
0.499649
0.499996
0.499787
0.499023
0.497704
0.495832
0.49341
0.490439
0.486924
0.482867
0.478274
0.47315
0.4675
0.461331
0.454649
0.447462
0.439777
0.431605
0.422952
0.41383
0.404248
0.394217
0.383748
0.372853
0.361543
0.349832
0.337732
0.325256
0.31242
0.299236
0.28572
0.271886
0.269085
0.269085
0.257751
0.243329
0.228636
0.21369
0.198506
0.183102
0.167494
0.1517
0.135738
0.119625
0.103379
0.0870176
0.07056
0.054024
0.037428
0.0207903
0.00412961
-0.0125357
-0.0291871
-0.045806
-0.0623741
-0.0788728
-0.095284
-0.111589
-0.127771
-0.14381
-0.159689
-0.175392
-0.190899
-0.206194
-0.22126
-0.236081
-0.250639
-0.264918
-0.278903
-0.292579
-0.305929
-0.318939
-0.331595
-0.343883
-0.355789
-0.367299
-0.378401
-0.389083
-0.399333
-0.409139
-0.41849
-0.427376
-0.435788
-0.443715
-0.45115
-0.458083
-0.464507
-0.470415
-0.475801
-0.480658
-0.484981
-0.488765
-0.492006
-0.494701
-0.496846
-0.498438
-0.499477
-0.499962
-0.49989
-0.499264
-0.498082
-0.496348
-0.494061
-0.491226
-0.487845
-0.483923
-0.479462
-0.474469
-0.468949
-0.462907
-0.456352
-0.449289
-0.441727
-0.433675
-0.42514
-0.416134
-0.406665
-0.396744
-0.386382
-0.375591
-0.364383
-0.35277
-0.340765
-0.328382
-0.315633
-0.302534
-0.289099
-0.275343
-0.261281
-0.246928
-0.232301
-0.217416
-0.20229
-0.186938
-0.171379
-0.15563
-0.139708
-0.12363
-0.107415
-0.0910813
-0.0746459
-0.0581276
-0.0415447
-0.0249157
-0.00825894
0.00840695
0.0250635
0.0416922
0.0582746
0.0747922
0.0912268
0.10756
0.123774
0.13985
0.155771
0.171518
0.187076
0.202425
0.217549
0.232432
0.247057
0.261407
0.275466
0.28922
0.302652
0.315748
0.328493
0.340874
0.352875
0.364485
0.375689
0.386476
0.396834
0.406751
0.416216
0.425218
0.433748
0.441797
0.449354
0.456412
0.462963
0.469
0.474516
0.479504
0.48396
0.487878
0.491254
0.494084
0.496365
0.498095
0.499272
0.499893
0.49996
0.499471
0.498427
0.496829
0.494679
0.49198
0.488734
0.484945
0.480617
0.475756
0.470365
0.464452
