0.00576923
0.0115287
0.0172791
0.0230171
0.0287382
0.034437
0.0401073
0.0457414
0.0513323
0.0568699
0.0623433
0.0677404
0.0730477
0.0782502
0.0833312
0.088272
0.0930514
0.0976455
0.102027
0.106166
0.110026
0.113566
0.116742
0.119498
0.121775
0.123505
0.12461
0.125005
0.1246
0.123301
0.121015
0.11766
0.113177
0.10754
0.100778
0.100778
0.100778
0.0929886
0.092607
0.092607
0.0843556
0.0752228
0.0658475
0.0565716
0.047774
0.0398479
0.0331772
0.028112
0.0249494
0.0239197
0.0251797
0.0288115
0.0348278
0.04318
0.0537687
0.0664553
0.0810725
0.0974352
0.115349
0.134615
0.155042
0.176441
0.198636
0.221465
0.244774
0.268428
0.292301
0.31628
0.340267
0.364169
0.387907
0.411405
0.434598
0.457422
0.479819
0.501731
0.523103
0.54388
0.564005
0.583419
0.602065
0.605626
0.605626
0.619741
0.636676
0.652676
0.667681
0.681629
0.69446
0.70612
0.71656
0.72574
0.733629
0.740205
0.745461
0.749401
0.752042
0.753413
0.753555
0.752517
0.75036
0.747149
0.742955
0.737852
0.731914
0.725215
0.717826
0.709815
0.701246
0.692177
0.682662
0.672749
0.662483
0.651903
0.641043
0.629936
0.618612
0.607096
0.595414
0.58359
0.571646
0.559605
0.547488
0.535316
0.523108
0.510884
0.498664
0.486467
0.474309
0.462207
0.450179
0.438239
0.4264
0.414678
0.403083
0.391626
0.380319
0.369169
0.358187
0.347378
0.336749
0.326307
0.316057
0.306003
0.29615
0.286501
0.277061
0.267831
0.258815
0.250016
0.241436
0.233078
0.224943
0.217036
0.209357
0.201909
0.194693
0.187712
0.180968
0.174461
0.168193
0.162164
0.156376
0.150827
0.145518
0.140447
0.135614
0.131016
0.12665
0.122515
0.118608
0.114924
0.111461
0.108215
0.105183
0.102363
0.099752
0.0973492
0.0951542
0.0931679
0.0913926
0.089832
0.0884914
0.0873777
0.0864993
0.085866
0.0854888
0.0853797
0.0855513
0.0860165
0.0867878
0.0878771
0.0892953
0.0910512
0.0931518
0.0956014
0.0984012
0.101549
0.10504
0.108864
0.113007
0.117454
0.122183
0.127169
0.132385
0.1378
0.143379
0.149087
0.154884
0.160732
0.166589
0.172414
0.178165
0.1838
0.189279
0.194563
0.199614
0.204395
0.208875
0.213022
0.216809
0.220214
0.223214
0.225796
0.227945
0.229656
0.230924
0.231751
0.232141
0.232107
0.231661
0.230823
0.229617
0.228068
0.226208
0.224071
0.221694
0.219119
0.216387
0.213544
0.210637
0.207711
0.204818
0.202003
0.199317
0.196806
0.194516
0.192491
0.190775
0.189405
0.188419
0.187849
0.187723
0.188066
