-0.0454545
0.495959
0.481098
0.46101
0.433329
0.395354
0.344088
0.276299
0.187961
0.0757165
-0.0642559
-0.235863
-0.443054
-0.689784
-0.979969
-1.31743
-1.70585
-2.14863
-2.64879
-3.20875
-3.83006
-4.51296
-5.25588
-6.05474
-6.90204
-7.78585
-8.6887
-9.5865
-10.4477
-11.2331
-11.8967
-12.3876
-12.654
-12.648
-12.3324
-11.4976
-11.4976
-11.6868
-10.5759
-10.5152
-10.6791
-9.5686
-8.20956
-6.6957
-5.08172
-3.42727
-1.79168
-0.229078
1.21529
2.50724
3.62435
4.55533
5.29856
5.86015
6.25192
6.48943
6.59043
6.57349
6.45712
6.25909
5.99602
5.6832
5.33451
4.96243
4.57817
4.19174
3.8121
3.4473
3.10452
2.79021
2.51008
2.26919
2.07187
1.92175
1.82168
1.77366
1.7788
1.8372
1.94794
2.109
2.31722
2.56394
2.61889
2.62396
2.84704
3.14976
3.48002
3.83
4.19123
4.55484
4.9118
5.25316
5.57038
5.85553
6.10155
6.3024
6.45321
6.5504
6.59166
6.57598
6.50362
6.37597
6.19552
5.96568
5.69065
5.37533
5.02512
4.64579
4.24334
3.82387
3.39339
2.95775
2.52245
2.09258
1.67268
1.26669
0.877875
0.50882
0.1614
-0.163188
-0.464387
-0.742227
-0.997252
-1.23045
-1.44315
-1.63699
-1.81378
-1.97548
-2.12412
-2.26173
-2.39033
-2.51188
-2.62821
-2.74109
-2.85214
-2.96282
-3.07449
-3.18834
-3.30542
-3.42664
-3.55278
-3.68449
-3.82229
-3.96656
-4.11759
-4.27554
-4.44049
-4.6124
-4.79113
-4.97644
-5.16804
-5.3655
-5.56835
-5.77601
-5.98783
-6.20308
-6.42096
-6.64058
-6.86099
-7.08116
-7.29999
-7.5163
-7.72885
-7.93635
-8.13741
-8.33061
-8.51447
-8.68746
-8.84802
-8.99458
-9.12553
-9.23929
-9.33431
-9.40911
-9.46225
-9.49244
-9.49853
-9.47955
-9.43472
-9.36355
-9.26579
-9.14154
-8.99118
-8.81546
-8.61548
-8.39266
-8.14877
-7.88588
-7.6063
-7.3126
-7.0075
-6.69385
-6.37455
-6.0525
-5.73057
-5.4115
-5.09791
-4.79221
-4.49662
-4.21311
-3.94342
-3.68905
-3.45125
-3.23107
-3.02932
-2.84667
-2.68359
-2.54045
-2.41749
-2.3149
-2.23279
-2.17126
-2.13037
-2.1102
-2.11084
-2.13239
-2.17499
-2.23879
-2.32396
-2.43069
-2.55916
-2.70956
-2.88203
-3.07668
-3.29357
-3.53268
-3.79389
-4.07698
-4.38161
-4.7073
-5.05341
-5.41917
-5.80363
-6.20567
-6.62402
-7.05723
-7.50371
-7.96173
-8.4294
-8.90473
-9.38564
-9.86994
-10.3554
-10.8398
-11.3207
-11.796
-12.2633
-12.7204
-13.1653
-13.5958
-14.0099
-14.406
-14.7821
-15.1369
