0
0.0057691
0.0115374
0.0173042
0.0230687
0.0288302
0.0345877
0.0403407
0.0460883
0.0518298
0.0575644
0.0632913
0.0690098
0.0747191
0.0804184
0.0861071
0.0917842
0.0974492
0.103101
0.108739
0.114363
0.119972
0.125564
0.13114
0.136699
0.142239
0.14776
0.153262
0.158743
0.164203
0.169641
0.175057
0.180449
0.185817
0.191161
0.196479
0.196479
0.196479
0.201771
0.202005
0.202005
0.207036
0.212274
0.217483
0.222663
0.227814
0.232934
0.238023
0.243081
0.248106
0.253098
0.258057
0.262981
0.26787
0.272724
0.277541
0.282321
0.287064
0.291768
0.296434
0.30106
0.305646
0.310191
0.314695
0.319158
0.323577
0.327954
0.332287
0.336576
0.340819
0.345018
0.34917
0.353277
0.357336
0.361347
0.36531
0.369225
0.373091
0.376907
0.380672
0.384387
0.388051
0.388777
0.388777
0.391663
0.395224
0.398731
0.402185
0.405586
0.408933
0.412225
0.415463
0.418645
0.421771
0.424842
0.427855
0.430812
0.433712
0.436553
0.439337
0.442062
0.444728
0.447335
0.449883
0.45237
0.454797
0.457164
0.45947
0.461715
0.463898
0.46602
0.468079
0.470076
0.472011
0.473882
0.475691
0.477436
0.479118
0.480736
0.48229
0.48378
0.485205
0.486566
0.487862
0.489093
0.490259
0.491359
0.492394
0.493364
0.494268
0.495106
0.495878
0.496585
0.497225
0.497799
0.498306
0.498747
0.499122
0.499431
0.499673
0.499848
0.499957
0.499999
0.499975
0.499884
0.499727
0.499503
0.499213
0.498856
0.498433
0.497943
0.497387
0.496765
0.496077
0.495322
0.494502
0.493616
0.492664
0.491647
0.490564
0.489415
0.488202
0.486924
0.485581
0.484173
0.482701
0.481164
0.479563
0.477899
0.476171
0.474379
0.472525
0.470607
0.468627
0.466585
0.46448
0.462313
0.460085
0.457796
0.455446
0.453035
0.450563
0.448032
0.445441
0.442791
0.440082
0.437314
0.434488
0.431605
0.428663
0.425665
0.42261
0.419499
0.416332
0.413109
0.409832
0.4065
0.403113
0.399674
0.396181
0.392635
0.389037
0.385387
0.381685
0.377933
0.374131
0.370279
0.366378
0.362427
0.358429
0.354383
0.350289
0.346149
0.341963
0.337732
0.333455
0.329134
0.324769
0.320361
0.315911
0.311418
0.306884
0.302309
0.297693
0.293038
0.288344
0.283612
0.278842
0.274035
0.269191
0.264311
0.259397
0.254447
0.249464
0.244448
0.239399
0.234318
0.229206
0.224064
0.218891
0.21369
0.20846
0.203202
0.197918
0.192607
0.18727
0.181908
0.176522
0.171113
0.165681
0.160227
0.154751
0.149255
0.143739
