0
0.00454539
0.00909041
0.0136347
0.0181778
0.0227194
0.0272592
0.0317967
0.0363316
0.0408635
0.045392
0.0499167
0.0544373
0.0589535
0.0634647
0.0679707
0.0724711
0.0769655
0.0814535
0.0859348
0.090409
0.0948758
0.0993347
0.103785
0.108227
0.112661
0.117084
0.121499
0.125903
0.130296
0.134679
0.139051
0.143412
0.14776
0.152096
0.15642
0.15642
0.15642
0.160731
0.160922
0.160922
0.165028
0.169312
0.173582
0.177838
0.182078
0.186304
0.190515
0.194709
0.198888
0.20305
0.207195
0.211323
0.215434
0.219527
0.223602
0.227658
0.231696
0.235714
0.239713
0.243692
0.247651
0.251589
0.255507
0.259403
0.263278
0.267132
0.270963
0.274772
0.278558
0.282321
0.286061
0.289777
0.293469
0.297137
0.300781
0.304399
0.307993
0.311561
0.315103
0.318619
0.322109
0.322803
0.322803
0.325572
0.329008
0.332417
0.335799
0.339153
0.342479
0.345776
0.349045
0.352285
0.355496
0.358678
0.36183
0.364952
0.368044
0.371106
0.374136
0.377136
0.380105
0.383042
0.385948
0.388822
0.391663
0.394473
0.397249
0.399993
0.402704
0.405382
0.408026
0.410636
0.413212
0.415754
0.418262
0.420735
0.423174
0.425578
0.427946
0.430279
0.432576
0.434838
0.437064
0.439253
0.441407
0.443523
0.445604
0.447647
0.449653
0.451623
0.453554
0.455449
0.457306
0.459125
0.460906
0.462649
0.464353
0.46602
0.467647
0.469236
0.470787
0.472298
0.473771
0.475204
0.476598
0.477953
0.479268
0.480543
0.481779
0.482975
0.484131
0.485247
0.486323
0.487359
0.488354
0.48931
0.490224
0.491098
0.491932
0.492725
0.493477
0.494188
0.494859
0.495489
0.496077
0.496625
0.497132
0.497598
0.498022
0.498405
0.498747
0.499048
0.499308
0.499526
0.499704
0.499839
0.499934
0.499987
0.499999
0.49997
0.499899
0.499787
0.499633
0.499439
0.499203
0.498926
0.498607
0.498248
0.497847
0.497405
0.496922
0.496398
0.495832
0.495226
0.494579
0.493891
0.493163
0.492393
0.491583
0.490732
0.489841
0.488909
0.487936
0.486924
0.485871
0.484778
0.483645
0.482472
0.481259
0.480006
0.478714
0.477382
0.476011
0.4746
0.47315
0.471661
0.470133
0.468566
0.466961
0.465316
0.463634
0.461913
0.460154
0.458357
0.456521
0.454649
0.452738
0.450791
0.448806
0.446784
0.444724
0.442629
0.440496
0.438328
0.436123
0.433882
0.431605
0.429292
0.426944
0.424561
0.422142
0.419689
0.417201
0.414679
0.412122
0.409531
0.406906
0.404248
0.401557
0.398832
0.396074
0.393283
0.39046
