-0.0865385
-0.0821606
-0.078355
-0.0731774
-0.0661464
-0.0567609
-0.0444778
-0.0286831
-0.00942543
0.0146434
0.0441634
0.0798378
0.122454
0.172903
0.232209
0.301551
0.382301
0.476052
0.584661
0.710291
0.855457
1.02307
1.21647
1.43947
1.69632
1.99164
2.3303
2.71706
3.15614
3.65038
4.20024
4.80233
5.44785
6.12093
6.79749
7.32821
7.32821
7.44506
7.88619
7.90117
8.02495
8.45012
8.76583
8.9255
8.90681
8.69721
8.2954
7.71113
6.96385
6.08012
5.09078
4.02802
2.923
1.80401
0.695349
-0.383183
-1.41634
-2.39315
-3.30641
-4.15209
-4.92874
-5.63691
-6.2786
-6.8568
-7.37515
-7.83762
-8.24823
-8.61092
-8.92933
-9.20679
-9.44613
-9.64971
-9.81933
-9.95626
-10.0612
-10.1342
-10.1751
-10.183
-10.1566
-10.0947
-9.99553
-9.64377
-9.55862
-9.77035
-9.68188
-9.47192
-9.21997
-8.92552
-8.58882
-8.21097
-7.79396
-7.34072
-6.85508
-6.34165
-5.80567
-5.25288
-4.68921
-4.12062
-3.55288
-2.99131
-2.44066
-1.90494
-1.38736
-0.890278
-0.415225
0.0370573
0.466521
0.8737
1.25958
1.62546
1.97284
2.30327
2.61828
2.91927
3.2075
3.48401
3.74961
4.00491
4.25034
4.48615
4.71246
4.92931
5.13667
5.33447
5.52264
5.70114
5.86993
6.02903
6.1785
6.31845
6.44902
6.57042
6.68286
6.7866
6.88191
6.96909
7.04843
7.12023
7.18478
7.24237
7.29324
7.33764
7.37579
7.40788
7.43408
7.45451
7.46929
7.47851
7.48223
7.48049
7.47333
7.46076
7.4428
7.41944
7.39072
7.35663
7.31723
7.27254
7.22266
7.16766
7.10766
7.0428
6.97326
6.89923
6.82093
6.73858
6.65243
6.56273
6.46972
6.37363
6.27466
6.17295
6.06862
5.9617
5.85215
5.73983
5.62451
5.50586
5.38344
5.2567
5.12502
4.98767
4.84388
4.69286
4.5338
4.36592
4.18852
4.001
3.80291
3.59395
3.37405
3.14335
2.90224
2.65135
2.39154
2.12395
1.84991
1.57096
1.28878
1.00524
0.722266
0.441862
0.166058
-0.103131
-0.363735
-0.613865
-0.85174
-1.07571
-1.2843
-1.47619
-1.65026
-1.80559
-1.94149
-2.05745
-2.15323
-2.22877
-2.28424
-2.32003
-2.33675
-2.3352
-2.31638
-2.28146
-2.23181
-2.16895
-2.09454
-2.01038
-1.91839
-1.82058
-1.71905
-1.61595
-1.51348
-1.41386
-1.3193
-1.232
-1.15409
-1.08767
-1.0347
-0.997069
-0.976512
-0.974614
-0.992789
-1.03226
-1.09405
-1.17895
-1.28754
-1.42016
-1.5769
-1.7576
-1.96187
-2.18906
-2.4383
-2.70846
-2.99822
-3.30603
