0.576923
0.575944
0.575043
0.573796
0.57211
0.569887
0.567026
0.563414
0.559082
0.553761
0.547343
0.53971
0.53073
0.520251
0.508101
0.494076
0.47794
0.459416
0.43818
0.413851
0.385986
0.354072
0.317517
0.27565
0.227728
0.172946
0.11048
0.0395491
-0.0404802
-0.129931
-0.228596
-0.335455
-0.448351
-0.563679
-0.676184
-0.778976
-0.778976
-0.778976
-0.860744
-0.863414
-0.863414
-0.913286
-0.937527
-0.927586
-0.879768
-0.792602
-0.667072
-0.506523
-0.316262
-0.102965
0.125994
0.363181
0.601632
0.83522
1.05887
1.26865
1.46173
1.63627
1.79133
1.92668
2.04262
2.13991
2.21957
2.28282
2.33097
2.36535
2.38727
2.39798
2.39863
2.39025
2.37374
2.34987
2.31927
2.28242
2.23966
2.19123
2.13723
2.07766
2.01246
1.94148
1.86459
1.78162
1.76409
1.76409
1.69344
1.60008
1.50048
1.39474
1.2831
1.166
1.04404
0.918004
0.788844
0.657652
0.525625
0.394017
0.264094
0.137082
0.0141257
-0.103761
-0.215721
-0.321084
-0.419371
-0.510304
-0.593793
-0.669917
-0.738905
-0.801102
-0.856938
-0.906899
-0.951496
-0.991237
-1.02661
-1.05805
-1.08596
-1.11067
-1.13247
-1.15158
-1.16818
-1.1824
-1.19435
-1.2041
-1.21172
-1.21727
-1.22079
-1.22234
-1.22199
-1.21978
-1.2158
-1.21012
-1.20284
-1.19404
-1.18381
-1.17227
-1.15951
-1.14564
-1.13075
-1.11493
-1.09828
-1.0809
-1.06284
-1.04419
-1.02502
-1.00538
-0.985312
-0.964869
-0.944083
-0.922982
-0.901589
-0.879922
-0.857996
-0.835821
-0.813407
-0.790762
-0.767895
-0.744818
-0.721541
-0.69808
-0.674456
-0.650692
-0.626816
-0.602861
-0.578865
-0.554869
-0.530919
-0.507061
-0.483344
-0.459814
-0.436517
-0.413492
-0.39077
-0.368375
-0.346317
-0.32459
-0.303173
-0.282027
-0.261089
-0.240281
-0.2195
-0.198629
-0.177532
-0.15606
-0.134059
-0.11137
-0.0878414
-0.0633317
-0.037719
-0.0109081
0.0171629
0.0465163
0.0771303
0.108935
0.141812
0.175593
0.210061
0.244957
0.279981
0.314802
0.349061
0.382383
0.414383
0.444675
0.472881
0.498636
0.521598
0.541453
0.557921
0.570759
0.579767
0.584789
0.585714
0.582482
0.575075
0.563527
0.547917
0.528367
0.505045
0.478159
0.447955
0.414715
0.378754
0.340418
0.300077
0.258125
0.214974
0.171054
0.126803
0.0826672
0.0390966
-0.00346094
-0.044563
-0.0837771
-0.120685
-0.154888
-0.186009
-0.213698
-0.237636
-0.257539
-0.273161
-0.284296
-0.290782
-0.292504
-0.289393
-0.281431
-0.268647
-0.251124
-0.22899
-0.202426
-0.171656
-0.136953
-0.0986291
-0.0570393
-0.0125733
0.0343456
