0.454545
0.372494
0.375933
0.380074
0.385263
0.391894
0.400399
0.411238
0.424986
0.442106
0.463125
0.488577
0.518992
0.554893
0.59679
0.645171
0.700494
0.763169
0.833543
0.911865
0.998248
1.09261
1.19458
1.30344
1.41794
1.53618
1.65547
1.77213
1.88143
1.97755
2.05369
2.10246
2.11642
2.08885
2.01474
1.89169
1.89169
1.89168
1.72492
1.71581
1.71581
1.52651
1.30259
1.05856
0.802993
0.545114
0.293941
0.0575755
-0.157352
-0.34599
-0.505336
-0.634126
-0.732576
-0.802075
-0.84485
-0.863665
-0.861572
-0.841704
-0.807133
-0.760774
-0.705327
-0.643245
-0.57673
-0.507745
-0.438021
-0.369091
-0.302299
-0.23883
-0.179725
-0.125894
-0.0781238
-0.0370876
-0.00334197
0.0226745
0.0406472
0.0503934
0.0518714
0.0451887
0.0306097
0.00856059
-0.0203701
-0.0554352
-0.0633527
-0.0633528
-0.0941092
-0.136007
-0.181512
-0.229385
-0.278307
-0.326918
-0.373853
-0.417785
-0.457463
-0.491752
-0.519663
-0.540377
-0.553268
-0.557908
-0.554076
-0.541746
-0.521086
-0.492434
-0.456287
-0.413276
-0.364142
-0.30972
-0.250907
-0.188646
-0.123899
-0.0576239
0.00924085
0.0758029
0.141232
0.204775
0.265772
0.323664
0.378004
0.428455
0.47479
0.516891
0.554738
0.588399
0.618021
0.643813
0.666038
0.684994
0.701008
0.714421
0.725578
0.734823
0.74249
0.748899
0.75435
0.759122
0.763471
0.767628
0.771799
0.776165
0.780883
0.786085
0.791882
0.798364
0.805597
0.813631
0.822496
0.832206
0.842757
0.854131
0.866296
0.879205
0.892799
0.907006
0.921744
0.936918
0.952423
0.968143
0.983955
0.999722
1.0153
1.03054
1.04527
1.05934
1.07255
1.08473
1.09568
1.10521
1.11311
1.11918
1.12321
1.12499
1.12431
1.12097
1.11478
1.10555
1.09312
1.07733
1.05807
1.03524
1.00877
0.978651
0.944898
0.907578
0.866806
0.822749
0.775622
0.725689
0.673259
0.618683
0.562348
0.504666
0.446073
0.387012
0.327933
0.269275
0.211466
0.15491
0.0999837
0.0470298
-0.00364655
-0.0517795
-0.0971438
-0.139554
-0.178865
-0.214965
-0.247777
-0.277252
-0.303366
-0.326115
-0.345513
-0.361582
-0.374353
-0.383865
-0.390153
-0.393256
-0.393207
-0.390037
-0.383774
-0.374441
-0.362057
-0.34664
-0.328208
-0.306777
-0.282372
-0.255018
-0.224753
-0.191623
-0.155688
-0.117023
-0.0757223
-0.0318972
0.0143193
0.0627726
0.113286
0.16566
0.219673
0.275083
0.331628
0.389028
0.446985
0.505191
0.563324
0.621058
0.67806
0.733998
0.78854
0.841362
0.89215
0.940598
0.986419
1.02934
1.06911
1.1055
1.13831
1.16735
