0.00454545
0.0082704
0.0120297
0.0158305
0.0196831
0.023602
0.027606
0.0317184
0.0359683
0.0403893
0.0450206
0.0499064
0.0550963
0.0606452
0.0666131
0.0730648
0.0800697
0.0877014
0.0960369
0.105156
0.115138
0.126064
0.13801
0.151044
0.165224
0.180585
0.19714
0.214861
0.233676
0.253451
0.273988
0.295013
0.316177
0.337065
0.357213
0.357213
0.357213
0.37613
0.376894
0.376894
0.393292
0.408557
0.421583
0.432168
0.440198
0.445649
0.448589
0.449165
0.447591
0.444131
0.439078
0.432737
0.425411
0.41739
0.408942
0.400305
0.391689
0.383272
0.375201
0.367593
0.36054
0.354107
0.34834
0.343263
0.338882
0.335192
0.332169
0.32978
0.327983
0.326724
0.325943
0.325572
0.325538
0.325765
0.326172
0.326676
0.327194
0.327646
0.327952
0.328038
0.327834
0.327723
0.327723
0.327217
0.326275
0.324915
0.3231
0.320806
0.318023
0.314754
0.311016
0.306838
0.302263
0.297346
0.292149
0.286745
0.281213
0.275633
0.270093
0.264675
0.259464
0.25454
0.249977
0.245844
0.242203
0.239106
0.236597
0.23471
0.233471
0.232895
0.232987
0.233745
0.235158
0.237206
0.239863
0.2431
0.24688
0.251164
0.255912
0.261081
0.266629
0.272513
0.278693
0.285131
0.291791
0.298641
0.305651
0.312796
0.320051
0.3274
0.334825
0.342314
0.349857
0.357448
0.365083
0.372759
0.380477
0.388239
0.396048
0.403909
0.411827
0.419811
0.427867
0.436003
0.444228
0.45255
0.460978
0.469519
0.478182
0.486974
0.495902
0.504972
0.51419
0.523559
0.533083
0.542764
0.552604
0.562601
0.572754
0.58306
0.593512
0.604106
0.614831
0.625679
0.636635
0.647688
0.658819
0.67001
0.681243
0.692492
0.703735
0.714945
0.726093
0.737149
0.74808
0.758853
0.769434
0.779786
0.789874
0.79966
0.809109
0.818185
0.826853
0.835081
0.842837
0.850094
0.856826
0.863013
0.868637
0.873683
0.878144
0.882014
0.885293
0.887986
0.890101
0.89165
0.89265
0.89312
0.893084
0.892566
0.891594
0.890199
0.88841
0.886261
0.883783
0.88101
0.877977
0.874715
0.87126
0.867645
0.863901
0.860062
0.856161
0.852228
0.848296
0.844396
0.840558
0.836814
0.833193
0.829727
0.826445
0.823377
0.820553
0.818003
0.815755
0.813839
0.812282
0.811112
0.810355
0.810036
0.810179
0.810807
0.81194
0.813596
0.815793
0.818544
0.82186
0.82575
0.83022
0.835272
0.840905
0.847116
0.853897
0.861237
0.869122
0.877536
0.886457
0.895863
0.905727
0.916021
0.926712
0.937767
0.94915
0.960823
