-5.0425
2246.93
1912.45
1622.26
1370.2
1154.68
1151.41
961.326
796.24
652.747
528.042
419.583
325.244
243.127
171.625
109.315
54.9852
7.56941
-33.8464
-70.0618
-101.765
-129.557
-153.954
-175.409
-194.31
-210.997
-225.761
-238.857
-250.506
-260.897
-270.197
-278.549
-286.076
-292.887
-299.074
-304.718
-309.889
-314.647
-319.045
-323.128
-326.934
-330.498
-333.85
-337.013
-340.011
-342.862
-345.581
-348.184
-350.683
-353.351
-355.907
-358.359
-360.72
-362.996
-365.195
-367.323
-369.386
-371.387
-373.332
-375.223
-377.062
-378.853
-380.597
-382.295
-383.95
-385.562
-387.132
-388.661
-390.15
-391.599
-393.008
-394.377
-395.708
-396.999
-398.251
-399.465
-400.639
-401.774
-402.87
-403.927
-404.945
-405.923
-406.861
-407.76
-408.619
-409.438
-410.216
-410.955
-411.653
-412.311
-412.929
-413.506
-414.042
-414.538
-414.992
-415.407
-415.78
-416.113
-416.405
-416.656
-416.867
-417.038
-417.168
-417.258
-417.308
-417.318
-417.288
-417.219
-417.11
-416.962
-416.776
-416.551
-416.288
-415.987
-415.648
-415.273
-414.86
-414.411
-413.927
-413.406
-412.851
-412.261
-411.637
-410.98
-410.289
-409.566
-408.811
-408.025
-407.208
-406.361
-405.484
-404.579
-403.645
-402.684
-401.695
-400.681
-399.641
-398.576
-397.488
-396.376
-395.241
-394.084
-392.907
-391.709
-390.491
-389.255
-388
-386.728
-385.44
-384.136
-382.817
-381.483
-380.137
-378.777
-377.406
-376.023
-374.63
-373.228
-371.816
-370.397
-368.97
-367.536
-366.096
-364.651
-363.201
-361.747
-360.29
-358.83
-357.368
-355.905
-354.441
-352.977
-351.513
-350.05
-348.589
-347.13
-345.673
-344.219
-342.768
-341.322
-339.879
-338.442
-337.009
-335.582
-334.161
-332.747
-331.338
-329.936
-328.542
-327.154
-325.775
-324.402
-323.038
-321.682
-320.334
-318.994
-317.663
-316.34
-315.026
-313.72
-312.423
-311.135
-309.855
-308.584
-307.321
-306.067
-304.822
-303.584
-302.355
-301.134
-299.921
-298.716
-297.518
-296.328
-295.145
-293.969
-292.8
-291.637
-290.481
-289.331
-288.187
-287.048
-285.915
-284.787
-283.664
-282.545
-281.43
-280.32
-279.213
-278.109
-277.008
-275.911
-274.815
-273.722
-272.63
-271.54
-270.451
-269.363
-268.275
-267.188
-266.101
-265.013
-263.925
-262.836
-261.745
-260.653
-259.56
-258.464
-257.366
-256.265
-255.162
-254.055
-252.945
-251.832
-250.714
-249.593
-248.468
-247.338
-246.203
-245.064
-243.919
-242.77
-241.615
-240.455
-239.289
-238.117
-236.939
-235.755
-234.565
-233.369
-232.166
-230.957
-229.742
-228.519
-227.291
-226.055
-224.813
-223.564
-222.308
-221.045
-219.775
-218.498
-217.215
-215.925
-214.627
-213.323
-212.013
-210.695
-209.371
-208.04
-206.703
-205.359
-204.008
-202.651
-201.288
-199.919
-198.544
-197.162
-195.775
-194.382
-192.984
-191.579
-190.17
-188.755
-187.335
-185.91
-184.481
-183.046
-181.607
-180.164
-178.717
-177.265
-175.81
-174.351
-172.888
-171.422
-169.953
-168.481
-167.006
-165.529
-164.049
-162.567
-161.083
-159.597
-158.109
-156.62
-155.13
-153.639
-152.146
-150.654
-149.16
-147.667
-146.173
-144.68
-143.187
-141.695
-140.203
-138.713
-137.224
-135.736
-134.249
-132.765
-131.283
-129.803
-128.325
-126.85
-125.378
-123.909
-122.443
-120.981
-119.522
-118.067
-116.616
-115.17
-113.728
-112.291
-110.858
-109.431
-108.009
-106.592
-105.181
-103.776
-102.377
-100.984
-99.5976
-98.2176
-96.8445
-95.4783
-94.1192
-92.7674
-91.4232
-90.0865
-88.7578
-87.437
-86.1244
-84.8202
-83.5245
-82.2375
-80.9593
-79.6902
-78.4302
-77.1796
-75.9384
-74.707
-73.4853
-72.2736
-71.072
-69.8807
-68.6998
-67.5294
-66.3697
-65.2209
-64.0831
-62.9563
-61.8409
-60.7368
-59.6443
-58.5634
-57.4943
-56.4371
-55.3919
-54.3589
-53.3382
-52.3299
-51.3341
-50.351
-49.3806
-48.4231
-47.4786
-46.5471
-45.6289
-44.7239
-43.8324
-42.9544
-42.0899
-41.2392
-40.4022
-39.5792
-38.7701
-37.9751
-37.1943
-36.4277
-35.6755
-34.9377
-34.2144
-33.5056
-32.8115
-32.1322
-31.4676
-30.8179
-30.1832
-29.5634
-28.9588
-28.3693
-27.795
-27.2359
-26.6922
-26.1639
-25.6509
-25.1535
-24.6716
-24.2053
-23.7547
-23.3197
-22.9004
-22.4969
-22.1092
-21.7374
-21.3814
-21.0413
-20.7172
-20.409
-20.1169
-19.8407
-19.5807
-19.3367
-19.1088
-18.897
-18.7013
-18.5218
-18.3585
-18.2113
-18.0804
-17.9656
-17.867
-17.7846
-17.7184
-17.6685
-17.6347
-17.6171
-17.6158
-17.6306
-17.6616
-17.7088
-17.7721
-17.8516
-17.9472
-18.059
-18.1868
-18.3307
-18.4907
-18.6667
-18.8587
-19.0666
-19.2905
-19.5304
-19.7861
-20.0576
-20.345
-20.6482
-20.967
-21.3016
-21.6518
-22.0177
-22.3991
-22.796
-23.2083
-23.6361
-24.0792
-24.5376
-25.0113
-25.5002
-26.0042
-26.5233
-27.0574
-27.6064
-28.1703
-28.7491
-29.3426
-29.9507
-30.5735
-31.2108
-31.8626
-32.5288
-33.2092
-33.9039
-34.6128
-35.3357
-36.0727
-36.8235
-37.5882
-38.3666
-39.1587
-39.9643
-40.7835
-41.616
-42.4618
-43.3208
-44.1929
-45.078
-45.9761
-46.887
-47.8106
-48.7469
-49.6956
-50.6569
-51.6304
-52.6161
-53.614
-54.6239
-55.6457
-56.6793
-57.7246
-58.7815
-59.8499
-60.9297
-62.0207
-63.1229
-64.2361
-65.3602
-66.4952
-67.6408
-68.7971
-69.9638
-71.1409
-72.3282
-73.5257
-74.7332
-75.9505
-77.1777
-78.4145
-79.6609
-80.9166
-82.1817
-83.456
-84.7393
-86.0316
-87.3328
-88.6426
-89.961
-91.2879
-92.6232
-93.9667
-95.3182
-96.6778
-98.0453
-99.4205
-100.803
-102.194
-103.591
-104.996
-106.408
-107.828
-109.254
-110.687
-112.126
-113.572
-115.025
-116.484
-117.949
-119.42
-120.897
-122.38
-123.868
-125.363
-126.862
-128.368
-129.878
-131.394
-132.914
-134.44
-135.97
-137.505
-139.045
-140.589
-142.138
-143.69
-145.247
-146.808
-148.373
-149.942
-151.514
-153.091
-154.67
-156.253
-157.84
-159.429
-161.022
-162.617
-164.216
-165.817
-167.421
-169.028
-170.637
-172.249
-173.863
-175.479
-177.097
-178.718
-180.34
-181.964
-183.59
-185.218
-186.847
-188.478
-190.11
-191.744
-193.378
-195.014
-196.651
-198.289
-199.928
-201.568
-203.208
-204.849
-206.491
-208.133
-209.775
-211.418
-213.062
-214.705
-216.348
-217.992
-219.635
-221.279
-222.922
-224.565
-226.207
-227.849
-229.491
-231.132
-232.773
-234.412
-236.051
-237.768
-239.469
-241.154
-242.827
-244.489
-246.141
-247.786
-249.423
-251.054
-252.679
-254.3
-255.916
-257.528
-259.137
-260.742
-262.344
-263.943
-265.54
-267.134
-268.725
-270.314
-271.9
-273.484
-275.065
-276.644
-278.22
-279.794
-281.365
-282.934
-284.499
-286.062
-287.622
-289.179
-290.733
-292.283
-293.831
-295.375
-296.915
-298.452
-299.986
-301.515
-303.041
-304.563
-306.08
-307.593
-309.102
-310.606
-312.106
-313.601
-315.091
-316.576
-318.055
-319.53
-320.999
-322.462
-323.92
-325.371
-326.817
-328.257
-329.69
-331.117
-332.537
-333.95
-335.356
-336.756
-338.148
-339.532
-340.91
-342.279
-343.64
-344.994
-346.339
-347.676
-349.004
-350.323
-351.634
-352.935
-354.227
-355.51
-356.783
-358.046
-359.3
-360.543
-361.776
-362.998
-364.21
-365.411
-366.601
-367.779
-368.946
-370.102
-371.246
-372.378
-373.497
-374.604
-375.699
-376.781
-377.851
-378.907
-379.949
-380.979
-381.995
-382.996
-383.984
-384.958
-385.918
-386.862
-387.792
-388.708
-389.608
-390.492
-391.362
-392.215
-393.053
-393.875
-394.681
-395.47
-396.243
-396.999
-397.738
-398.461
-399.166
-399.854
-400.524
-401.176
-401.811
-402.428
-403.026
-403.607
-404.169
-404.712
-405.236
-405.742
-406.229
-406.696
-407.144
-407.573
-407.982
-408.371
-408.741
-409.09
-409.42
-409.729
-410.018
-410.286
-410.534
-410.762
-410.968
-411.154
-411.319
-411.462
-411.585
-411.687
-411.767
-411.825
-411.863
-411.878
-411.873
-411.845
-411.796
-411.725
-411.632
-411.517
-411.381
-411.222
-411.041
-410.839
-410.614
-410.367
-410.098
-409.807
-409.493
-409.158
-408.8
-408.42
-408.018
-407.593
-407.147
-406.678
-406.187
-405.674
-405.138
-404.581
-404.002
-403.4
-402.777
-402.131
-401.464
-400.775
-400.064
-399.331
-398.576
-397.8
-397.003
-396.184
-395.343
-394.482
-393.599
-392.695
-391.769
-390.823
-389.857
-388.869
-387.861
-386.832
-385.783
-384.713
-383.624
-382.514
-381.385
-380.236
-379.067
-377.879
-376.671
-375.444
-374.199
-372.934
-371.651
-370.349
-369.029
-367.69
-366.334
-364.959
-363.567
-362.158
-360.731
-359.287
-357.826
-356.349
-354.854
-353.344
-351.817
-350.275
-348.716
-347.143
-345.553
-343.949
-342.33
-340.696
-339.048
-337.386
-335.709
-334.019
-332.316
-330.599
-328.869
-327.126
-325.37
-323.603
-321.823
-320.031
-318.228
-316.413
-314.587
-312.75
-310.903
-309.045
-307.177
-305.299
-303.412
-301.515
-299.609
-297.694
-295.771
-293.839
-291.9
-289.952
-287.997
-286.034
-284.065
-282.089
-280.106
-278.117
-276.122
-274.121
-272.114
-270.103
-268.086
-266.065
-264.039
-262.01
-259.976
-257.938
-255.897
-253.853
-251.806
-249.756
-247.704
-245.65
-243.594
-241.536
-239.477
-237.416
-235.355
-233.293
-231.23
-229.168
-227.105
-225.043
-222.981
-220.92
-218.86
-216.801
-214.743
-212.688
-210.634
-208.582
-206.532
-204.485
-202.441
-200.4
-198.362
-196.327
-194.296
-192.269
-190.245
-188.226
-186.212
-184.202
-182.196
-180.196
-178.201
-176.211
-174.227
-172.248
-170.275
-168.309
-166.348
-164.394
-162.447
-160.506
-158.573
-156.646
-154.726
-152.814
-150.91
-149.013
-147.124
-145.243
-143.37
-141.505
-139.649
-137.801
-135.962
-134.132
-132.311
-130.499
-128.696
-126.903
-125.119
-123.344
-121.579
-119.825
-118.08
-116.345
-114.62
-112.906
-111.203
-109.509
-107.827
-106.155
-104.495
-102.845
-101.207
-99.5793
-97.9635
-96.3591
-94.7664
-93.1854
-91.6162
-90.059
-88.5139
-86.981
-85.4604
-83.9522
-82.4565
-80.9735
-79.5033
-78.046
-76.6017
-75.1706
-73.7528
-72.3483
-70.9574
-69.5801
-68.2167
-66.8671
-65.5316
-64.2103
-62.9034
-61.6109
-60.333
-59.0699
-57.8217
-56.5885
-55.3705
-54.168
-52.9809
-51.8095
-50.6539
-49.5143
-48.3909
-47.2838
-46.1933
-45.1194
-44.0623
-43.0222
-41.9994
-40.994
-40.0061
-39.0359
-38.0837
-37.1497
-36.234
-35.3368
-34.4583
-33.5987
-32.7583
-31.9371
-31.1355
-30.3536
-29.5917
-28.8499
-28.1285
-27.4276
-26.7475
-26.0884
-25.4505
-24.834
-24.2391
-23.6661
-23.1152
-22.5865
-22.0803
-21.5968
-21.1363
-20.6989
-20.2848
-19.8943
-19.5275
-19.1848
-18.8662
-18.572
-18.3024
-18.0576
-17.8378
-17.6432
-17.474
-17.3304
-17.2126
-17.1207
-17.0549
-17.0155
-17.0026
-17.0163
-17.0568
-17.1244
-17.2191
-17.3411
-17.4905
-17.6676
-17.8724
-18.105
-18.3657
-18.6544
-18.9714
-19.3167
-19.6904
-20.0927
-20.5236
-20.9832
-21.4716
-21.9889
-22.5351
-23.1102
-23.7144
-24.3476
-25.0099
-25.7013
-26.4219
-27.1716
-27.9504
-28.7584
-29.5956
-30.4618
-31.3571
-32.2814
-33.2348
-34.2171
-35.2282
-36.2682
-37.3369
-38.4343
-39.5602
-40.7145
-41.8972
-43.1081
-44.3471
-45.6141
-46.9089
-48.2313
-49.5813
-50.9586
-52.363
-53.7945
-55.2528
-56.7376
-58.2489
-59.7864
-61.3498
-62.939
-64.5537
-66.1937
-67.8588
-69.5486
-71.263
-73.0016
-74.7643
-76.5507
-78.3605
-80.1935
-82.0493
-83.9277
-85.8284
-87.7511
-89.6954
-91.6611
-93.6477
-95.6551
-97.6828
-99.7306
-101.798
-103.885
-105.991
-108.115
-110.258
-112.419
-114.597
-116.793
-119.005
-121.234
-123.48
-125.741
-128.017
-130.308
-132.615
-134.935
-137.27
-139.618
-141.979
-144.353
-146.739
-149.138
-151.548
-153.969
-156.402
-158.845
-161.298
-163.761
-166.233
-168.715
-171.205
-173.704
-176.21
-178.724
-181.245
-183.773
-186.307
-188.848
-191.394
-193.946
-196.502
-199.064
-201.629
-204.199
-206.772
-209.348
-211.927
-214.509
-217.093
-219.679
-222.266
-224.855
-227.444
-230.034
-232.624
-235.214
-237.804
-240.392
-242.98
-245.566
-248.151
-250.733
-253.313
-255.891
-258.465
-261.037
-263.604
-266.168
-268.728
-271.284
-273.834
-276.38
-278.921
-281.456
-283.985
-286.508
-289.025
-291.536
-294.039
-296.536
-299.025
-301.506
-303.98
-306.446
-308.903
-311.352
-313.792
-316.223
-318.644
-321.056
-323.459
-325.851
-328.234
-330.606
-332.967
-335.318
-337.658
-339.986
-342.304
-344.609
-346.903
-349.185
-351.455
-353.712
-355.957
-358.146
-360.33
-362.509
-364.681
-366.844
-368.998
-371.143
-373.276
-375.398
-377.508
-379.605
-381.689
-383.76
-385.817
-387.86
-389.888
-391.901
-393.9
-395.883
-397.85
-399.802
-401.738
-403.657
-405.561
-407.448
-409.319
-411.173
-413.01
-414.83
-416.633
-418.418
-420.187
-421.938
-423.671
-425.387
-427.086
-428.766
-430.428
-432.073
-433.699
-435.308
-436.898
-438.469
-440.023
-441.558
-443.074
-444.572
-446.051
-447.511
-448.953
-450.376
-451.78
-453.165
-454.531
-455.878
-457.206
-458.514
-459.804
-461.074
-462.325
-463.557
-464.769
-465.962
-467.135
-468.289
-469.424
-470.539
-471.634
-472.71
-473.766
-474.803
-475.819
-476.817
-477.794
-478.752
-479.69
-480.608
-481.506
-482.385
-483.244
-484.083
-484.902
-485.701
-486.481
-487.241
-487.98
-488.7
-489.4
-490.08
-490.741
-491.381
-492.001
-492.602
-493.183
-493.744
-494.285
-494.806
-495.307
-495.788
-496.25
-496.692
-497.114
-497.516
-497.898
-498.261
-498.603
-498.926
-499.23
-499.513
-499.777
-500.021
-500.245
-500.45
-500.635
-500.801
-500.946
-501.073
-501.179
-501.266
-501.334
-501.382
-501.411
-501.42
-501.409
-501.38
-501.331
-501.262
-501.174
-501.067
-500.941
-500.795
-500.63
-500.446
-500.242
-500.02
-499.778
-499.518
-499.238
-498.939
-498.621
-498.285
-497.929
-497.554
-497.161
-496.748
-496.317
-495.867
-495.399
-494.911
-494.405
-493.88
-493.337
-492.775
-492.195
-491.596
-490.978
-490.343
-489.688
-489.016
-488.325
-487.616
-486.888
-486.143
-485.379
-484.597
-483.797
-482.979
-482.143
-481.29
-480.418
-479.528
-478.621
-477.695
-476.752
-475.792
-474.814
-473.818
-472.804
-471.774
-470.725
-469.66
-468.577
-467.476
-466.359
-465.224
-464.072
-462.904
-461.718
-460.515
-459.295
-458.059
-456.806
-455.536
-454.249
-452.946
-451.626
-450.29
-448.937
-447.568
-446.183
-444.781
-443.364
-441.93
-440.481
-439.015
-437.534
-436.037
-434.524
-432.996
-431.452
-429.892
-428.318
-426.728
-425.122
-423.502
-421.867
-420.216
-418.551
-416.871
-415.177
-413.467
-411.744
-410.006
-408.253
-406.487
-404.706
-402.912
-401.103
-399.281
-397.445
-395.595
-393.733
-391.856
-389.967
-388.064
-386.148
-384.22
-382.278
-380.325
-378.358
-376.379
-374.388
-372.385
-370.369
-368.342
-366.303
-364.253
-362.191
-360.117
-358.033
-355.937
-353.831
-351.714
-349.586
-347.447
-345.299
-343.14
-340.971
-338.792
-336.604
-334.406
-332.199
-329.982
-327.757
-325.522
-323.279
-321.028
-318.768
-316.5
-314.224
-311.94
-309.648
-307.349
-305.043
-302.73
-300.409
-298.083
-295.749
-293.409
-291.064
-288.712
-286.355
-283.992
-281.624
-279.251
-276.872
-274.49
-272.103
-269.711
-267.316
-264.917
-262.514
-260.108
-257.699
-255.287
-252.872
-250.455
-248.035
-245.614
-243.191
-240.767
-238.341
-235.914
-233.487
-231.059
-228.631
-226.202
-223.774
-221.347
-218.92
-216.495
-214.07
-211.647
-209.226
-206.807
-204.391
-201.976
-199.565
-197.157
-194.752
-192.351
-189.954
-187.561
-185.173
-182.789
-180.41
-178.037
-175.67
-173.308
-170.952
-168.603
-166.26
-163.925
-161.597
-159.276
-156.964
-154.659
-152.363
-150.076
-147.798
-145.529
-143.27
-141.02
-138.781
-136.552
-134.335
-132.128
-129.932
-127.749
-125.577
-123.417
-121.27
-119.136
-117.015
-114.907
-112.814
-110.734
-108.668
-106.617
-104.581
-102.56
-100.554
-98.5645
-96.5906
-94.6331
-92.6922
-90.7681
-88.8612
-86.9717
-85.0999
-83.2461
-81.4106
-79.5936
-77.7954
-76.0162
-74.2565
-72.5163
-70.796
-69.0958
-67.416
-65.7569
-64.1188
-62.5017
-60.9061
-59.3322
-57.7802
-56.2504
-54.7429
-53.2581
-51.7962
-50.3574
-48.942
-47.5501
-46.182
-44.8379
-43.5181
-42.2227
-40.952
-39.7062
-38.4855
-37.29
-36.12
-34.9757
-33.8573
-32.7649
-31.6988
-30.659
-29.6459
-28.6596
-27.7002
-26.7679
-25.8629
-24.9853
-24.1352
-23.3129
-22.5185
-21.7521
-21.0138
-20.3038
-19.6223
-18.9692
-18.3448
-17.7492
-17.1824
-16.6446
-16.1359
-15.6564
-15.2061
-14.7853
-14.3938
-14.0319
-13.6995
-13.3968
-13.1239
-12.8807
-12.6674
-12.484
-12.3305
-12.2069
-12.1134
-12.05
-12.0165
-12.0132
-12.04
-12.0969
-12.184
-12.3011
-12.4484
-12.6258
-12.8333
-13.0709
-13.3386
-13.6362
-13.9639
-14.3216
-14.7092
-15.1266
-15.5739
-16.0509
-16.5577
-17.094
-17.66
-18.2554
-18.8803
-19.5344
-20.2178
-20.9304
-21.672
-22.4425
-23.2418
-24.0698
-24.9264
-25.8115
-26.7248
-27.6664
-28.636
-29.6336
-30.6589
-31.7118
-32.7921
-33.8998
-35.0345
-36.1962
-37.3847
-38.5997
-39.8411
-41.1087
-42.4024
-43.7218
-45.0668
-46.4372
-47.8328
-49.2533
-50.6986
-52.1683
-53.6624
-55.1804
-56.7222
-58.2875
-59.8761
-61.4878
-63.1222
-64.779
-66.4581
-68.1592
-69.8819
-71.6259
-73.3911
-75.177
-76.9835
-78.8101
-80.6566
-82.5227
-84.408
-86.3123
-88.2352
-90.1763
-92.1354
-94.1121
-96.1061
-98.1169
-100.144
-102.188
-104.247
-106.322
-108.412
-110.517
-112.636
-114.769
-116.916
-119.076
-121.248
-123.433
-125.63
-127.839
-130.059
-132.289
-134.53
-136.781
-139.041
-141.31
-143.588
-145.874
-148.167
-150.468
-152.776
-155.09
-157.41
-159.736
-162.066
-164.401
-166.74
-169.082
-171.428
-173.776
-176.126
-178.477
-180.83
-183.183
-185.537
-187.89
-190.242
-192.592
-194.941
-197.287
-199.63
-201.97
-204.306
-206.637
-208.963
-211.283
-213.597
-215.904
-218.205
-220.497
-222.781
-225.056
-227.322
-229.578
-231.823
-234.058
-236.28
-238.491
-240.689
-242.874
-245.044
-247.201
-249.343
-251.469
-253.579
-255.673
-257.75
-259.809
-261.85
-263.872
-265.875
-267.858
-269.821
-271.764
-273.684
-275.583
-277.46
-279.314
-281.144
-282.95
-284.732
-286.489
-288.221
-289.927
-291.606
-293.259
-294.884
-296.482
-298.051
-299.592
-301.103
-302.722
-304.288
-305.804
-307.273
-308.696
-310.075
-311.411
-312.705
-313.959
-315.172
-316.346
-317.481
-318.577
-319.635
-320.655
-321.638
-322.582
-323.49
-324.36
-325.193
-325.989
-326.748
-327.47
-328.155
-328.803
-329.414
-329.988
-330.526
-331.027
-331.491
-331.919
-332.31
-332.664
-332.983
-333.265
-333.512
-333.722
-333.897
-334.036
-334.141
-334.21
-334.244
-334.244
-334.21
-334.142
-334.04
-333.905
-333.737
-333.537
-333.304
-333.04
-332.745
-332.419
-332.063
-331.677
-331.262
-330.818
-330.346
-329.846
-329.32
-328.767
-328.188
-327.584
-326.956
-326.303
-325.628
-324.931
-324.211
-323.471
-322.71
-321.93
-321.131
-320.315
-319.481
-318.63
-317.764
-316.883
-315.989
-315.08
-314.16
-313.228
-312.285
-311.332
-310.37
-309.4
-308.422
-307.437
-306.447
-305.452
-304.452
-303.449
-302.443
-301.436
-300.427
-299.419
-298.41
-297.403
-296.398
-295.395
-294.396
-293.401
-292.411
-291.426
-290.447
-289.475
-288.51
-287.553
-286.605
-285.666
-284.736
-283.816
-282.907
-282.009
-281.122
-280.247
-279.385
-278.535
-277.698
-276.874
-276.064
-275.268
-274.486
-273.718
-272.964
-272.225
-271.502
-270.792
-270.098
-269.419
-268.756
-268.107
-267.473
-266.854
-266.251
-265.662
-265.088
-264.529
-263.984
-263.454
-262.937
-262.435
-261.946
-261.471
-261.009
-260.56
-260.123
-259.698
-259.286
-258.884
-258.494
-258.115
-257.746
-257.387
-257.037
-256.697
-256.365
-256.041
-255.725
-255.415
-255.113
-254.817
-254.526
-254.241
-253.96
-253.684
-253.411
-253.141
-252.874
-252.609
-252.346
-252.083
-251.821
-251.56
-251.297
-251.034
-250.77
-250.503
-250.234
-249.962
-249.686
-249.407
-249.123
-248.834
-248.54
-248.241
-247.935
-247.622
-247.303
-246.976
-246.641
-246.298
-245.946
-245.586
-245.216
-244.837
-244.447
-244.047
-243.637
-243.216
-242.783
-242.339
-241.883
-241.416
-240.936
-240.443
-239.938
-239.42
-238.889
-238.345
-237.788
-237.217
-236.632
-236.034
-235.421
-234.795
-234.154
-233.499
-232.83
-232.147
-231.449
-230.737
-230.01
-229.269
-228.513
-227.743
-226.959
-226.16
-225.346
-224.518
-223.676
-222.82
-221.949
-221.065
-220.166
-219.253
-218.327
-217.386
-216.432
-215.465
-214.484
-213.489
-212.482
-211.462
-210.429
-209.383
-208.324
-207.254
-206.171
-205.076
-203.969
-202.85
-201.721
-200.579
-199.427
-198.264
-197.09
-195.906
-194.712
-193.507
-192.293
-191.069
-189.836
-188.593
-187.342
-186.082
-184.814
-183.537
-182.252
-180.96
-179.66
-178.352
-177.038
-175.717
-174.389
-173.055
-171.714
-170.368
-169.016
-167.659
-166.297
-164.93
-163.558
-162.182
-160.801
-159.417
-158.029
-156.637
-155.242
-153.845
-152.444
-151.041
-149.636
-148.229
-146.82
-145.409
-143.997
-142.584
-141.17
-139.756
-138.341
-136.926
-135.511
-134.096
-132.671
-131.248
-129.828
-128.409
-126.994
-125.58
-124.17
-122.761
-121.356
-119.954
-118.554
-117.147
-115.745
-114.349
-112.956
-111.569
-110.187
-108.809
-107.436
-106.069
-104.706
-103.349
-101.998
-100.651
-99.3107
-97.9759
-96.6471
-95.3244
-94.0079
-92.6979
-91.3944
-90.0976
-88.8077
-87.5248
-86.2491
-84.9807
-83.7199
-82.4667
-81.2213
-79.9839
-78.7546
-77.5335
-76.3209
-75.1168
-73.9215
-72.7349
-71.5574
-70.3891
-69.23
-68.0803
-66.9402
-65.8097
-64.6891
-63.5785
-62.4779
-61.3876
-60.3076
-59.238
-58.1791
-57.1309
-56.0935
-55.067
-54.0517
-53.0475
-52.0546
-51.0732
-50.1032
-49.1449
-48.1984
-47.2637
-46.3409
-45.4302
-44.5316
-43.6453
-42.7713
-41.9098
-41.0608
-40.2244
-39.4008
-38.5899
-37.792
-37.007
-36.2351
-35.4763
-34.7308
-33.9986
-33.2797
-32.5743
-31.8824
-31.2042
-30.5396
-29.8887
-29.2517
-28.6285
-28.0193
-27.424
-26.8429
-26.2758
-25.7229
-25.1843
-24.6599
-24.1499
-23.6543
-23.1731
-22.7064
-22.2542
-21.8166
-21.3937
-20.9854
-20.5918
-20.2129
-19.8488
-19.4995
-19.1651
-18.8455
-18.5408
-18.2511
-17.9763
-17.7166
-17.4718
-17.242
-17.0273
-16.8277
-16.6432
-16.4737
-16.3194
-16.1802
-16.0561
-15.9472
-15.8535
-15.7749
-15.7115
-15.6632
-15.6302
-15.6123
-15.6095
-15.622
-15.6496
-15.6923
-15.7502
-15.8233
-15.9115
-16.0148
-16.1332
-16.2666
-16.4152
-16.5788
-16.7575
-16.9512
-17.1598
-17.3834
-17.622
-17.8755
-18.1439
-18.4271
-18.7252
-19.0381
-19.3657
-19.708
-20.0651
-20.4368
-20.8231
-21.224
-21.6394
-22.0693
-22.5136
-22.9723
-23.4454
-23.9328
-24.4344
-24.9503
-25.4802
-26.0243
-26.5824
-27.1545
-27.7405
-28.3404
-28.9541
-29.5815
-30.2227
-30.8774
-31.5457
-32.2275
-32.9227
-33.6313
-34.3532
-35.0882
-35.8365
-36.5978
-37.3721
-38.1593
-38.9594
-39.7722
-40.5978
-41.436
-42.2867
-43.1499
-44.0254
-44.9133
-45.8134
-46.7256
-47.6498
-48.5861
-49.5342
-50.4941
-51.4657
-52.4489
-53.4436
-54.4498
-55.4673
-56.4961
-57.536
-58.587
-59.649
-60.7219
-61.8055
-62.8999
-64.0048
-65.1202
-66.246
-67.3822
-68.5285
-69.685
-70.8514
-72.0278
-73.2139
-74.4098
-75.6153
-76.8303
-78.0547
-79.2884
-80.5313
-81.7832
-83.0442
-84.3141
-85.5927
-86.8801
-88.176
-89.4804
-90.7931
-92.1141
-93.4433
-94.7805
-96.1257
-97.4787
-98.8395
-100.208
-101.584
-102.967
-104.358
-105.756
-107.161
-108.573
-109.991
-111.417
-112.849
-114.288
-115.734
-117.185
-118.644
-120.108
-121.578
-123.054
-124.536
-126.024
-127.517
-129.016
-130.521
-132.03
-133.545
-135.065
-136.59
-138.12
-139.655
-141.194
-142.739
-144.287
-145.84
-147.398
-148.959
-150.525
-152.094
-153.668
-155.246
-156.827
-158.411
-160
-161.592
-163.187
-164.785
-166.387
-167.991
-169.599
-171.209
-172.822
-174.438
-176.056
-177.677
-179.301
-180.926
-182.554
-184.184
-185.816
-187.45
-189.086
-190.724
-192.363
-194.004
-195.647
-197.291
-198.936
-200.583
-202.231
-203.879
-205.529
-207.18
-208.832
-210.484
-212.137
-213.791
-215.445
-217.099
-218.754
-220.409
-222.065
-223.72
-225.375
-227.031
-228.686
-230.341
-231.995
-233.649
-235.303
-236.956
-238.651
-240.436
-242.209
-244.113
-245.899
-247.954
-249.635
-251.295
-252.937
-254.564
-256.179
-257.783
-259.377
-260.965
-262.546
-264.122
-265.694
-267.262
-268.827
-270.389
-271.948
-273.506
-275.062
-276.616
-278.169
-279.72
-281.269
-282.818
-284.365
-285.91
-287.454
-288.996
-290.536
-292.075
-293.612
-295.147
-296.68
-298.21
-299.738
-301.264
-302.787
-304.307
-305.823
-307.337
-308.847
-310.354
-311.857
-313.357
-314.852
-316.343
-317.829
-319.311
-320.788
-322.26
-323.727
-325.189
-326.645
-328.096
-329.54
-330.979
-332.411
-333.836
-335.255
-336.667
-338.072
-339.47
-340.86
-342.243
-343.618
-344.985
-346.343
-347.693
-349.035
-350.367
-351.691
-353.005
-354.31
-355.605
-356.891
-358.166
-359.432
-360.687
-361.931
-363.165
-364.387
-365.599
-366.799
-367.987
-369.164
-370.329
-371.481
-372.621
-373.749
-374.864
-375.967
-377.056
-378.131
-379.194
-380.243
-381.277
-382.298
-383.305
-384.297
-385.275
-386.238
-387.186
-388.119
-389.037
-389.939
-390.826
-391.697
-392.551
-393.39
-394.213
-395.018
-395.808
-396.58
-397.336
-398.074
-398.795
-399.499
-400.185
-400.853
-401.504
-402.136
-402.75
-403.346
-403.923
-404.482
-405.022
-405.543
-406.045
-406.528
-406.991
-407.436
-407.86
-408.265
-408.65
-409.015
-409.36
-409.685
-409.99
-410.275
-410.539
-410.782
-411.005
-411.207
-411.388
-411.548
-411.687
-411.805
-411.902
-411.978
-412.032
-412.065
-412.077
-412.067
-412.035
-411.982
-411.907
-411.81
-411.692
-411.552
-411.389
-411.205
-410.999
-410.771
-410.521
-410.249
-409.955
-409.639
-409.3
-408.94
-408.558
-408.153
-407.726
-407.278
-406.807
-406.314
-405.799
-405.262
-404.703
-404.123
-403.52
-402.895
-402.249
-401.58
-400.89
-400.179
-399.445
-398.69
-397.913
-397.115
-396.296
-395.455
-394.593
-393.71
-392.805
-391.88
-390.934
-389.967
-388.979
-387.97
-386.941
-385.892
-384.822
-383.733
-382.623
-381.493
-380.343
-379.174
-377.985
-376.777
-375.549
-374.302
-373.037
-371.752
-370.449
-369.127
-367.787
-366.429
-365.052
-363.658
-362.246
-360.817
-359.37
-357.906
-356.425
-354.927
-353.412
-351.881
-350.334
-348.771
-347.192
-345.597
-343.987
-342.362
-340.721
-339.066
-337.396
-335.712
-334.014
-332.301
-330.575
-328.835
-327.082
-325.316
-323.538
-321.746
-319.942
-318.126
-316.298
-314.459
-312.608
-310.746
-308.873
-306.989
-305.095
-303.19
-301.276
-299.352
-297.418
-295.475
-293.523
-291.563
-289.594
-287.617
-285.632
-283.639
-281.639
-279.631
-277.617
-275.596
-273.568
-271.535
-269.495
-267.45
-265.4
-263.344
-261.284
-259.219
-257.149
-255.076
-252.998
-250.917
-248.833
-246.746
-244.656
-242.563
-240.468
-238.371
-236.273
-234.172
-232.071
-229.968
-227.865
-225.761
-223.657
-221.553
-219.449
-217.346
-215.243
-213.141
-211.041
-208.942
-206.844
-204.749
-202.656
-200.565
-198.477
-196.391
-194.309
-192.23
-190.155
-188.083
-186.016
-183.952
-181.893
-179.839
-177.79
-175.746
-173.707
-171.674
-169.646
-167.624
-165.609
-163.6
-161.597
-159.602
-157.613
-155.631
-153.657
-151.691
-149.732
-147.781
-145.838
-143.904
-141.978
-140.061
-138.153
-136.254
-134.364
-132.483
-130.613
-128.751
-126.9
-125.059
-123.229
-121.408
-119.599
-117.8
-116.012
-114.236
-112.47
-110.716
-108.974
-107.243
-105.525
-103.818
-102.124
-100.442
-98.7729
-97.1162
-95.4725
-93.8417
-92.2241
-90.6198
-89.029
-87.4518
-85.8883
-84.3387
-82.8032
-81.2819
-79.775
-78.2825
-76.8047
-75.3417
-73.8936
-72.4606
-71.0428
-69.6405
-68.2536
-66.8824
-65.527
-64.1877
-62.8644
-61.5574
-60.2668
-58.9928
-57.7355
-56.495
-55.2716
-54.0654
-52.8765
-51.7051
-50.5513
-49.4152
-48.2972
-47.1972
-46.1155
-45.0522
-44.0074
-42.9814
-41.9743
-40.9862
-40.0174
-39.0679
-38.1379
-37.2276
-36.3372
-35.4668
-34.6166
-33.7867
-32.9773
-32.1887
-31.4208
-30.674
-29.9483
-29.244
-28.5612
-27.9001
-27.2608
-26.6435
-26.0483
-25.4755
-24.9252
-24.3976
-23.8927
-23.4109
-22.9522
-22.5169
-22.105
-21.7167
-21.3522
-21.0116
-20.6952
-20.403
-20.1352
-19.892
-19.6734
-19.4797
-19.311
-19.1674
-19.0491
-18.9562
-18.8888
-18.8471
-18.8312
-18.8412
