-24.1625
-18.794
-14.2518
-10.0449
-6.46937
10153.1
-3.30031
-0.677934
1.50025
3.16634
4.36567
5.06448
5.28251
5.0026
4.23318
2.96562
1.20377
-1.05624
-3.81205
-7.06465
-10.8118
-15.0524
-19.7839
-25.0039
-30.7089
-36.8954
-43.5594
-50.6965
-58.302
-66.3708
-74.8976
-83.8768
-93.3026
-103.169
-113.47
-124.198
-135.348
-146.913
-158.885
-171.259
-184.026
-197.18
-210.714
-224.62
-238.891
-253.52
-268.499
-283.821
-299.479
-315.609
-332.064
-348.836
-365.918
-383.303
-400.983
-418.951
-437.198
-455.719
-474.505
-493.549
-512.844
-532.383
-552.157
-572.161
-592.386
-612.826
-633.473
-654.321
-675.361
-696.588
-717.993
-739.571
-761.313
-783.214
-805.265
-827.461
-849.795
-872.259
-894.847
-917.552
-940.367
-963.286
-986.301
-1009.41
-1032.6
-1055.86
-1079.2
-1102.6
-1126.06
-1149.57
-1173.13
-1196.72
-1220.35
-1244
-1267.67
-1291.35
-1315.04
-1338.73
-1362.42
-1386.09
-1409.74
-1433.38
-1456.98
-1480.54
-1504.06
-1527.54
-1550.96
-1574.32
-1597.62
-1620.85
-1643.99
-1667.06
-1690.04
-1712.92
-1735.71
-1758.39
-1780.96
-1803.41
-1825.75
-1847.95
-1870.03
-1891.97
-1913.77
-1935.43
-1956.93
-1978.28
-1999.46
-2020.49
-2041.34
-2062.02
-2082.52
-2102.83
-2122.96
-2142.9
-2162.65
-2182.19
-2201.53
-2220.67
-2239.59
-2258.3
-2276.8
-2295.07
-2313.12
-2330.95
-2348.54
-2365.9
-2383.03
-2399.92
-2416.56
-2432.97
-2449.13
-2465.04
-2480.71
-2496.12
-2511.28
-2526.19
-2540.84
-2555.24
-2569.37
-2583.25
-2596.87
-2610.22
-2623.32
-2636.15
-2648.72
-2661.02
-2673.07
-2684.85
-2696.36
-2707.62
-2718.61
-2729.34
-2739.81
-2750.02
-2759.97
-2769.66
-2779.09
-2788.27
-2797.19
-2805.86
-2814.27
-2822.44
-2830.36
-2838.03
-2845.45
-2852.64
-2859.58
-2866.28
-2872.75
-2878.99
-2885
-2890.78
-2896.33
-2901.66
-2906.77
-2911.66
-2916.35
-2920.82
-2925.08
-2929.14
-2933
-2936.66
-2940.12
-2943.4
-2946.49
-2949.39
-2952.12
-2954.66
-2957.04
-2959.24
-2961.28
-2963.16
-2964.87
-2966.43
-2967.85
-2969.11
-2970.23
-2971.21
-2972.05
-2972.76
-2973.34
-2973.79
-2974.12
-2974.33
-2974.43
-2974.42
-2974.3
-2974.07
-2973.75
-2973.32
-2972.81
-2972.2
-2971.5
-2970.73
-2969.87
-2968.93
-2967.92
-2966.83
-2965.68
-2964.47
-2963.19
-2961.85
-2960.46
-2959.01
-2957.51
-2955.97
-2954.38
-2952.74
-2951.07
-2949.35
-2947.61
-2945.82
-2944.01
-2942.17
-2940.3
-2938.41
-2936.49
-2934.56
-2932.6
-2930.63
-2928.64
-2926.64
-2924.63
-2922.61
-2920.57
-2918.53
-2916.49
-2914.44
-2912.39
-2910.33
-2908.28
-2906.22
-2904.16
-2902.11
-2900.06
-2898.01
-2895.97
-2893.94
-2891.91
-2889.88
-2887.87
-2885.86
-2883.86
-2881.86
-2879.88
-2877.91
-2875.94
-2873.99
-2872.05
-2870.11
-2868.19
-2866.28
-2864.38
-2862.48
-2860.6
-2858.73
-2856.87
-2855.02
-2853.18
-2851.35
-2849.53
-2847.72
-2845.91
-2844.12
-2842.33
-2840.55
-2838.78
-2837.02
-2835.26
-2833.51
-2831.76
-2830.01
-2828.28
-2826.54
-2824.81
-2823.08
-2821.35
-2819.62
-2817.9
-2816.17
-2814.44
-2812.71
-2810.98
-2809.24
-2807.5
-2805.75
-2804
-2802.25
-2800.48
-2798.71
-2796.93
-2795.14
-2793.34
-2791.52
-2789.7
-2787.86
-2786.01
-2784.14
-2782.26
-2780.36
-2778.45
-2776.51
-2774.56
-2772.59
-2770.59
-2768.58
-2766.54
-2764.48
-2762.39
-2760.28
-2758.15
-2755.99
-2753.8
-2751.58
-2749.33
-2747.05
-2744.74
-2742.4
-2740.03
-2737.63
-2735.19
-2732.71
-2730.2
-2727.66
-2725.07
-2722.45
-2719.79
-2717.09
-2714.35
-2711.57
-2708.75
-2705.89
-2702.98
-2700.03
-2697.03
-2693.99
-2690.9
-2687.77
-2684.59
-2681.36
-2678.09
-2674.76
-2671.39
-2667.96
-2664.49
-2660.96
-2657.38
-2653.75
-2650.07
-2646.33
-2642.54
-2638.69
-2634.79
-2630.83
-2626.82
-2622.75
-2618.62
-2614.44
-2610.2
-2605.9
-2601.54
-2597.12
-2592.64
-2588.1
-2583.51
-2578.85
-2574.13
-2569.35
-2564.51
-2559.6
-2554.64
-2549.61
-2544.52
-2539.36
-2534.14
-2528.86
-2523.52
-2518.11
-2512.63
-2507.09
-2501.49
-2495.82
-2490.09
-2484.29
-2478.43
-2472.5
-2466.51
-2460.45
-2454.32
-2448.13
-2441.87
-2435.55
-2429.16
-2422.7
-2416.18
-2409.59
-2402.94
-2396.22
-2389.43
-2382.57
-2375.65
-2368.67
-2361.61
-2354.5
-2347.31
-2340.06
-2332.74
-2325.36
-2317.91
-2310.39
-2302.81
-2295.16
-2287.45
-2279.67
-2271.83
-2263.92
-2255.94
-2247.9
-2239.8
-2231.63
-2223.4
-2215.1
-2206.74
-2198.31
-2189.82
-2181.27
-2172.65
-2163.97
-2155.23
-2146.43
-2137.56
-2128.63
-2119.64
-2110.58
-2101.47
-2092.29
-2083.05
-2073.75
-2064.4
-2054.98
-2045.5
-2035.96
-2026.36
-2016.7
-2006.99
-1997.21
-1987.38
-1977.49
-1967.54
-1957.53
-1947.47
-1937.35
-1927.18
-1916.95
-1906.66
-1896.32
-1885.92
-1875.47
-1864.96
-1854.4
-1843.79
-1833.12
-1822.4
-1811.63
-1800.8
-1789.93
-1779
-1768.02
-1756.99
-1745.91
-1734.79
-1723.61
-1712.38
-1701.1
-1689.78
-1678.4
-1666.98
-1655.52
-1644
-1632.44
-1620.84
-1609.18
-1597.49
-1585.74
-1573.96
-1562.13
-1550.26
-1538.34
-1526.38
-1514.38
-1502.34
-1490.25
-1478.13
-1465.96
-1453.76
-1441.51
-1429.23
-1416.91
-1404.55
-1392.15
-1379.71
-1367.24
-1354.74
-1342.19
-1329.61
-1317
-1304.35
-1291.67
-1278.95
-1266.2
-1253.42
-1240.61
-1227.77
-1214.89
-1201.99
-1189.05
-1176.09
-1163.1
-1150.08
-1137.03
-1123.95
-1110.85
-1097.72
-1084.57
-1071.39
-1058.19
-1044.96
-1031.71
-1018.44
-1005.14
-991.824
-978.487
-965.129
-951.752
-938.355
-924.94
-911.507
-898.057
-884.59
-871.107
-857.609
-844.096
-830.569
-817.028
-803.475
-789.909
-776.332
-762.744
-749.146
-735.539
-721.922
-708.298
-694.666
-681.027
-667.382
-653.732
-640.078
-626.419
-612.757
-599.093
-585.427
-571.759
-558.092
-544.425
-530.759
-517.095
-503.434
-489.776
-476.122
-462.473
-448.83
-435.193
-421.563
-407.942
-394.329
-380.725
-367.132
-353.55
-339.979
-326.421
-312.877
-299.347
-285.831
-272.331
-258.848
-245.382
-231.933
-218.504
-205.094
-191.705
-178.336
-164.99
-151.666
-138.365
-125.089
-111.837
-98.6115
-85.4121
-72.24
-59.0958
-45.9803
-32.8942
-19.8383
-6.81323
6.18022
19.1413
32.0694
44.9638
57.8237
70.6485
83.4374
96.1899
108.905
121.583
134.222
146.822
159.382
171.902
184.381
196.818
209.213
221.565
-33.0387
246.145
258.718
271.227
283.672
296.053
308.371
320.625
332.815
344.942
357.006
369.005
380.942
392.815
404.625
416.372
428.056
439.677
451.235
462.731
474.164
485.535
496.844
508.09
519.276
530.399
541.461
552.462
563.402
574.282
585.101
595.86
606.558
617.198
627.777
638.298
648.76
659.163
669.509
679.796
690.026
700.199
710.315
720.375
730.379
740.327
750.221
760.059
769.843
779.574
789.251
798.875
808.447
817.967
827.436
836.853
846.221
855.539
864.807
874.027
883.199
892.324
901.401
910.433
919.418
928.359
937.256
946.109
954.919
963.687
972.414
981.099
989.745
998.351
1006.92
1015.45
1023.94
1032.4
1040.82
1049.2
1057.55
1065.87
1074.16
1082.41
1090.64
1098.83
1107
1115.13
1123.24
1131.33
1139.39
1147.42
1155.43
1163.41
1171.38
1179.32
1187.24
1195.15
1203.03
1210.9
1218.75
1226.59
1234.41
1242.22
1250.01
1257.79
1265.56
1273.32
1281.08
1288.82
1296.56
1304.28
1312.01
1319.73
1327.44
1335.16
1342.87
1350.58
1358.29
1366
1373.71
1381.43
1389.15
1396.87
1404.6
1412.33
1420.07
1427.82
1435.58
1443.35
1451.12
1458.91
1466.71
1474.52
1482.35
1490.19
1498.05
1505.92
1513.81
1521.71
1529.63
1537.57
1545.54
1553.52
1561.52
1569.54
1577.59
1585.65
1593.75
1601.86
1610
1618.17
1626.36
1634.57
1642.82
1651.09
1659.39
1667.71
1676.07
1684.45
1692.87
1701.31
1709.79
1718.29
1726.83
1735.4
1744
1752.63
1761.3
1770
1778.73
1787.5
1796.3
1805.13
1814
1822.9
1831.84
1840.81
1849.82
1858.86
1867.94
1877.05
1886.2
1895.38
1904.6
1913.86
1923.15
1932.47
1941.83
1951.23
1960.66
1970.13
1979.63
1989.17
1998.74
2008.34
2017.98
2027.66
2037.37
2047.11
2056.89
2066.7
2076.54
2086.42
2096.33
2106.27
2116.24
2126.25
2136.28
2146.35
2156.44
2166.57
2176.72
2186.91
2197.12
2207.36
2217.63
2227.92
2238.24
2248.58
2258.95
2269.35
2279.77
2290.21
2300.67
2311.15
2321.66
2332.18
2342.73
2353.29
2363.87
2374.47
2385.09
2395.72
2406.36
2417.02
2427.69
2438.37
2449.06
2459.76
2470.48
2481.2
2491.92
2502.66
2513.39
2524.14
2534.88
2545.63
2556.37
2567.12
2577.87
2588.61
2599.35
2610.08
2620.81
2631.53
2642.24
2652.94
2663.63
2674.31
2684.98
2695.63
2706.26
2716.88
2727.47
2738.05
2748.6
2759.14
2769.64
2780.12
2790.58
2801
2811.4
2821.76
2832.09
2842.39
2852.65
2862.87
2873.05
2883.19
2893.29
2903.34
2913.35
2923.32
2933.23
2943.09
2952.9
2962.66
2972.36
2982.01
2991.59
3001.12
3010.58
3019.98
3029.31
3038.58
3047.78
3056.9
3065.96
3074.94
3083.84
3092.67
3101.41
3110.08
3118.66
3127.15
3135.56
3143.88
3152.11
3160.25
3168.29
3176.24
3184.09
3191.84
3199.49
3207.03
3214.47
3221.81
3229.03
3236.14
3243.15
3250.03
3256.8
3263.46
3269.99
3276.4
3282.69
3288.85
3294.88
3300.79
3306.57
3312.21
3317.72
3323.09
3328.33
3333.43
3338.38
3343.19
3347.86
3352.38
3356.76
3360.98
3365.06
3368.98
3372.74
3376.35
3379.8
3383.1
3386.23
3389.2
3392.01
3394.65
3397.13
3399.43
3401.57
3403.54
3405.33
3406.95
3408.4
3409.67
3410.77
3411.68
3412.42
3412.97
3413.35
3413.54
3413.54
3413.37
3413
3412.45
3411.71
3410.79
3409.67
3408.36
3406.87
3405.18
3403.3
3401.22
3398.95
3396.49
3393.84
3390.98
3387.94
3384.7
3381.26
3377.62
3373.79
3369.76
3365.54
3361.11
3356.49
3351.68
3346.66
3341.45
3336.04
3330.44
3324.64
3318.64
3312.45
3306.06
3299.48
3292.7
3285.73
3278.56
3271.2
3263.65
3255.91
3247.97
3239.85
3231.54
3223.04
3214.35
3205.47
3196.42
3187.17
3177.74
3168.14
3158.35
3148.38
3138.23
3127.91
3117.41
3106.74
3095.89
3084.88
3073.69
3062.34
3050.82
3039.14
3027.29
3015.28
3003.12
2990.79
2978.32
2965.68
2952.9
2939.97
2926.89
2913.66
2900.29
2886.78
2873.13
2859.34
2845.42
2831.36
2817.17
2802.86
2788.42
2773.85
2759.16
2744.36
2729.44
2714.4
2699.25
2683.99
2668.62
2653.14
2637.57
2621.89
2606.12
2590.25
2574.28
2558.23
2542.09
2525.86
2509.54
2493.15
2476.68
2460.13
2443.51
2426.81
2410.05
2393.22
2376.33
2359.37
2342.36
2325.28
2308.16
2290.98
2273.74
2256.47
2239.14
2221.77
2204.36
2186.92
2169.43
2151.91
2134.36
2116.77
2099.16
2081.52
2063.86
2046.18
2028.47
2010.75
1993.01
1975.25
1957.49
1939.71
1921.92
1904.13
1886.33
1868.52
1850.72
1832.91
1815.1
1797.3
1779.5
1761.71
1743.92
1726.14
1708.37
1690.61
1672.87
1655.14
1637.42
1619.72
1602.03
1584.37
1566.72
1549.1
1531.49
1513.91
1496.35
1478.82
1461.31
1443.82
1426.37
1408.94
1391.53
1374.16
1356.82
1339.5
1322.22
1304.97
1287.75
1270.56
1253.4
1236.27
1219.18
1202.12
1185.1
1168.11
1151.15
1134.23
1117.34
1100.49
1083.67
1066.88
1050.13
1033.42
1016.74
1000.09
983.481
966.905
950.363
933.856
917.382
900.943
884.537
868.165
851.827
835.521
819.249
803.009
786.801
770.625
754.481
738.368
722.286
706.234
690.213
674.221
658.259
642.325
626.42
610.544
594.694
578.872
563.077
547.308
531.565
515.847
500.154
484.485
468.84
453.219
437.62
422.045
406.491
390.958
375.447
359.957
344.486
329.035
313.604
298.191
282.796
267.419
252.06
236.718
221.392
206.083
190.789
175.51
160.247
144.998
129.763
114.542
99.3341
84.1397
68.9581
53.789
38.632
23.4869
8.35343
-6.76872
-21.8798
-36.9801
-52.0698
-67.1491
-82.2182
-97.2774
-112.327
-127.367
-142.397
-157.418
-172.429
-187.432
-202.425
-217.41
-232.386
-247.353
-262.311
-277.26
-292.2
28.3414
-321.953
-337.217
-352.456
-367.669
-382.857
-398.02
-413.159
-428.274
-443.365
-458.433
-473.477
-488.499
-503.497
-518.473
-533.426
-548.357
-563.266
-578.153
-593.017
-607.86
-622.681
-637.48
-652.257
-667.013
-681.746
-696.458
-711.148
-725.815
-740.461
-755.085
-769.686
-784.264
-798.82
-813.354
-827.864
-842.351
-856.815
-871.255
-885.672
-900.064
-914.432
-928.775
-943.093
-957.386
-971.654
-985.895
-1000.11
-1014.3
-1028.46
-1042.6
-1056.7
-1070.78
-1084.83
-1098.85
-1112.85
-1126.81
-1140.74
-1154.64
-1168.51
-1182.35
-1196.16
-1209.94
-1223.68
-1237.39
-1251.06
-1264.71
-1278.31
-1291.89
-1305.42
-1318.92
-1332.39
-1345.82
-1359.21
-1372.56
-1385.87
-1399.15
-1412.39
-1425.58
-1438.74
-1451.85
-1464.93
-1477.96
-1490.95
-1503.9
-1516.81
-1529.67
-1542.49
-1555.27
-1568
-1580.68
-1593.32
-1605.92
-1618.47
-1630.97
-1643.42
-1655.83
-1668.19
-1680.5
-1692.76
-1704.98
-1717.14
-1729.26
-1741.32
-1753.34
-1765.3
-1777.21
-1789.07
-1800.89
-1812.64
-1824.35
-1836.01
-1847.61
-1859.16
-1870.65
-1882.09
-1893.48
-1904.82
-1916.1
-1927.32
-1938.49
-1949.61
-1960.67
-1971.68
-1982.63
-1993.53
-2004.37
-2015.15
-2025.88
-2036.56
-2047.17
-2057.73
-2068.24
-2078.69
-2089.08
-2099.41
-2109.69
-2119.91
-2130.07
-2140.18
-2150.23
-2160.22
-2170.16
-2180.03
-2189.86
-2199.62
-2209.32
-2218.97
-2228.56
-2238.1
-2247.57
-2256.99
-2266.36
-2275.66
-2284.91
-2294.1
-2303.23
-2312.3
-2321.32
-2330.28
-2339.18
-2348.02
-2356.81
-2365.54
-2374.22
-2382.83
-2391.39
-2399.89
-2408.34
-2416.72
-2425.05
-2433.33
-2441.54
-2449.7
-2457.8
-2465.85
-2473.84
-2481.77
-2489.64
-2497.46
-2505.22
-2512.93
-2520.57
-2528.17
-2535.7
-2543.18
-2550.6
-2557.96
-2565.27
-2572.52
-2579.72
-2586.85
-2593.93
-2600.96
-2607.93
-2614.84
-2621.69
-2628.49
-2635.23
-2641.91
-2648.54
-2655.11
-2661.62
-2668.08
-2674.47
-2680.82
-2687.1
-2693.33
-2699.5
-2705.61
-2711.66
-2717.66
-2723.6
-2729.48
-2735.3
-2741.07
-2746.78
-2752.42
-2758.01
-2763.55
-2769.02
-2774.43
-2779.79
-2785.08
-2790.32
-2795.49
-2800.61
-2805.67
-2810.66
-2815.6
-2820.48
-2825.29
-2830.05
-2834.74
-2839.37
-2843.94
-2848.45
-2852.9
-2857.28
-2861.6
-2865.86
-2870.06
-2874.19
-2878.26
-2882.27
-2886.21
-2890.09
-2893.9
-2897.65
-2901.33
-2904.95
-2908.5
-2911.99
-2915.41
-2918.77
-2922.06
-2925.28
-2928.43
-2931.52
-2934.54
-2937.49
-2940.37
-2943.18
-2945.93
-2948.6
-2951.21
-2953.74
-2956.21
-2958.6
-2960.93
-2963.18
-2965.37
-2967.48
-2969.52
-2971.49
-2973.38
-2975.2
-2976.95
-2978.63
-2980.23
-2981.76
-2983.22
-2984.6
-2985.91
-2987.14
-2988.3
-2989.38
-2990.39
-2991.32
-2992.18
-2992.96
-2993.66
-2994.29
-2994.84
-2995.32
-2995.72
-2996.04
-2996.28
-2996.45
-2996.54
-2996.55
-2996.48
-2996.33
-2996.11
-2995.81
-2995.43
-2994.97
-2994.44
-2993.82
-2993.13
-2992.36
-2991.51
-2990.58
-2989.57
-2988.48
-2987.31
-2986.07
-2984.74
-2983.34
-2981.86
-2980.3
-2978.66
-2976.94
-2975.15
-2973.27
-2971.32
-2969.28
-2967.17
-2964.99
-2962.72
-2960.37
-2957.95
-2955.45
-2952.87
-2950.22
-2947.49
-2944.68
-2941.79
-2938.83
-2935.79
-2932.68
-2929.49
-2926.22
-2922.88
-2919.47
-2915.98
-2912.41
-2908.77
-2905.06
-2901.27
-2897.41
-2893.48
-2889.48
-2885.4
-2881.25
-2877.03
-2872.74
-2868.37
-2863.94
-2859.44
-2854.86
-2850.22
-2845.51
-2840.73
-2835.88
-2830.97
-2825.99
-2820.94
-2815.83
-2810.64
-2805.4
-2800.09
-2794.71
-2789.27
-2783.77
-2778.21
-2772.58
-2766.89
-2761.13
-2755.32
-2749.45
-2743.51
-2737.52
-2731.46
-2725.35
-2719.18
-2712.95
-2706.66
-2700.32
-2693.92
-2687.46
-2680.95
-2674.38
-2667.75
-2661.08
-2654.35
-2647.56
-2640.72
-2633.83
-2626.89
-2619.89
-2612.84
-2605.75
-2598.6
-2591.4
-2584.15
-2576.85
-2569.5
-2562.1
-2554.66
-2547.16
-2539.62
-2532.03
-2524.39
-2516.7
-2508.97
-2501.19
-2493.37
-2485.49
-2477.58
-2469.61
-2461.6
-2453.55
-2445.45
-2437.3
-2429.11
-2420.88
-2412.6
-2404.27
-2395.9
-2387.49
-2379.03
-2370.53
-2361.98
-2353.39
-2344.75
-2336.07
-2327.35
-2318.58
-2309.76
-2300.9
-2292
-2283.05
-2274.06
-2265.02
-2255.93
-2246.8
-2237.63
-2228.41
-2219.14
-2209.83
-2200.46
-2191.06
-2181.6
-2172.1
-2162.55
-2152.95
-2143.3
-2133.61
-2123.86
-2114.06
-2104.22
-2094.32
-2084.37
-2074.37
-2064.32
-2054.22
-2044.06
-2033.85
-2023.59
-2013.27
-2002.9
-1992.47
-1981.98
-1971.44
-1960.83
-1950.17
-1939.46
-1928.68
-1917.84
-1906.94
-1895.98
-1884.96
-1873.87
-1862.72
-1851.51
-1840.23
-1828.88
-1817.47
-1805.99
-1794.45
-1782.83
-1771.14
-1759.39
-1747.56
-1735.66
-1723.68
-1711.63
-1699.51
-1687.31
-1675.04
-1662.69
-1650.26
-1637.75
-1625.16
-1612.49
-1599.74
-1586.9
-1573.99
-1560.99
-1547.9
-1534.73
-1521.47
-1508.12
-1494.68
-1481.16
-1467.54
-1453.84
-1440.04
-1426.15
-1412.16
-1398.08
-1383.91
-1369.64
-1355.27
-1340.8
-1326.24
-1311.57
-1296.81
-1281.94
-1266.97
-1251.9
-1236.72
-1221.44
-1206.06
-1190.57
-1174.97
-1159.27
-1143.46
-1127.54
-1111.51
-1095.37
-1079.12
-1062.75
-1046.28
-1029.69
-1012.99
-996.182
-979.255
-962.214
-945.058
-927.786
-910.398
-892.893
-875.272
-857.533
-839.677
-821.703
-803.61
-785.399
-767.069
-748.621
-730.053
-711.365
-692.558
-673.632
-654.586
-635.42
-616.134
-596.729
-577.204
-557.559
-537.795
-517.912
-497.91
-477.789
-457.549
-437.191
-416.716
-396.123
-375.413
-354.586
-333.643
-312.585
-291.413
-270.126
-248.725
-227.212
-205.588
-183.852
-162.006
-140.051
-117.988
-95.8182
-73.5423
-51.1615
-28.6772
-6.09066
16.5969
39.384
62.2692
85.251
108.328
131.498
154.761
178.113
201.553
225.08
248.692
272.386
296.161
320.014
343.943
367.947
392.022
416.167
-447.181
464.279
489.31
514.37
539.455
564.566
589.698
614.852
640.024
665.213
690.417
715.632
740.858
766.09
791.328
816.568
841.807
867.043
892.273
917.494
942.703
967.897
993.073
1018.23
1043.36
1068.46
1093.53
1118.57
1143.56
1168.52
1193.43
1218.29
1243.09
1267.84
1292.53
1317.15
1341.71
1366.19
1390.6
1414.92
1439.16
1463.31
1487.36
1511.32
1535.18
1558.93
1582.57
1606.09
1629.5
1652.78
1675.93
1698.95
1721.84
1744.58
1767.18
1789.63
1811.93
1834.06
1856.04
1877.85
1899.48
1920.95
1942.23
1963.33
1984.24
2004.96
2025.49
2045.81
2065.94
2085.85
2105.56
2125.05
2144.32
2163.37
2182.2
2200.79
2219.16
2237.29
2255.18
2272.83
2290.24
2307.4
2324.31
2340.97
2357.37
2373.52
2389.41
2405.03
2420.39
2435.49
2450.32
2464.87
2479.16
2493.18
2506.92
2520.39
2533.58
2546.49
2559.13
2571.49
2583.57
2595.37
2606.89
2618.13
2629.09
2639.77
2650.17
2660.3
2670.14
2679.71
2689
2698.02
2706.76
2715.23
2723.42
2731.35
2739
2746.39
2753.52
2760.38
2766.98
2773.32
2779.4
2785.23
2790.8
2796.13
2801.21
2806.05
2810.64
2815
2819.13
2823.02
2826.68
2830.12
2833.34
2836.34
2839.13
2841.7
2844.07
2846.23
2848.2
2849.97
2851.55
2852.94
2854.15
2855.17
2856.03
2856.71
2857.22
2857.57
2857.76
2857.8
2857.69
2857.43
2857.02
2856.48
2855.81
2855
2854.07
2853.02
2851.85
2850.57
2849.18
2847.69
2846.09
2844.4
2842.61
2840.73
2838.77
2836.73
2834.61
2832.42
2830.16
2827.83
2825.43
2822.98
2820.48
2817.92
2815.31
2812.66
2809.96
2807.23
2804.46
2801.66
2798.83
2795.97
2793.09
2790.19
2787.27
2784.34
2781.39
2778.43
2775.46
2772.49
2769.52
2766.54
2763.57
2760.6
2757.64
2754.68
2751.73
2748.8
2745.88
2742.97
2740.08
2737.21
2734.36
2731.53
2728.72
2725.93
2723.17
2720.44
2717.73
2715.06
2712.41
2709.79
2707.2
2704.65
2702.13
2699.64
2697.18
2694.76
2692.38
2690.03
2687.72
2685.44
2683.2
2681
2678.83
2676.7
2674.61
2672.56
2670.54
2668.56
2666.62
2664.72
2662.85
2661.02
2659.23
2657.47
2655.75
2654.07
2652.42
2650.81
2649.23
2647.69
2646.18
2644.7
2643.26
2641.85
2640.47
2639.13
2637.81
2636.52
2635.27
2634.04
2632.84
2631.67
2630.52
2629.4
2628.3
2627.23
2626.18
2625.15
2624.15
2623.17
2622.2
2621.26
2620.33
2619.42
2618.53
2617.65
2616.79
2615.94
2615.1
2614.27
2613.46
2612.65
2611.86
2611.07
2610.29
2609.51
2608.74
2607.98
2607.21
2606.45
2605.69
2604.93
2604.17
2603.41
2602.64
2601.87
2601.1
2600.32
2599.53
2598.74
2597.94
2597.12
2596.3
2595.46
2594.62
2593.76
2592.88
2591.99
2591.08
2590.15
2589.2
2588.23
2587.24
2586.23
2585.2
2584.14
2583.07
2581.96
2580.84
2579.68
2578.49
2577.28
2576.03
2574.76
2573.45
2572.11
2570.75
2569.35
2567.91
2566.45
2564.94
2563.4
2561.83
2560.22
2558.57
2556.88
2555.15
2553.39
2551.58
2549.73
2547.84
2545.9
2543.92
2541.9
2539.84
2537.72
2535.57
2533.36
2531.11
2528.81
2526.46
2524.06
2521.62
2519.12
2516.57
2513.98
2511.32
2508.62
2505.87
2503.06
2500.2
2497.28
2494.31
2491.28
2488.2
2485.06
2481.87
2478.62
2475.31
2471.94
2468.52
2465.03
2461.49
2457.89
2454.23
2450.51
2446.73
2442.89
2438.99
2435.02
2431
2426.91
2422.77
2418.56
2414.29
2409.95
2405.55
2401.09
2396.57
2391.99
2387.34
2382.62
2377.85
2373
2368.1
2363.13
2358.1
2353
2347.84
2342.61
2337.32
2331.96
2326.54
2321.05
2315.5
2309.89
2304.21
2298.46
2292.65
2286.78
2280.84
2274.83
2268.76
2262.63
2256.43
2250.17
2243.84
2237.45
2230.99
2224.47
2217.89
2211.24
2204.53
2197.75
2190.91
2184.01
2177.04
2170.01
2162.92
2155.76
2148.55
2141.27
2133.92
2126.52
2119.05
2111.52
2103.93
2096.28
2088.57
2080.8
2072.96
2065.07
2057.12
2049.1
2041.03
2032.9
2024.71
2016.46
2008.15
1999.78
1991.36
1982.88
1974.34
1965.74
1957.09
1948.38
1939.61
1930.79
1921.91
1912.98
1903.99
1894.95
1885.85
1876.7
1867.5
1858.24
1848.93
1839.57
1830.15
1820.69
1811.17
1801.6
1791.98
1782.31
1772.58
1762.81
1752.99
1743.12
1733.2
1723.23
1713.22
1703.16
1693.05
1682.89
1672.68
1662.43
1652.14
1641.8
1631.41
1620.98
1610.5
1599.98
1589.42
1578.81
1568.16
1557.47
1546.73
1535.95
1525.14
1514.28
1503.38
1492.44
1481.46
1470.44
1459.38
1448.28
1437.15
1425.98
1414.77
1403.52
1392.23
1380.91
1369.56
1358.17
1346.74
1335.28
1323.78
1312.25
1300.69
1289.09
1277.46
1265.8
1254.11
1242.39
1230.63
1218.85
1207.03
1195.19
1183.32
1171.41
1159.48
1147.52
1135.54
1123.53
1111.49
1099.42
1087.33
1075.22
1063.08
1050.91
1038.73
1026.52
1014.28
1002.03
989.751
977.453
965.135
952.796
940.438
928.06
915.664
903.25
890.819
878.37
865.905
853.424
840.928
828.416
815.891
803.352
790.799
778.234
765.657
753.069
740.469
727.86
715.24
702.612
689.974
677.329
664.677
652.018
639.353
626.682
614.007
601.327
588.644
575.957
563.269
550.578
537.887
525.195
512.504
499.813
487.124
474.437
461.753
449.072
436.396
423.725
411.059
398.4
385.747
373.102
360.466
347.838
335.22
322.613
310.016
297.432
284.859
272.3
259.755
247.224
234.709
222.21
209.727
197.261
184.814
172.385
159.976
147.587
135.219
122.872
110.547
98.2453
85.967
73.713
61.4839
49.2804
37.1032
24.9528
12.83
0.735466
-11.3302
-23.3664
-35.3723
-47.3475
-59.2913
-71.203
-83.0821
-94.9278
-106.74
-118.517
-130.26
-141.966
-153.637
-165.271
-176.867
-188.426
-199.946
-75.9351
89.3866
-179.098
254.584
-448.024
687.749
-1150.05
-297.092
-309.196
-321.194
-333.087
-344.877
-356.566
-368.155
-379.646
-391.041
-402.341
-413.548
-424.663
-435.689
-446.626
-457.476
-468.24
-478.921
-489.519
-500.036
-510.473
-520.832
-531.114
-541.32
-551.452
-561.511
-571.499
-581.416
-591.263
-601.042
-610.755
-620.402
-629.984
-639.502
-648.959
-658.354
-667.688
-676.964
-686.181
-695.341
-704.445
-713.494
-722.488
-731.429
-740.318
-749.156
-757.943
-766.68
-775.368
-784.009
-792.603
-801.15
-809.653
-818.111
-826.525
-834.896
-843.225
-851.514
-859.761
-867.97
-876.139
-884.27
-892.364
-900.422
-908.444
-916.43
-924.383
-932.302
-940.189
-948.043
-955.867
-963.659
-971.422
-979.157
-986.863
-994.541
-1002.19
-1009.82
-1017.42
-1024.99
-1032.55
-1040.08
-1047.58
-1055.07
-1062.53
-1069.98
-1077.4
-1084.81
-1092.19
-1099.56
-1106.92
-1114.26
-1121.58
-1128.89
-1136.19
-1143.47
-1150.74
-1158
-1165.25
-1172.49
-1179.72
-1186.94
-1194.16
-1201.37
-1208.57
-1215.76
-1222.96
-1230.14
-1237.33
-1244.51
-1251.69
-1258.87
-1266.05
-1273.23
-1280.41
-1287.59
-1294.77
-1301.96
-1309.15
-1316.35
-1323.55
-1330.75
-1337.97
-1345.19
-1352.42
-1359.65
-1366.9
-1374.15
-1381.42
-1388.7
-1395.99
-1403.29
-1410.6
-1417.93
-1425.27
-1432.63
-1440
-1447.39
-1454.79
-1462.21
-1469.65
-1477.11
-1484.58
-1492.08
-1499.59
-1507.13
-1514.68
-1522.26
-1529.85
-1537.47
-1545.11
-1552.77
-1560.46
-1568.17
-1575.9
-1583.66
-1591.44
-1599.25
-1607.08
-1614.94
-1622.83
-1630.74
-1638.67
-1646.64
-1654.63
-1662.64
-1670.69
-1678.76
-1686.86
-1694.99
-1703.15
-1711.33
-1719.55
-1727.79
-1736.06
-1744.36
-1752.69
-1761.04
-1769.43
-1777.84
-1786.29
-1794.76
-1803.26
-1811.79
-1820.35
-1828.94
-1837.56
-1846.2
-1854.88
-1863.58
-1872.31
-1881.07
-1889.86
-1898.67
-1907.52
-1916.39
-1925.28
-1934.21
-1943.16
-1952.13
-1961.14
-1970.17
-1979.22
-1988.3
-1997.4
-2006.53
-2015.68
-2024.86
-2034.05
-2043.27
-2052.52
-2061.78
-2071.07
-2080.37
-2089.7
-2099.05
-2108.41
-2117.79
-2127.19
-2136.61
-2146.05
-2155.5
-2164.97
-2174.45
-2183.94
-2193.45
-2202.97
-2212.51
-2222.05
-2231.61
-2241.17
-2250.75
-2260.33
-2269.92
-2279.51
-2289.12
-2298.72
-2308.33
-2317.94
-2327.56
-2337.18
-2346.79
-2356.41
-2366.02
-2375.63
-2385.24
-2394.85
-2404.44
-2414.03
-2423.62
-2433.19
-2442.76
-2452.31
-2461.85
-2471.38
-2480.89
-2490.39
-2499.87
-2509.34
-2518.78
-2528.21
-2537.61
-2546.99
-2556.35
-2565.68
-2574.99
-2584.27
-2593.52
-2602.74
-2611.93
-2621.08
-2630.2
-2639.29
-2648.34
-2657.35
-2666.32
-2675.25
-2684.14
-2692.98
-2701.78
-2710.53
-2719.24
-2727.89
-2736.49
-2745.05
-2753.54
-2761.99
-2770.37
-2778.7
-2786.97
-2795.17
-2803.32
-2811.4
-2819.41
-2827.36
-2835.23
-2843.04
-2850.77
-2858.43
-2866.02
-2873.53
-2880.96
-2888.31
-2895.58
-2902.76
-2909.86
-2916.88
-2923.81
-2930.64
-2937.39
-2944.04
-2950.6
-2957.07
-2963.43
-2969.7
-2975.87
-2981.93
-2987.9
-2993.75
-2999.5
-3005.14
-3010.67
-3016.09
-3021.4
-3026.59
-3031.66
-3036.62
-3041.46
-3046.17
-3050.77
-3055.24
-3059.58
-3063.8
-3067.89
-3071.85
-3075.68
-3079.38
-3082.94
-3086.37
-3089.66
-3092.81
-3095.82
-3098.7
-3101.43
-3104.01
-3106.45
-3108.75
-3110.9
-3112.9
-3114.75
-3116.44
-3117.99
-3119.38
-3120.62
-3121.71
-3122.63
-3123.4
-3124.01
-3124.47
-3124.76
-3124.89
-3124.85
-3124.66
-3124.3
-3123.77
-3123.08
-3122.22
-3121.2
-3120.01
-3118.65
-3117.12
-3115.42
-3113.55
-3111.51
-3109.29
-3106.91
-3104.35
-3101.62
-3098.72
-3095.65
-3092.4
-3088.98
-3085.38
-3081.61
-3077.67
-3073.55
-3069.25
-3064.79
-3060.14
-3055.33
-3050.34
-3045.17
-3039.83
-3034.32
-3028.64
-3022.78
-3016.75
-3010.54
-3004.17
-2997.62
-2990.91
-2984.02
-2976.96
-2969.73
-2962.34
-2954.78
-2947.05
-2939.15
-2931.09
-2922.87
-2914.48
-2905.93
-2897.21
-2888.34
-2879.31
-2870.11
-2860.77
-2851.26
-2841.6
-2831.78
-2821.82
-2811.7
-2801.43
-2791.02
-2780.45
-2769.74
-2758.89
-2747.89
-2736.75
-2725.48
-2714.06
-2702.51
-2690.82
-2679
-2667.05
-2654.96
-2642.75
-2630.41
-2617.95
-2605.37
-2592.66
-2579.83
-2566.89
-2553.83
-2540.65
