3601.79
-2474.94
1713.36
-1173.14
816.72
-546.173
-554.398
391.014
-260.193
189.053
-120.196
93.3347
-53.4756
48.0618
-21.5923
26.7289
-6.28266
16.7464
1.13225
12.1363
4.77796
10.0609
6.61681
9.17461
7.58326
8.8402
8.12328
8.75691
8.45049
8.78351
8.66797
8.85438
8.82606
8.93967
8.94989
9.0263
9.05248
9.10909
9.14093
9.18643
9.21946
9.25835
9.29077
9.32552
9.3568
9.38887
9.41902
9.44935
9.47863
9.4319
9.51094
9.50258
9.55391
9.56371
9.60187
9.62036
9.65241
9.67523
9.70463
9.72981
9.7583
9.785
9.81351
9.84142
9.87044
9.89947
9.92931
9.95947
9.99033
10.0217
10.0537
10.0863
10.1195
10.1534
10.1879
10.2231
10.259
10.2956
10.3328
10.3708
10.4094
10.4488
10.4888
10.5295
10.5709
10.6129
10.6557
10.6991
10.7431
10.7877
10.833
10.8789
10.9253
10.9724
11.02
11.0681
11.1167
11.1658
11.2154
11.2654
11.3159
11.3667
11.4179
11.4695
11.5214
11.5735
11.6259
11.6786
11.7314
11.7844
11.8375
11.8907
11.944
11.9973
12.0507
12.1039
12.1571
12.2102
12.2632
12.3159
12.3685
12.4207
12.4727
12.5244
12.5757
12.6265
12.677
12.7269
12.7763
12.8252
12.8735
12.9211
12.9681
13.0143
13.0598
13.1045
13.1484
13.1915
13.2336
13.2748
13.3151
13.3543
13.3926
13.4297
13.4658
13.5007
13.5345
13.5671
13.5985
13.6286
13.6574
13.685
13.7112
13.736
13.7595
13.7816
13.8022
13.8214
13.8391
13.8554
13.8701
13.8833
13.895
13.9051
13.9137
13.9206
13.926
13.9298
13.932
13.9325
13.9315
13.9288
13.9245
13.9185
13.9109
13.9017
13.8908
13.8783
13.8642
13.8484
13.831
13.812
13.7914
13.7692
13.7454
13.7201
13.6931
13.6646
13.6346
13.6031
13.57
13.5355
13.4995
13.462
13.4232
13.3829
13.3412
13.2981
13.2537
13.208
13.1609
13.1126
13.0631
13.0123
12.9603
12.9072
12.8529
12.7975
12.741
12.6835
12.6249
12.5654
12.5048
12.4434
12.381
12.3177
12.2536
12.1887
12.1229
12.0564
11.9892
11.9213
11.8527
11.7835
11.7136
11.6432
11.5722
11.5007
11.4288
11.3563
11.2834
11.2101
11.1365
11.0625
10.9881
10.9135
10.8386
10.7635
10.6881
10.6126
10.5369
10.461
10.3851
10.309
10.2329
10.1568
10.0806
10.0044
9.92823
9.85211
9.77606
9.70009
9.62422
9.54847
9.47287
9.39742
9.32215
9.24707
9.1722
9.09755
9.02315
8.949
8.87512
8.80153
8.72823
8.65524
8.58258
8.51025
8.43826
8.36663
8.29537
8.22448
8.15399
8.08388
8.01418
7.9449
7.87603
7.80759
7.73959
7.67203
7.60491
7.53825
7.47204
7.4063
7.34103
7.27623
7.2119
7.14806
7.0847
7.02182
6.95943
6.89753
6.83613
6.77522
6.71481
6.65489
6.59547
6.53655
6.47813
6.42021
6.36279
6.30587
6.24945
6.19352
6.1381
6.08317
6.02873
5.97479
5.92134
5.86838
5.81592
5.76393
5.71244
5.66143
5.61089
5.56084
5.51126
5.46216
5.41353
5.36536
5.31766
5.27042
5.22364
5.17732
5.13145
5.08603
5.04105
4.99653
4.95244
4.90879
4.86557
4.82278
4.78042
4.73849
4.69697
4.65587
4.61519
4.57492
4.53505
4.49559
4.45654
4.41787
4.37961
4.34173
4.30424
4.26714
4.23042
4.19408
4.15812
4.12253
4.0873
4.05245
4.01796
3.98383
3.95006
3.91665
3.88359
3.85088
3.81852
3.78651
3.75483
3.7235
3.69251
3.66186
3.63153
3.60155
3.57189
3.54256
3.51356
3.48488
3.45652
3.42857
3.40081
3.37346
3.34636
3.31962
3.29317
3.26705
3.24123
3.21573
3.19053
3.16565
3.14107
3.1168
3.09284
3.06918
3.04583
3.02278
3.00004
2.9776
2.95546
2.93363
2.91209
2.89086
2.86994
2.84931
2.82899
2.80897
2.78925
2.76983
2.75072
2.7319
2.71339
2.69519
2.67728
2.65968
2.64239
2.6254
2.60872
2.59234
2.57627
2.5605
2.54504
2.5299
2.51506
2.50053
2.48631
2.47241
2.45882
2.44554
2.43257
2.41993
2.40759
2.39558
2.38389
2.37251
2.36146
2.35072
2.34031
2.33023
2.32047
2.31103
2.30193
2.29315
2.2847
2.27658
2.2688
2.26135
2.25423
2.24745
2.241
2.23489
2.22912
2.22369
2.2186
2.21386
2.20946
2.2054
2.20168
2.19832
2.1953
2.19263
2.1903
2.18833
2.18671
2.18544
2.18453
2.18397
2.18376
2.18391
2.18442
2.18528
2.1865
2.18808
2.19001
2.19231
2.19497
2.19799
2.20137
2.20511
2.20921
2.21368
2.21851
2.2237
2.22925
2.23517
2.24146
2.2481
2.25511
2.26249
2.27022
2.27833
2.28679
2.29562
2.30481
2.31437
2.32429
2.33457
2.34521
2.35621
2.36758
2.3793
2.39139
2.40383
2.41664
2.4298
2.44331
2.45719
2.47141
2.486
2.50093
2.51622
2.53186
2.54784
2.56418
2.58086
2.59789
2.61526
2.63298
2.65103
2.66943
2.68817
2.70724
2.72664
2.74638
2.76645
2.78685
2.80758
2.82864
2.85002
2.87172
2.89373
2.91607
2.93872
2.96169
2.98497
3.00855
3.03245
3.05664
3.08114
3.10594
3.13104
3.15643
3.18211
3.20808
3.23434
3.26088
3.2877
3.3148
3.34218
3.36983
3.39775
3.42594
3.4544
3.48312
3.51209
3.54133
3.57081
3.60055
3.63053
3.66076
3.69123
3.72194
3.75288
3.78406
3.81546
3.84709
3.87895
3.91102
3.94332
3.97582
4.00854
4.04146
4.07459
4.10792
4.14145
4.17518
4.20909
4.2432
4.27749
4.31196
4.34661
4.38144
4.41644
4.45162
4.48696
4.52246
4.55813
4.59395
4.62992
4.66605
4.70233
4.73876
4.77532
4.81203
4.84887
4.88585
4.92296
4.96019
4.99755
5.03504
5.07264
5.11036
5.14819
5.18614
5.22419
5.26235
5.30062
5.33898
5.37744
5.416
5.45465
5.49339
5.53222
5.57114
5.61014
5.64922
5.68838
5.72761
5.76692
5.8063
5.84575
5.88527
5.92486
5.96451
6.00422
6.04399
6.08382
6.1237
6.16364
6.20364
6.24368
6.28377
6.32391
6.3641
6.40434
6.44461
6.48493
6.52529
6.56569
6.60613
6.6466
6.68712
6.72766
6.76824
6.80886
6.8495
6.89018
6.93089
6.97163
7.01239
7.05319
7.09401
7.13487
7.17575
7.21665
7.25758
7.29854
7.33953
7.38054
7.42157
7.46264
7.50372
7.54484
7.58597
7.62714
7.66833
7.70955
7.75079
7.79206
7.83336
7.87469
7.91604
7.95743
7.99954
8.04031
8.08208
8.12324
8.16489
8.20628
8.24792
8.28947
8.33115
8.37282
8.41457
8.45635
8.49819
8.54006
8.58199
8.62397
8.666
8.70807
8.75021
8.79239
8.83463
8.87693
8.91928
8.96169
9.00416
9.04669
9.08928
9.13194
9.17466
9.21745
9.26031
9.30323
9.34623
9.3893
9.43245
9.47567
9.51897
9.56235
9.60581
9.64936
9.69298
9.7367
9.7805
9.82439
9.86838
9.91246
9.95663
10.0009
10.0453
10.0897
10.1343
10.179
10.2238
10.2687
10.3137
10.3588
10.404
10.4493
10.4948
10.5403
10.586
10.6318
10.6777
10.7238
10.77
10.8163
10.8627
10.9093
10.9559
11.0027
11.0497
11.0968
11.144
11.1913
11.2388
11.2864
11.3342
11.3821
11.4301
11.4783
11.5266
11.5751
11.6237
11.6724
11.7213
11.7703
11.8195
11.8688
11.9182
11.9678
12.0175
12.0674
12.1174
12.1676
12.2179
12.2683
12.3189
12.3696
12.4204
12.4714
12.5226
12.5738
12.6253
12.6768
12.7284
12.7802
12.8322
12.8842
12.9364
12.9887
13.0411
13.0937
13.1463
13.1991
13.252
13.305
13.3581
13.4113
13.4647
13.5181
13.5716
13.6253
13.679
13.7328
13.7867
13.8407
13.8947
13.9489
14.0031
14.0574
14.1117
14.1662
14.2206
14.2752
14.3298
14.3844
14.4391
14.4938
14.5486
14.6034
14.6582
14.713
14.7679
14.8227
14.8776
14.9325
14.9874
15.0422
15.0971
15.1519
15.2068
15.2615
15.3163
15.371
15.4257
15.4803
15.5349
15.5894
15.6438
15.6982
15.7525
15.8067
15.8608
15.9148
15.9687
16.0225
16.0762
16.1298
16.1832
16.2365
16.2896
16.3426
16.3955
16.4482
16.5007
16.553
16.6052
16.6571
16.7089
16.7604
16.8118
16.8629
16.9138
16.9645
17.0149
17.0651
17.115
17.1646
17.214
17.2631
17.312
17.3605
17.4087
17.4566
17.5043
17.5515
17.5985
17.6451
17.6914
17.7373
17.7828
17.828
17.8728
17.9172
17.9612
18.0049
18.0481
18.0909
18.1332
18.1752
18.2166
18.2577
18.2983
18.3384
18.378
18.4172
18.4559
18.4941
18.5318
18.5689
18.6056
18.6417
18.6773
18.7122
18.7468
18.7807
18.8141
18.8468
18.879
18.9106
18.9416
18.972
19.0018
19.031
19.0595
19.0874
19.1147
19.1412
19.1672
19.1924
19.217
19.2409
19.2642
19.2867
19.3085
19.3296
19.35
19.3696
19.3885
19.4067
19.4241
19.4408
19.4567
19.4718
19.4861
19.4997
19.5125
19.5244
19.5356
19.546
19.5555
19.5642
19.5721
19.5791
19.5853
19.5906
19.5951
19.5987
19.6015
19.6033
19.6043
19.6044
19.6036
19.6018
19.5992
19.5957
19.5912
19.5858
19.5795
19.5723
19.5641
19.5549
19.5449
19.5338
19.5218
19.5088
19.4948
19.4799
19.464
19.4471
19.4292
19.4103
19.3904
19.3695
19.3475
19.3246
19.3007
19.2757
19.2497
19.2226
19.1946
19.1655
19.1353
19.1041
19.0719
19.0386
19.0043
18.9689
18.9324
18.8949
18.8563
18.8166
18.7759
18.7341
18.6912
18.6473
18.6023
18.5562
18.509
18.4607
18.4114
18.361
18.3095
18.2569
18.2032
18.1484
18.0926
18.0356
17.9776
17.9185
17.8583
17.7971
17.7347
17.6713
17.6068
17.5412
17.4745
17.4068
17.3379
17.268
17.1971
17.1251
17.052
16.9778
16.9026
16.8264
16.7491
16.6707
16.5913
16.5109
16.4295
16.347
16.2635
16.179
16.0934
16.0069
15.9194
15.8309
15.7414
15.6509
15.5594
15.467
15.3736
15.2793
15.184
15.0878
14.9907
14.8927
14.7938
14.6939
14.5932
14.4916
14.3892
14.2859
14.1817
14.0767
13.9709
13.8643
13.7569
13.6487
13.5397
13.43
13.3195
13.2083
13.0963
12.9837
12.8703
12.7563
12.6416
12.5263
12.4103
12.2937
12.1765
12.0588
11.9404
11.8215
11.702
11.5821
11.4616
11.3406
11.2192
11.0973
10.975
10.8522
10.7291
10.6055
10.4816
10.3574
10.2328
10.1079
9.98276
9.85732
9.73163
9.60571
9.47958
9.35326
9.22677
9.10012
8.97334
8.84646
8.71948
8.59243
8.46533
8.3382
8.21106
8.08393
7.95683
7.82979
7.70281
7.57593
7.44917
7.32254
7.19606
7.06976
6.94365
6.81776
6.69211
6.56671
6.44159
6.31677
6.19226
6.06809
5.94428
5.82084
5.6978
5.57517
5.45297
5.33123
5.20996
5.08918
4.96891
4.84917
4.72997
4.61133
4.49328
4.37582
4.25898
4.14277
4.02721
3.91231
3.79809
3.68457
3.57176
3.45968
3.34835
3.23776
3.12795
3.01893
2.9107
2.80329
2.6967
2.59095
2.48605
2.38201
2.27885
2.17657
2.07518
1.97471
1.87515
1.77651
1.67882
1.58207
1.48627
1.39143
1.29757
1.20468
1.11278
1.02187
0.931961
0.843054
0.755158
0.668278
0.582418
0.497584
0.413778
0.331006
0.249271
0.168576
0.0889233
0.0103154
-0.0672454
-0.143758
-0.21922
-0.293631
-0.366991
-0.439299
-0.510555
-0.580761
-0.649915
-0.718021
-0.785078
-0.851089
-0.916056
-0.979981
-1.04288
-1.10472
-1.16555
-1.22533
-1.2841
-1.34184
-1.39856
-1.45427
-1.50897
-1.56268
-1.61538
-1.66709
-1.71782
-1.76756
-1.81633
-1.86414
-1.91098
-1.95687
-2.00182
-2.04582
-2.08889
-2.13104
-2.17227
-2.21259
-2.25201
-2.29054
-2.32818
-2.36495
-2.40085
-2.43589
-2.47008
-2.50342
-2.53594
-2.56763
-2.59851
-2.62858
-2.65785
-2.68634
-2.71405
-2.74099
-2.76717
-2.79261
-2.8173
-2.84126
-2.86451
-2.88704
-2.90887
-2.93
-2.95046
-2.97024
-2.98935
-3.00782
-3.02563
-3.04282
-3.05937
-3.07532
-3.09065
-3.10539
-3.11954
-3.1331
-3.1461
-3.15854
-3.17043
-3.18177
-3.19258
-3.20284
-3.21262
-3.22187
-3.23064
-3.2389
-3.24669
-3.254
-3.26085
-3.26724
-3.27319
-3.27869
-3.28376
-3.2884
-3.29263
-3.29645
-3.29987
-3.30289
-3.30553
-3.30778
-3.30967
-3.31119
-3.31235
-3.31316
-3.31363
-3.31376
-3.31356
-3.31304
-3.3122
-3.31104
-3.30959
-3.30783
-3.30578
-3.30345
-3.30083
-3.29795
-3.29479
-3.29137
-3.28769
-3.28376
-3.27958
-3.27517
-3.27051
-3.26563
-3.26052
-3.25519
-3.24965
-3.24389
-3.23793
-3.23177
-3.22541
-3.21886
-3.21213
-3.20521
-3.19811
-3.19084
-3.1834
-3.1758
-3.23822
-3.17917
-3.20281
-3.16982
-3.17527
-3.15431
-3.1512
-3.13574
-3.12854
-3.11555
-3.10636
-3.09444
-3.08425
-3.07275
-3.06203
-3.05066
-3.03962
-3.02825
-3.01702
-3.0056
-2.99422
-2.98274
-2.97125
-2.9597
-2.94813
-2.93651
-2.92487
-2.9132
-2.9015
-2.88978
-2.87805
-2.8663
-2.85453
-2.84275
-2.83097
-2.81918
-2.80739
-2.79559
-2.7838
-2.77201
-2.76023
-2.74846
-2.73671
-2.72496
-2.71324
-2.70153
-2.68985
-2.67818
-2.66655
-2.65494
-2.64337
-2.63183
-2.62032
-2.60886
-2.59743
-2.58604
-2.5747
-2.56341
-2.55217
-2.54098
-2.52984
-2.51876
-2.50774
-2.49677
-2.48587
-2.47504
-2.46427
-2.45357
-2.44294
-2.43238
-2.4219
-2.4115
-2.40118
-2.39094
-2.38078
-2.3707
-2.36072
-2.35082
-2.34102
-2.33131
-2.3217
-2.31218
-2.30276
-2.29345
-2.28423
-2.27512
-2.26612
-2.25723
-2.24845
-2.23978
-2.23122
-2.22278
-2.21445
-2.20625
-2.19816
-2.1902
-2.18236
-2.17464
-2.16705
-2.15959
-2.15226
-2.14506
-2.13799
-2.13105
-2.12425
-2.11758
-2.11105
-2.10466
-2.0984
-2.09229
-2.08632
-2.08049
-2.0748
-2.06926
-2.06386
-2.05861
-2.0535
-2.04855
-2.04373
-2.03907
-2.03456
-2.0302
-2.02598
-2.02192
-2.01801
-2.01425
-2.01064
-2.00719
-2.00388
-2.00073
-1.99774
-1.99489
-1.9922
-1.98967
-1.98728
-1.98505
-1.98297
-1.98105
-1.97928
-1.97766
-1.9762
-1.97489
-1.97373
-1.97272
-1.97187
-1.97116
-1.97061
-1.97021
-1.96995
-1.96985
-1.9699
-1.97009
-1.97044
-1.97093
-1.97157
-1.97235
-1.97328
-1.97436
-1.97558
-1.97694
-1.97845
-1.9801
-1.98189
-1.98381
-1.98588
-1.98809
-1.99044
-1.99292
-1.99554
-1.9983
-2.00118
-2.00421
-2.00736
-2.01065
-2.01407
-2.01761
-2.02129
-2.02509
-2.02902
-2.03308
-2.03726
-2.04157
-2.04599
-2.05054
-2.05522
-2.06001
-2.06492
-2.06994
-2.07509
-2.08035
-2.08572
-2.09121
-2.09682
-2.10253
-2.10836
-2.11429
-2.12034
-2.12649
-2.13275
-2.13911
-2.14558
-2.15216
-2.15884
-2.16562
-2.1725
-2.17948
-2.18656
-2.19374
-2.20102
-2.20839
-2.21586
-2.22342
-2.23108
-2.23883
-2.24667
-2.2546
-2.26262
-2.27073
-2.27893
-2.28721
-2.29558
-2.30404
-2.31257
-2.3212
-2.3299
-2.33868
-2.34755
-2.35649
-2.36551
-2.37461
-2.38379
-2.39304
-2.40236
-2.41175
-2.42122
-2.43076
-2.44036
-2.45004
-2.45978
-2.46958
-2.47945
-2.48939
-2.49939
-2.50944
-2.51956
-2.52973
-2.53996
-2.55025
-2.56059
-2.57098
-2.58142
-2.59192
-2.60246
-2.61304
-2.62367
-2.63435
-2.64506
-2.65581
-2.6666
-2.67743
-2.68829
-2.69918
-2.71011
-2.72105
-2.73203
-2.74303
-2.75405
-2.76509
-2.77614
-2.78721
-2.79829
-2.80938
-2.82048
-2.83158
-2.84269
-2.85379
-2.86489
-2.87598
-2.88706
-2.89813
-2.90919
-2.92022
-2.93123
-2.94222
-2.95318
-2.96411
-2.975
-2.98585
-2.99666
-3.00743
-3.01814
-3.0288
-3.0394
-3.04994
-3.06042
-3.07082
-3.08116
-3.09141
-3.10158
-3.11166
-3.12165
-3.13155
-3.14134
-3.15103
-3.16061
-3.17007
-3.17941
-3.18863
-3.19772
-3.20667
-3.21548
-3.22415
-3.23266
-3.24101
-3.24921
-3.25723
-3.26509
-3.27276
-3.28024
-3.28754
-3.29464
-3.30153
-3.30822
-3.31469
-3.32094
-3.32696
-3.33275
-3.33829
-3.34359
-3.34864
-3.35342
-3.35794
-3.36219
-3.36615
-3.36983
-3.37322
-3.3763
-3.37908
-3.38155
-3.38369
-3.3855
-3.38698
-3.38812
-3.38891
-3.38934
-3.38941
-3.38911
-3.38843
-3.38737
-3.38592
-3.38406
-3.3818
-3.37913
-3.37603
-3.37251
-3.36855
-3.36416
-3.35931
-3.354
-3.34823
-3.34199
-3.33527
-3.32807
-3.32038
-3.31218
-3.30348
-3.29427
-3.28453
-3.27427
-3.26348
-3.25214
-3.24026
-3.22782
-3.21483
-3.20126
-3.18712
-3.1724
-3.1571
-3.1412
-3.1247
-3.10759
-3.08988
-3.07154
-3.05259
-3.033
-3.01278
-2.99192
-2.97041
-2.94825
-2.92543
-2.90195
-2.8778
-2.85298
-2.82748
-2.8013
-2.77443
-2.74687
-2.71861
-2.68966
-2.66
-2.62963
-2.59854
-2.56674
-2.53422
-2.50098
-2.46701
-2.43231
-2.39687
-2.3607
-2.32379
-2.28614
-2.24774
-2.2086
-2.16871
-2.12806
-2.08666
-2.04451
-2.0016
-1.95793
-1.91351
-1.86832
-1.82237
-1.77566
-1.72819
-1.67995
-1.63095
-1.58118
-1.53065
-1.47936
-1.4273
-1.37448
-1.32089
-1.26655
-1.21144
-1.15557
-1.09895
-1.04156
-0.983423
-0.92453
-0.864885
-0.804489
-0.743346
-0.681457
-0.618824
-0.555451
-0.49134
-0.426494
-0.360917
-0.29461
-0.227579
-0.159825
-0.0913533
-0.022167
0.0477299
0.118333
0.189639
0.261643
0.334341
0.407728
0.481799
0.556551
0.631977
0.708073
0.784834
0.862254
0.940329
1.01905
1.09842
1.17842
1.25906
1.34032
1.42221
1.50471
1.58781
1.67152
1.75582
1.84072
1.92619
2.01225
2.09887
2.18606
2.27381
2.3621
2.45094
2.54032
2.63023
2.72066
2.8116
2.90306
2.99502
3.08748
3.18042
3.27385
3.36775
3.46212
3.55694
3.65223
3.74796
3.84413
3.94073
4.03775
4.1352
4.23305
4.33131
4.42997
4.52901
4.62844
4.72825
4.82842
4.92896
5.02985
5.13109
5.23268
5.33459
5.43684
5.53941
5.64229
5.74548
5.84897
5.95276
6.05684
6.16119
6.26583
6.37073
6.4759
6.58133
6.68701
6.79293
6.89909
7.00549
7.11212
7.21896
7.32603
7.4333
7.54078
7.64846
7.75634
7.86441
7.97266
8.08108
8.18969
8.29846
8.4074
8.51649
8.62574
8.73514
8.84469
8.95438
9.0642
9.17416
9.28424
9.39444
9.50477
9.61521
9.72576
9.83642
9.94718
10.058
10.169
10.28
10.3912
10.5024
10.6137
10.7251
10.8365
10.948
11.0596
11.1712
11.2829
11.3947
11.5065
11.6183
11.7302
11.8422
11.9541
12.0661
12.1782
12.2902
12.4023
12.5144
12.6265
12.7386
12.8508
12.9629
13.075
13.1871
13.2993
13.4113
13.5234
13.6355
13.7475
13.8595
13.9714
14.0833
14.1952
14.307
14.4188
14.5304
14.6421
14.7536
14.865
14.9764
15.0877
15.1988
15.3099
15.4208
15.5316
15.6423
15.7528
15.8632
15.9734
16.0835
16.1933
16.303
16.4125
16.5218
16.4789
16.6959
16.7354
16.8957
16.9733
17.107
17.202
17.323
17.4258
17.5405
17.6465
17.7578
17.8649
17.9743
18.0814
18.1893
18.2959
18.4026
18.5085
18.614
18.7189
18.8233
18.9271
19.0303
19.1329
19.2349
19.3362
19.4368
19.5367
19.636
19.7345
19.8322
19.9292
20.0254
20.1208
20.2153
20.309
20.4019
20.4938
20.5849
20.675
20.7641
20.8523
20.9395
21.0257
21.1108
21.1949
21.2779
21.3599
21.4407
21.5204
21.5989
21.6763
21.7525
21.8275
21.9012
21.9737
22.045
22.1149
22.1836
22.2509
22.3169
22.3816
22.4449
22.5068
22.5674
22.6265
22.6842
22.7404
22.7952
22.8486
22.9004
22.9508
22.9997
23.0471
23.0929
23.1372
23.1799
23.2211
23.2608
23.2989
23.3354
23.3703
23.4036
23.4354
23.4655
23.4941
23.5211
23.5465
23.5703
23.5926
23.6132
23.6323
23.6498
23.6657
23.6801
23.6929
23.7041
23.7139
23.722
23.7287
23.7339
23.7375
23.7397
23.7405
23.7397
23.7375
23.7339
23.7289
23.7225
23.7148
23.7057
23.6952
23.6834
23.6704
23.656
23.6405
23.6236
23.6056
23.5864
23.566
23.5445
23.5219
23.4982
23.4735
23.4476
23.4208
23.393
23.3643
23.3345
23.3039
23.2724
23.2401
23.2069
23.1729
23.1381
23.1026
23.0663
23.0293
22.9917
22.9534
22.9145
22.875
22.8349
22.7943
22.7531
22.7115
22.6694
22.6268
22.5838
22.5404
22.4966
22.4524
22.408
22.3632
22.3181
22.2727
22.2271
22.1813
22.1352
22.089
22.0426
21.996
21.9493
21.9024
21.8555
21.8085
21.7614
21.7143
21.6671
21.6199
21.5727
21.5255
21.4783
21.4311
21.384
21.3369
21.2899
21.243
21.1962
21.1494
21.1028
21.0562
21.0098
20.9635
20.9174
20.8714
20.8255
20.7798
20.7342
20.6889
20.6437
20.5986
20.5538
20.5091
20.4647
20.4204
20.3763
20.3324
20.2887
20.2452
20.2019
20.159
20.116
20.0734
20.0309
19.9887
19.9466
19.9048
19.8632
19.8217
19.7805
19.7395
19.6987
19.6581
19.6176
19.5774
19.5374
19.4975
19.4579
19.4184
19.3791
19.34
19.3011
19.2624
19.2238
19.1854
19.1471
19.109
19.0711
19.0333
18.9957
18.9582
18.9208
18.8836
18.8465
18.8096
18.7727
18.736
18.6994
18.6629
18.6265
18.5902
18.554
18.5179
18.4819
18.446
18.4101
18.3743
18.3386
18.3029
18.2673
18.2317
18.1962
18.1607
18.1253
18.0899
18.0545
18.0192
17.9838
17.9485
17.9132
17.8779
17.8425
17.8072
17.7719
17.7365
17.7011
17.6658
17.6303
17.5949
17.5594
17.5238
17.4882
17.4526
17.4169
17.3811
17.3452
17.3093
17.2734
17.2373
17.2012
17.1649
17.1286
17.0922
17.0557
17.019
16.9823
16.9454
16.9084
16.8713
16.8343
16.7969
16.7595
16.7218
16.6842
16.6463
16.6083
16.5701
16.5318
16.4933
16.4547
16.4159
16.3577
16.3305
16.2818
16.2475
16.2031
16.1652
16.1226
16.0829
16.0409
16.0001
15.9581
15.8903
15.8649
15.8101
15.775
15.7262
15.6863
15.64
15.5977
15.5523
15.5087
15.4635
15.419
15.3736
15.3285
15.2828
15.2372
15.1911
15.1449
15.0985
15.0518
15.0049
14.9578
14.9104
14.8628
14.815
14.767
14.7187
14.6701
14.6214
14.5724
14.5231
14.4736
14.4239
14.374
14.3238
14.2733
14.2226
14.1717
14.1205
14.0691
14.0174
13.9655
13.9134
13.861
13.8083
13.7554
13.7023
13.6489
13.5953
13.5414
13.4873
13.4329
13.3783
13.3234
13.2683
13.2129
13.1573
13.1015
13.0454
12.989
12.9324
12.8756
12.8185
12.7612
12.7036
12.6458
12.5877
12.5294
12.4709
12.4121
12.353
12.2937
12.2342
12.1745
12.1144
12.0542
11.9937
11.933
11.872
11.8108
11.7494
11.6877
11.6258
11.5637
11.5013
11.4387
11.3759
11.3128
11.2495
11.186
11.1222
11.0582
10.994
10.9296
10.8649
10.8
10.7349
10.6696
10.6041
10.5383
10.4723
10.4061
10.3397
10.273
10.2062
10.1391
10.0718
10.0043
9.93664
9.86874
9.80062
9.7323
9.66377
9.59504
9.5261
9.45697
9.38763
9.3181
9.24836
9.17843
9.10831
9.03799
8.96747
8.89677
8.82587
8.75479
8.68352
8.61206
8.54041
8.46858
8.39657
8.32438
8.252
8.17945
8.10672
8.03381
7.96073
7.88747
7.81404
7.74044
7.66667
7.59273
7.51863
7.44436
7.36992
7.29532
7.22056
7.14564
7.07056
6.99532
6.91992
6.84437
6.76866
6.6928
6.61679
6.54064
6.46433
6.38787
6.31127
6.23452
6.15763
6.0806
6.00343
5.92611
5.84866
5.77108
5.69335
5.6155
5.53751
5.45939
5.38114
5.30276
5.22425
5.14562
5.06686
4.98798
4.90898
4.82985
4.75061
4.67125
4.59177
4.51218
4.43247
4.35265
4.27272
4.19268
4.11254
4.03228
3.95192
3.87146
3.79089
3.71022
3.62946
3.54859
3.46763
3.38657
3.30542
3.22418
3.14284
3.06142
2.9799
2.8983
2.81662
2.73485
2.65301
2.57108
2.48907
2.40698
2.32482
2.24259
2.16028
2.07791
1.99546
1.91295
1.83037
1.74773
1.66503
1.58226
1.49944
1.41656
1.33363
1.25064
1.16761
1.08452
1.00139
0.918208
0.834986
0.751722
0.66842
0.58508
0.501704
0.418296
0.334857
0.251389
0.167894
0.0843749
0.00083351
-0.0827278
-0.166307
-0.249901
-0.333508
-0.417126
-0.500752
-0.584383
-0.668018
-0.751653
-0.835287
-0.918915
-1.00254
-1.08615
-1.16975
-1.25333
-1.3369
-1.42044
-1.50396
-1.58746
-1.67092
-1.75435
-1.83775
-1.92111
-2.00442
-2.08769
-2.17092
-2.25409
-2.3372
-2.42026
-2.50326
-2.58619
-2.66905
-2.75184
-2.83456
-2.9172
-2.99975
-3.08222
-3.1646
-3.24688
-3.32907
-3.41116
-3.49314
-3.57501
-3.65676
-3.7384
-3.81992
-3.90131
-3.98258
-4.06371
-4.1447
-4.22555
-4.30625
-4.3868
-4.46719
-4.54742
-4.62749
-4.70739
-4.78711
-4.86666
-4.94602
-5.02519
-5.10417
-5.18296
-5.26154
-5.33991
-5.41807
-5.49601
-5.57373
-5.65122
-5.72847
-5.80549
-5.88227
-5.9588
-6.03507
-6.11108
-6.18683
-6.26231
-6.33752
-6.41244
-6.48708
-6.56143
-6.63548
-6.70923
-6.78266
-6.85579
-6.9286
-6.9747
-7.00562
-7.10015
-7.06374
-7.25752
-7.0648
-7.50642
-7.33127
-7.57772
-7.53439
-7.68865
-7.7066
-7.81698
-7.86309
-7.95228
-8.01099
-8.08961
-8.15362
-8.22667
-8.29256
-8.36237
-8.4285
-8.49616
-8.56178
-8.6278
-8.69255
-8.75716
-8.82086
-8.88417
-8.94672
-9.00877
-9.07014
-9.13095
-9.19111
-9.25068
-9.30961
-9.36794
-9.42563
-9.48271
-9.53915
-9.59497
-9.65016
-9.70472
-9.75864
-9.81193
-9.86458
-9.91659
-9.96796
-10.0187
-10.0688
-10.1182
-10.167
-10.2151
-10.2626
-10.3094
-10.3556
-10.4011
-10.446
-10.4902
-10.5337
-10.5766
-10.6188
-10.6604
-10.7012
-10.7414
-10.781
-10.8199
-10.8581
-10.8956
-10.9324
-10.9686
-11.0041
-11.039
-11.0731
-11.1066
-11.1394
-11.1715
-11.2029
-11.2337
-11.2637
-11.2931
-11.3218
-11.3498
-11.3772
-11.4038
-11.4298
-11.4551
-11.4797
-11.5036
-11.5268
-11.5494
-11.5712
-11.5924
-11.6129
-11.6327
-11.6518
-11.6703
-11.688
-11.7051
-11.7215
-11.7372
-11.7523
-11.7667
-11.7804
-11.7934
-11.8057
-11.8174
-11.8284
-11.8387
-11.8484
-11.8574
-11.8657
-11.8734
-11.8804
-11.8867
-11.8924
-11.8974
-11.9018
-11.9055
-11.9086
-11.911
-11.9128
-11.9139
-11.9144
-11.9143
-11.9135
-11.9121
-11.9101
-11.9074
-11.9042
-11.9003
-11.8957
-11.8906
-11.8849
-11.8785
-11.8716
-11.864
-11.8558
-11.8471
-11.8378
-11.8278
-11.8173
-11.8063
-11.7946
-11.7824
-11.7696
-11.7562
-11.7423
-11.7278
-11.7128
-11.6972
-11.6811
-11.6645
-11.6473
-11.6295
-11.6113
-11.5925
-11.5733
-11.5535
-11.5332
-11.5124
-11.4911
-11.4693
-11.447
-11.4242
-11.401
-11.3773
-11.3531
-11.3284
-11.3033
-11.2777
-11.2517
-11.2252
-11.1983
-11.171
-11.1432
-11.115
-11.0864
-11.0574
-11.0279
-10.9981
-10.9678
-10.9372
-10.9061
-10.8747
-10.8429
-10.8107
-10.7782
-10.7453
-10.712
-10.6784
-10.6444
-10.6101
-10.5754
-10.5404
-10.5051
-10.4694
-10.4335
-10.3972
-10.3606
-10.3237
-10.2865
-10.249
-10.2112
-10.1731
-10.1348
-10.0962
-10.0573
-10.0182
-9.97875
-9.93909
-9.89918
-9.85902
-9.81863
-9.778
-9.73715
-9.69606
-9.65476
-9.61325
-9.57152
-9.52959
-9.48746
-9.44513
-9.40261
-9.35991
-9.31702
-9.27396
-9.23072
-9.18732
-9.14375
-9.10003
-9.05615
-9.01212
-8.96795
-8.92363
-8.87918
-8.8346
-8.7899
-8.74507
-8.70012
-8.65506
-8.60989
-8.56461
-8.51924
-8.47376
-8.4282
-8.38255
-8.33681
-8.291
-8.24511
-8.19915
-8.15312
-8.10703
-8.06088
-8.01468
-7.96843
-7.92213
-7.87579
-7.82941
-7.783
-7.73656
-7.69009
-7.6436
-7.59709
-7.55057
-7.50404
-7.45751
-7.41097
-7.36443
-7.3179
-7.27139
-7.22488
-7.17839
-7.13193
-7.08549
-7.03908
-6.9927
-6.94636
-6.90006
-6.85381
-6.80761
-6.76146
-6.71537
-6.66933
-6.62337
-6.57747
-6.53164
-6.48589
-6.44022
-6.39464
-6.34914
-6.30373
-6.25842
-6.21321
-6.16811
-6.12311
-6.07822
-6.03345
-5.9888
-5.94427
-5.89986
-5.85559
-5.81146
-5.76746
-5.7236
-5.67989
-5.63634
-5.59293
-5.54969
-5.50661
-5.46369
-5.42094
-5.37837
-5.33598
-5.29377
-5.25174
-5.20991
-5.16826
-5.12682
-5.08557
-5.04454
-5.00371
-4.96309
-4.92269
-4.88251
-4.84255
-4.80282
-4.76333
-4.72406
-4.68504
-4.64626
-4.60772
-4.56944
-4.53141
-4.49363
-4.45611
-4.41886
-4.38187
-4.34516
-4.30871
-4.27254
-4.23665
-4.20104
-4.16572
-4.13069
-4.09594
-4.06149
-4.02733
-3.99347
-3.95992
-3.92666
-3.89371
-3.86107
-3.82874
-3.79671
-3.76501
-3.73361
-3.70253
-3.67177
-3.64133
-3.61121
-3.58141
-3.55193
-3.52277
-3.49394
-3.46543
-3.43724
-3.40938
-3.38184
-3.35463
-3.32774
-3.30117
-3.27492
-3.249
-3.22339
-3.19811
-3.17314
-3.14848
-3.12414
-3.10011
-3.07639
-3.05298
-3.02987
-3.00706
-2.98455
-2.96234
-2.94041
-2.91877
-2.89742
-2.87635
-2.85555
-2.83502
-2.81476
-2.79475
-2.775
-2.75551
-2.73625
-2.71724
-2.69845
-2.67989
-2.66155
-2.64343
-2.6255
-2.60778
-2.59025
-2.5729
-2.55572
-2.53871
-2.52186
-2.50516
-2.48861
-2.47218
-2.45588
-2.4397
-2.42362
-2.40763
-2.39174
-2.37591
-2.36016
-2.34446
-2.32881
-2.31319
-2.2976
-2.28202
-2.26645
-2.25087
-2.23527
-2.21964
-2.20397
-2.18825
-2.17246
-2.1566
-2.14066
-2.12461
-2.10846
-2.09218
-2.07577
-2.05921
-2.0425
-2.02562
-2.00856
-1.99131
-1.97385
-1.95618
-1.93828
-1.92014
-1.90175
-1.88309
-1.86417
