1309.14
1318.88
1228.27
1143.29
1063.51
989.395
988.666
918.419
852.519
790.672
732.651
678.206
627.129
579.205
534.247
492.068
452.501
415.383
380.566
347.907
317.274
288.543
261.596
236.325
212.626
190.404
169.567
150.03
131.714
114.544
98.4496
83.3652
69.229
55.9829
43.5727
31.9472
21.0586
10.8621
1.31556
-7.62057
-15.9833
-23.8073
-31.1253
-37.9677
-44.3633
-50.3389
-55.9196
-61.1292
-65.9898
-70.6138
-74.9258
-78.9444
-82.6868
-86.1693
-89.4069
-92.414
-95.2039
-97.7891
-100.181
-102.391
-104.43
-106.306
-108.03
-109.608
-111.051
-112.363
-113.554
-114.629
-115.594
-116.456
-117.218
-117.887
-118.468
-118.964
-119.379
-119.718
-119.984
-120.181
-120.311
-120.378
-120.385
-120.334
-120.227
-120.067
-119.856
-119.596
-119.289
-118.937
-118.542
-118.104
-117.626
-117.109
-116.554
-115.962
-115.336
-114.675
-113.981
-113.255
-112.498
-111.711
-110.894
-110.049
-109.177
-108.277
-107.352
-106.401
-105.426
-104.426
-103.404
-102.359
-101.292
-100.203
-99.0938
-97.9644
-96.8156
-95.6478
-94.4618
-93.258
-92.037
-90.7996
-89.5461
-88.2773
-86.9937
-85.6959
-84.3846
-83.0602
-81.7234
-80.3748
-79.0151
-77.6448
-76.2645
-74.8749
-73.4766
-72.0702
-70.6565
-69.2359
-67.8092
-66.3771
-64.9401
-63.4991
-62.0545
-60.6072
-59.1577
-57.7068
-56.2552
-54.8035
-53.3525
-51.9028
-50.4552
-49.0102
-47.5688
-46.1314
-44.6989
-43.272
-41.8513
-40.4375
-39.0314
-37.6336
-36.2448
-34.8658
-33.4971
-32.1395
-30.7936
-29.4602
-28.1398
-26.8331
-25.5407
-24.2634
-23.0017
-21.7562
-20.5275
-19.3163
-18.1231
-16.9485
-15.793
-14.6572
-13.5416
-12.4467
-11.3731
-10.3212
-9.29147
-8.28442
-7.30046
-6.34002
-5.4035
-4.4913
-3.60378
-2.7413
-1.9042
-1.09279
-0.307383
0.451751
1.18434
1.89016
2.56896
3.22055
3.84474
4.44136
5.01026
5.55132
6.06442
6.54948
7.00642
7.43518
7.83573
8.20806
8.55216
8.86805
9.15578
9.4154
9.64697
9.85059
10.0264
10.1744
10.2949
10.3879
10.4536
10.4923
10.5041
10.4892
10.4479
10.3803
10.2868
10.1676
10.023
9.85323
9.65862
9.43949
9.19614
8.92891
8.63812
8.32413
7.98728
7.62793
7.24645
6.8432
6.41858
5.97296
5.50673
5.02029
4.51403
3.98835
3.44365
2.88035
2.29884
1.69955
1.08288
0.449242
-0.200947
-0.867275
-1.54933
-2.2467
-2.95897
-3.68574
-4.4266
-5.18113
-5.94894
-6.72963
-7.52279
-8.32804
-9.14499
-9.97324
-10.8124
-11.6621
-12.522
-13.3917
-14.2708
-15.159
-16.0559
-16.9612
-17.8746
-18.7956
-19.724
-20.6594
-21.6015
-22.55
-23.5047
-24.4651
-25.431
-26.4022
-27.3782
-28.359
-29.3441
-30.3333
-31.3265
-32.3232
-33.3233
-34.3266
-35.3328
-36.3417
-37.353
-38.3666
-39.3823
-40.3999
-41.4191
-42.4399
-43.4619
-44.4851
-45.5092
-46.5342
-47.5598
-48.586
-49.6125
-50.6392
-51.666
-52.6928
-53.7194
-54.7458
-55.7718
-56.7972
-57.8221
-58.8462
-59.8696
-60.8921
-61.9136
-62.9341
-63.9534
-64.9715
-65.9883
-67.0038
-68.0179
-69.0305
-70.0415
-71.051
-72.0589
-73.0651
-74.0695
-75.0722
-76.073
-77.072
-78.0691
-79.0643
-80.0575
-81.0487
-82.0379
-83.0251
-84.0102
-84.9931
-85.974
-86.9527
-87.9293
-88.9037
-89.8758
-90.8458
-91.8135
-92.779
-93.7421
-94.703
-95.6616
-96.6179
-97.5719
-98.5235
-99.4727
-100.42
-101.364
-102.306
-103.246
-104.183
-105.118
-106.05
-106.98
-107.907
-108.832
-109.754
-110.674
-111.591
-112.506
-113.418
-114.327
-115.234
-116.138
-117.04
-117.938
-118.834
-119.728
-120.618
-121.506
-122.39
-123.272
-124.151
-125.027
-125.9
-126.77
-127.637
-128.501
-129.362
-130.22
-131.074
-131.926
-132.774
-133.618
-134.46
-135.298
-136.132
-136.963
-137.791
-138.615
-139.435
-140.252
-141.064
-141.874
-142.679
-143.48
-144.277
-145.071
-145.86
-146.645
-147.426
-148.203
-148.975
-149.744
-150.507
-151.266
-152.021
-152.771
-153.516
-154.256
-154.992
-155.723
-156.449
-157.169
-157.885
-158.595
-159.301
-160
-160.695
-161.384
-162.067
-162.745
-163.417
-164.084
-164.744
-165.399
-166.048
-166.69
-167.327
-167.957
-168.581
-169.199
-169.81
-170.415
-171.013
-171.604
-172.189
-172.767
-173.338
-173.902
-174.459
-175.009
-175.552
-176.087
-176.615
-177.136
-177.649
-178.155
-178.653
-179.143
-179.626
-180.101
-180.568
-181.026
-181.477
-181.92
-182.355
-182.781
-183.199
-183.609
-184.01
-184.403
-184.787
-185.163
-185.53
-185.888
-186.238
-186.578
-186.91
-187.233
-187.547
-187.852
-188.147
-188.434
-188.711
-188.979
-189.238
-189.487
-189.727
-189.958
-190.179
-190.391
-190.593
-190.786
-190.969
-191.142
-191.306
-191.46
-191.604
-191.738
-191.863
-191.978
-192.083
-192.178
-192.263
-192.339
-192.404
-192.46
-192.506
-192.541
-192.567
-192.583
-192.589
-192.585
-192.57
-192.546
-192.512
-192.468
-192.414
-192.35
-192.276
-192.192
-192.098
-191.994
-191.881
-191.757
-191.623
-191.48
-191.327
-191.163
-190.991
-190.808
-190.615
-190.413
-190.201
-189.98
-189.748
-189.507
-189.257
-188.997
-188.728
-188.449
-188.161
-187.863
-187.556
-187.24
-186.914
-186.58
-186.236
-185.883
-185.521
-185.151
-184.771
-184.383
-183.985
-183.579
-183.165
-182.742
-182.31
-181.87
-181.421
-180.964
-180.499
-180.026
-179.545
-179.056
-178.559
-178.054
-177.541
-177.02
-176.492
-175.957
-175.414
-174.863
-174.306
-173.741
-173.169
-172.59
-172.005
-171.412
-170.813
-170.207
-169.595
-168.976
-168.351
-167.72
-167.083
-166.44
-165.791
-165.136
-164.475
-163.809
-163.137
-162.46
-161.778
-161.091
-160.398
-159.701
-158.999
-158.292
-157.581
-156.865
-156.145
-155.421
-154.692
-153.96
-153.224
-152.484
-151.74
-150.993
-150.243
-149.489
-148.732
-147.972
-147.209
-146.444
-145.676
-144.905
-144.132
-143.357
-142.58
-141.801
-141.019
-140.236
-139.452
-138.666
-137.879
-137.09
-136.301
-135.51
-134.719
-133.927
-133.134
-132.341
-131.548
-130.754
-129.961
-129.168
-128.375
-127.582
-126.789
-125.998
-125.207
-124.417
-123.628
-122.84
-122.054
-121.269
-120.485
-119.703
-118.923
-118.145
-117.369
-116.596
-115.824
-115.055
-114.289
-113.525
-112.764
-112.006
-111.252
-110.5
-109.752
-109.007
-108.266
-107.528
-106.794
-106.109
-105.422
-104.735
-104.047
-103.359
-102.673
-101.987
-101.303
-100.62
-99.9402
-99.2627
-98.5881
-97.9167
-97.2488
-96.5847
-95.9247
-95.269
-94.6179
-93.9716
-93.3303
-92.6942
-92.0636
-91.4386
-90.8194
-90.2062
-89.5991
-88.9983
-88.404
-87.8164
-87.2354
-86.6613
-86.0942
-85.5342
-84.9814
-84.436
-83.898
-83.3674
-82.8445
-82.3293
-81.8219
-81.3223
-80.8306
-80.3468
-79.8712
-79.4036
-78.9441
-78.4929
-78.0499
-77.6152
-77.1888
-76.7708
-76.3611
-75.9599
-75.5671
-75.1827
-74.8068
-74.4394
-74.0806
-73.7302
-73.3883
-73.055
-72.7301
-72.4138
-72.106
-71.8067
-71.5159
-71.2335
-70.9596
-70.6942
-70.4371
-70.1885
-69.9482
-69.7163
-69.4927
-69.2774
-69.0704
-68.8715
-68.6809
-68.4983
-68.3239
-68.1575
-67.9992
-67.8487
-67.7063
-67.5716
-67.4448
-67.3257
-67.2144
-67.1107
-67.0146
-66.926
-66.8448
-66.7711
-66.7048
-66.6457
-66.5938
-66.5491
-66.5114
-66.4808
-66.4571
-66.4403
-66.4303
-66.427
-66.4304
-66.4403
-66.4568
-66.4797
-66.5089
-66.5444
-66.5862
-66.634
-66.6879
-66.7478
-66.8136
-66.8852
-66.9625
-67.0455
-67.134
-67.2281
-67.3276
-67.4324
-67.5424
-67.6577
-67.778
-67.9034
-68.0337
-68.1689
-68.3089
-68.4535
-68.6028
-68.7567
-68.915
-69.0778
-69.2448
-69.4161
-69.5916
-69.7712
-69.9547
-70.1423
-70.3337
-70.5289
-70.7279
-70.9305
-71.1367
-71.3465
-71.5597
-71.7763
-71.9962
-72.2193
-72.4457
-72.6752
-72.9078
-73.1433
-73.3818
-73.6232
-73.8674
-74.1144
-74.3641
-74.6164
-74.8714
-75.1289
-75.3888
-75.6513
-75.9161
-76.1832
-76.4527
-76.7243
-76.9982
-77.2743
-77.5524
-77.8326
-78.1149
-78.3991
-78.6852
-78.9733
-79.2632
-79.555
-79.8485
-80.1438
-80.4409
-80.7396
-81.04
-81.342
-81.6456
-81.9508
-82.2575
-82.5658
-82.8755
-83.1867
-83.4994
-83.8135
-84.1289
-84.4458
-84.764
-85.0835
-85.4043
-85.7265
-86.0499
-86.3746
-86.7005
-87.0276
-87.356
-87.6856
-88.0163
-88.3483
-88.6814
-89.0156
-89.351
-89.6875
-90.0251
-90.3638
-90.7037
-91.0446
-91.3866
-91.7296
-92.0737
-92.4189
-92.7651
-93.1124
-93.4607
-93.81
-94.1603
-94.5116
-94.8639
-95.2172
-95.5715
-95.9268
-96.2831
-96.6403
-96.9984
-97.3575
-97.7176
-98.0786
-98.4405
-98.8033
-99.1671
-99.5317
-99.8973
-100.264
-100.631
-100.999
-101.368
-101.738
-102.109
-102.48
-102.852
-103.225
-103.599
-103.974
-104.349
-104.725
-105.102
-105.479
-105.858
-106.236
-106.616
-106.996
-107.376
-107.758
-108.139
-108.522
-108.904
-109.288
-109.671
-110.055
-110.44
-110.825
-111.21
-111.595
-111.981
-112.367
-112.753
-113.139
-113.526
-113.912
-114.299
-114.685
-115.071
-115.458
-115.844
-116.23
-116.615
-117
-117.385
-117.77
-118.154
-118.538
-118.921
-119.303
-119.685
-120.065
-120.445
-120.825
-121.203
-121.58
-121.956
-122.331
-122.704
-123.077
-123.448
-123.817
-124.185
-124.551
-124.916
-125.278
-125.639
-125.998
-126.355
-126.709
-127.062
-127.412
-127.759
-128.104
-128.446
-128.786
-129.123
-129.457
-129.788
-130.115
-130.44
-130.761
-131.079
-131.393
-131.703
-132.01
-132.313
-132.611
-132.906
-133.196
-133.482
-133.763
-134.04
-134.312
-134.58
-134.842
-135.099
-135.351
-135.598
-135.839
-136.075
-136.305
-136.529
-136.747
-136.96
-137.166
-137.365
-137.558
-137.745
-137.925
-138.098
-138.265
-138.424
-138.576
-138.721
-138.858
-138.988
-139.11
-139.225
-139.331
-139.43
-139.52
-139.603
-139.677
-139.742
-139.799
-139.848
-139.887
-139.918
-139.94
-139.953
-139.957
-139.952
-139.937
-139.913
-139.879
-139.836
-139.784
-139.722
-139.65
-139.568
-139.476
-139.375
-139.263
-139.142
-139.01
-138.868
-138.717
-138.555
-138.383
-138.2
-138.007
-137.805
-137.591
-137.368
-137.134
-136.89
-136.636
-136.372
-136.097
-135.812
-135.517
-135.212
-134.897
-134.572
-134.237
-133.892
-133.537
-133.172
-132.798
-132.414
-132.02
-131.617
-131.204
-130.783
-130.352
-129.912
-129.463
-129.006
-128.54
-128.065
-127.582
-127.09
-126.591
-126.084
-125.568
-125.046
-124.516
-123.978
-123.434
-122.882
-122.324
-121.76
-121.189
-120.612
-120.03
-119.441
-118.848
-118.249
-117.645
-117.036
-116.423
-115.805
-115.183
-114.558
-113.929
-113.297
-112.661
-112.023
-111.383
-110.739
-110.094
-109.448
-108.799
-108.15
-107.499
-106.848
-106.196
-105.544
-104.892
-104.241
-103.59
-102.94
-102.291
-101.644
-100.998
-100.354
-99.7126
-99.0735
-98.4372
-97.8039
-97.1738
-96.5472
-95.9244
-95.3056
-94.6911
-94.081
-93.4758
-92.8755
-92.2805
-91.6909
-91.107
-90.529
-89.9572
-89.3917
-88.8328
-88.2807
-87.7356
-87.1976
-86.6671
-86.1441
-85.6289
-85.1216
-84.6225
-84.1316
-83.6492
-83.1754
-82.7104
-82.2543
-81.8073
-81.3695
-80.941
-80.522
-80.1126
-79.7129
-79.323
-78.943
-78.5731
-78.2132
-77.8636
-77.5242
-77.1952
-76.8766
-76.5685
-76.2709
-75.9839
-75.7076
-75.4419
-75.187
-74.9428
-74.7093
-74.4867
-74.2748
-74.0737
-73.8834
-73.704
-73.5353
-73.3773
-73.2301
-73.0937
-72.9679
-72.8528
-72.7483
-72.6544
-72.571
-72.4981
-72.4356
-72.3834
-72.3415
-72.3098
-72.2883
-72.2768
-72.2753
-72.2837
-72.3019
-72.3298
-72.3673
-72.4143
-72.4707
-72.5365
-72.6114
-72.6954
-72.7884
-72.8903
-73.0009
-73.1201
-73.2478
-73.3839
-73.5283
-73.6807
-73.8412
-74.0095
-74.1856
-74.3692
-74.5603
-74.7588
-74.9644
-75.1771
-75.3967
-75.6231
-75.8561
-76.0957
-76.3416
-76.5937
-76.8519
-77.116
-77.386
-77.6616
-77.9427
-78.2293
-78.521
-78.8179
-79.1198
-79.4264
-79.7378
-80.0538
-80.3741
-80.6988
-81.0276
-81.3605
-81.6972
-82.0378
-82.3819
-82.7296
-83.0807
-83.435
-83.7925
-84.153
-84.5164
-84.8825
-85.2514
-85.6227
-85.9965
-86.3727
-86.751
-87.1314
-87.5138
-87.8981
-88.2842
-88.672
-89.0613
-89.4521
-89.8443
-90.2378
-90.6325
-91.0283
-91.425
-91.8227
-92.2213
-92.6205
-93.0205
-93.421
-93.822
-94.2235
-94.6253
-95.0274
-95.4296
-95.832
-96.2345
-96.637
-97.0394
-97.4416
-97.8437
-98.2455
-98.6469
-99.048
-99.4487
-99.8106
-100.176
-100.545
-100.918
-101.292
-101.67
-102.049
-102.43
-102.813
-103.197
-103.583
-103.969
-104.356
-104.744
-105.132
-105.52
-105.909
-106.297
-106.685
-107.073
-107.46
-107.846
-108.232
-108.617
-109.001
-109.384
-109.766
-110.147
-110.527
-110.905
-111.282
-111.657
-112.031
-112.404
-112.775
-113.144
-113.511
-113.877
-114.241
-114.604
-114.964
-115.323
-115.68
-116.035
-116.388
-116.739
-117.088
-117.435
-117.78
-118.123
-118.464
-118.803
-119.141
-119.476
-119.809
-120.14
-120.469
-120.796
-121.12
-121.443
-121.764
-122.083
-122.399
-122.714
-123.026
-123.337
-123.645
-123.952
-124.256
-124.558
-124.858
-125.156
-125.453
-125.747
-126.039
-126.329
-126.617
-126.903
-127.187
-127.469
-127.749
-128.027
-128.303
-128.577
-128.849
-129.119
-129.388
-129.654
-129.918
-130.18
-130.441
-130.699
-130.955
-131.21
-131.462
-131.713
-131.962
-132.208
-132.453
-132.696
-132.937
-133.176
-133.413
-133.648
-133.881
-134.113
-134.342
-134.57
-134.795
-135.019
-135.241
-135.46
-135.678
-135.894
-136.108
-136.32
-136.53
-136.739
-136.945
-137.149
-137.352
-137.552
-137.751
-137.947
-138.142
-138.335
-138.525
-138.714
-138.9
-139.085
-139.268
-139.449
-139.627
-139.804
-139.978
-140.151
-140.321
-140.49
-140.656
-140.821
-140.983
-141.143
-141.301
-141.457
-141.611
-141.762
-141.912
-142.059
-142.204
-142.347
-142.488
-142.626
-142.762
-142.896
-143.028
-143.158
-143.285
-143.41
-143.532
-143.653
-143.77
-143.886
-143.999
-144.11
-144.218
-144.324
-144.427
-144.528
-144.627
-144.723
-144.816
-144.907
-144.996
-145.081
-145.164
-145.245
-145.323
-145.398
-145.471
-145.541
-145.608
-145.672
-145.734
-145.793
-145.849
-145.902
-145.953
-146.001
-146.045
-146.087
-146.126
-146.162
-146.195
-146.225
-146.252
-146.276
-146.297
-146.315
-146.33
-146.342
-146.351
-146.356
-146.358
-146.357
-146.353
-146.346
-146.336
-146.322
-146.305
-146.284
-146.26
-146.233
-146.203
-146.169
-146.132
-146.091
-146.047
-145.999
-145.948
-145.894
-145.836
-145.774
-145.709
-145.64
-145.568
-145.492
-145.413
-145.33
-145.243
-145.153
-145.059
-144.962
-144.86
-144.755
-144.647
-144.534
-144.418
-144.298
-144.175
-144.048
-143.917
-143.782
-143.643
-143.501
-143.355
-143.205
-143.052
-142.894
-142.733
-142.569
-142.4
-142.228
-142.051
-141.872
-141.688
-141.501
-141.31
-141.115
-140.916
-140.714
-140.508
-140.299
-140.085
-139.868
-139.648
-139.424
-139.196
-138.965
-138.73
-138.491
-138.249
-138.004
-137.755
-137.503
-137.247
-136.988
-136.725
-136.459
-136.19
-135.918
-135.642
-135.363
-135.081
-134.796
-134.508
-134.217
-133.923
-133.626
-133.326
-133.023
-132.717
-132.409
-132.098
-131.784
-131.468
-131.149
-130.827
-130.504
-130.177
-129.849
-129.518
-129.185
-128.85
-128.513
-128.174
-127.833
-127.49
-127.145
-126.799
-126.451
-126.101
-125.75
-125.398
-125.044
-124.689
-124.332
-123.975
-123.616
-123.257
-122.897
-122.536
-122.174
-121.812
-121.449
-121.086
-120.722
-120.359
-119.995
-119.631
-119.267
-118.903
-118.539
-118.176
-117.813
-117.451
-117.089
-116.728
-116.368
-116.008
-115.65
-115.293
-114.937
-114.582
-114.228
-113.877
-113.526
-113.178
-112.831
-112.486
-112.143
-111.802
-111.464
-111.127
-110.794
-110.462
-110.133
-109.807
-109.484
-109.164
-108.847
-108.532
-108.221
-107.914
-107.609
-107.308
-107.011
-106.718
-106.428
-106.142
-105.86
-105.582
-105.308
-105.039
-104.774
-104.513
-104.257
-104.005
-103.758
-103.515
-103.278
-103.046
-102.818
-102.595
-102.378
-102.166
-101.959
-101.758
-101.562
-101.371
-101.186
-101.007
-100.833
-100.665
-100.503
-100.347
-100.196
-100.052
-99.9137
-99.7815
-99.6553
-99.5353
-99.4216
-99.314
-99.2128
-99.1178
-99.0292
-98.9471
-98.8713
-98.8019
-98.7391
-98.6827
-98.6328
-98.5895
-98.5527
-98.5224
-98.4987
-98.4816
-98.4711
-98.4672
-98.4698
-98.4791
-98.4949
-98.5173
-98.5462
-98.5817
-98.6238
-98.6724
-98.7275
-98.7891
-98.8572
-98.9317
-99.0126
-99.0999
-99.1936
-99.2936
-99.3998
-99.5124
-99.6311
-99.756
-99.8869
-100.024
-100.167
-100.316
-100.471
-100.632
-100.798
-100.971
-101.149
-101.332
-101.522
-101.716
-101.916
-102.121
-102.332
-102.548
-102.769
-102.994
-103.225
-103.461
-103.701
-103.946
-104.196
-104.45
-104.708
-104.971
-105.238
-105.509
-105.784
-106.063
-106.346
-106.633
-106.923
-107.216
-107.513
-107.814
-108.117
-108.423
-108.733
-109.045
-109.36
-109.677
-109.997
-110.32
-110.644
-110.971
-111.299
-111.63
-111.962
-112.296
-112.631
-112.967
-113.305
-113.644
-113.984
-114.325
-114.666
-115.008
-115.351
-115.693
-116.036
-116.379
-116.722
-117.064
-117.407
-117.748
-118.089
-118.429
-118.769
-119.107
-119.444
-119.779
-120.113
-120.446
-120.776
-121.105
-121.432
-121.756
-122.078
-122.397
-122.714
-123.028
-123.339
-123.646
-123.951
-124.252
-124.549
-124.843
-125.133
-125.418
-125.7
-125.977
-126.25
-126.518
-126.781
-127.039
-127.292
-127.539
-127.781
-128.018
-128.249
-128.473
-128.692
-128.904
-129.11
-129.309
-129.502
-129.687
-129.865
-130.036
-130.2
-130.356
-130.504
-130.644
-130.776
-130.899
-131.014
-131.121
-131.218
-131.307
-131.386
-131.455
-131.516
-131.566
-131.606
-131.637
-131.657
-131.666
-131.665
-131.653
-131.63
-131.595
-131.549
-131.492
-131.423
-131.341
-131.248
-131.142
-131.023
-130.892
-130.748
-130.59
-130.419
-130.235
-130.037
-129.825
-129.599
-129.359
-129.104
-128.834
-128.55
-128.25
-127.935
-127.605
-127.259
-126.898
-126.52
-126.126
-125.716
-125.289
-124.845
-124.385
-123.907
-123.413
-122.9
-122.371
-121.823
-121.258
-120.674
-120.072
-119.452
-118.813
-118.156
-117.48
-116.785
-116.07
-115.337
-114.654
-113.945
-113.21
-112.45
-111.665
-110.855
-110.02
-109.161
-108.277
-107.369
-106.437
-105.481
-104.501
-103.498
-102.472
-101.423
-100.35
-99.2554
-98.1377
-96.9976
-95.8352
-94.6507
-93.4443
-92.2162
-90.9666
-89.6957
-88.4036
-87.0906
-85.757
-84.4028
-83.0284
-81.6341
-80.2199
-78.7863
-77.3335
-75.8618
-74.3714
-72.8627
-71.3359
-69.7915
-68.2296
-66.6508
-65.0553
-63.4435
-61.8158
-60.1726
-58.5144
-56.8414
-55.1543
-53.4533
-51.739
-50.0119
-48.2725
-46.5212
-44.7585
-42.9851
-41.2014
-39.408
-37.6055
-35.7944
-33.9753
-32.1489
-30.3158
-28.4765
-26.6318
-24.7823
-22.9286
-21.0714
-19.2115
-17.3494
-15.4859
-13.6218
-11.7577
-9.89433
-8.03248
-6.17288
-4.31626
-2.46338
-0.614995
1.22812
3.06521
4.89549
6.71819
8.53254
10.3378
12.1331
13.9177
15.6908
17.4517
19.1995
20.9335
22.653
24.3571
26.0451
27.7163
29.3698
31.005
32.6211
34.2174
35.7931
37.3476
38.8802
40.3901
41.8767
43.3394
44.7775
46.1903
47.5772
48.9377
50.2712
51.577
52.8547
54.1036
55.3234
56.5134
57.6732
58.8023
59.9004
60.9669
62.0015
63.0039
63.9736
64.9103
65.8137
66.6836
67.5196
68.3216
69.0892
69.8224
70.5209
71.1845
71.8133
72.407
72.9655
73.4889
73.9771
74.43
74.8477
75.2303
75.5777
75.89
76.1674
76.41
76.6179
76.7913
76.9303
77.0352
77.1062
77.1436
77.1475
77.1183
77.0562
76.9616
76.8349
76.6763
76.4862
76.265
76.013
75.7308
75.4187
75.0771
74.7065
74.3073
73.8801
73.4252
72.9431
72.4344
71.8995
71.339
70.7534
70.1432
69.5089
68.851
68.1701
67.4668
66.7415
65.9948
65.2273
64.4396
63.6321
62.8054
61.9601
61.0967
60.2158
59.3179
58.4035
57.4733
56.5278
55.5674
54.5927
53.6043
52.6027
51.5884
50.5619
49.5237
48.4743
47.4142
46.344
45.264
44.1748
43.0769
41.9706
40.8565
39.735
38.6065
37.4714
36.3303
35.1834
34.0312
32.8741
31.7125
30.5467
29.3771
28.2041
27.028
25.8492
24.6679
23.4845
22.2994
21.1127
19.9248
18.736
17.5466
16.3568
15.1669
13.977
12.7876
11.5987
10.4106
9.22352
8.03765
6.85319
5.67031
4.4892
3.31002
2.13294
0.958096
-0.214356
-1.38428
-2.55155
-3.71605
-4.87765
-6.03625
-7.19174
-8.34404
-9.49306
-10.6387
-11.7809
-12.9196
-14.0547
-15.1862
-16.314
-17.4381
-18.5584
-19.6749
-20.7875
-21.8963
-23.0011
-24.1021
-25.1991
-26.2922
-27.3813
-28.4665
-29.5478
-30.6251
-31.6984
-32.7679
-33.8334
-34.895
-35.9527
-37.0066
-38.0566
-39.1029
-40.1453
-41.184
-42.219
-43.2502
-44.2778
-45.3018
-46.3223
-47.3391
-48.3525
-49.3624
-50.3688
-51.3719
-52.3717
-53.3681
-54.3613
-55.3512
-56.338
-57.3217
-58.3023
-59.2798
-60.2544
-61.226
-62.1948
-63.1606
-64.1236
-65.0839
-66.0414
-66.9962
-67.9484
-68.8979
-69.8368
-70.7736
-71.7084
-72.641
-73.5715
-74.4999
-75.4263
-76.3507
-77.273
-78.1932
-79.1115
-80.0195
-80.9259
-81.8308
-82.7341
-83.6358
-84.5359
-85.4344
-86.3313
-87.2265
-88.12
-89.0119
-89.9021
-90.7906
-91.6774
-92.5625
-93.4458
-94.3273
-95.207
-96.085
-96.9611
-97.8353
-98.7077
-99.5782
-100.447
-101.313
-102.178
-103.041
-103.901
-104.76
-105.617
-106.471
-107.323
-108.173
-109.021
-109.867
-110.71
-111.551
-112.39
-113.226
-114.06
-114.891
-115.72
-116.546
-117.37
-118.19
-119.009
-119.824
-120.636
-121.446
-122.252
-123.056
-123.856
-124.654
-125.448
-126.239
-127.027
-127.811
-128.592
-129.369
-130.143
-130.913
-131.679
-132.442
-133.201
-133.955
-134.706
-135.453
-136.196
-136.934
-137.668
-138.398
-139.123
-139.844
-140.561
-141.272
-141.979
-142.681
-143.378
-144.07
-144.757
-145.439
-146.116
-146.788
-147.454
-148.114
-148.769
-149.419
-150.062
-150.7
-151.332
-151.958
-152.578
-153.192
-153.8
-154.401
-154.997
-155.585
-156.167
-156.743
-157.312
-157.874
-158.429
-158.977
-159.519
-160.053
-160.58
-161.1
-161.613
-162.118
-162.616
-163.106
-163.589
-164.064
-164.531
-164.99
-165.442
-165.886
-166.321
-166.749
-167.168
-167.579
-167.982
-168.377
-168.763
-169.141
-169.51
-169.87
-170.222
-170.566
-170.9
-171.226
-171.543
-171.851
-172.15
-172.44
-172.721
-172.993
-173.256
-173.51
-173.755
-173.99
-174.216
-174.432
-174.64
-174.838
-175.026
-175.205
-175.375
-175.535
-175.686
-175.827
-175.958
-176.08
-176.193
-176.295
-176.389
-176.472
-176.546
-176.61
-176.665
-176.709
-176.745
-176.77
-176.786
-176.792
-176.789
-176.775
-176.753
-176.72
-176.678
-176.626
-176.565
-176.494
-176.413
-176.323
-176.224
-176.114
-175.996
-175.868
-175.73
-175.583
-175.427
-175.261
-175.086
-174.902
-174.708
-174.506
-174.294
-174.073
-173.843
-173.604
-173.355
-173.099
-172.833
-172.558
-172.275
-171.982
-171.682
-171.372
-171.054
-170.728
-170.393
-170.05
-169.698
-169.339
-168.971
-168.595
-168.211
-167.819
-167.42
-167.012
-166.597
-166.174
-165.744
-165.306
-164.861
-164.408
-163.949
-163.482
-163.008
-162.527
-162.039
-161.545
-161.043
-160.536
-160.021
-159.5
-158.973
-158.44
-157.901
-157.355
-156.804
-156.246
-155.684
-155.115
-154.541
-153.961
-153.376
-152.786
-152.191
-151.591
-150.986
-150.376
-149.761
-149.142
-148.518
-147.89
-147.258
-146.622
-145.981
-145.337
-144.689
-144.037
-143.381
-142.723
-142.06
-141.395
-140.726
-140.055
-139.38
-138.703
-138.023
-137.341
-136.656
-135.969
-135.279
-134.588
-133.894
-133.199
-132.502
-131.804
-131.104
-130.402
-129.7
-128.996
-128.291
-127.586
-126.88
-126.173
-125.465
-124.757
-124.049
-123.341
-122.632
-121.924
-121.216
-120.508
-119.801
-119.094
-118.388
-117.683
-116.978
-116.275
-115.573
-114.872
-114.172
-113.474
-112.777
-112.082
-111.389
-110.698
-110.009
-109.323
-108.638
-107.956
-107.277
-106.6
-105.925
-105.254
-104.586
-103.92
-103.258
-102.599
-101.944
-101.292
-100.643
-99.9985
-99.3575
-98.7205
-98.0875
-97.4586
-96.8339
-96.2135
-95.6206
-95.0825
-94.5491
-94.0958
-93.5955
-93.2488
-92.7264
-92.1969
-91.6615
-91.1213
-90.5771
-90.03
-89.4807
-88.9302
-88.3791
-87.8282
-87.2781
-86.7295
-86.1829
-85.639
-85.0981
-84.5609
-84.0277
-83.499
-82.9751
-82.4564
-81.9433
-81.436
-80.9349
-80.4402
-79.9521
-79.471
-78.9969
-78.5302
-78.071
-77.6194
-77.1756
-76.7398
-76.312
-75.8924
-75.4811
-75.0782
-74.6837
-74.2977
-73.9203
-73.5515
-73.1914
-72.84
-72.4974
-72.1635
-71.8384
-71.5221
-71.2146
-70.9159
-70.626
-70.3448
-70.0725
-69.8089
-69.554
-69.3078
-69.0703
-68.8414
-68.6211
-68.4093
-68.2061
-68.0114
-67.8251
-67.6471
-67.4775
-67.3161
-67.1629
-67.0179
-66.881
-66.7522
-66.6313
-66.5183
-66.4131
-66.3157
-66.226
-66.144
-66.0695
-66.0025
-65.943
-65.8908
-65.8459
-65.8082
-65.7776
-65.7541
-65.7376
-65.728
-65.7252
-65.7292
-65.7399
-65.7572
-65.781
-65.8113
-65.8479
-65.8908
-65.94
-65.9953
-66.0567
-66.124
-66.1973
-66.2764
-66.3612
-66.4518
-66.5479
-66.6496
-66.7567
-66.8691
-66.9869
-67.1099
-67.238
-67.3712
-67.5094
-67.6525
-67.8004
-67.9531
-68.1105
-68.2725
-68.439
-68.6101
-68.7855
-68.9652
-69.1492
-69.3374
-69.5297
-69.726
-69.9263
-70.1305
-70.3385
-70.5503
-70.7658
-70.9849
-71.2076
-71.4338
-71.6634
-71.8964
-72.1327
-72.3723
-72.615
-72.8608
-73.1097
-73.3616
-73.6164
-73.8741
-74.1346
-74.3979
-74.6639
-74.9325
-75.2037
-75.4775
-75.7538
-76.0324
-76.3135
-76.5969
-76.8825
-77.1704
-77.4605
-77.7527
-78.047
-78.3433
-78.6416
-78.9418
-79.244
-79.548
-79.8538
-80.1614
-80.4707
-80.7817
-81.0943
-81.4086
-81.7244
-82.0417
-82.3606
-82.6809
-83.0026
-83.3257
-83.6501
-83.9759
-84.303
-84.6313
-84.9609
-85.2916
-85.6235
-85.9565
-86.2906
-86.6258
-86.9621
-87.2994
-87.6376
-87.9768
-88.317
-88.6581
-89
-89.3429
-89.6865
-90.031
-90.3763
-90.7224
-91.0692
-91.4167
-91.7649
-92.1139
-92.4634
-92.8137
-93.1645
-93.516
-93.868
-94.2206
-94.5737
-94.9274
-95.2816
-95.6362
-95.9914
-96.3469
-96.7029
-97.0594
-97.4162
-97.7734
-98.1309
-98.4888
-98.847
-99.2055
-99.5643
-99.9233
-100.283
-100.642
-101.002
-101.362
-101.722
-102.082
-102.442
-102.803
-103.163
-103.524
-103.885
-104.245
-104.606
-104.967
-105.327
-105.688
-106.048
-106.409
-106.769
-107.129
-107.489
-107.848
-108.208
-108.567
-108.926
-109.284
-109.643
-110
-110.358
-110.715
-111.071
-111.427
-111.783
-112.138
-112.492
-112.846
-113.199
-113.551
-113.903
-114.254
-114.604
-114.953
-115.301
-115.649
-115.995
-116.341
-116.685
-117.028
-117.37
-117.711
-118.051
-118.389
-118.727
-119.062
-119.397
-119.73
-120.061
-120.391
-120.719
-121.045
-121.37
-121.693
-122.014
-122.334
-122.651
-122.966
-123.279
-123.59
-123.899
-124.206
-124.51
-124.812
-125.112
-125.409
-125.703
-125.995
-126.284
-126.57
-126.854
-127.134
-127.412
-127.686
-127.958
-128.226
-128.49
-128.752
-129.01
-129.265
-129.516
-129.763
-130.006
-130.246
-130.482
-130.714
-130.942
-131.166
-131.385
-131.6
-131.811
-132.017
-132.219
-132.417
-132.609
-132.797
-132.98
-133.157
-133.33
-133.498
-133.661
-133.818
-133.97
-134.116
-134.257
-134.392
-134.522
-134.646
-134.763
-134.875
-134.981
-135.081
-135.175
-135.262
-135.343
-135.418
-135.486
-135.547
-135.602
-135.65
-135.691
-135.726
-135.753
-135.774
-135.787
-135.793
-135.792
-135.784
-135.768
-135.745
-135.715
-135.677
-135.631
-135.578
-135.517
-135.449
-135.372
-135.288
-135.196
-135.096
-134.988
-134.872
-134.748
-134.616
-134.476
-134.328
-134.172
-134.008
-133.835
-133.655
-133.466
-133.269
-133.064
-132.851
-132.629
-132.4
-132.162
-131.916
-131.662
-131.4
-131.129
-130.851
-130.565
-130.271
-129.968
-129.658
-129.34
-129.015
-128.681
-128.34
-127.991
-127.635
-127.271
-126.9
-126.521
-126.136
-125.743
-125.343
-124.936
-124.522
-124.101
-123.674
-123.24
-122.8
-122.353
-121.901
-121.442
-120.977
-120.507
-120.03
-119.549
-119.062
-118.569
-118.072
-117.57
-117.063
-116.551
-116.035
-115.514
-114.99
-114.462
-113.929
-113.394
-112.855
-112.312
-111.767
-111.219
-110.668
-110.115
-109.56
-109.002
-108.443
-107.882
-107.32
-106.756
