-0.106731
-0.0823283
-0.0784122
-0.0744484
-0.0701964
0.0408241
-0.0657856
-0.0610122
-0.0559808
-0.0505481
-0.0447882
-0.0386114
-0.0320646
-0.0250966
-0.0177371
-0.00996024
-0.00178566
0.00679735
0.0157742
0.0251466
0.0349029
0.0450399
0.0555472
0.0664192
0.0776468
0.0892232
0.10114
0.113391
0.125969
0.138866
0.152078
0.165598
0.179422
0.193544
0.207962
0.222671
0.237668
0.252952
0.268521
0.284374
0.300509
0.316928
0.333631
0.350618
0.367891
0.385453
0.403306
0.421452
0.439896
0.457113
0.474671
0.492566
0.510797
0.529361
0.548258
0.567487
0.587045
0.606934
0.627152
0.647699
0.668575
0.689779
0.711313
0.733175
0.755366
0.777887
0.800738
0.823918
0.847429
0.87127
0.895442
0.919945
0.944778
0.969943
0.995438
1.02126
1.04742
1.0739
1.10072
1.12786
1.15533
1.18313
1.21125
1.23969
1.26846
1.29754
1.32694
1.35666
1.38669
1.41703
1.44767
1.47862
1.50987
1.54141
1.57324
1.60536
1.63776
1.67044
1.70339
1.73661
1.77009
1.80382
1.83779
1.87201
1.90647
1.94115
1.97605
2.01116
2.04648
2.08199
2.11769
2.15357
2.18962
2.22582
2.26218
2.29868
2.33531
2.37205
2.40891
2.44587
2.48291
2.52003
2.55722
2.59446
2.63174
2.66905
2.70638
2.74372
2.78104
2.81835
2.85563
2.89286
2.93004
2.96714
3.00416
3.04108
3.07789
3.11457
3.15112
3.18752
3.22375
3.2598
3.29567
3.33132
3.36676
3.40196
3.43692
3.47162
3.50605
3.54019
3.57403
3.60756
3.64076
3.67363
3.70614
3.73829
3.77007
3.80145
3.83244
3.86301
3.89316
3.92287
3.95214
3.98094
4.00928
4.03714
4.06451
4.09138
4.11774
4.14358
4.16889
4.19367
4.21789
4.24157
4.26468
4.28722
4.30919
4.33057
4.35136
4.37155
4.39114
4.41012
4.42849
4.44623
4.46336
4.47986
4.49572
4.51095
4.52555
4.5395
4.55281
4.56547
4.57749
4.58886
4.59958
4.60966
4.61908
4.62785
4.63598
4.64346
4.65029
4.65648
4.66202
4.66692
4.67119
4.67481
4.67781
4.68018
4.68192
4.68304
4.68354
4.68344
4.68272
4.6814
4.67949
4.67698
4.67389
4.67022
4.66597
4.66116
4.65579
4.64987
4.6434
4.63639
4.62885
4.62078
4.6122
4.60312
4.59353
4.58345
4.57289
4.56185
4.55035
4.53839
4.52598
4.51313
4.49984
4.48614
4.47202
4.45749
4.44257
4.42726
4.41158
4.39552
4.37911
4.36235
4.34524
4.3278
4.31004
4.29196
4.27358
4.2549
4.23594
4.2167
4.19718
4.17741
4.15738
4.13712
4.11661
4.09588
4.07493
4.05378
4.03242
4.01087
3.98913
3.96722
3.94513
3.92289
3.90049
3.87795
3.85527
3.83246
3.80952
3.78647
3.76331
3.74004
3.71668
3.69323
3.6697
3.64609
3.62241
3.59867
3.57487
3.55102
3.52712
3.50318
3.47921
3.45521
3.43118
3.40714
3.38308
3.35901
3.33494
3.31087
3.28681
3.26275
3.23871
3.21469
3.19069
3.16671
3.14277
3.11886
3.09498
3.07115
3.04736
3.02362
2.99993
2.97629
2.95271
2.92919
2.90573
2.88234
2.85901
2.83576
2.81257
2.78946
2.76643
2.74347
2.72059
2.6978
2.67509
2.65247
2.62993
2.60748
2.58512
2.56285
2.54068
2.51859
2.49661
2.47472
2.45292
2.43123
2.40963
2.38813
2.36673
2.34543
2.32423
2.30313
2.28214
2.26124
2.24045
2.21976
2.19918
2.1787
2.15831
2.13804
2.11786
2.09779
2.07782
2.05796
2.03819
2.01853
1.99897
1.97951
1.96015
1.94089
1.92173
1.90267
1.88371
1.86485
1.84609
1.82742
1.80885
1.79037
1.77199
1.7537
1.73551
1.71741
1.69939
1.68147
1.66364
1.6459
1.62825
1.61069
1.59321
1.57581
1.5585
1.54127
1.52412
1.50706
1.49007
1.47316
1.45633
1.43957
1.42289
1.40629
1.38975
1.37329
1.35689
1.34057
1.32431
1.30812
1.29199
1.27593
1.25993
1.24399
1.22811
1.21228
1.19652
1.18081
1.16515
1.14955
1.134
1.1185
1.10305
1.08765
1.07229
1.05698
1.04171
1.02648
1.0113
0.996153
0.981045
0.965974
0.950938
0.935936
0.920967
0.906029
0.891121
0.876242
0.86139
0.846564
0.831762
0.816984
0.802228
0.787492
0.772775
0.758077
0.743395
0.728729
0.714077
0.699438
0.68481
0.670193
0.655585
0.640985
0.626392
0.611804
0.597221
0.582641
0.568062
0.553485
0.538907
0.524328
0.509747
0.495162
0.480572
0.465977
0.451375
0.436765
0.422147
0.407519
0.39288
0.37823
0.363567
0.348891
0.334201
0.319495
0.304774
0.290035
0.27528
0.260506
0.245713
0.2309
0.216067
0.201212
0.186336
0.171438
0.156517
0.141572
0.126604
0.11161
0.0965923
0.0815487
0.0664794
0.0513839
0.0362618
0.0211128
0.00593661
-0.009267
-0.0244983
-0.0397575
-0.0550447
-0.0703601
-0.0857038
-0.101076
-0.116476
-0.131905
-0.147363
-0.162848
-0.178362
-0.193904
-0.209474
-0.225072
-0.240697
-0.25635
-0.272029
-0.287736
-0.303468
-0.319227
-0.33501
-0.350819
-0.366652
-0.38251
-0.39839
-0.414293
-0.430219
-0.446165
-0.462133
-0.47812
-0.494126
-0.510151
-0.526193
-0.542251
-0.558325
-0.574414
-0.590516
-0.606631
-0.622757
-0.638894
-0.65504
-0.671194
-0.687354
-0.70352
-0.719691
-0.735864
-0.752039
-0.768214
-0.784388
-0.800559
-0.816726
-0.832887
-0.849041
-0.865186
-0.881321
-0.897443
-0.913552
-0.929645
-0.945721
-0.961778
-0.977813
-0.993827
-1.00982
-1.02578
-1.04171
-1.05761
-1.07349
-1.08932
-1.10512
-1.12088
-1.13661
-1.15228
-1.16792
-1.18351
-1.19904
-1.21453
-1.22996
-1.24534
-1.26066
-1.27592
-1.29111
-1.30624
-1.3213
-1.3363
-1.35122
-1.36606
-1.38083
-1.39552
-1.41013
-1.42465
-1.43909
-1.45343
-1.46768
-1.48184
-1.4959
-1.50986
-1.52372
-1.53747
-1.55112
-1.56465
-1.57808
-1.59138
-1.60457
-1.61763
-1.63057
-1.64339
-1.65607
-1.66863
-1.68105
-1.69333
-1.70547
-1.71746
-1.72931
-1.74102
-1.75257
-1.76397
-1.77521
-1.78629
-1.7972
-1.80796
-1.81854
-1.82895
-1.83919
-1.84926
-1.85914
-1.86885
-1.87836
-1.88769
-1.89683
-1.90578
-1.91453
-1.92308
-1.93144
-1.93958
-1.94752
-1.95525
-1.96277
-1.97008
-1.97716
-1.98403
-1.99067
-1.99709
-2.00328
-2.00924
-2.01496
-2.02045
-2.0257
-2.03071
-2.03547
-2.03999
-2.04426
-2.04827
-2.05204
-2.05554
-2.05879
-2.06177
-2.06449
-2.06695
-2.06913
-2.07105
-2.07269
-2.07405
-2.07513
-2.07594
-2.07646
-2.0767
-2.07665
-2.0763
-2.07567
-2.07474
-2.07352
-2.072
-2.07018
-2.06805
-2.06562
-2.06288
-2.05984
-2.05648
-2.05281
-2.04883
-2.04453
-2.03991
-2.03498
-2.02972
-2.02388
-2.01774
-2.01132
-2.00459
-1.99756
-1.99023
-1.98258
-1.97462
-1.96634
-1.95773
-1.9488
-1.93955
-1.92996
-1.92004
-1.90979
-1.89919
-1.88826
-1.87698
-1.86536
-1.85339
-1.84107
-1.82841
-1.81539
-1.80202
-1.7883
-1.77422
-1.75978
-1.74499
-1.72983
-1.71432
-1.69845
-1.68222
-1.66562
-1.64866
-1.63134
-1.61365
-1.5956
-1.57719
-1.55841
-1.53927
-1.51976
-1.49988
-1.47964
-1.45904
-1.43807
-1.41673
-1.39503
-1.37297
-1.35054
-1.32775
-1.30459
-1.28107
-1.25719
-1.23295
-1.20835
-1.18338
-1.15806
-1.13237
-1.10633
-1.07994
-1.05318
-1.02607
-0.998607
-0.97079
-0.942621
-0.914102
-0.885233
-0.856016
-0.826452
-0.796542
-0.766289
-0.735693
-0.704756
-0.67348
-0.641866
-0.609916
-0.577632
-0.545015
-0.512068
-0.478791
-0.445188
-0.41126
-0.377008
-0.342436
-0.307545
-0.272337
-0.236815
-0.20098
-0.164835
-0.128382
-0.0916242
-0.0545632
-0.0172016
0.020458
0.0584132
0.0966614
0.1352
0.174026
0.213138
0.252531
0.292206
0.332158
0.372384
0.412881
0.453646
0.494677
0.535971
0.577524
0.619333
0.661396
0.703709
0.746269
0.789073
0.832117
0.8754
0.918916
0.962663
1.00664
1.05084
1.09526
1.1399
1.18475
1.22981
1.27508
1.32055
1.36622
1.41209
1.45815
1.5044
1.55084
1.59746
1.64425
1.69122
1.73837
1.78567
1.83314
1.88077
1.92856
1.9765
2.02458
2.07281
2.12118
2.16968
2.21832
2.26708
2.31597
2.36498
2.4141
2.46334
2.51268
2.56213
2.61168
2.66132
2.71106
2.76088
2.81079
2.86077
2.91083
2.96096
3.01116
3.06142
3.11174
3.16211
3.21254
3.263
3.31351
3.36406
3.41464
3.46524
3.51587
3.56653
3.61719
3.66787
3.71855
3.76924
3.81992
3.8706
3.92126
3.97192
4.02255
4.07315
4.12373
4.17428
4.22478
4.27525
4.32567
4.37603
4.42634
4.47659
4.52678
4.57689
4.62694
4.6769
4.72678
4.77657
4.82627
4.87587
4.92537
4.97476
5.02404
5.07321
5.12225
5.17117
5.21995
5.2686
5.31712
5.36548
5.4137
5.46176
5.50966
5.5574
5.60496
5.65235
5.69957
5.74659
5.79343
5.84007
5.88652
5.93275
5.97878
6.02459
6.07019
6.11555
6.16069
6.20559
6.25025
6.29466
6.33882
6.38272
6.42636
6.46974
6.51283
6.55565
6.59819
6.64044
6.68239
6.72404
6.76539
6.80642
6.84714
6.88753
6.92759
6.96733
7.00672
7.04576
7.08446
7.1228
7.16077
7.19838
7.23561
7.27247
7.30893
7.34501
7.38069
7.41596
7.45083
7.48528
7.51931
7.55292
7.58609
7.61882
7.65111
7.68295
7.71433
7.74525
7.7757
7.80567
7.83517
7.86418
7.89269
7.92071
7.94823
7.97523
8.00172
8.02768
8.05312
8.07802
8.10238
8.1262
8.14946
8.17216
8.19431
8.21588
8.23687
8.25729
8.27712
8.29635
8.31499
8.33302
8.35044
8.36724
8.38343
8.39899
8.41391
8.4282
8.44184
8.45484
8.46718
8.47886
8.48987
8.50022
8.50989
8.51888
8.52719
8.53481
8.54173
8.54796
8.55347
8.55829
8.56238
8.56576
8.56842
8.57036
8.57156
8.57203
8.57176
8.57075
8.56899
8.56648
8.56322
8.55921
8.55443
8.54889
8.54259
8.53552
8.52768
8.51906
8.50967
8.49949
8.48854
8.47681
8.46428
8.45098
8.43688
8.422
8.40632
8.38985
8.37259
8.35454
8.33569
8.31604
8.2956
8.27437
8.25234
8.22951
8.20589
8.18148
8.15627
8.13027
8.10349
8.07591
8.04754
8.01839
7.98845
7.95774
7.92624
7.89397
7.86092
7.8271
7.79252
7.75717
7.72106
7.6842
7.64658
7.60821
7.56911
7.52926
7.48868
7.44737
7.40534
7.36259
7.31913
7.27496
7.23009
7.18454
7.13829
7.09137
7.04378
6.99552
6.9466
6.89704
6.84683
6.79599
6.74453
6.69245
6.63977
6.58648
6.53261
6.47816
6.42314
6.36756
6.31143
6.25476
6.19757
6.13985
6.08163
6.02291
5.96371
5.90403
5.84389
5.7833
5.72227
5.66081
5.59894
5.53667
5.47401
5.41097
5.34756
5.28381
5.21971
5.1553
5.09056
5.02553
4.96022
4.89463
4.82879
4.7627
4.69638
4.62985
4.56311
4.49619
4.4291
4.36184
4.29444
4.22691
4.15927
4.09153
4.0237
3.9558
3.88784
3.81984
3.75181
3.68377
3.61574
3.54772
3.47974
3.4118
3.34392
3.27612
3.20842
3.14082
3.07334
3.006
2.93881
2.87178
2.80494
2.73829
2.67185
2.60563
2.53965
2.47393
2.40847
2.34329
2.2784
2.21383
2.14958
2.08566
2.0221
1.95889
1.89607
1.83364
1.7716
1.70999
1.6488
1.58806
1.52777
1.46795
1.40861
1.34975
1.29141
1.23357
1.17627
1.1195
1.06328
1.00762
0.952532
0.898027
0.844114
0.790803
0.738105
0.68603
0.634587
0.583785
0.533635
0.484144
0.435322
0.387178
0.339719
0.292953
0.246889
0.201535
0.156897
0.112982
0.0697988
0.0273525
-0.0143501
-0.0553026
-0.0954993
-0.134934
-0.173602
-0.211498
-0.248617
-0.284954
-0.320504
-0.355265
-0.38923
-0.422398
-0.454764
-0.486326
-0.517081
-0.547025
-0.576157
-0.604474
-0.631975
-0.658658
-0.684522
-0.709565
-0.733787
-0.757187
-0.779765
-0.801521
-0.822455
-0.842567
-0.861858
-0.880329
-0.897981
-0.914815
-0.930834
-0.946039
-0.960431
-0.974015
-0.986791
-0.998763
-1.00993
-1.02031
-1.02989
-1.03867
-1.04668
-1.05389
-1.06034
-1.066
-1.0709
-1.07503
-1.07841
-1.08103
-1.0829
-1.08404
-1.08443
-1.0841
-1.08304
-1.08126
-1.07877
-1.07558
-1.07169
-1.06711
-1.06185
-1.05591
-1.0493
-1.04204
-1.03412
-1.02556
-1.01636
-1.00653
-0.99608
-0.98502
-0.973357
-0.9611
-0.948258
-0.934838
-0.920851
-0.906305
-0.89121
-0.875574
-0.859408
-0.842719
-0.825519
-0.807816
-0.78962
-0.770941
-0.751787
-0.73217
-0.712098
-0.691583
-0.670633
-0.649258
-0.627469
-0.605276
-0.582688
-0.559716
-0.53637
-0.512659
-0.488595
-0.464187
-0.439445
-0.414379
-0.389
-0.363317
-0.337342
-0.311083
-0.284552
-0.257757
-0.23071
-0.203421
-0.175898
-0.148154
-0.120196
-0.0920365
-0.0636842
-0.0351492
-0.00644137
0.0224293
0.0514531
0.0806202
0.109921
0.139346
0.168884
0.198528
0.228267
0.258091
0.287992
0.317959
0.347984
0.378058
0.40817
0.438312
0.468476
0.498651
0.528829
0.559001
0.589158
0.619292
0.649394
0.679455
0.709467
0.739421
0.769309
0.79838
0.827428
0.856443
0.885416
0.914334
0.943188
0.971968
1.00067
1.02927
1.05777
1.08615
1.11442
1.14255
1.17054
1.19838
1.22607
1.25358
1.28092
1.30808
1.33504
1.3618
1.38836
1.4147
1.44081
1.46669
1.49233
1.51773
1.54287
1.56776
1.59237
1.61672
1.64078
1.66456
1.68804
1.71123
1.73411
1.75668
1.77894
1.80088
1.82249
1.84377
1.86471
1.88531
1.90557
1.92547
1.94503
1.96422
1.98305
2.00151
2.0196
2.03732
2.05466
2.07162
2.08819
2.10437
2.12017
2.13557
2.15057
2.16517
2.17938
2.19317
2.20657
2.21955
2.23212
2.24429
2.25603
2.26737
2.27828
2.28878
2.29886
2.30852
2.31775
2.32657
2.33496
2.34293
2.35048
2.3576
2.3643
2.37058
2.37643
2.38186
2.38686
2.39144
2.3956
2.39934
2.40266
2.40556
2.40804
2.4101
2.41175
2.41298
2.4138
2.41421
2.41421
2.4138
2.41298
2.41176
2.41014
2.40812
2.40571
2.4029
2.3997
2.39611
2.39213
2.38777
2.38304
2.37792
2.37244
2.36658
2.36036
2.35377
2.34682
2.33952
2.33187
2.32387
2.31553
2.30685
2.29783
2.28848
2.2788
2.26881
2.25849
2.24787
2.23693
2.22569
2.21415
2.20232
2.1902
2.1778
2.16512
2.15217
2.13895
2.12546
2.11172
2.09773
2.08349
2.06901
2.0543
2.03936
2.02419
2.00881
1.99321
1.97741
1.96141
1.94522
1.92883
1.91227
1.89553
1.87862
1.86154
1.84431
1.82693
1.8094
1.79173
1.77393
1.75601
1.73796
1.7198
1.70153
1.68317
1.6647
1.64615
1.62752
1.60881
1.59003
1.57119
1.55229
1.53335
1.51436
1.49533
1.47627
1.45718
1.43808
1.41896
1.39984
1.38072
1.3616
1.3425
1.32341
1.30436
1.28533
1.26634
1.24739
1.22849
1.20965
1.19086
1.17215
1.1535
1.13494
1.11646
1.09807
1.07978
1.06158
1.0435
1.02553
1.00767
0.989939
0.972336
0.954867
0.937538
0.920353
0.903318
0.886437
0.869717
0.853161
0.836774
0.820562
0.804528
0.788679
0.773017
0.757549
0.742277
0.727207
0.712343
0.69769
0.68325
0.669028
0.655029
0.641256
0.627713
0.614403
0.601331
0.5885
0.575913
0.563574
0.551486
0.539652
0.528076
0.51676
0.505707
0.494921
0.484404
0.474159
0.464188
0.454494
0.445079
0.435945
0.427096
0.418532
0.410257
0.402271
0.394577
0.387176
0.380071
0.373262
0.366752
0.360541
0.354631
0.349022
0.343717
0.338716
0.334019
0.329628
0.325543
0.321766
0.318295
0.315132
0.312277
0.309731
0.307492
0.305562
0.303939
0.302625
0.301618
0.300918
0.300524
0.300436
0.300654
0.301175
0.302
0.303127
0.304556
0.306284
0.308311
0.310635
0.313255
0.316169
0.319375
0.322871
0.326656
0.330727
0.335082
0.33972
0.344637
0.349831
0.3553
0.361041
0.367052
0.373329
0.37987
0.386671
0.39373
0.401043
0.408608
0.416419
0.424475
0.432772
0.441305
0.450072
0.459068
0.468289
0.477731
0.487391
0.497263
0.507345
0.51763
0.528115
0.538796
0.549667
0.560724
0.571963
0.583377
0.594963
0.606714
0.618627
0.630696
0.642916
0.65528
0.667785
0.680424
0.693191
0.706082
0.71909
0.73221
0.745435
0.75876
0.77218
0.785687
0.799276
0.81294
0.826674
0.840472
0.854325
0.86823
0.882178
0.896164
0.910181
0.924222
0.938281
0.952352
0.966426
0.980499
0.994562
1.00861
1.02263
1.03663
1.05059
1.0645
1.07837
1.09217
1.10592
1.11959
1.13318
1.14669
1.1601
1.17342
1.18662
1.19972
1.21269
1.22553
1.23824
1.25081
1.26322
1.27548
1.28758
1.2995
1.31125
1.32281
1.33418
1.34535
1.35632
1.36707
1.3776
1.3879
1.39797
1.4078
1.41738
1.42671
1.43578
1.44457
1.4531
1.46134
1.4693
1.47696
1.48432
1.49137
1.49811
1.50453
1.51062
1.51638
1.52181
1.52688
1.53161
1.53599
1.54
1.54364
1.54691
1.54981
1.55231
1.55443
1.55616
1.55748
1.5584
1.55891
1.559
1.55867
1.55792
1.55674
1.55513
1.55308
1.55058
1.54764
1.54425
1.54041
1.5361
1.53134
1.5261
1.5204
1.51423
1.50758
1.50045
1.49283
1.48474
1.47615
1.46707
1.4575
1.44744
1.43688
1.42581
1.41425
1.40218
1.3896
1.37652
1.36293
1.34883
1.33421
1.31909
1.30344
1.28729
1.27062
1.25343
1.23573
1.21751
1.19877
1.17952
1.15975
1.13946
1.11865
1.09733
1.0755
1.05315
1.03028
1.00691
0.983018
0.958619
0.93371
0.908294
0.882373
0.855947
0.829019
0.80159
0.773664
0.745242
0.716326
0.68692
0.657025
0.626645
0.595783
0.564441
0.532624
0.500333
0.467572
0.434345
0.400656
0.366508
0.331906
0.296852
0.261352
0.225409
0.189028
0.152213
0.114969
0.0773008
0.0392124
0.000709109
-0.0382042
-0.0775223
-0.11724
-0.157352
-0.197853
-0.238738
-0.28
-0.321634
-0.363635
-0.405996
-0.448711
-0.491774
-0.53518
-0.578921
-0.622991
-0.667384
-0.712094
-0.757112
-0.802434
-0.848051
-0.893957
-0.940145
-0.986608
-1.03334
-1.08033
-1.12757
-1.17506
-1.22278
-1.27074
-1.31892
-1.36731
-1.41591
-1.4647
-1.51369
-1.56286
-1.6122
-1.66171
-1.71137
-1.76118
-1.81113
-1.86122
-1.91142
-1.96174
-2.01217
-2.06269
-2.11329
-2.16398
-2.21473
-2.26554
-2.3164
-2.3673
-2.41823
-2.46918
-2.52014
-2.57111
-2.62206
-2.673
-2.72391
-2.77478
-2.8256
-2.87636
-2.92706
-2.97767
-3.0282
-3.07862
-3.12894
-3.17913
-3.22919
-3.27911
-3.32888
-3.37848
-3.42791
-3.47715
-3.52619
-3.57503
-3.62364
-3.67203
-3.72017
-3.76806
-3.81569
-3.86304
-3.91011
-3.95687
-4.00333
-4.04946
-4.09526
-4.14072
-4.18582
-4.23055
-4.27491
-4.31887
-4.36243
-4.40557
-4.44829
-4.49057
-4.5324
-4.57376
-4.61466
-4.65507
-4.69498
-4.73438
-4.77326
-4.81161
-4.84941
-4.88666
-4.92334
-4.95944
-4.99496
-5.02987
-5.06416
-5.09783
-5.13087
-5.16325
-5.19498
-5.22604
-5.25642
-5.2861
-5.31508
-5.34335
-5.37089
-5.3977
-5.42377
-5.44907
-5.47362
-5.49738
-5.52036
-5.54255
-5.56393
-5.5845
-5.60424
-5.62315
-5.63755
-5.65154
-5.66505
-5.67805
-5.6905
-5.70238
-5.71364
-5.72425
-5.73419
-5.74342
-5.75193
-5.75969
-5.76667
-5.77287
-5.77824
-5.78279
-5.7865
-5.78934
-5.7913
-5.79238
-5.79255
-5.79181
-5.79015
-5.78756
-5.78403
-5.77955
-5.77411
-5.76772
-5.76036
-5.75204
-5.74274
-5.73247
-5.72123
-5.709
-5.6958
-5.68163
-5.66647
-5.65034
-5.63324
-5.61517
-5.59614
-5.57614
-5.55519
-5.53328
-5.51043
-5.48663
-5.46191
-5.43626
-5.40969
-5.38222
-5.35385
-5.32458
-5.29444
-5.26343
-5.23156
-5.19885
-5.1653
-5.13094
-5.09576
-5.05979
-5.02304
-4.98553
-4.94726
-4.90826
-4.86854
-4.82811
-4.787
-4.74521
-4.70277
-4.65969
-4.61599
-4.57168
-4.5268
-4.48135
-4.43535
-4.38882
-4.34178
-4.29426
-4.24626
-4.19781
-4.14894
-4.09965
-4.04997
-3.99993
-3.94953
-3.89881
-3.84777
-3.79645
-3.74487
-3.69304
-3.64098
-3.58872
-3.53628
-3.48368
-3.43093
-3.37806
-3.3251
-3.27205
-3.21895
-3.1658
-3.11264
-3.05947
-3.00633
-2.95322
-2.90018
-2.84721
-2.79434
-2.74158
-2.68896
-2.63648
-2.58418
-2.53206
-2.48015
-2.42845
-2.37699
-2.32579
-2.27485
-2.22419
-2.17383
-2.12379
-2.07407
-2.02469
-1.97566
-1.927
-1.87871
-1.83082
-1.78333
-1.73626
-1.6896
-1.64339
-1.59761
-1.55229
-1.50744
-1.46305
-1.41915
-1.37573
-1.33281
-1.29038
-1.24847
-1.20707
-1.16619
-1.12584
-1.08601
-1.04672
-1.00797
-0.969756
-0.932089
-0.89497
-0.858402
-0.822385
-0.786922
-0.752015
-0.717664
-0.683869
-0.650632
-0.617953
-0.58583
-0.554263
-0.523252
-0.492794
-0.46289
-0.433536
-0.404731
-0.376472
-0.348757
-0.321583
-0.294948
-0.268847
-0.243277
-0.218235
-0.193717
-0.169718
-0.146235
-0.123263
-0.100797
-0.0788327
-0.0573654
-0.0363898
-0.0159008
0.00410682
0.0236385
0.0426998
0.0612963
0.0794337
0.0971178
0.114354
0.131149
0.147509
0.163439
0.178946
0.194035
0.208714
0.222988
0.236864
0.250347
0.263444
0.276162
0.288506
0.300483
0.3121
0.323361
0.334275
0.34485
0.355089
0.365
0.374589
0.383861
0.392822
0.40148
0.409841
0.417909
0.425692
0.433195
0.440425
0.447387
0.454087
0.460531
0.466725
0.472675
0.478385
0.483863
0.489112
0.494139
0.49895
0.503548
0.507941
0.512132
0.516128
0.519933
0.523551
0.526989
0.530251
0.533341
0.536265
0.539027
0.541632
0.544083
0.546387
0.548546
0.550565
0.552448
0.5542
0.555825
0.557326
0.558707
0.559973
0.561127
0.562172
0.563113
0.563953
0.564695
0.565342
0.565899
0.566368
0.566752
0.567056
0.56728
0.56743
0.567507
0.567514
0.567454
0.567331
0.567145
0.566901
0.566601
0.566246
0.56584
0.565385
0.564883
0.564335
0.563746
0.563115
0.562446
0.56174
0.561
0.560226
0.559422
0.558588
0.557726
0.556838
0.555926
0.55499
0.554033
0.553056
0.552059
0.551046
0.550016
0.548971
0.547913
0.546842
0.54576
0.544664
0.543559
0.542444
0.541322
0.540192
0.539056
0.537914
0.536766
0.535615
0.534459
0.5333
0.532139
0.531179
0.530185
0.529158
0.528099
0.527011
0.525895
0.524751
0.523583
0.52239
0.521174
0.519937
0.518651
0.517318
0.515941
0.514522
0.513062
0.511563
0.510029
0.508459
0.506856
0.505222
0.503558
0.501866
0.500147
0.498402
0.496634
0.494843
0.49303
0.491197
0.489345
0.487475
0.485587
0.483684
0.481765
0.479832
0.477886
0.475927
0.473956
0.471974
0.469981
0.467979
0.465967
0.463946
0.461917
0.459881
0.457837
0.455786
0.453729
0.451665
0.449596
0.447521
0.445441
0.443356
0.441266
0.439172
0.437073
0.434969
0.432862
0.43075
0.428635
0.426515
0.424392
0.422264
0.420133
0.417997
0.415858
0.413714
0.411566
0.409414
0.407257
0.405096
0.40293
0.400759
0.398583
0.396402
0.394215
0.392023
0.389824
0.38762
0.385408
0.38319
0.380965
0.378732
0.376492
0.374243
0.371986
0.36972
0.367445
0.36516
0.362866
0.360561
0.358245
0.355918
0.353579
0.351228
0.348865
0.346488
0.344098
0.341694
0.339275
0.336841
0.334392
0.331926
0.329444
0.326945
0.324428
0.321893
0.319338
0.316765
0.314171
0.311557
0.308921
0.306264
0.303584
0.300881
0.298155
0.295404
0.292628
0.289827
0.286999
0.284144
0.281262
0.278351
0.275412
0.272443
0.269443
0.266413
0.263351
0.260256
0.257128
0.253967
0.250771
0.24754
0.244273
0.240969
0.237628
0.234249
0.230831
0.227373
0.223875
0.220336
0.216756
0.213133
0.209467
0.205757
0.202002
0.198202
0.194356
0.190463
0.186523
0.182534
0.178497
0.17441
0.170272
0.166084
0.161844
0.157551
0.153205
0.148805
0.144351
0.139842
0.135277
0.130655
0.125976
0.121239
0.116444
0.11159
0.106676
0.101702
0.0966675
0.0915711
0.0864126
0.0811915
0.0759073
0.0705593
0.0651471
0.0596701
0.0541278
0.0485197
0.0428454
0.0371044
0.0312961
0.0254203
0.0194764
0.013464
0.00738286
0.00123246
-0.00498753
-0.0112774
-0.0176376
-0.0240683
-0.0305698
-0.0371425
-0.0437865
-0.0505021
-0.0572896
-0.064149
-0.0710807
-0.0780846
-0.0851611
-0.0923101
-0.0995319
-0.106826
-0.114194
-0.121634
-0.129147
-0.136733
-0.144391
-0.152122
-0.159926
-0.167803
-0.175752
-0.183773
-0.191867
-0.200032
-0.208269
-0.216577
-0.224957
-0.233407
-0.241928
-0.250519
-0.25918
-0.267911
-0.27671
-0.285579
-0.294515
-0.303519
-0.312591
-0.321729
-0.330933
-0.340203
-0.349538
-0.358937
-0.3684
-0.377926
-0.387514
-0.397164
-0.406875
-0.416646
-0.426477
-0.436366
-0.446313
-0.456318
-0.466378
-0.476493
-0.486663
-0.496887
-0.507163
-0.517491
-0.527869
-0.538297
-0.548774
-0.559298
-0.56987
-0.580486
-0.591148
-0.601853
-0.6126
-0.623389
-0.634218
-0.645086
-0.655993
-0.666936
-0.677915
-0.688928
-0.699975
-0.711054
-0.722165
-0.733305
-0.744474
-0.755671
-0.766894
-0.778142
-0.789414
-0.80071
-0.812026
-0.823363
-0.83472
-0.846094
-0.857486
-0.868893
-0.880314
-0.891749
-0.903196
-0.914655
-0.926123
-0.9376
-0.949084
-0.960575
-0.972072
-0.983573
-0.995077
-1.00658
-1.01809
-1.0296
-1.04111
-1.05261
-1.06411
-1.07561
-1.08711
-1.0986
-1.11008
-1.12155
-1.13302
-1.14448
-1.15593
-1.16737
-1.17879
-1.19021
-1.20161
-1.213
-1.22438
-1.23574
-1.24709
-1.25842
-1.26974
-1.28104
-1.29232
-1.30359
-1.31484
-1.32607
-1.33729
-1.34849
-1.35967
-1.37083
-1.38197
-1.3931
-1.40421
-1.4153
-1.42637
-1.43743
-1.44846
-1.45948
-1.47049
-1.48129
-1.49169
-1.50206
-1.51183
-1.52195
-1.53089
-1.54116
-1.55151
-1.56193
-1.57241
-1.58295
-1.59354
-1.60418
-1.61487
-1.62561
-1.63639
-1.6472
-1.65806
-1.66894
-1.67986
-1.69081
-1.70179
-1.71279
-1.72382
-1.73488
-1.74596
-1.75707
-1.76819
-1.77934
-1.79052
-1.80171
-1.81293
-1.82418
-1.83544
-1.84673
-1.85805
-1.86939
-1.88076
-1.89215
-1.90358
-1.91503
-1.92652
-1.93804
-1.94959
-1.96118
-1.97281
-1.98447
-1.99618
-2.00793
-2.01973
-2.03157
-2.04346
-2.0554
-2.06739
-2.07944
-2.09154
-2.10371
-2.11593
-2.12822
-2.14058
-2.153
-2.1655
-2.17807
-2.19071
-2.20344
-2.21624
-2.22913
-2.2421
-2.25516
-2.26831
-2.28155
-2.29489
-2.30833
-2.32186
-2.3355
-2.34924
-2.3631
-2.37706
-2.39113
-2.40532
-2.41962
-2.43404
-2.44859
-2.46326
-2.47805
-2.49297
-2.50802
-2.52321
-2.53853
-2.55398
-2.56958
-2.58531
-2.60119
-2.61721
-2.63337
-2.64969
-2.66616
-2.68277
-2.69954
-2.71647
-2.73355
-2.75079
-2.76819
-2.78575
-2.80347
-2.82136
-2.83941
-2.85762
-2.87601
-2.89456
-2.91328
-2.93218
-2.95124
-2.97048
-2.98989
-3.00947
-3.02923
-3.04917
-3.06928
-3.08956
-3.11003
-3.13067
-3.15148
-3.17248
-3.19365
-3.215
-3.23653
-3.25824
-3.28013
-3.30219
-3.32443
-3.34685
-3.36945
-3.39222
-3.41517
-3.4383
-3.4616
-3.48508
-3.50873
-3.53255
-3.55654
-3.58071
-3.60505
-3.62956
-3.65423
-3.67907
-3.70408
-3.72925
-3.75459
-3.78009
-3.80575
-3.83157
-3.85754
-3.88367
-3.90996
-3.9364
-3.96298
-3.98972
-4.0166
-4.04363
-4.0708
-4.09811
-4.12556
-4.15314
-4.18086
-4.20871
-4.23669
-4.26479
-4.29302
-4.32137
-4.34984
-4.37842
-4.40712
-4.43593
-4.46484
-4.49386
-4.52299
-4.55221
-4.58152
-4.61093
-4.64043
-4.67002
-4.69969
-4.72944
-4.75927
-4.78917
-4.81913
-4.84917
-4.87927
-4.90943
-4.93964
-4.96991
-5.00022
-5.03058
-5.06098
-5.09142
-5.12189
-5.1524
-5.18292
-5.21347
-5.24404
-5.27462
-5.30521
-5.33581
-5.36641
-5.397
-5.42759
-5.45817
-5.48873
-5.51927
-5.54979
-5.58028
-5.61074
-5.64116
-5.67154
-5.70188
-5.73216
-5.76239
-5.79256
-5.82266
-5.8527
-5.88266
-5.91255
-5.94235
-5.97206
-6.00169
-6.03121
-6.06063
-6.08995
-6.11916
-6.14824
-6.17721
-6.20605
-6.23476
-6.26334
-6.29177
-6.32006
-6.34819
-6.37617
-6.40399
-6.43164
-6.45912
-6.48643
-6.51355
-6.54049
-6.56723
-6.59378
-6.62013
-6.64626
-6.67219
-6.6979
-6.72338
-6.74864
-6.77366
-6.79845
-6.82299
-6.84728
-6.87132
-6.8951
-6.91861
-6.94186
-6.96482
-6.98751
-7.00991
-7.03203
-7.05384
-7.07535
-7.09656
-7.11745
-7.13803
-7.15828
-7.17821
-7.1978
-7.21706
-7.23597
-7.25453
-7.27274
-7.29059
-7.30808
-7.3252
-7.34194
-7.35831
-7.37429
-7.38988
-7.40508
-7.41988
-7.43427
-7.44826
-7.46183
-7.47499
-7.48772
-7.50002
-7.51189
-7.52332
-7.53431
-7.54485
-7.55494
-7.56458
-7.57375
-7.58246
-7.59071
-7.59847
-7.60577
-7.61257
-7.6189
-7.62473
-7.63007
-7.63491
-7.63925
-7.64309
-7.64641
-7.64922
-7.65152
-7.65329
-7.65454
-7.65527
-7.65546
-7.65512
-7.65425
-7.65283
-7.65088
-7.64837
-7.64532
-7.64172
-7.63756
-7.63285
-7.62758
-7.62175
-7.61536
-7.6084
-7.60088
-7.59279
-7.58412
-7.57489
-7.56508
-7.5547
-7.54374
-7.5322
-7.52008
-7.50739
-7.49412
-7.48026
-7.46582
-7.45081
-7.43521
-7.41902
-7.40226
-7.38491
-7.36698
-7.34847
-7.32938
-7.30971
-7.28946
-7.26863
-7.24722
-7.22523
-7.20268
-7.17954
-7.15584
-7.13156
-7.10672
-7.08131
-7.05533
-7.0288
-7.0017
-6.97405
-6.94584
-6.91709
-6.88778
-6.85793
-6.82754
-6.79661
-6.76515
-6.73316
-6.70064
-6.6676
-6.63404
-6.59997
-6.56538
-6.5303
-6.49471
-6.45863
-6.42206
-6.38501
-6.34747
-6.30947
-6.27099
-6.23205
-6.19266
-6.15282
-6.11253
-6.07181
-6.03065
-5.98907
-5.94707
-5.90466
-5.86185
-5.81863
-5.77503
-5.73105
-5.68669
-5.64196
-5.59687
-5.55143
-5.50564
-5.45951
-5.41306
-5.36628
-5.31919
-5.2718
-5.22411
-5.17613
-5.12787
-5.07934
-5.03055
-4.9815
-4.93221
-4.88268
-4.83292
-4.78295
-4.73276
-4.68237
-4.6318
-4.58104
-4.5301
-4.47901
-4.42775
-4.37635
-4.32482
-4.27316
-4.22138
-4.16949
-4.1175
-4.06542
-4.01326
-3.96103
-3.90874
-3.85639
-3.80401
-3.75158
-3.69914
-3.64668
-3.59421
-3.54174
-3.48929
-3.43686
-3.38446
-3.3321
-3.27979
