-0.168182
33.7929
30.0634
26.731
23.7477
21.2264
21.0774
18.6812
16.5312
14.5966
12.8554
11.2836
9.86376
8.57713
7.40974
6.34717
5.3782
4.49168
3.67865
2.93046
2.23998
1.60049
1.00631
0.452214
-0.0662931
-0.553304
-1.01237
-1.4467
-1.8591
-2.25209
-2.62788
-2.98847
-3.33559
-3.67083
-3.99555
-4.31101
-4.6183
-4.9184
-5.21218
-5.50043
-5.78384
-6.06303
-6.33856
-6.61093
-6.88058
-7.14792
-7.41329
-7.67703
-7.93942
-8.20387
-8.46741
-8.73024
-8.99259
-9.25463
-9.51653
-9.77844
-10.0405
-10.3028
-10.5655
-10.8287
-11.0924
-11.3568
-11.6218
-11.8876
-12.1542
-12.4217
-12.69
-12.9592
-13.2293
-13.5004
-13.7724
-14.0454
-14.3193
-14.5941
-14.8698
-15.1465
-15.424
-15.7024
-15.9816
-16.2615
-16.5422
-16.8236
-17.1056
-17.3882
-17.6714
-17.955
-18.239
-18.5233
-18.8079
-19.0927
-19.3776
-19.6626
-19.9475
-20.2322
-20.5167
-20.8009
-21.0847
-21.368
-21.6506
-21.9326
-22.2137
-22.4939
-22.7731
-23.0512
-23.328
-23.6035
-23.8774
-24.1499
-24.4206
-24.6895
-24.9564
-25.2214
-25.4841
-25.7446
-26.0027
-26.2583
-26.5113
-26.7615
-27.0088
-27.2532
-27.4945
-27.7326
-27.9673
-28.1986
-28.4263
-28.6504
-28.8708
-29.0872
-29.2997
-29.5081
-29.7123
-29.9122
-30.1077
-30.2987
-30.4852
-30.667
-30.844
-31.0162
-31.1835
-31.3458
-31.503
-31.655
-31.8018
-31.9433
-32.0795
-32.2102
-32.3355
-32.4552
-32.5694
-32.6779
-32.7807
-32.8778
-32.9692
-33.0548
-33.1345
-33.2085
-33.2765
-33.3387
-33.395
-33.4454
-33.4899
-33.5284
-33.5611
-33.5878
-33.6087
-33.6236
-33.6327
-33.6359
-33.6333
-33.6249
-33.6107
-33.5908
-33.5652
-33.5339
-33.497
-33.4545
-33.4065
-33.353
-33.2941
-33.2298
-33.1602
-33.0854
-33.0055
-32.9204
-32.8303
-32.7352
-32.6353
-32.5306
-32.4211
-32.307
-32.1884
-32.0652
-31.9377
-31.8059
-31.6699
-31.5298
-31.3857
-31.2376
-31.0857
-30.9301
-30.7708
-30.608
-30.4417
-30.2721
-30.0993
-29.9233
-29.7442
-29.5623
-29.3774
-29.1898
-28.9996
-28.8068
-28.6116
-28.414
-28.2141
-28.0121
-27.8081
-27.6021
-27.3942
-27.1845
-26.9732
-26.7603
-26.5459
-26.3301
-26.113
-25.8947
-25.6753
-25.4548
-25.2334
-25.0111
-24.7881
-24.5643
-24.3399
-24.115
-23.8896
-23.6638
-23.4377
-23.2114
-22.985
-22.7584
-22.5318
-22.3053
-22.0789
-21.8527
-21.6267
-21.401
-21.1757
-20.9509
-20.7265
-20.5026
-20.2794
-20.0568
-19.8349
-19.6138
-19.3935
-19.174
-18.9554
-18.7378
-18.5211
-18.3055
-18.091
-17.8775
-17.6652
-17.4541
-17.2442
-17.0355
-16.8282
-16.6221
-16.4174
-16.2141
-16.0121
-15.8116
-15.6126
-15.415
-15.2189
-15.0244
-14.8313
-14.6399
-14.45
-14.2617
-14.0751
-13.89
-13.7067
-13.5249
-13.3449
-13.1665
-12.9898
-12.8149
-12.6416
-12.4701
-12.3003
-12.1322
-11.9659
-11.8013
-11.6385
-11.4775
-11.3182
-11.1607
-11.005
-10.851
-10.6988
-10.5484
-10.3997
-10.2528
-10.1077
-9.96436
-9.82279
-9.68297
-9.54492
-9.40863
-9.27409
-9.1413
-9.01026
-8.88095
-8.75338
-8.62754
-8.50341
-8.381
-8.2603
-8.14129
-8.02398
-7.90835
-7.7944
-7.68211
-7.57148
-7.46249
-7.35515
-7.24943
-7.14533
-7.04284
-6.94195
-6.84264
-6.74491
-6.64874
-6.55413
-6.46105
-6.36951
-6.27948
-6.19096
-6.10393
-6.01838
-5.9343
-5.85168
-5.77049
-5.69074
-5.6124
-5.53546
-5.45991
-5.38574
-5.31293
-5.24146
-5.17133
-5.10252
-5.03501
-4.96879
-4.90385
-4.84017
-4.77774
-4.71653
-4.65655
-4.59777
-4.54018
-4.48376
-4.4285
-4.37438
-4.32139
-4.26951
-4.21873
-4.16903
-4.1204
-4.07281
-4.02627
-3.98074
-3.93622
-3.89268
-3.85012
-3.80852
-3.76786
-3.72812
-3.6893
-3.65137
-3.61431
-3.57813
-3.54279
-3.50828
-3.47458
-3.44169
-3.40958
-3.37824
-3.34765
-3.3178
-3.28867
-3.26024
-3.2325
-3.20544
-3.17904
-3.15328
-3.12814
-3.10362
-3.07969
-3.05634
-3.03356
-3.01132
-2.98962
-2.96844
-2.94776
-2.92757
-2.90785
-2.88859
-2.86977
-2.85138
-2.8334
-2.81582
-2.79862
-2.78178
-2.76531
-2.74917
-2.73335
-2.71785
-2.70264
-2.68771
-2.67305
-2.65864
-2.64448
-2.63054
-2.61681
-2.60328
-2.58993
-2.57676
-2.56375
-2.55088
-2.53814
-2.52553
-2.51302
-2.50061
-2.48828
-2.47602
-2.46382
-2.45167
-2.43955
-2.42746
-2.41538
-2.4033
-2.39121
-2.3791
-2.36695
-2.35477
-2.34253
-2.33023
-2.31786
-2.3054
-2.29285
-2.28021
-2.26745
-2.25457
-2.24156
-2.22842
-2.21513
-2.20169
-2.18809
-2.17432
-2.16037
-2.14624
-2.13192
-2.1174
-2.10268
-2.08775
-2.0726
-2.05723
-2.04163
-2.0258
-2.00973
-1.99342
-1.97685
-1.96004
-1.94297
-1.92564
-1.90805
-1.89019
-1.87206
-1.85365
-1.83497
-1.81601
-1.79677
-1.77725
-1.75745
-1.73736
-1.71698
-1.69632
-1.67537
-1.65413
-1.6326
-1.61079
-1.58869
-1.56631
-1.54364
-1.52068
-1.49745
-1.47394
-1.45015
-1.42608
-1.40174
-1.37714
-1.35226
-1.32713
-1.30174
-1.27609
-1.25019
-1.22405
-1.19767
-1.17105
-1.14421
-1.11714
-1.08985
-1.06235
-1.03465
-1.00675
-0.978659
-0.950384
-0.921933
-0.893315
-0.864536
-0.835606
-0.806533
-0.777326
-0.747995
-0.718548
-0.688995
-0.659347
-0.629612
-0.599802
-0.569927
-0.539999
-0.510027
-0.480024
-0.45
-0.419968
-0.38994
-0.359928
-0.329944
-0.3
-0.27011
-0.240287
-0.210544
-0.180894
-0.151351
-0.121929
-0.0926422
-0.0635041
-0.0345294
-0.00573263
0.0228714
0.0512678
0.0794414
0.107377
0.13506
0.162473
0.189602
0.216431
0.242943
0.269122
0.294953
0.320419
0.345503
0.370189
0.394461
0.4183
0.441691
0.464616
0.487059
0.509001
0.530427
0.551318
0.571657
0.591427
0.61061
0.629188
0.647145
0.664462
0.681122
0.697107
0.712399
0.726981
0.740835
0.753943
0.766288
0.777851
0.788616
0.798565
0.807679
0.815942
0.823336
0.829844
0.835447
0.84013
0.843875
0.846664
0.84848
0.849308
0.849129
0.847927
0.845686
0.84239
0.838021
0.832564
0.826003
0.818321
0.809505
0.799537
0.788402
0.776087
0.762575
0.747852
0.731904
0.714716
0.696275
0.676566
0.655577
0.633294
0.609704
0.584794
0.558553
0.530968
0.502027
0.471719
0.440032
0.406956
0.372481
0.336595
0.29929
0.260556
0.220383
0.178764
0.135689
0.0911502
0.0451407
-0.0023469
-0.0513195
-0.101784
-0.153745
-0.207209
-0.262182
-0.318667
-0.37667
-0.436193
-0.497241
-0.559815
-0.62392
-0.689556
-0.756725
-0.825429
-0.895667
-0.96744
-1.04075
-1.11559
-1.19196
-1.26987
-1.3493
-1.43026
-1.51273
-1.59673
-1.68224
-1.76926
-1.85778
-1.9471
-2.03788
-2.13013
-2.22388
-2.31912
-2.41586
-2.51409
-2.61381
-2.71502
-2.81771
-2.92186
-3.02748
-3.13454
-3.24304
-3.35295
-3.46427
-3.57698
-3.69106
-3.8065
-3.92327
-4.04135
-4.16074
-4.2814
-4.40332
-4.52648
-4.65085
-4.77642
-4.90315
-5.03104
-5.16005
-5.29016
-5.42135
-5.5536
-5.68688
-5.82116
-5.95643
-6.09265
-6.2298
-6.36786
-6.5068
-6.64659
-6.7872
-6.92862
-7.07081
-7.21375
-7.3574
-7.50175
-7.64676
-7.79241
-7.93867
-8.0855
-8.23289
-8.3808
-8.52921
-8.67808
-8.82739
-8.97711
-9.1272
-9.27765
-9.42842
-9.57948
-9.7308
-9.88236
-10.0341
-10.186
-10.3381
-10.4903
-10.6426
-10.7949
-10.9473
-11.0996
-11.252
-11.4042
-11.5564
-11.7085
-11.8604
-12.0121
-12.1636
-12.3149
-12.4659
-12.6166
-12.767
-12.917
-13.0667
-13.2159
-13.3648
-13.5131
-13.661
-13.8083
-13.9551
-14.1013
-14.2469
-14.3919
-14.5363
-14.6799
-14.8229
-14.9651
-15.1066
-15.2473
-15.3871
-15.5262
-15.6644
-15.8017
-15.9381
-16.0735
-16.208
-16.3416
-16.4741
-16.6057
-16.7361
-16.8656
-16.9939
-17.1211
-17.2472
-17.3722
-17.496
-17.6186
-17.7399
-17.8601
-17.979
-18.0967
-18.2131
-18.3281
-18.4419
-18.5543
-18.6654
-18.7751
-18.8834
-18.9904
-19.0959
-19.2
-19.3026
-19.4038
-19.5035
-19.6018
-19.6985
-19.7937
-19.8874
-19.9796
-20.0702
-20.1593
-20.2468
-20.3327
-20.417
-20.4998
-20.5809
-20.6604
-20.7382
-20.8145
-20.8891
-20.962
-21.0333
-21.1028
-21.1708
-21.237
-21.3016
-21.3644
-21.4256
-21.485
-21.5427
-21.5988
-21.653
-21.7056
-21.7564
-21.8055
-21.8529
-21.8985
-21.9424
-21.9845
-22.0248
-22.0635
-22.1003
-22.1354
-22.1687
-22.2003
-22.2301
-22.2582
-22.2845
-22.309
-22.3318
-22.3527
-22.372
-22.3894
-22.4051
-22.4191
-22.4312
-22.4417
-22.4503
-22.4572
-22.4623
-22.4657
-22.4674
-22.4673
-22.4654
-22.4618
-22.4565
-22.4494
-22.4406
-22.43
-22.4178
-22.4038
-22.3881
-22.3706
-22.3515
-22.3307
-22.3081
-22.2839
-22.258
-22.2303
-22.2011
-22.1701
-22.1375
-22.1032
-22.0672
-22.0296
-21.9904
-21.9495
-21.907
-21.8629
-21.8172
-21.7698
-21.7209
-21.6704
-21.6182
-21.5645
-21.5093
-21.4525
-21.3941
-21.3342
-21.2727
-21.2098
-21.1453
-21.0793
-21.0118
-20.9429
-20.8725
-20.8006
-20.7272
-20.6524
-20.5762
-20.4986
-20.4195
-20.3391
-20.2572
-20.174
-20.0895
-20.0036
-19.9163
-19.8277
-19.7378
-19.6467
-19.5542
-19.4605
-19.3655
-19.2693
-19.1718
-19.0731
-18.9733
-18.8722
-18.77
-18.6666
-18.5621
-18.4565
-18.3497
-18.2419
-18.133
-18.0231
-17.9121
-17.8001
-17.687
-17.573
-17.4581
-17.3422
-17.2253
-17.1076
-16.9889
-16.8694
-16.749
-16.6278
-16.5058
-16.3829
-16.2593
-16.135
-16.0099
-15.8841
-15.7576
-15.6304
-15.5026
-15.3742
-15.2451
-15.1155
-14.9853
-14.8546
-14.7233
-14.5916
-14.4594
-14.3267
-14.1937
-14.0602
-13.9264
-13.7922
-13.6576
-13.5228
-13.3877
-13.2524
-13.1168
-12.981
-12.845
-12.7089
-12.5727
-12.4363
-12.2999
-12.1634
-12.0269
-11.8904
-11.7539
-11.6175
-11.4811
-11.3449
-11.2088
-11.0728
-10.937
-10.8014
-10.6661
-10.531
-10.3962
-10.2617
-10.1275
-9.99369
-9.86027
-9.72726
-9.59469
-9.46258
-9.33096
-9.19985
-9.06928
-8.93927
-8.80985
-8.68104
-8.55287
-8.42535
-8.29852
-8.1724
-8.04701
-7.92237
-7.79851
-7.67545
-7.55321
-7.43182
-7.31129
-7.19165
-7.07292
-6.95511
-6.83826
-6.72238
-6.60749
-6.49361
-6.38076
-6.26896
-6.15822
-6.04857
-5.94001
-5.83258
-5.72628
-5.62113
-5.51714
-5.41434
-5.31273
-5.21233
-5.11316
-5.01522
-4.91854
-4.82311
-4.72896
-4.63609
-4.54452
-4.45425
-4.36529
-4.27766
-4.19135
-4.10639
-4.02277
-3.9405
-3.85959
-3.78005
-3.70187
-3.62506
-3.54963
-3.47558
-3.40291
-3.33162
-3.26172
-3.1932
-3.12606
-3.06031
-2.99594
-2.93295
-2.87134
-2.8111
-2.75223
-2.69474
-2.6386
-2.58382
-2.53039
-2.47831
-2.42756
-2.37814
-2.33005
-2.28327
-2.23779
-2.1936
-2.1507
-2.10907
-2.0687
-2.02958
-1.9917
-1.95505
-1.9196
-1.88535
-1.85229
-1.82039
-1.78965
-1.76005
-1.73156
-1.70419
-1.6779
-1.65269
-1.62853
-1.60542
-1.58332
-1.56222
-1.54211
-1.52296
-1.50475
-1.48748
-1.47111
-1.45562
-1.441
-1.42723
-1.41429
-1.40215
-1.39079
-1.3802
-1.37036
-1.36123
-1.35281
-1.34506
-1.33798
-1.33153
-1.3257
-1.32046
-1.3158
-1.31168
-1.3081
-1.30503
-1.30244
-1.30033
-1.29866
-1.29741
-1.29657
-1.29611
-1.29601
-1.29626
-1.29683
-1.2977
-1.29886
-1.30028
-1.30194
-1.30383
-1.30592
-1.3082
-1.31065
-1.31324
-1.31597
-1.31882
-1.32176
-1.32479
-1.32788
-1.33101
-1.33418
-1.33737
-1.34056
-1.34373
-1.34688
-1.34998
-1.35303
-1.35601
-1.35892
-1.36172
-1.36443
-1.36701
-1.36947
-1.37178
-1.37395
-1.37596
-1.3778
-1.37947
-1.38094
-1.38223
-1.38331
-1.38418
-1.38484
-1.38528
-1.38548
-1.38546
-1.3852
-1.38469
-1.38394
-1.38294
-1.38169
-1.38018
-1.37841
-1.37639
-1.3741
-1.37155
-1.36873
-1.36566
-1.36232
-1.35871
-1.35485
-1.35073
-1.34635
-1.34171
-1.33682
-1.33169
-1.3263
-1.32067
-1.3148
-1.3087
-1.30236
-1.2958
-1.28902
-1.28203
-1.27483
-1.26742
-1.25982
-1.25202
-1.24405
-1.2359
-1.22758
-1.2191
-1.21047
-1.20169
-1.19277
-1.18373
-1.17457
-1.16529
-1.15591
-1.14644
-1.13689
-1.12726
-1.11756
-1.10781
-1.09801
-1.08818
-1.07831
-1.06843
-1.05854
-1.04866
-1.03878
-1.02893
-1.0191
-1.00932
-0.999591
-0.989921
-0.980322
-0.970803
-0.961374
-0.952046
-0.942826
-0.933726
-0.924754
-0.91592
-0.907233
-0.898703
-0.890338
-0.882147
-0.874139
-0.866324
-0.858708
-0.851301
-0.844112
-0.837148
-0.830417
-0.823927
-0.817685
-0.8117
-0.805979
-0.800527
-0.795354
-0.790464
-0.785865
-0.781563
-0.777565
-0.773875
-0.7705
-0.767445
-0.764715
-0.762316
-0.760253
-0.758529
-0.75715
-0.756119
-0.755441
-0.755118
-0.755156
-0.755556
-0.756322
-0.757457
-0.758963
-0.760842
-0.763097
-0.765729
-0.768741
-0.772133
-0.775906
-0.780062
-0.784601
-0.789524
-0.79483
-0.800521
-0.806595
-0.813052
-0.819892
-0.827114
-0.834716
-0.842698
-0.851057
-0.859792
-0.868901
-0.878382
-0.888232
-0.898449
-0.909031
-0.919973
-0.931274
-0.942844
-0.954772
-0.967055
-0.979687
-0.992665
-1.00598
-1.01964
-1.03362
-1.04793
-1.06256
-1.0775
-1.09276
-1.10832
-1.12418
-1.14033
-1.15678
-1.1735
-1.19049
-1.20776
-1.22529
-1.24308
-1.26111
-1.27939
-1.2979
-1.31665
-1.33561
-1.35479
-1.37418
-1.39377
-1.41354
-1.43351
-1.45365
-1.47396
-1.49444
-1.51507
-1.53584
-1.55675
-1.5778
-1.59897
-1.62025
-1.64163
-1.66312
-1.6847
-1.70636
-1.72809
-1.74989
-1.77175
-1.79366
-1.81561
-1.83759
-1.8596
-1.88163
-1.90366
-1.9257
-1.94773
-1.96975
-1.99175
-2.01371
-2.03564
-2.05752
-2.07935
-2.10112
-2.12283
-2.14445
-2.166
-2.18745
-2.20881
-2.23006
-2.2512
-2.27223
-2.29312
-2.31389
-2.33452
-2.355
-2.37534
-2.39551
-2.41552
-2.43536
-2.45503
-2.47451
-2.49381
-2.51292
-2.53182
-2.55053
-2.56902
-2.5873
-2.60536
-2.6232
-2.64082
-2.6582
-2.67534
-2.69224
-2.7089
-2.72531
-2.74146
-2.75736
-2.77301
-2.78839
-2.8035
-2.81834
-2.83292
-2.84722
-2.86124
-2.87498
-2.88844
-2.90162
-2.91452
-2.92713
-2.93945
-2.95148
-2.96322
-2.97466
-2.98582
-2.99668
-3.00725
-3.01752
-3.0275
-3.03718
-3.04656
-3.05566
-3.06445
-3.07296
-3.08116
-3.08908
-3.0967
-3.10403
-3.11107
-3.11783
-3.12429
-3.13047
-3.13636
-3.14197
-3.14731
-3.15236
-3.15713
-3.16163
-3.16586
-3.16982
-3.17351
-3.17694
-3.18011
-3.18301
-3.18566
-3.18806
-3.19021
-3.19212
-3.19378
-3.1952
-3.19639
-3.19734
-3.19807
-3.19857
-3.19885
-3.19891
-3.19876
-3.19841
-3.19784
-3.19708
-3.19612
-3.19497
-3.19363
-3.19211
-3.19041
-3.18853
-3.18649
-3.18428
-3.1819
-3.17937
-3.17669
-3.17387
-3.1709
-3.16779
-3.16455
-3.16118
-3.15768
-3.15407
-3.15034
-3.14651
-3.14256
-3.13852
-3.13438
-3.13016
-3.12584
-3.12144
-3.11697
-3.11243
-3.10781
-3.10314
-3.09841
-3.09362
-3.08878
-3.0839
-3.07898
-3.07402
-3.06904
-3.06402
-3.05898
-3.05393
-3.04886
-3.04378
-3.0387
-3.03362
-3.02853
-3.02346
-3.0184
-3.01335
-3.00832
-3.00332
-2.99834
-2.99339
-2.98848
-2.9836
-2.97877
-2.97399
-2.96925
-2.96457
-2.95994
-2.95537
-2.95087
-2.94643
-2.94207
-2.93777
-2.93355
-2.92942
-2.92536
-2.92139
-2.91751
-2.91372
-2.91003
-2.90643
-2.90293
-2.89954
-2.89625
-2.89307
-2.89
-2.88705
-2.88421
-2.88149
-2.87889
-2.87641
-2.87406
-2.87184
-2.86975
-2.86779
-2.86597
-2.86428
-2.86273
-2.86132
-2.86006
-2.85894
-2.85796
-2.85714
-2.85647
-2.85594
-2.85558
-2.85537
-2.85532
-2.85542
-2.85569
-2.85612
-2.85672
-2.85748
-2.85841
-2.85951
-2.86078
-2.86222
-2.86383
-2.86562
-2.86759
-2.86974
-2.87206
-2.87456
-2.87725
-2.88012
-2.88317
-2.88641
-2.88984
-2.89345
-2.89725
-2.90125
-2.90543
-2.90981
-2.91438
-2.91915
-2.92411
-2.92927
-2.93462
-2.94018
-2.94593
-2.95189
-2.95804
-2.9644
-2.97097
-2.97773
-2.98471
-2.99188
-2.99927
-3.00686
-3.01466
-3.02267
-3.03089
-3.03932
-3.04796
-3.05681
-3.06588
-3.07515
-3.08464
-3.09434
-3.10426
-3.11439
-3.12473
-3.13529
-3.14607
-3.15706
-3.16826
-3.17969
-3.19132
-3.20318
-3.21525
-3.22753
-3.24003
-3.25275
-3.26568
-3.27882
-3.29218
-3.30576
-3.31954
-3.33354
-3.34776
-3.36218
-3.37682
-3.39166
-3.40671
-3.42198
-3.43744
-3.45312
-3.469
-3.48508
-3.50136
-3.51784
-3.53452
-3.5514
-3.56847
-3.58573
-3.60319
-3.62083
-3.63866
-3.65667
-3.67486
-3.69322
-3.71177
-3.73048
-3.74937
-3.76842
-3.78763
-3.807
-3.82652
-3.8462
-3.86602
-3.88598
-3.90609
-3.92633
-3.94669
-3.96719
-3.9878
-4.00852
-4.02936
-4.0503
-4.07134
-4.09246
-4.11368
-4.13498
-4.15635
-4.17778
-4.19928
-4.22083
-4.24243
-4.26406
-4.28573
-4.30742
-4.32913
-4.35084
-4.37256
-4.39426
-4.41595
-4.43761
-4.45923
-4.48081
-4.50233
-4.52379
-4.54517
-4.56647
-4.58767
-4.60877
-4.62975
-4.6506
-4.67131
-4.69187
-4.71226
-4.73248
-4.75252
-4.77235
-4.79198
-4.81137
-4.83053
-4.84944
-4.86808
-4.88645
-4.90452
-4.92229
-4.93973
-4.95684
-4.9736
-4.98999
-5.006
-5.02162
-5.03683
-5.05161
-5.06594
-5.07981
-5.09321
-5.10612
-5.11852
-5.13039
-5.14172
-5.15248
-5.16267
-5.17226
-5.18124
-5.18958
-5.19728
-5.2043
-5.21064
-5.21627
-5.22118
-5.22534
-5.22874
-5.23136
-5.23317
-5.23416
-5.23431
-5.2336
-5.23201
-5.22951
-5.22609
-5.22173
-5.2164
-5.21009
-5.20277
-5.19443
-5.18504
-5.17458
-5.16303
-5.15037
-5.13658
-5.12163
-5.10551
-5.08819
-5.06966
-5.04988
-5.02884
-5.00651
-4.98288
-4.95792
-4.93161
-4.90392
-4.87484
-4.84435
-4.81241
-4.77902
-4.74414
-4.70775
-4.66984
-4.63038
-4.58934
-4.54671
-4.50247
-4.45658
-4.40904
-4.35981
-4.30887
-4.25621
-4.2018
-4.14562
-4.08765
-4.02786
-3.96623
-3.90275
-3.83739
-3.77013
-3.70095
-3.62982
-3.55673
-3.48165
-3.40457
-3.32546
-3.2443
-3.16107
-3.07576
-2.98834
-2.89879
-2.80709
-2.71322
-2.61717
-2.51891
-2.41842
-2.3157
-2.2107
-2.10343
-1.99386
-1.88197
-1.76774
-1.65117
-1.53222
-1.41089
-1.28716
-1.16101
-1.03242
-0.901385
-0.767885
-0.631904
-0.493429
-0.352446
-0.20894
-0.0628985
0.0856913
0.236842
0.390566
0.546875
0.70578
0.867292
1.03142
1.19818
1.36757
1.53961
1.7143
1.89165
2.07167
2.25436
2.43974
2.6278
2.81855
3.012
3.20814
3.40699
3.60854
3.8128
4.01976
4.22942
4.4418
4.65687
4.87465
5.09512
5.31829
5.54415
5.7727
6.00392
6.23781
6.47437
6.71357
6.95543
7.19991
7.44701
7.69672
7.94903
8.20391
8.46135
8.72134
8.98386
9.24889
9.5164
9.78638
10.0588
10.3336
10.6109
10.8905
11.1724
11.4567
11.7432
12.032
12.323
12.6162
12.9115
13.2089
13.5084
13.81
14.1135
14.419
14.7264
15.0357
15.3467
15.6596
15.9741
16.2904
16.6082
16.9276
17.2485
17.5708
17.8946
18.2196
18.546
18.8735
19.2022
19.5319
19.8627
20.1943
20.5269
20.8602
21.1943
21.529
21.8642
22.2
22.5361
22.8726
23.2093
23.5462
23.8345
24.1305
24.4331
24.7416
25.0551
25.3729
25.6943
26.0186
26.3455
26.6743
27.0046
27.3359
27.668
28.0004
28.3329
28.665
28.9966
29.3274
29.6571
29.9855
30.3124
30.6376
30.9609
31.282
31.6009
31.9173
32.2312
32.5422
32.8504
33.1555
33.4574
33.7559
34.051
34.3424
34.6302
34.914
35.1939
35.4697
35.7413
36.0086
36.2714
36.5296
36.7832
37.032
37.276
37.5149
37.7488
37.9775
38.201
38.419
38.6316
38.8387
39.0401
39.2358
39.4257
39.6096
39.7877
39.9596
40.1255
40.2851
40.4385
40.5855
40.7262
40.8604
40.9881
41.1092
41.2238
41.3316
41.4328
41.5271
41.6147
41.6955
41.7694
41.8365
41.8966
41.9498
41.996
42.0353
42.0676
42.0929
42.1112
42.1226
42.1269
42.1243
42.1148
42.0982
42.0748
42.0445
42.0073
41.9632
41.9123
41.8546
41.7902
41.7192
41.6414
41.5571
41.4662
41.3689
41.2651
41.155
41.0386
40.916
40.7872
40.6524
40.5115
40.3648
40.2123
40.054
39.8901
39.7206
39.5457
39.3654
39.1799
38.9892
38.7935
38.5928
38.3873
38.1771
37.9622
37.7428
37.5191
37.291
37.0588
36.8225
36.5823
36.3383
36.0906
35.8393
35.5845
35.3264
35.0651
34.8006
34.5332
34.2629
33.9898
33.7141
33.4359
33.1553
32.8724
32.5874
32.3002
32.0112
31.7204
31.4278
31.1336
30.838
30.5409
30.2426
29.9431
29.6426
29.3411
29.0388
28.7357
28.4319
28.1276
27.8228
27.5177
27.2122
26.9066
26.6009
26.2952
25.9895
25.6841
25.3788
25.0739
24.7694
24.4653
24.1618
23.8589
23.5567
23.2553
22.9546
22.6549
22.3561
22.0584
21.7617
21.4662
21.1718
20.8787
20.5869
20.2964
20.0073
19.7196
19.4335
19.1489
18.8658
18.5844
18.3046
18.0265
17.7501
17.4755
17.2027
16.9318
16.6626
16.3954
16.1301
15.8667
15.6053
15.3459
15.0885
14.8332
14.5799
14.3286
14.0795
13.8325
13.5876
13.3448
13.1042
12.8658
12.6295
12.3954
12.1636
11.9339
11.7065
11.4813
11.2583
11.0376
10.8191
10.6029
10.3889
10.1772
9.96771
9.76051
9.55558
9.35291
9.1525
8.95436
8.75848
8.56486
8.37351
8.1844
7.99756
7.81296
7.63061
7.4505
7.27263
7.09699
6.92358
6.75239
6.58342
6.41665
6.25209
6.08971
5.92953
5.77152
5.61569
5.46201
5.31049
5.16112
5.01388
4.86876
4.72577
4.58487
4.44608
4.30937
4.17473
4.04217
3.91165
3.78318
3.65674
3.53231
3.4099
3.28948
3.17105
3.0546
2.9401
2.82755
2.71693
2.60824
2.50146
2.39658
2.29359
2.19246
2.09319
1.99577
1.90018
1.80641
1.71444
1.62427
1.53587
1.44923
1.36435
1.28119
1.19976
1.12004
1.04201
0.96565
0.890957
0.817912
0.746501
0.676707
0.60852
0.541922
0.476897
0.413431
0.351508
0.291113
0.232231
0.174845
0.118941
0.0645026
0.011514
-0.0400405
-0.0886238
-0.136021
-0.18223
-0.227241
-0.271054
-0.313667
-0.355082
-0.395301
-0.434331
-0.472176
-0.508846
-0.542573
-0.575388
-0.607281
-0.638234
-0.668241
-0.697294
-0.725392
-0.752531
-0.778715
-0.803945
-0.828227
-0.851567
-0.873974
-0.895455
-0.916022
-0.935686
-0.954458
-0.97235
-0.989378
-1.00555
-1.02089
-1.03541
-1.04912
-1.06204
-1.07419
-1.08558
-1.09623
-1.10615
-1.11537
-1.1239
-1.13176
-1.13896
-1.14553
-1.15148
-1.15684
-1.16161
-1.16582
-1.16948
-1.17262
-1.17525
-1.1774
-1.17907
-1.18029
-1.18108
-1.18145
-1.18143
-1.18103
-1.18027
-1.17918
-1.17776
-1.17603
-1.17403
-1.17175
-1.16923
-1.16648
-1.16352
-1.16037
-1.15704
-1.15355
-1.14992
-1.14618
-1.14233
-1.13839
-1.13439
-1.13033
-1.12625
-1.12215
-1.11804
-1.11396
-1.10991
-1.10592
-1.10199
-1.09815
-1.09441
-1.09079
-1.0873
-1.08396
-1.08078
-1.07779
-1.07499
-1.0724
-1.07004
-1.06792
-1.06605
-1.06446
-1.06315
-1.06213
-1.06143
-1.06105
-1.06101
-1.06131
-1.06199
-1.06304
-1.06447
-1.06631
-1.06856
-1.07123
-1.07434
-1.07789
-1.0819
-1.08637
-1.09132
-1.09676
-1.10269
-1.10912
-1.11607
-1.12354
-1.13155
-1.14009
-1.14917
-1.15881
-1.16901
-1.17977
-1.19111
-1.20303
-1.21553
-1.22862
-1.2423
-1.25658
-1.27147
-1.28696
-1.30306
-1.31978
-1.33711
-1.35506
-1.37363
-1.39282
-1.41263
-1.43307
-1.45413
-1.47582
-1.49813
-1.52107
-1.54462
-1.5688
-1.5936
-1.61902
-1.64505
-1.67169
-1.69894
-1.72679
-1.75525
-1.7843
-1.81394
-1.84417
-1.87498
-1.90636
-1.93831
-1.97082
-2.00388
-2.03749
-2.07164
-2.10632
-2.14152
-2.17723
-2.21345
-2.25016
-2.28735
-2.32501
-2.36313
-2.40171
-2.44072
-2.48016
-2.52002
-2.56027
-2.60091
-2.64193
-2.68331
-2.72504
-2.7671
-2.80948
-2.85216
-2.89514
-2.93838
-2.98188
-3.02562
-3.06958
-3.11375
-3.15811
-3.20264
-3.24733
-3.29215
-3.33709
-3.38213
-3.42725
-3.47243
-3.51765
-3.56289
-3.60814
-3.65337
-3.69856
-3.74369
-3.78875
-3.8337
-3.87853
-3.92322
-3.96774
-4.01208
-4.05621
-4.1001
-4.14375
-4.18712
-4.23019
-4.27294
-4.31534
-4.35738
-4.39902
-4.44026
-4.48105
-4.52138
-4.56123
-4.60057
-4.63937
-4.67762
-4.71528
-4.75235
-4.78878
-4.82455
-4.85965
-4.89404
-4.92771
-4.96062
-4.99275
-5.02409
-5.0546
-5.08425
-5.11303
-5.14091
-5.16787
-5.19387
-5.2189
-5.24293
-5.26594
-5.2879
-5.30879
-5.32858
-5.34725
-5.36478
-5.38113
-5.3963
-5.41024
-5.42295
-5.43439
-5.44454
-5.45338
-5.46088
-5.46702
-5.47179
-5.47515
-5.47708
-5.47756
-5.47658
-5.47409
-5.47009
-5.46456
-5.45746
-5.44879
-5.43851
-5.42661
-5.41306
-5.39785
-5.38096
-5.36237
-5.34205
-5.31999
-5.29616
-5.27056
-5.24316
-5.21394
-5.18288
-5.14998
-5.1152
-5.07854
-5.03997
-4.99949
-4.95707
-4.9127
-4.86636
-4.81804
-4.76773
-4.71541
-4.66107
-4.60469
-4.54626
-4.48577
-4.42321
-4.35857
-4.29183
-4.22299
-4.15203
-4.07894
-4.00372
-3.92635
-3.84683
-3.76515
-3.68131
-3.59529
-3.50708
-3.41669
-3.32411
-3.22933
-3.13234
-3.03315
-2.93175
-2.82814
-2.72231
-2.61427
-2.504
-2.39151
-2.27681
-2.15988
-2.04074
-1.91937
-1.79579
-1.67
-1.54199
-1.41178
-1.27936
-1.14474
-1.00793
-0.868928
-0.727743
-0.584381
-0.43967
-0.294742
-0.14787
-0.00217004
0.147516
0.292354
0.447189
0.604491
0.764373
0.926731
1.0916
1.25892
1.42869
1.60085
1.77539
1.95227
2.13146
2.31291
2.4966
2.68248
2.87053
3.06069
3.25294
3.44723
3.64353
3.8418
4.042
4.2441
4.44805
4.65382
4.86137
5.07067
5.28168
5.49436
5.70867
5.92459
6.14207
6.36108
6.58158
6.80354
7.02692
7.25169
7.47782
7.70527
7.934
8.16399
8.3952
8.62759
8.86113
9.09579
9.33154
9.56834
9.80616
10.045
10.2847
10.5254
10.767
11.0094
11.2527
11.4968
11.7416
11.9871
12.2334
12.4803
12.7279
12.976
13.2247
13.474
13.7238
13.9741
14.2248
14.4759
14.7275
14.9793
15.2315
15.484
15.7368
15.9898
16.243
16.4964
16.7499
17.0035
17.2573
17.511
17.7648
18.0186
18.2724
18.5261
18.7796
19.0331
19.2864
19.5396
19.7925
20.0451
20.2975
20.5497
20.8014
21.0529
21.3039
21.5545
21.8047
22.0544
22.3037
22.5524
22.8005
23.0481
23.2951
23.5414
23.7871
24.0321
24.2764
24.5199
24.7627
25.0047
25.2459
25.4863
25.7258
25.9644
26.2021
26.4388
26.6746
26.9094
27.1432
27.376
27.6077
27.8383
28.0679
28.2963
28.5235
28.7496
28.9746
29.1983
29.4207
29.6419
29.8619
30.0805
30.2979
30.5139
30.7286
30.9418
31.1537
31.3642
31.5733
31.7809
31.987
32.1917
32.3949
32.5965
32.7966
32.9952
33.1922
33.3876
33.5814
33.7736
33.9641
34.153
34.3403
34.5259
34.7097
34.8919
35.0724
35.2511
35.4281
35.6033
35.7767
35.9484
36.1182
36.2863
36.4525
36.6169
36.7794
36.9401
37.0989
37.2558
37.4108
37.5639
37.7151
37.8644
38.0117
38.157
38.3005
38.4419
38.5814
38.7188
38.8543
38.9878
39.1192
39.2486
39.376
39.5014
39.6246
39.7459
39.865
39.9821
40.097
40.2099
40.3207
40.4294
40.5359
40.6403
40.7426
40.8427
40.9407
41.0365
41.1302
41.2217
41.311
41.3981
41.483
41.5657
41.6462
41.7245
41.8006
41.8744
41.946
42.0153
42.0824
42.1473
42.2099
42.2702
42.3282
42.384
42.4375
42.4887
42.5375
42.5841
42.6284
42.6703
42.7099
42.7472
42.7822
42.8148
42.8451
42.873
42.8986
42.9218
42.9427
42.9611
42.9772
42.9909
43.0023
43.0112
43.0177
43.0219
43.0236
43.0229
43.0198
43.0143
43.0064
42.996
42.9833
42.968
42.9504
42.9303
42.9077
42.8827
42.8553
42.8254
42.7931
42.7582
42.721
42.6812
42.639
42.5944
42.5472
42.4976
42.4455
42.391
42.3339
42.2744
42.2124
42.148
42.0811
42.0116
41.9397
41.8654
41.7885
41.7092
41.6274
41.5432
41.4565
41.3673
41.2756
41.1815
41.0849
40.9859
40.8844
40.7805
40.6741
40.5653
40.4541
40.3404
40.2243
40.1058
39.9849
39.8616
39.7359
39.6078
39.4773
39.3445
39.2093
39.0718
38.9319
38.7896
38.6451
38.4983
38.3491
38.1977
38.044
37.888
37.7298
37.5693
37.4067
37.2418
37.0748
36.9055
36.7341
36.5606
36.385
36.2072
36.0274
35.8454
35.6615
35.4755
35.2875
35.0975
34.9055
34.7116
34.5158
34.3181
34.1185
33.917
33.7138
33.5087
33.3018
33.0932
32.8828
32.6708
32.4571
32.2417
32.0247
31.8061
31.586
31.3644
31.1412
30.9166
30.6905
30.463
30.2342
30.004
29.7725
29.5398
29.3058
29.0706
28.8342
28.5967
28.3581
28.1184
27.8777
27.6359
27.3933
27.1497
26.9052
26.6599
26.4138
26.1669
25.9193
25.671
25.4221
25.1725
24.9224
24.6717
24.4206
24.1689
23.9169
23.6645
23.4118
23.1588
22.9056
22.6521
22.3985
22.1447
21.8909
21.637
21.3831
21.1293
20.8755
20.6219
20.3684
20.1152
19.8621
19.6094
19.357
19.105
18.8533
18.6022
18.3515
18.1013
17.8517
17.6027
17.3544
17.1067
16.8598
16.6137
16.3683
16.1238
15.8801
15.6374
15.3956
15.1548
14.915
14.6763
14.4387
14.2022
13.9668
13.7327
13.4997
13.2681
13.0377
12.8086
12.5809
12.3546
12.1297
11.9063
11.6843
11.4638
11.2448
11.0274
10.8115
10.5973
10.3847
10.1737
9.96445
9.75686
9.551
9.34688
9.14452
8.94394
8.74516
8.54821
8.35309
8.15983
7.96843
7.77893
7.59132
7.40564
7.22188
7.04006
6.8602
