0.5
0.154347
0.20612
0.250995
0.289881
0.289882
0.323567
0.352735
0.37798
0.399814
0.418686
0.434981
0.449035
0.46114
0.471547
0.480476
0.488117
0.494633
0.500168
0.504846
0.508773
0.512043
0.514737
0.516925
0.518666
0.520015
0.521016
0.52171
0.52213
0.522306
0.522264
0.522026
0.521613
0.52104
0.520323
0.519473
0.518503
0.517421
0.516236
0.514955
0.513585
0.51213
0.510596
0.508987
0.507306
0.505556
0.503741
0.501862
0.499922
0.497963
0.495941
0.49386
0.491719
0.489522
0.48727
0.484963
0.482602
0.48019
0.477726
0.475211
0.472646
0.470032
0.467369
0.464658
0.4619
0.459094
0.456242
0.453343
0.450398
0.447408
0.444372
0.441292
0.438168
0.434999
0.431787
0.428531
0.425232
0.421891
0.418507
0.415081
0.411614
0.408105
0.404555
0.400965
0.397334
0.393663
0.389953
0.386204
0.382416
0.378589
0.374724
0.370822
0.366882
0.362906
0.358893
0.354844
0.350759
0.346639
0.342484
0.338295
0.334071
0.329815
0.325525
0.321202
0.316847
0.312461
0.308043
0.303595
0.299116
0.294607
0.29007
0.285503
0.280908
0.276285
0.271635
0.266958
0.262254
0.257525
0.252771
0.247992
0.243189
0.238362
0.233512
0.22864
0.223745
0.21883
0.213893
0.208936
0.20396
0.198964
0.19395
0.188918
0.183869
0.178803
0.173721
0.168623
0.16351
0.158383
0.153242
0.148087
0.142921
0.137742
0.132552
0.127351
0.122141
0.11692
0.111691
0.106454
0.101208
0.0959563
0.0906978
0.0854335
0.080164
0.07489
0.069612
0.0643307
0.0590468
0.0537607
0.0484732
0.0431849
0.0378963
0.0326081
0.0273208
0.0220352
0.0167517
0.0114711
0.00619384
0.000920587
-0.00434808
-0.00961156
-0.0148693
-0.0201206
-0.025365
-0.0306019
-0.0358307
-0.0410508
-0.0462616
-0.0514627
-0.0566534
-0.0618332
-0.0670014
-0.0721577
-0.0773014
-0.082432
-0.0875489
-0.0926516
-0.0977396
-0.102812
-0.107869
-0.11291
-0.117934
-0.122941
-0.12793
-0.132901
-0.137853
-0.142785
-0.147698
-0.152591
-0.157463
-0.162314
-0.167143
-0.171951
-0.176735
-0.181497
-0.186236
-0.19095
-0.195641
-0.200306
-0.204947
-0.209562
-0.214151
-0.218714
-0.22325
-0.227759
-0.23224
-0.236693
-0.241118
-0.245515
-0.249882
-0.25422
-0.258528
-0.262805
-0.267052
-0.271269
-0.275454
-0.279607
-0.283728
-0.287817
-0.291874
-0.295897
-0.299887
-0.303843
-0.307766
-0.311654
-0.315507
-0.319326
-0.323109
-0.326857
-0.330569
-0.334244
-0.337883
-0.341486
-0.345051
-0.348579
-0.35207
-0.355522
-0.358936
-0.362312
-0.365649
-0.368947
-0.372205
-0.375425
-0.378604
-0.381743
-0.384842
-0.3879
-0.390917
-0.393893
-0.396828
-0.399721
-0.402573
-0.405382
-0.408149
-0.410874
-0.413555
-0.416194
-0.418789
-0.421341
-0.42385
-0.426314
-0.428735
-0.431111
-0.433442
-0.435729
-0.437971
-0.440168
-0.442319
-0.444426
-0.446486
-0.448501
-0.450469
-0.452392
-0.454268
-0.456097
-0.45788
-0.459616
-0.461305
-0.462947
-0.464541
-0.466088
-0.467587
-0.469039
-0.470443
-0.471798
-0.473106
-0.474365
-0.475576
-0.476739
-0.477853
-0.478918
-0.479934
-0.480902
-0.48182
-0.482689
-0.48351
-0.484281
-0.485002
-0.485674
-0.486297
-0.48687
-0.487394
-0.487868
-0.488292
-0.488667
-0.488991
-0.489266
-0.489491
-0.489666
-0.489792
-0.489867
-0.489893
-0.489868
-0.489794
-0.489669
-0.489495
-0.489271
-0.488997
-0.488673
-0.488299
-0.487875
-0.487402
-0.486878
-0.486305
-0.485683
-0.485011
-0.484289
-0.483518
-0.482697
-0.481827
-0.480908
-0.47994
-0.478922
-0.477856
-0.476741
-0.475577
-0.474364
-0.473103
-0.471793
-0.470435
-0.469029
-0.467574
-0.466072
-0.464522
-0.462925
-0.46128
-0.459587
-0.457848
-0.456062
-0.454228
-0.452348
-0.450422
-0.44845
-0.446431
-0.444367
-0.442256
-0.440101
-0.4379
-0.435654
-0.433363
-0.431028
-0.428648
-0.426225
-0.423757
-0.421246
-0.418691
-0.416093
-0.413452
-0.410769
-0.408043
-0.405275
-0.402466
-0.399614
-0.396722
-0.393788
-0.390814
-0.3878
-0.384745
-0.38165
-0.378517
-0.375343
-0.372131
-0.368881
-0.365592
-0.362266
-0.358901
-0.3555
-0.352062
-0.348587
-0.345076
-0.341529
-0.337947
-0.334329
-0.330677
-0.32699
-0.323269
-0.319515
-0.315727
-0.311907
-0.308054
-0.304168
-0.300251
-0.296303
-0.292324
-0.288314
-0.284273
-0.280204
-0.276104
-0.271976
-0.267819
-0.263634
-0.259422
-0.255182
-0.250915
-0.246622
-0.242303
-0.237958
-0.233588
-0.229194
-0.224775
-0.220332
-0.215866
-0.211378
-0.206866
-0.202333
-0.197778
-0.193202
-0.188605
-0.183989
-0.179352
-0.174696
-0.170022
-0.165329
-0.160618
-0.15589
-0.151145
-0.146383
-0.141606
-0.136813
-0.132005
-0.127183
-0.122347
-0.117497
-0.112634
-0.107759
-0.102871
-0.0979723
-0.0930622
-0.0881416
-0.0832108
-0.0782704
-0.073321
-0.0683629
-0.0633967
-0.058423
-0.0534421
-0.0484547
-0.0434611
-0.038462
-0.0334578
-0.028449
-0.0234361
-0.0184196
-0.0134
-0.00837788
-0.00335369
0.00167207
0.00669888
0.0117262
0.0167536
0.0217806
0.0268065
0.031831
0.0368536
0.0418736
0.0468906
0.0519042
0.0569137
0.0619188
0.0669188
0.0719133
0.0769018
0.0818838
0.0868588
0.0918262
0.0967857
0.101737
0.106678
0.111611
0.116533
0.121445
0.126346
0.131235
0.136113
0.140978
0.14583
0.150668
0.155493
0.160303
0.165098
0.169878
0.174642
0.179389
0.18412
0.188834
0.193529
0.198207
0.202865
0.207505
0.212125
0.216724
0.221304
0.225862
0.230398
0.234913
0.239405
0.243874
0.24832
0.252742
0.25714
0.261514
0.265862
0.270184
0.274481
0.278751
0.282995
0.287211
0.2914
0.29556
0.299692
0.303795
0.307869
0.311912
0.315926
0.319909
0.323861
0.327782
0.331671
0.335528
0.339352
0.343144
0.346902
0.350626
0.354316
0.357972
0.361593
0.365179
0.36873
0.372244
0.375723
0.379165
0.382569
0.385937
0.389267
0.392559
0.395813
0.399028
0.402205
0.405342
0.408439
0.411497
0.414514
0.417492
0.420428
0.423323
0.426177
0.42899
0.43176
0.434488
0.437174
0.439817
0.442417
0.444974
0.447488
0.449957
0.452383
0.454765
0.457102
0.459394
0.461641
0.463844
0.466001
0.468112
0.470178
0.472197
0.474171
0.476098
0.477978
0.479812
0.481599
0.483338
0.485031
0.486676
0.488273
0.489823
0.491325
0.492779
0.494184
0.495541
0.49685
0.49811
0.499322
0.500485
0.501598
0.502663
0.503679
0.504645
0.505563
0.50643
0.507249
0.508017
0.508736
0.509406
0.510026
0.510595
0.511115
0.511586
0.512006
0.512376
0.512697
0.512967
0.513187
0.513357
0.513478
0.513548
0.513568
0.513538
0.513458
0.513328
0.513148
0.512918
0.512638
0.512308
0.511929
0.5115
0.51102
0.510492
0.509913
0.509285
0.508608
0.507881
0.507105
0.506279
0.505405
0.504481
0.503509
0.502488
0.501418
0.500299
0.499132
0.497917
0.496653
0.495341
0.493982
0.492574
0.491131
0.489638
0.488096
0.486505
0.484865
0.483177
0.481442
0.479659
0.47783
0.475953
0.474031
0.472062
0.470048
0.467988
0.465883
0.463733
0.461538
0.459299
0.457015
0.454688
0.452317
0.449903
0.447445
0.444945
0.442402
0.439817
0.43719
0.434521
0.431811
0.429059
0.426267
0.423434
0.42056
0.417647
0.414693
0.411701
0.408669
0.405598
0.402489
0.399342
0.396157
0.392934
0.389674
0.386377
0.383043
0.379674
0.376268
0.372827
0.36935
0.365839
0.362293
0.358713
0.3551
0.351452
0.347772
0.344059
0.340313
0.336536
0.332727
0.328887
0.325016
0.321114
0.317182
0.313221
0.30923
0.305211
0.301163
0.297087
0.292983
0.288851
0.284693
0.280508
0.276298
0.272061
0.2678
0.263513
0.259202
0.254867
0.250508
0.246127
0.241722
0.237295
0.232847
0.228377
0.223886
0.219374
0.214842
0.210291
0.20572
0.20113
0.196523
0.191897
0.187254
0.182593
0.177917
0.173224
0.168515
0.163791
0.159053
0.1543
0.149534
0.144754
0.139961
0.135156
0.130339
0.12551
0.120671
0.11582
0.11096
0.10609
0.101211
0.0963234
0.0914275
0.0865238
0.0816129
0.0766952
0.0717712
0.0668413
0.0619061
0.056966
0.0520216
0.0470732
0.0421214
0.0371666
0.0322093
0.02725
0.0222892
0.0173273
0.0123649
0.00740238
0.00244026
-0.00252098
-0.00748088
-0.0124389
-0.0173947
-0.0223476
-0.0272973
-0.0322432
-0.0371849
-0.0421219
-0.0470537
-0.0519798
-0.0568998
-0.0618131
-0.0667194
-0.071618
-0.0765086
-0.0813907
-0.0862638
-0.0911274
-0.0959811
-0.100824
-0.105657
-0.110478
-0.115287
-0.120084
-0.124868
-0.129638
-0.134396
-0.139139
-0.143867
-0.14858
-0.153278
-0.157959
-0.162625
-0.167273
-0.171904
-0.176517
-0.181112
-0.185688
-0.190244
-0.194782
-0.199299
-0.203795
-0.208271
-0.212725
-0.217157
-0.221567
-0.225955
-0.230319
-0.23466
-0.238976
-0.243268
-0.247536
-0.251777
-0.255994
-0.260184
-0.264348
-0.268484
-0.272593
-0.276675
-0.280728
-0.284753
-0.288749
-0.292715
-0.296652
-0.300558
-0.304434
-0.308279
-0.312093
-0.315875
-0.319624
-0.323342
-0.327026
-0.330678
-0.334295
-0.337879
-0.341429
-0.344943
-0.348423
-0.351868
-0.355277
-0.358649
-0.361986
-0.365285
-0.368548
-0.371773
-0.37496
-0.37811
-0.381221
-0.384293
-0.387326
-0.39032
-0.393275
-0.396189
-0.399064
-0.401898
-0.404691
-0.407443
-0.410153
-0.412822
-0.415449
-0.418034
-0.420577
-0.423077
-0.425533
-0.427947
-0.430317
-0.432644
-0.434926
-0.437165
-0.439359
-0.441508
-0.443612
-0.445672
-0.447686
-0.449654
-0.451577
-0.453454
-0.455285
-0.457069
-0.458807
-0.460498
-0.462143
-0.46374
-0.465291
-0.466793
-0.468249
-0.469657
-0.471016
-0.472328
-0.473592
-0.474808
-0.475975
-0.477094
-0.478164
-0.479185
-0.480158
-0.481081
-0.481956
-0.482781
-0.483557
-0.484284
-0.484962
-0.48559
-0.486168
-0.486697
-0.487176
-0.487605
-0.487985
-0.488315
-0.488595
-0.488825
-0.489005
-0.489135
-0.489215
-0.489245
-0.489225
-0.489156
-0.489036
-0.488866
-0.488646
-0.488377
-0.488057
-0.487687
-0.487268
-0.486799
-0.48628
-0.485711
-0.485092
-0.484424
-0.483706
-0.482939
-0.482123
-0.481257
-0.480341
-0.479377
-0.478364
-0.477301
-0.47619
-0.47503
-0.473821
-0.472564
-0.471258
-0.469904
-0.468503
-0.467053
-0.465555
-0.464009
-0.462416
-0.460776
-0.459089
-0.457354
-0.455573
-0.453745
-0.45187
-0.44995
-0.447983
-0.44597
-0.443912
-0.441808
-0.439659
-0.437465
-0.435226
-0.432943
-0.430615
-0.428243
-0.425827
-0.423368
-0.420865
-0.41832
-0.415731
-0.4131
-0.410427
-0.407712
-0.404955
-0.402156
-0.399316
-0.396436
-0.393515
-0.390554
-0.387552
-0.384511
-0.381431
-0.378312
-0.375154
-0.371958
-0.368724
-0.365452
-0.362142
-0.358796
-0.355413
-0.351993
-0.348538
-0.345047
-0.341521
-0.337959
-0.334364
-0.330734
-0.32707
-0.323373
-0.319643
-0.31588
-0.312085
-0.308258
-0.304399
-0.300509
-0.296589
-0.292638
-0.288657
-0.284647
-0.280608
-0.27654
-0.272443
-0.268319
-0.264167
-0.259989
-0.255783
-0.251551
-0.247294
-0.243011
-0.238703
-0.234371
-0.230014
-0.225634
-0.221231
-0.216805
-0.212357
-0.207886
-0.203394
-0.198882
-0.194348
-0.189795
-0.185222
-0.180629
-0.176018
-0.171388
-0.166741
-0.162076
-0.157394
-0.152696
-0.147982
-0.143252
-0.138506
-0.133747
-0.128973
-0.124185
-0.119384
-0.11457
-0.109744
-0.104905
-0.100056
-0.0951952
-0.0903242
-0.0854431
-0.0805524
-0.0756526
-0.0707442
-0.0658276
-0.0609034
-0.0559719
-0.0510336
-0.0460891
-0.0411388
-0.0361832
-0.0312227
-0.0262578
-0.0212889
-0.0163167
-0.0113414
-0.00636369
-0.00138393
0.00359739
0.00857979
0.0135628
0.0185459
0.0235287
0.0285107
0.0334914
0.0384703
0.043447
0.048421
0.0533918
0.0583589
0.0633219
0.0682804
0.0732337
0.0781815
0.0831233
0.0880585
0.0929868
0.0979077
0.102821
0.107725
0.112621
0.117507
0.122384
0.12725
0.132106
0.136951
0.141783
0.146604
0.151412
0.156207
0.160988
0.165756
0.170509
0.175247
0.17997
0.184677
0.189367
0.194041
0.198697
0.203336
0.207957
0.212559
0.217142
0.221706
0.226249
0.230772
0.235275
0.239756
0.244215
0.248652
0.253066
0.257457
0.261825
0.266169
0.270488
0.274782
0.279052
0.283295
0.287512
0.291703
0.295866
0.300003
0.304111
0.308191
0.312242
0.316264
0.320257
0.32422
0.328152
0.332053
0.335924
0.339762
0.343569
0.347343
0.351085
0.354793
0.358468
0.362109
0.365716
0.369287
0.372824
0.376325
0.379791
0.38322
0.386612
0.389968
0.393286
0.396567
0.39981
0.403014
0.40618
0.409306
0.412394
0.415441
0.418449
0.421416
0.424342
0.427228
0.430072
0.432875
0.435635
0.438354
0.44103
0.443663
0.446253
0.4488
0.451303
0.453762
0.456177
0.458547
0.460873
0.463153
0.465389
0.467579
0.469723
0.471822
0.473874
0.47588
0.477839
0.479751
0.481616
0.483434
0.485205
0.486928
0.488603
0.49023
0.491809
0.493339
0.494821
0.496254
0.497638
0.498973
0.500259
0.501496
0.502683
0.503821
0.504909
0.505947
0.506935
0.507873
0.508761
0.509598
0.510385
0.511122
0.511808
0.512443
0.513028
0.513562
0.514045
0.514477
0.514859
0.515189
0.515468
0.515697
0.515874
0.516
0.516074
0.516098
0.516071
0.515992
0.515862
0.515682
0.51545
0.515166
0.514832
0.514447
0.514011
0.513524
0.512985
0.512396
0.511757
0.511066
0.510325
0.509533
0.50869
0.507798
0.506855
0.505861
0.504818
0.503724
0.502581
0.501387
0.500144
0.498852
0.49751
0.496118
0.494678
0.493189
0.49165
0.490063
0.488428
0.486744
0.486638
0.486638
0.485017
0.483232
0.481399
0.47952
0.477594
0.475622
0.473604
0.471539
0.469427
0.46727
0.465067
0.462818
0.460524
0.458184
0.455799
0.45337
0.450895
0.448377
0.445814
0.443207
0.440557
0.437863
0.435126
0.432346
0.429524
0.426659
0.423753
0.420805
0.417815
0.414784
0.411713
0.408601
0.405449
0.402258
0.399026
0.395756
0.392447
0.389099
0.385714
0.38229
0.378829
0.375331
0.371797
0.368226
0.364619
0.360977
0.357299
0.353587
0.34984
0.346059
0.342244
0.338396
0.334515
0.330602
0.326657
0.32268
0.318671
0.314632
0.310563
0.306463
0.302334
0.298176
0.293989
0.289773
0.28553
0.281259
0.276962
0.272637
0.268287
0.263911
0.259509
0.255083
0.250633
0.246159
0.241661
0.23714
0.232597
0.228032
0.223445
0.218837
0.214209
0.20956
0.204892
0.200204
0.195498
0.190773
0.186031
0.181271
0.176495
0.171702
0.166894
0.16207
0.157232
0.152378
0.147512
0.142631
0.137738
0.132833
0.127915
0.122987
0.118047
0.113097
0.108137
0.103168
0.0981894
0.0932028
0.0882084
0.0832066
0.078198
0.0731829
0.0681621
0.0631359
0.0581048
0.0530694
0.0480302
0.0429877
0.0379423
0.0328947
0.0278453
0.0227945
0.017743
0.0126913
0.00763972
0.00258892
-0.00246064
-0.00750845
-0.012554
-0.0175968
-0.0226363
-0.027672
-0.0327035
-0.0377302
-0.0427516
-0.0477673
-0.0527766
-0.0577792
-0.0627745
-0.067762
-0.0727412
-0.0777117
-0.0826729
-0.0876243
-0.0925655
-0.097496
-0.102415
-0.107323
-0.112218
-0.117101
-0.12197
-0.126826
-0.131667
-0.136494
-0.141306
-0.146103
-0.150883
-0.155647
-0.160394
-0.165123
-0.169834
-0.174527
-0.179201
-0.183856
-0.188491
-0.193106
-0.1977
-0.202273
-0.206825
-0.211354
-0.215861
-0.220345
-0.224806
-0.229243
-0.233656
-0.238044
-0.242406
-0.246744
-0.251055
-0.25534
-0.259599
-0.26383
-0.268033
-0.272209
-0.276356
-0.280474
-0.284563
-0.288623
-0.292652
-0.296651
-0.300619
-0.304556
-0.308461
-0.312335
-0.316176
-0.319984
-0.32376
-0.327502
-0.33121
-0.334884
-0.338523
-0.342128
-0.345697
-0.349231
-0.352729
-0.35619
-0.359616
-0.363004
-0.366355
-0.369668
-0.372944
-0.376181
-0.37938
-0.38254
-0.385661
-0.388743
-0.391785
-0.394787
-0.397749
-0.40067
-0.40355
-0.406389
-0.409187
-0.411943
-0.414658
-0.41733
-0.41996
-0.422547
-0.425091
-0.427592
-0.430049
-0.432463
-0.434833
-0.437159
-0.439441
-0.441678
-0.44387
-0.446018
-0.44812
-0.450177
-0.452188
-0.454154
-0.456074
-0.457948
-0.459775
-0.461556
-0.463291
-0.464978
-0.466619
-0.468213
-0.469759
-0.471258
-0.47271
-0.474114
-0.47547
-0.476778
-0.478039
-0.479251
-0.480415
-0.48153
-0.482598
-0.483616
-0.484586
-0.485507
-0.48638
-0.487203
-0.487978
-0.488703
-0.48938
-0.490007
-0.490585
-0.491114
-0.491593
-0.492024
-0.492404
-0.492736
-0.493018
-0.49325
-0.493433
-0.493567
-0.493651
-0.493685
-0.49367
-0.493606
-0.493492
-0.493328
-0.493115
-0.492853
-0.492541
-0.49218
-0.49177
-0.49131
-0.490802
-0.490244
-0.489636
-0.48898
-0.488275
-0.487521
-0.486718
-0.485867
-0.484967
-0.484018
-0.48302
-0.481975
-0.480881
-0.479739
-0.478549
-0.477311
-0.476025
-0.474691
-0.47331
-0.471882
-0.470406
-0.468883
-0.467314
-0.465697
-0.464034
-0.462324
-0.460568
-0.458765
-0.456917
-0.455023
-0.453084
-0.451098
-0.449068
-0.446993
-0.444873
-0.442708
-0.440499
-0.438245
-0.435948
-0.433607
-0.431222
-0.428794
-0.426323
-0.423809
-0.421252
-0.418654
-0.416013
-0.41333
-0.410606
-0.40784
-0.405034
-0.402186
-0.399298
-0.39637
-0.393402
-0.390394
-0.387347
-0.384261
-0.381136
-0.377973
-0.374772
-0.371532
-0.368256
-0.364941
-0.36159
-0.358203
-0.354779
-0.351319
-0.347824
-0.344294
-0.340728
-0.337128
-0.333494
-0.329826
-0.326124
-0.32239
-0.318622
-0.314822
-0.31099
-0.307127
-0.303232
-0.299306
-0.295349
-0.291362
-0.287346
-0.2833
-0.279225
-0.275122
-0.27099
-0.266831
-0.262644
-0.25843
-0.254189
-0.249922
-0.24563
-0.241312
-0.236969
-0.232602
-0.228211
-0.223796
-0.219357
-0.214896
-0.210413
-0.205907
-0.20138
-0.196832
-0.192264
-0.187675
-0.183067
-0.178439
-0.173792
-0.169127
-0.164445
-0.159744
-0.155027
-0.150293
-0.145544
-0.140778
-0.135998
-0.131202
-0.126393
-0.12157
-0.116734
-0.111884
-0.107023
-0.10215
-0.0972653
-0.0923699
-0.0874641
-0.0825484
-0.0776233
-0.0726894
-0.0677469
-0.0627966
-0.0578388
-0.052874
-0.0479027
-0.0429255
-0.0379428
-0.0329551
-0.0279629
-0.0229667
-0.017967
-0.0129643
-0.00795911
-0.00295188
0.00205686
0.00706663
0.0120769
0.0170872
0.022097
0.0271059
0.0321132
0.0371186
0.0421215
0.0471214
0.0521178
0.0571103
0.0620982
0.0670812
0.0720587
0.0770302
0.0819953
0.0869533
0.0919039
0.0968465
0.101781
0.106706
0.111621
0.116527
0.121422
0.126307
0.13118
0.136041
0.140889
0.145725
0.150547
0.155355
0.160149
0.164928
0.169692
0.17444
0.179171
0.183886
0.188583
0.193263
0.197924
0.202567
0.207191
0.211794
0.216378
0.220941
0.225483
0.230004
0.234502
0.238978
0.243431
0.247861
0.252267
0.256649
0.261006
0.265338
0.269644
0.273924
0.278177
0.282404
0.286603
0.290774
0.294917
0.299032
0.303117
0.307172
0.311198
0.315193
0.319158
0.323091
0.326993
0.330862
0.3347
0.338504
0.342275
0.346012
0.349716
0.353385
0.357019
0.360618
0.364181
0.367708
0.371199
0.374653
0.37807
0.38145
0.384792
0.388096
0.391361
0.394587
0.397774
0.400922
0.404029
0.407097
0.410123
0.413109
0.416054
0.418957
0.421818
0.424637
0.427413
0.430147
0.432837
0.435484
0.438087
0.440647
0.443162
0.445632
0.448057
0.450438
0.452773
0.455062
0.457305
0.459502
0.461653
0.463757
0.465814
0.467823
0.469785
0.4717
0.473567
0.475385
0.477155
0.478877
0.48055
0.482173
0.483748
0.485273
0.486749
0.488174
0.48955
0.490876
0.492151
0.493376
0.49455
0.495674
0.496746
0.497767
0.498737
0.499656
0.500522
0.501338
0.502101
0.502813
0.503472
0.504079
0.504634
0.505137
0.505587
0.505984
0.506329
0.506621
0.50686
0.507046
0.50718
0.50726
0.507287
0.507261
0.507182
0.50705
0.506864
0.506625
0.506333
0.505988
0.505589
0.505137
0.504631
0.504072
0.50346
0.502794
0.502076
0.501303
0.500478
0.4996
0.498668
0.497683
0.496645
0.495555
0.494411
0.494411
0.493214
0.491965
0.490663
0.489309
0.487902
0.486443
0.484931
0.483368
0.481752
0.480084
0.478365
0.476594
0.474772
0.472899
0.470974
0.468999
0.466973
0.464896
0.462769
0.460592
0.458365
0.456088
0.453761
0.451386
0.448961
0.446487
0.443965
0.441395
0.438776
0.43611
0.433396
0.430636
0.427828
0.424973
0.422073
0.419126
0.416134
0.413096
0.410013
0.406886
0.403714
0.400498
0.397239
0.393937
0.390591
0.387203
0.383773
0.380302
0.376789
0.373235
0.369641
0.366007
0.362333
0.35862
0.354869
0.351079
0.347251
0.343386
0.339484
0.335546
0.331572
0.327562
0.323517
0.319438
0.315325
0.311179
0.307
0.302788
0.298545
0.29427
0.289964
0.285628
0.281262
0.276867
0.272444
0.267992
0.263513
0.259007
0.254474
0.249916
0.245332
0.240724
0.236092
0.231436
0.226757
0.222056
0.217332
0.212588
0.207823
0.203038
0.198234
0.193411
0.188569
0.18371
0.178834
0.173941
0.169032
0.164108
0.15917
0.154217
0.149251
0.144271
0.13928
0.134276
0.129261
0.124236
0.119201
0.114156
0.109102
0.104041
0.0989708
0.093894
0.0888105
0.083721
0.078626
0.073526
0.0684217
0.0633136
0.0582022
0.0530881
0.0479718
0.0428538
0.0377347
0.032615
0.0274953
0.022376
0.0172577
0.0121409
0.00702605
0.00191374
-0.00319557
-0.00830138
-0.0134032
-0.0185005
-0.0235928
-0.0286797
-0.0337606
-0.0388351
-0.0439028
-0.048963
-0.0540155
-0.0590597
-0.0640951
-0.0691214
-0.074138
-0.0791446
-0.0841406
-0.0891257
-0.0940994
-0.0990613
-0.104011
-0.108948
-0.113872
-0.118782
-0.123679
-0.128561
-0.133428
-0.13828
-0.143117
-0.147938
-0.152742
-0.157529
-0.1623
-0.167053
-0.171788
-0.176504
-0.181202
-0.185881
-0.19054
-0.195179
-0.199799
-0.204397
-0.208975
-0.213531
-0.218066
-0.222579
-0.227069
-0.231536
-0.23598
-0.2404
-0.244797
-0.249169
-0.253517
-0.257839
-0.262136
-0.266408
-0.270653
-0.274872
-0.279064
-0.283229
-0.287367
-0.291477
-0.295558
-0.299611
-0.303635
-0.30763
-0.311595
-0.31553
-0.319436
-0.32331
-0.327154
-0.330966
-0.334747
-0.338495
-0.342212
-0.345896
-0.349546
-0.353164
-0.356748
-0.360298
-0.363814
-0.367295
-0.370742
-0.374153
-0.377529
-0.380869
-0.384172
-0.38744
-0.39067
-0.393864
-0.39702
-0.400138
-0.403218
-0.40626
-0.409264
-0.412229
-0.415154
-0.41804
-0.420887
-0.423693
-0.426459
-0.429185
-0.431869
-0.434513
-0.437115
-0.439676
-0.442194
-0.444671
-0.447105
-0.449496
-0.451845
-0.45415
-0.456413
-0.458631
-0.460806
-0.462936
-0.465022
-0.467064
-0.469061
-0.471013
-0.47292
-0.474781
-0.476597
-0.478367
-0.480091
-0.481769
-0.483401
-0.484986
-0.486525
-0.488016
-0.489461
-0.490858
-0.492208
-0.493511
-0.494766
-0.495973
-0.497132
-0.498243
-0.499306
-0.500321
-0.501287
-0.502204
-0.503073
-0.503893
-0.504665
-0.505387
-0.50606
-0.506684
-0.507259
-0.507785
-0.508261
-0.508687
-0.509065
-0.509392
-0.50967
-0.509899
-0.510077
-0.510206
-0.510286
-0.510315
-0.510295
-0.510224
-0.510104
-0.509934
-0.509715
-0.509445
-0.509126
-0.508756
-0.508337
-0.507869
-0.50735
-0.506782
-0.506164
-0.505497
-0.50478
-0.504013
-0.503198
-0.502332
-0.501418
-0.500454
-0.499441
-0.498379
-0.497269
-0.496109
-0.494901
-0.493644
-0.492338
-0.490984
-0.489582
-0.488132
-0.486633
-0.485087
-0.483493
-0.481852
-0.480163
-0.478427
-0.476643
-0.474813
-0.472936
-0.471013
-0.469043
-0.467027
-0.464965
-0.462857
-0.460703
-0.458504
-0.45626
-0.453971
-0.451638
-0.449259
-0.446837
-0.44437
-0.441859
-0.439305
-0.436708
-0.434068
-0.431385
-0.428659
-0.425891
-0.423081
-0.420229
-0.417336
-0.414401
-0.411426
-0.40841
-0.405354
-0.402258
-0.399123
-0.395948
-0.392733
-0.38948
-0.386189
-0.38286
-0.379493
-0.376088
-0.372647
-0.369168
-0.365653
-0.362103
-0.358516
-0.354894
-0.351237
-0.347546
-0.34382
-0.34006
-0.336267
-0.332441
-0.328582
-0.324691
-0.320767
-0.316813
-0.312826
-0.308809
-0.304762
-0.300685
-0.296578
-0.292442
-0.288277
-0.284084
-0.279863
-0.275614
-0.271338
-0.267036
-0.262707
-0.258353
-0.253973
-0.249568
-0.245139
-0.240686
-0.236209
-0.231709
-0.227186
-0.222641
-0.218074
-0.213486
-0.208877
-0.204247
-0.199598
-0.194929
-0.190241
-0.185534
-0.18081
-0.176067
-0.171308
-0.166532
-0.16174
-0.156931
-0.152108
-0.14727
-0.142418
-0.137552
-0.132672
-0.12778
-0.122876
-0.117959
-0.113031
-0.108093
-0.103144
-0.0981851
-0.0932169
-0.0882399
-0.0832544
-0.0782611
-0.0732604
-0.0682529
-0.0632389
-0.0582191
-0.053194
-0.0481639
-0.0431295
-0.0380912
-0.0330495
-0.028005
-0.0229582
-0.0179095
-0.0128594
-0.0078085
-0.00275728
0.00229378
0.00734416
0.0123934
0.0174409
0.0224862
0.0275288
0.0325683
0.037604
0.0426355
0.0476623
0.0526839
0.0576998
0.0627095
0.0677125
0.0727082
0.0776963
0.0826761
0.0876472
0.0926091
0.0975613
0.102503
0.107435
0.112355
0.117263
0.12216
0.127043
0.131914
0.13677
0.141613
0.146441
0.151254
0.156052
0.160833
0.165598
0.170346
0.175077
0.179789
0.184483
0.189159
0.193815
0.198451
0.203067
0.207662
0.212236
0.216788
0.221318
0.225826
0.23031
0.234771
0.239209
0.243621
0.24801
0.252373
0.25671
0.261021
0.265306
0.269563
0.273794
0.277996
0.282171
0.286316
0.290433
0.294521
0.298578
0.302605
0.306602
0.310567
0.314501
0.318403
0.322273
0.326111
0.329915
0.333686
0.337424
0.341127
0.344795
0.348429
0.352028
0.355591
0.359118
0.362609
0.366063
0.369481
0.372861
0.376203
0.379508
0.382774
0.386002
0.38919
0.39234
0.39545
0.39852
0.40155
0.404539
0.407488
0.410395
0.413262
0.416086
0.418869
0.42161
0.424308
0.426964
0.429576
0.432145
0.434671
0.437154
0.439592
0.441986
0.444335
0.44664
0.4489
0.451115
0.453285
0.455409
0.457488
0.45952
0.461506
0.463446
0.46534
0.467187
0.468987
0.47074
0.472445
0.474104
0.475715
0.477278
0.478793
0.48026
0.48168
0.483051
0.484373
0.485647
0.486873
0.488049
0.489177
0.490256
0.491286
0.492267
0.493199
0.494081
0.494914
0.495697
0.496431
0.497115
0.49775
0.498335
0.49887
0.499355
0.49979
0.500176
0.500512
0.500798
0.501033
0.501219
0.501355
0.501441
0.501477
0.501463
0.501399
0.501285
0.501122
0.500908
0.500645
0.500331
0.499968
0.499556
0.499093
0.498581
0.49802
0.497409
0.496748
0.496038
0.495279
0.494471
0.493614
0.492708
0.491753
0.490749
0.489697
0.488596
0.487446
0.486249
0.485003
0.483709
0.482368
0.480978
0.479541
0.478057
0.476525
0.474947
0.473327
0.471659
0.469943
0.468181
0.466371
0.464515
0.462612
0.460664
0.45867
0.45663
0.454545
0.452415
0.450241
0.448022
0.445759
0.443452
0.441101
0.438707
0.43627
0.43379
0.431267
0.428703
0.426096
0.423447
0.420757
0.418025
0.415253
0.41244
0.409587
0.406693
0.40376
0.400787
0.397775
0.394725
0.391636
0.388508
0.385343
0.38214
0.3789
0.375623
0.372309
0.368959
0.365573
0.362151
0.358695
0.355203
0.351677
0.348116
0.344522
0.340894
0.337233
0.33354
0.329814
0.326056
0.322266
0.318445
0.314594
0.310711
0.306799
0.302857
0.298886
0.294885
0.290856
0.2868
0.282715
0.278603
0.274464
0.270298
0.266107
0.26189
0.257647
0.25338
0.249088
0.244772
0.240433
0.23607
0.231685
0.227277
0.222848
0.218397
0.213925
0.209432
0.20492
0.200388
0.195836
0.191266
0.186677
0.182071
0.177447
0.172806
0.168149
0.163475
0.158786
0.154082
0.149363
0.14463
0.139883
0.135122
0.130349
0.125564
0.120766
0.115957
0.111137
0.106307
0.101466
0.0966163
0.0917571
0.0868892
0.0820133
0.0771296
0.0722387
0.0673411
0.0624372
0.0575275
0.0526126
0.0476928
0.0427686
0.0378406
0.0329092
0.0279748
0.0230381
0.0180994
0.0131592
0.00821799
0.00327629
-0.00166544
-0.00660672
-0.0115471
-0.016486
-0.0214231
-0.0263578
-0.0312896
-0.0362181
-0.0411429
-0.0460633
-0.0509789
-0.0558893
-0.060794
-0.0656925
-0.0705843
-0.075469
-0.080346
-0.085215
-0.0900753
-0.0949266
-0.0997684
-0.1046
-0.109421
-0.114232
-0.119031
-0.123818
-0.128592
-0.133354
-0.138103
-0.142838
-0.147559
-0.152265
-0.156955
-0.161631
-0.16629
-0.170933
-0.175558
-0.180167
-0.184757
-0.189329
-0.193883
-0.198417
-0.202931
-0.207426
-0.2119
-0.216353
-0.220784
-0.225194
-0.229581
-0.233946
-0.238287
-0.242605
-0.246899
-0.251168
-0.255412
-0.259632
-0.263825
-0.267992
-0.272133
-0.276247
-0.280334
-0.284393
-0.288423
-0.292425
-0.296399
-0.300342
-0.304256
-0.30814
-0.311994
-0.315816
-0.319608
-0.323367
-0.327095
-0.33079
-0.334452
-0.338081
-0.341677
-0.345239
-0.348766
-0.352259
-0.355717
-0.35914
-0.362527
-0.365878
-0.369193
-0.372471
-0.375713
-0.378917
-0.382083
-0.385211
-0.388301
-0.391353
-0.394366
-0.397339
-0.400273
-0.403167
-0.406022
-0.408835
-0.411608
-0.414341
-0.417032
-0.419681
-0.422289
-0.424854
-0.427378
-0.429859
-0.432297
-0.434692
-0.437043
-0.439352
-0.441616
-0.443836
-0.446012
-0.448144
-0.450231
-0.452273
-0.45427
-0.456221
-0.458127
-0.459988
-0.461802
-0.463571
-0.465293
-0.466968
-0.468597
-0.470179
-0.471714
-0.473202
-0.474643
-0.476036
-0.477381
-0.478679
-0.479929
-0.481131
-0.482284
-0.48339
-0.484447
-0.485455
-0.486415
-0.487326
-0.488189
-0.489002
-0.489767
-0.490482
-0.491148
-0.491765
-0.492332
-0.492851
-0.493319
-0.493739
-0.494108
-0.494428
-0.494699
-0.49492
-0.495091
-0.495212
-0.495283
-0.495305
-0.495277
-0.4952
-0.495072
-0.494895
-0.494668
-0.494391
-0.494065
-0.493688
-0.493263
-0.492787
-0.492262
-0.491687
-0.491063
-0.49039
-0.489667
-0.488895
-0.488073
-0.487203
-0.486283
-0.485314
-0.484297
-0.48323
-0.482115
-0.480952
-0.47974
-0.478479
-0.47717
-0.475814
-0.474409
-0.472956
-0.471456
-0.469908
-0.468313
-0.46667
-0.464981
-0.463244
-0.461461
-0.459631
-0.457755
-0.455833
-0.453865
-0.451851
-0.449791
-0.447686
-0.445535
-0.44334
-0.4411
-0.438816
-0.436487
-0.434114
-0.431697
-0.429237
-0.426734
-0.424187
-0.421597
-0.418965
-0.416291
-0.413575
-0.410817
-0.408017
-0.405176
-0.402294
-0.399372
-0.396409
-0.393407
-0.390364
-0.387283
-0.384162
-0.381002
-0.377804
-0.374568
-0.371294
-0.367982
-0.364633
-0.361248
-0.357826
-0.354368
-0.350874
-0.347344
-0.34378
-0.340181
-0.336547
-0.33288
-0.329179
-0.325444
-0.321677
-0.317877
-0.314045
-0.310182
-0.306287
-0.302361
-0.298405
-0.294418
-0.290402
-0.286357
-0.282282
-0.278179
-0.274048
-0.269889
-0.265702
-0.261489
-0.25725
-0.252984
-0.248693
-0.244376
-0.240035
-0.235669
-0.23128
-0.226867
-0.222431
-0.217973
-0.213492
-0.20899
-0.204466
-0.199921
-0.195357
-0.190772
-0.186168
-0.181545
-0.176903
-0.172243
-0.167566
-0.162871
-0.15816
-0.153432
-0.148688
-0.14393
-0.139156
-0.134368
-0.129566
-0.124751
-0.119922
-0.115081
-0.110228
-0.105364
-0.100488
-0.0956018
-0.0907053
-0.0857992
-0.0808838
-0.0759597
-0.0710274
-0.0660873
-0.0611399
-0.0561857
-0.0512251
-0.0462587
-0.0412869
-0.0363102
-0.0313291
-0.026344
-0.0213555
-0.016364
-0.01137
-0.00637407
-0.00137656
0.00362199
0.00862111
0.0136203
0.0186191
0.023617
0.0286135
0.0336082
0.0386006
0.0435901
0.0485764
