-5.0425
2246.93
1912.59
1622.36
1373.28
1370.35
1151.53
961.461
796.341
652.854
528.126
419.665
325.312
243.191
171.678
109.364
55.0268
7.60695
-33.8142
-70.0331
-101.74
-129.535
-153.936
-175.393
-194.296
-210.984
-225.75
-238.848
-250.498
-260.891
-270.192
-278.544
-286.072
-292.884
-299.071
-304.716
-309.888
-314.646
-319.044
-323.127
-326.934
-330.499
-333.851
-337.014
-340.012
-342.863
-345.583
-348.186
-350.685
-353.354
-355.909
-358.362
-360.722
-362.998
-365.197
-367.325
-369.388
-371.39
-373.334
-375.225
-377.065
-378.855
-380.599
-382.298
-383.953
-385.565
-387.135
-388.664
-390.153
-391.602
-393.011
-394.381
-395.711
-397.002
-398.255
-399.468
-400.643
-401.778
-402.874
-403.931
-404.948
-405.927
-406.865
-407.764
-408.623
-409.442
-410.221
-410.959
-411.658
-412.316
-412.933
-413.51
-414.046
-414.542
-414.997
-415.411
-415.785
-416.117
-416.409
-416.661
-416.872
-417.042
-417.173
-417.262
-417.312
-417.322
-417.292
-417.223
-417.115
-416.967
-416.781
-416.556
-416.292
-415.992
-415.653
-415.277
-414.865
-414.416
-413.931
-413.411
-412.856
-412.266
-411.642
-410.984
-410.294
-409.571
-408.816
-408.03
-407.213
-406.365
-405.489
-404.583
-403.65
-402.688
-401.7
-400.686
-399.646
-398.581
-397.492
-396.38
-395.246
-394.089
-392.912
-391.714
-390.496
-389.26
-388.005
-386.733
-385.445
-384.141
-382.822
-381.489
-380.142
-378.782
-377.411
-376.029
-374.636
-373.233
-371.822
-370.402
-368.975
-367.542
-366.102
-364.657
-363.207
-361.753
-360.296
-358.836
-357.375
-355.912
-354.448
-352.984
-351.52
-350.057
-348.596
-347.137
-345.68
-344.226
-342.776
-341.329
-339.887
-338.45
-337.018
-335.591
-334.17
-332.755
-331.347
-329.945
-328.551
-327.164
-325.784
-324.412
-323.048
-321.692
-320.344
-319.004
-317.673
-316.351
-315.037
-313.731
-312.434
-311.146
-309.867
-308.596
-307.333
-306.079
-304.834
-303.597
-302.368
-301.147
-299.934
-298.729
-297.531
-296.341
-295.158
-293.982
-292.813
-291.651
-290.495
-289.345
-288.201
-287.063
-285.93
-284.802
-283.679
-282.56
-281.446
-280.336
-279.229
-278.125
-277.025
-275.927
-274.832
-273.739
-272.647
-271.557
-270.469
-269.381
-268.293
-267.206
-266.119
-265.032
-263.944
-262.854
-261.764
-260.672
-259.579
-258.483
-257.385
-256.285
-255.182
-254.075
-252.965
-251.852
-250.735
-249.614
-248.489
-247.359
-246.224
-245.085
-243.941
-242.792
-241.637
-240.476
-239.311
-238.139
-236.961
-235.778
-234.588
-233.392
-232.189
-230.98
-229.765
-228.543
-227.314
-226.079
-224.836
-223.587
-222.331
-221.069
-219.799
-218.523
-217.239
-215.949
-214.652
-213.348
-212.037
-210.72
-209.396
-208.065
-206.728
-205.384
-204.034
-202.677
-201.314
-199.945
-198.57
-197.188
-195.801
-194.408
-193.01
-191.606
-190.196
-188.782
-187.362
-185.937
-184.507
-183.073
-181.634
-180.191
-178.744
-177.292
-175.837
-174.378
-172.915
-171.45
-169.981
-168.509
-167.034
-165.556
-164.076
-162.594
-161.11
-159.624
-158.137
-156.648
-155.158
-153.666
-152.174
-150.681
-149.188
-147.695
-146.201
-144.708
-143.215
-141.723
-140.231
-138.741
-137.252
-135.764
-134.277
-132.793
-131.311
-129.831
-128.353
-126.878
-125.406
-123.937
-122.471
-121.008
-119.55
-118.095
-116.644
-115.198
-113.756
-112.318
-110.886
-109.458
-108.036
-106.62
-105.209
-103.803
-102.404
-101.011
-99.6245
-98.2444
-96.8712
-95.5049
-94.1457
-92.7938
-91.4494
-90.1127
-88.7838
-87.4629
-86.1501
-84.8458
-83.5499
-82.2628
-80.9844
-79.7151
-78.455
-77.2042
-75.9629
-74.7313
-73.5094
-72.2975
-71.0958
-69.9042
-68.7231
-67.5525
-66.3927
-65.2436
-64.1055
-62.9786
-61.8629
-60.7586
-59.6658
-58.5847
-57.5153
-56.4579
-55.4124
-54.3792
-53.3582
-52.3496
-51.3536
-50.3701
-49.3995
-48.4417
-47.4968
-46.5651
-45.6465
-44.7412
-43.8493
-42.971
-42.1062
-41.2551
-40.4178
-39.5944
-38.785
-37.9896
-37.2084
-36.4415
-35.6889
-34.9506
-34.2269
-33.5178
-32.8233
-32.1435
-31.4785
-30.8284
-30.1932
-29.5731
-28.968
-28.378
-27.8033
-27.2438
-26.6996
-26.1708
-25.6574
-25.1595
-24.6772
-24.2104
-23.7592
-23.3237
-22.904
-22.5
-22.1117
-21.7394
-21.3829
-21.0423
-20.7176
-20.4089
-20.1162
-19.8396
-19.5789
-19.3344
-19.1059
-18.8936
-18.6974
-18.5173
-18.3534
-18.2056
-18.0741
-17.9587
-17.8595
-17.7766
-17.7098
-17.6592
-17.6248
-17.6066
-17.6047
-17.6189
-17.6493
-17.6958
-17.7585
-17.8374
-17.9324
-18.0435
-18.1707
-18.3139
-18.4732
-18.6486
-18.8399
-19.0473
-19.2705
-19.5097
-19.7647
-20.0356
-20.3223
-20.6248
-20.943
-21.2769
-21.6265
-21.9917
-22.3724
-22.7686
-23.1803
-23.6074
-24.0498
-24.5076
-24.9806
-25.4688
-25.9721
-26.4905
-27.0239
-27.5723
-28.1356
-28.7136
-29.3064
-29.9139
-30.536
-31.1727
-31.8238
-32.4893
-33.1691
-33.8631
-34.5713
-35.2936
-36.0299
-36.7801
-37.5441
-38.3219
-39.1133
-39.9183
-40.7368
-41.5686
-42.4138
-43.2722
-44.1437
-45.0282
-45.9257
-46.836
-47.759
-48.6946
-49.6428
-50.6034
-51.5764
-52.5615
-53.5588
-54.5682
-55.5894
-56.6225
-57.6672
-58.7236
-59.7915
-60.8707
-61.9612
-63.0628
-64.1756
-65.2992
-66.4337
-67.5789
-68.7347
-69.9009
-71.0776
-72.2645
-73.4615
-74.6686
-75.8855
-77.1123
-78.3487
-79.5947
-80.8501
-82.1148
-83.3888
-84.6718
-85.9638
-87.2646
-88.5741
-89.8923
-91.2189
-92.5539
-93.8972
-95.2485
-96.6079
-97.9751
-99.3501
-100.733
-102.123
-103.521
-104.925
-106.337
-107.757
-109.183
-110.615
-112.055
-113.501
-114.953
-116.412
-117.877
-119.348
-120.826
-122.309
-123.797
-125.292
-126.792
-128.297
-129.808
-131.323
-132.844
-134.37
-135.901
-137.436
-138.976
-140.52
-142.069
-143.622
-145.18
-146.741
-148.306
-149.875
-151.448
-153.025
-154.605
-156.189
-157.775
-159.366
-160.959
-162.555
-164.154
-165.756
-167.361
-168.968
-170.578
-172.191
-173.806
-175.423
-177.042
-178.663
-180.286
-181.911
-183.538
-185.167
-186.797
-188.429
-190.062
-191.696
-193.332
-194.969
-196.607
-198.246
-199.886
-201.527
-203.169
-204.811
-206.454
-208.098
-209.742
-211.386
-213.03
-214.675
-216.32
-217.965
-219.61
-221.255
-222.9
-224.544
-226.189
-227.832
-229.476
-231.118
-232.76
-234.402
-236.043
-237.76
-239.461
-241.147
-242.821
-244.485
-246.139
-247.785
-249.424
-251.057
-252.685
-254.307
-255.926
-257.54
-259.151
-260.759
-262.364
-263.966
-265.565
-267.162
-268.756
-270.347
-271.936
-273.523
-275.107
-276.688
-278.268
-279.844
-281.418
-282.989
-284.558
-286.124
-287.687
-289.247
-290.804
-292.357
-293.908
-295.455
-296.999
-298.539
-300.075
-301.608
-303.137
-304.661
-306.182
-307.698
-309.21
-310.718
-312.221
-313.719
-315.212
-316.7
-318.183
-319.661
-321.133
-322.6
-324.061
-325.516
-326.965
-328.408
-329.845
-331.275
-332.699
-334.116
-335.526
-336.929
-338.324
-339.712
-341.093
-342.466
-343.831
-345.188
-346.537
-347.877
-349.209
-350.532
-351.846
-353.151
-354.447
-355.734
-357.011
-358.278
-359.535
-360.782
-362.019
-363.245
-364.46
-365.665
-366.859
-368.041
-369.212
-370.371
-371.519
-372.654
-373.778
-374.889
-375.988
-377.074
-378.147
-379.207
-380.253
-381.287
-382.306
-383.312
-384.304
-385.281
-386.244
-387.193
-388.127
-389.046
-389.95
-390.838
-391.711
-392.569
-393.411
-394.236
-395.046
-395.839
-396.615
-397.375
-398.118
-398.844
-399.553
-400.244
-400.918
-401.574
-402.213
-402.833
-403.435
-404.019
-404.584
-405.131
-405.659
-406.168
-406.658
-407.129
-407.58
-408.012
-408.425
-408.817
-409.19
-409.543
-409.875
-410.188
-410.48
-410.751
-411.002
-411.233
-411.442
-411.631
-411.798
-411.945
-412.07
-412.175
-412.257
-412.319
-412.359
-412.377
-412.374
-412.349
-412.302
-412.233
-412.143
-412.03
-411.896
-411.739
-411.561
-411.36
-411.137
-410.892
-410.625
-410.336
-410.024
-409.69
-409.334
-408.956
-408.555
-408.132
-407.687
-407.219
-406.73
-406.218
-405.684
-405.127
-404.549
-403.948
-403.326
-402.681
-402.015
-401.326
-400.616
-399.884
-399.13
-398.354
-397.557
-396.738
-395.898
-395.037
-394.154
-393.25
-392.325
-391.378
-390.411
-389.424
-388.415
-387.386
-386.336
-385.266
-384.176
-383.066
-381.936
-380.786
-379.616
-378.427
-377.218
-375.99
-374.744
-373.478
-372.193
-370.89
-369.568
-368.228
-366.87
-365.494
-364.1
-362.689
-361.26
-359.814
-358.351
-356.872
-355.375
-353.863
-352.334
-350.789
-349.228
-347.652
-346.06
-344.453
-342.831
-341.195
-339.544
-337.878
-336.199
-334.506
-332.799
-331.079
-329.345
-327.599
-325.841
-324.069
-322.286
-320.491
-318.684
-316.865
-315.036
-313.195
-311.344
-309.482
-307.61
-305.728
-303.837
-301.936
-300.026
-298.107
-296.18
-294.244
-292.299
-290.347
-288.388
-286.421
-284.447
-282.466
-280.479
-278.485
-276.485
-274.479
-272.468
-270.452
-268.431
-266.404
-264.374
-262.339
-260.3
-258.258
-256.212
-254.163
-252.111
-250.056
-247.999
-245.939
-243.878
-241.815
-239.75
-237.685
-235.618
-233.551
-231.483
-229.415
-227.347
-225.28
-223.213
-221.146
-219.081
-217.017
-214.954
-212.893
-210.834
-208.777
-206.722
-204.67
-202.62
-200.574
-198.53
-196.49
-194.454
-192.422
-190.393
-188.369
-186.349
-184.334
-182.324
-180.318
-178.318
-176.323
-174.334
-172.351
-170.373
-168.402
-166.436
-164.477
-162.525
-160.58
-158.641
-156.71
-154.786
-152.869
-150.96
-149.059
-147.165
-145.28
-143.402
-141.533
-139.673
-137.821
-135.978
-134.144
-132.318
-130.502
-128.695
-126.898
-125.11
-123.332
-121.563
-119.805
-118.056
-116.318
-114.59
-112.872
-111.165
-109.468
-107.782
-106.108
-104.444
-102.791
-101.149
-99.5188
-97.8999
-96.2926
-94.697
-93.1131
-91.5412
-89.9813
-88.4335
-86.8979
-85.3747
-83.864
-82.3659
-80.8805
-79.4079
-77.9483
-76.5018
-75.0684
-73.6484
-72.2419
-70.8489
-69.4697
-68.1042
-66.7528
-65.4154
-64.0923
-62.7836
-61.4894
-60.2098
-58.9451
-57.6953
-56.4606
-55.2411
-54.0371
-52.8486
-51.6758
-50.5189
-49.378
-48.2533
-47.145
-46.0532
-44.9782
-43.92
-42.8788
-41.8549
-40.8484
-39.8595
-38.8884
-37.9353
-37.0003
-36.0837
-35.1856
-34.3063
-33.4459
-32.6046
-31.7827
-30.9803
-30.1977
-29.4351
-28.6926
-27.9705
-27.2689
-26.5882
-25.9285
-25.29
-24.6729
-24.0775
-23.504
-22.9525
-22.4233
-21.9166
-21.4327
-20.9717
-20.5338
-20.1193
-19.7284
-19.3613
-19.0181
-18.6992
-18.4047
-18.1347
-17.8896
-17.6696
-17.4747
-17.3053
-17.1614
-17.0433
-16.9513
-16.8853
-16.8458
-16.8327
-16.8463
-16.8868
-16.9543
-17.0489
-17.1709
-17.3204
-17.4975
-17.7024
-17.9351
-18.1959
-18.4848
-18.802
-19.1475
-19.5216
-19.9242
-20.3554
-20.8154
-21.3043
-21.822
-22.3687
-22.9444
-23.5491
-24.183
-24.846
-25.5382
-26.2595
-27.0101
-27.7898
-28.5988
-29.4369
-30.3042
-31.2007
-32.1262
-33.0808
-34.0644
-35.077
-36.1184
-37.1886
-38.2875
-39.4151
-40.5711
-41.7556
-42.9684
-44.2093
-45.4783
-46.7752
-48.0998
-49.452
-50.8316
-52.2385
-53.6724
-55.1333
-56.6208
-58.1348
-59.6751
-61.2414
-62.8336
-64.4514
-66.0945
-67.7628
-69.456
-71.1738
-72.9159
-74.6821
-76.4722
-78.2858
-80.1226
-81.9824
-83.8649
-85.7697
-87.6966
-89.6452
-91.6153
-93.6064
-95.6184
-97.6508
-99.7033
-101.776
-103.867
-105.978
-108.108
-110.256
-112.422
-114.606
-116.807
-119.025
-121.259
-123.51
-125.777
-128.059
-130.357
-132.669
-134.996
-137.336
-139.691
-142.058
-144.439
-146.831
-149.237
-151.653
-154.082
-156.521
-158.971
-161.431
-163.901
-166.38
-168.869
-171.366
-173.872
-176.385
-178.907
-181.435
-183.971
-186.513
-189.061
-191.614
-194.174
-196.738
-199.307
-201.88
-204.458
-207.039
-209.623
-212.21
-214.8
-217.392
-219.986
-222.581
-225.178
-227.775
-230.373
-232.971
-235.57
-238.167
-240.764
-243.36
-245.955
-248.547
-251.138
-253.727
-256.312
-258.895
-261.475
-264.051
-266.623
-269.191
-271.755
-274.314
-276.869
-279.418
-281.961
-284.499
-287.03
-289.555
-292.074
-294.586
-297.091
-299.588
-302.078
-304.56
-307.034
-309.499
-311.956
-314.404
-316.843
-319.273
-321.693
-324.104
-326.504
-328.895
-331.275
-333.644
-336.003
-338.351
-340.687
-343.012
-345.325
-347.627
-349.916
-352.194
-354.459
-352.121
-351.982
-356.571
-358.982
-361.172
-363.356
-365.532
-367.701
-369.86
-372.008
-374.146
-376.273
-378.387
-380.488
-382.577
-384.652
-386.713
-388.76
-390.793
-392.81
-394.813
-396.8
-398.772
-400.728
-402.668
-404.593
-406.5
-408.392
-410.267
-412.125
-413.967
-415.791
-417.599
-419.389
-421.162
-422.917
-424.655
-426.375
-428.078
-429.763
-431.43
-433.079
-434.709
-436.322
-437.916
-439.492
-441.05
-442.589
-444.11
-445.612
-447.095
-448.56
-450.005
-451.432
-452.84
-454.229
-455.599
-456.95
-458.282
-459.594
-460.887
-462.161
-463.416
-464.651
-465.867
-467.064
-468.241
-469.398
-470.536
-471.654
-472.753
-473.832
-474.891
-475.931
-476.95
-477.95
-478.931
-479.891
-480.832
-481.753
-482.654
-483.535
-484.396
-485.238
-486.059
-486.861
-487.643
-488.404
-489.146
-489.868
-490.57
-491.252
-491.914
-492.556
-493.178
-493.78
-494.362
-494.925
-495.467
-495.989
-496.492
-496.974
-497.437
-497.88
-498.302
-498.705
-499.088
-499.452
-499.795
-500.119
-500.422
-500.706
-500.97
-501.215
-501.439
-501.644
-501.829
-501.995
-502.14
-502.266
-502.373
-502.46
-502.527
-502.575
-502.603
-502.611
-502.6
-502.57
-502.52
-502.451
-502.362
-502.254
-502.126
-501.98
-501.814
-501.628
-501.424
-501.2
-500.957
-500.695
-500.414
-500.113
-499.794
-499.456
-499.098
-498.722
-498.327
-497.912
-497.479
-497.028
-496.557
-496.067
-495.559
-495.032
-494.487
-493.923
-493.34
-492.739
-492.119
-491.481
-490.824
-490.149
-489.456
-488.744
-488.014
-487.265
-486.499
-485.714
-484.912
-484.091
-483.252
-482.395
-481.52
-480.628
-479.717
-478.789
-477.843
-476.879
-475.897
-474.898
-473.882
-472.848
-471.796
-470.727
-469.64
-468.537
-467.416
-466.278
-465.122
-463.95
-462.76
-461.554
-460.33
-459.09
-457.833
-456.559
-455.269
-453.962
-452.638
-451.298
-449.942
-448.569
-447.179
-445.774
-444.352
-442.915
-441.461
-439.991
-438.506
-437.005
-435.488
-433.955
-432.407
-430.843
-429.264
-427.67
-426.061
-424.436
-422.796
-421.142
-419.472
-417.788
-416.089
-414.375
-412.647
-410.904
-409.147
-407.376
-405.591
-403.792
-401.979
-400.152
-398.311
-396.457
-394.59
-392.708
-390.814
-388.907
-386.986
-385.053
-383.107
-381.148
-379.177
-377.193
-375.197
-373.189
-371.169
-369.137
-367.093
-365.038
-362.971
-360.893
-358.803
-356.702
-354.591
-352.469
-350.336
-348.193
-346.039
-343.875
-341.701
-339.517
-337.324
-335.121
-332.909
-330.687
-328.456
-326.217
-323.969
-321.712
-319.447
-317.174
-314.892
-312.603
-310.307
-308.002
-305.691
-303.372
-301.047
-298.715
-296.376
-294.031
-291.68
-289.324
-286.961
-284.593
-282.22
-279.841
-277.458
-275.07
-272.677
-270.281
-267.88
-265.476
-263.068
-260.656
-258.242
-255.824
-253.404
-250.982
-248.557
-246.131
-243.702
-241.273
-238.842
-236.41
-233.977
-231.544
-229.11
-226.677
-224.244
-221.811
-219.379
-216.948
-214.518
-212.09
-209.664
-207.24
-204.818
-202.398
-199.982
-197.568
-195.158
-192.752
-190.35
-187.952
-185.558
-183.169
-180.785
-178.407
-176.034
-173.667
-171.306
-168.952
-166.605
-164.264
-161.931
-159.605
-157.288
-154.978
-152.677
-150.385
-148.101
-145.828
-143.563
-141.309
-139.065
-136.831
-134.609
-132.397
-130.197
-128.008
-125.831
-123.667
-121.515
-119.376
-117.25
-115.138
-113.04
-110.955
-108.885
-106.829
-104.788
-102.763
-100.753
-98.7581
-96.7798
-94.8178
-92.8725
-90.944
-89.0327
-87.1388
-85.2627
-83.4046
-81.5648
-79.7435
-77.9411
-76.1578
-74.3939
-72.6496
-70.9253
-69.2211
-67.5373
-65.8742
-64.2321
-62.6112
-61.0118
-59.434
-57.8782
-56.3447
-54.8335
-53.3451
-51.8796
-50.4372
-49.0182
-47.6228
-46.2513
-44.9038
-43.5807
-42.282
-41.008
-39.759
-38.535
-37.3364
-36.1634
-35.016
-33.8946
-32.7993
-31.7303
-30.6877
-29.6718
-28.6827
-27.7206
-26.7857
-25.8781
-24.9979
-24.1454
-23.3207
-22.5239
-21.7551
-21.0146
-20.3024
-19.6186
-18.9634
-18.337
-17.7393
-17.1706
-16.6309
-16.1204
-15.6391
-15.1871
-14.7645
-14.3715
-14.008
-13.6741
-13.37
-13.0957
-12.8512
-12.6366
-12.4519
-12.2973
-12.1726
-12.0781
-12.0136
-11.9793
-11.9751
-12.0011
-12.0573
-12.1436
-12.2601
-12.4068
-12.5837
-12.7908
-13.0279
-13.2953
-13.5927
-13.9201
-14.2776
-14.6651
-15.0825
-15.5297
-16.0068
-16.5137
-17.0503
-17.6165
-18.2122
-18.8374
-19.492
-20.1758
-20.8889
-21.631
-22.4022
-23.2022
-24.031
-24.8884
-25.7743
-26.6886
-27.6311
-28.6018
-29.6004
-30.6268
-31.6809
-32.7625
-33.8714
-35.0074
-36.1705
-37.3604
-38.5769
-39.8199
-41.0891
-42.3844
-43.7055
-45.0523
-46.4244
-47.8219
-49.2443
-50.6914
-52.1632
-53.6592
-55.1793
-56.7232
-58.2907
-59.8815
-61.4953
-63.132
-64.7912
-66.4726
-68.1761
-69.9012
-71.6477
-73.4154
-75.2039
-77.0129
-78.8422
-80.6914
-82.5601
-84.4482
-86.3552
-88.2809
-90.2249
-92.1868
-94.1664
-96.1632
-98.177
-100.207
-102.254
-104.316
-106.394
-108.488
-110.595
-112.718
-114.854
-117.004
-119.167
-121.342
-123.531
-125.731
-127.943
-130.166
-132.399
-134.643
-136.897
-139.161
-141.433
-143.714
-146.004
-148.301
-150.605
-152.916
-155.233
-157.557
-159.886
-162.219
-164.557
-166.9
-169.245
-171.594
-173.945
-176.299
-178.654
-181.01
-183.366
-185.723
-188.079
-190.434
-192.788
-195.14
-197.489
-199.835
-202.178
-204.517
-206.851
-209.18
-211.503
-213.82
-216.13
-218.433
-220.728
-223.015
-225.293
-227.562
-229.82
-232.068
-234.305
-236.53
-238.743
-240.943
-243.13
-245.303
-247.462
-249.606
-251.734
-253.846
-255.942
-258.02
-260.081
-262.123
-264.147
-266.152
-268.136
-270.101
-272.044
-273.966
-275.866
-277.743
-279.598
-281.429
-283.236
-285.018
-286.776
-288.508
-290.214
-291.893
-293.546
-295.171
-296.768
-298.337
-294.891
-299.877
-301.388
-302.87
-304.321
-305.742
-307.132
-308.49
-309.817
-311.113
-312.375
-313.605
-314.802
-315.966
-317.096
-318.192
-319.253
-320.281
-321.273
-322.231
-323.153
-324.04
-324.891
-325.706
-326.485
-327.229
-327.936
-328.606
-329.24
-329.838
-330.399
-330.923
-331.411
-331.862
-332.277
-332.655
-332.996
-333.301
-333.57
-333.802
-333.999
-334.159
-334.284
-334.373
-334.427
-334.446
-334.43
-334.379
-334.294
-334.176
-334.024
-333.838
-333.62
-333.37
-333.088
-332.774
-332.429
-332.054
-331.649
-331.215
-330.751
-330.259
-329.74
-329.194
-328.621
-328.022
-327.398
-326.749
-326.077
-325.382
-324.664
-323.924
-323.164
-322.384
-321.584
-320.765
-319.929
-319.076
-318.206
-317.321
-316.422
-315.509
-314.583
-313.644
-312.695
-311.735
-310.766
-309.788
-308.802
-307.809
-306.809
-305.805
-304.796
-303.783
-302.767
-301.749
-300.73
-299.71
-298.691
-297.673
-296.656
-295.642
-294.631
-293.624
-292.622
-291.625
-290.635
-289.65
-288.674
-287.705
-286.744
-285.793
-284.851
-283.919
-282.998
-282.088
-281.189
-280.303
-279.428
-278.567
-277.718
-276.883
-276.062
-275.255
-274.462
-273.683
-272.919
-272.17
-271.436
-270.717
-270.013
-269.325
-268.652
-267.994
-267.352
-266.725
-266.113
-265.516
-264.934
-264.368
-263.816
-263.279
-262.756
-262.247
-261.752
-261.271
-260.804
-260.349
-259.908
-259.479
-259.062
-258.656
-258.263
-257.88
-257.507
-257.145
-256.793
-256.45
-256.115
-255.789
-255.471
-255.161
-254.857
-254.559
-254.268
-253.982
-253.701
-253.424
-253.151
-252.881
-252.614
-252.35
-252.087
-251.825
-251.565
-251.303
-251.041
-250.778
-250.514
-250.248
-249.98
-249.709
-249.434
-249.156
-248.874
-248.587
-248.294
-247.996
-247.692
-247.382
-247.064
-246.739
-246.406
-246.065
-245.716
-245.358
-244.99
-244.613
-244.225
-243.828
-243.42
-243
-242.57
-242.128
-241.675
-241.209
-240.732
-240.242
-239.739
-239.223
-238.694
-238.152
-237.597
-237.027
-236.445
-235.848
-235.238
-234.613
-233.974
-233.321
-232.654
-231.972
-231.276
-230.565
-229.84
-229.1
-228.346
-227.577
-226.794
-225.996
-225.183
-224.357
-223.516
-222.66
-221.79
-220.906
-220.008
-219.096
-218.17
-217.231
-216.277
-215.31
-214.329
-213.335
-212.328
-211.308
-210.275
-209.229
-208.171
-207.1
-206.017
-204.922
-203.815
-202.697
-201.566
-200.425
-199.272
-198.109
-196.935
-195.75
-194.555
-193.35
-192.135
-190.91
-189.676
-188.433
-187.181
-185.92
-184.651
-183.373
-182.087
-180.794
-179.493
-178.184
-176.869
-175.547
-174.218
-172.882
-171.541
-170.194
-168.841
-167.482
-166.119
-164.75
-163.377
-162
-160.618
-159.232
-157.843
-156.45
-155.054
-153.655
-152.253
-150.849
-149.442
-148.033
-146.623
-145.211
-143.798
-142.383
-140.968
-139.552
-138.136
-136.719
-135.303
-133.886
-132.471
-131.056
-129.642
-128.229
-126.817
-125.407
-123.999
-122.593
-121.189
-119.788
-118.389
-116.994
-115.601
-114.211
-112.825
-111.443
-110.064
-108.69
-107.32
-105.954
-104.593
-103.237
-101.886
-100.54
-99.1991
-97.8641
-96.5349
-95.2117
-93.8945
-92.5837
-91.2793
-89.9816
-88.6907
-87.4068
-86.13
-84.8606
-83.5986
-82.3442
-81.0977
-79.8591
-78.6286
-77.4064
-76.1927
-74.9874
-73.791
-72.6033
-71.4247
-70.2553
-69.0951
-67.9444
-66.8032
-65.6718
-64.5502
-63.4386
-62.3371
-61.2458
-60.1649
-59.0945
-58.0348
-56.9857
-55.9475
-54.9203
-53.9042
-52.8994
-51.9058
-50.9237
-49.9531
-48.9942
-48.047
-47.1117
-46.1884
-45.2772
-44.3781
-43.4913
-42.6169
-41.7549
-40.9055
-40.0688
-39.2448
-38.4336
-37.6353
-36.8501
-36.0779
-35.3189
-34.5731
-33.8407
-33.1216
-32.4161
-31.724
-31.0456
-30.3809
-29.73
-29.0929
-28.4696
-27.8604
-27.2651
-26.6839
-26.1169
-25.564
-25.0254
-24.5011
-23.9911
-23.4956
-23.0145
-22.5479
-22.0958
-21.6583
-21.2355
-20.8273
-20.4339
-20.0552
-19.6913
-19.3422
-19.0079
-18.6886
-18.3841
-18.0946
-17.8201
-17.5605
-17.316
-17.0865
-16.872
-16.6727
-16.4884
-16.3192
-16.1652
-16.0263
-15.9025
-15.7939
-15.7004
-15.6221
-15.559
-15.5111
-15.4783
-15.4607
-15.4582
-15.471
-15.4989
-15.5419
-15.6001
-15.6735
-15.762
-15.8656
-15.9843
-16.118
-16.2669
-16.4308
-16.6097
-16.8037
-17.0126
-17.2365
-17.4754
-17.7291
-17.9978
-18.2813
-18.5796
-18.8927
-19.2205
-19.5631
-19.9204
-20.2923
-20.6788
-21.0799
-21.4955
-21.9256
-22.3701
-22.829
-23.3022
-23.7898
-24.2915
-24.8075
-25.3376
-25.8818
-26.44
-27.0122
-27.5983
-28.1982
-28.812
-29.4395
-30.0807
-30.7354
-31.4037
-32.0855
-32.7808
-33.4893
-34.2111
-34.9462
-35.6944
-36.4556
-37.2298
-38.017
-38.8169
-39.6297
-40.4551
-41.2932
-42.1437
-43.0068
-43.8821
-44.7698
-45.6697
-46.5817
-47.5058
-48.4417
-49.3896
-50.3492
-51.3206
-52.3035
-53.2979
-54.3038
-55.321
-56.3494
-57.389
-58.4397
-59.5013
-60.5737
-61.657
-62.7509
-63.8554
-64.9704
-66.0958
-67.2315
-68.3774
-69.5334
-70.6993
-71.8752
-73.0609
-74.2562
-75.4612
-76.6756
-77.8995
-79.1326
-80.375
-81.6264
-82.8868
-84.1561
-85.4341
-86.7209
-88.0162
-89.32
-90.6321
-91.9525
-93.281
-94.6176
-95.9622
-97.3145
-98.6747
-100.042
-101.418
-102.8
-104.19
-105.588
-106.992
-108.403
-109.821
-111.246
-112.678
-114.116
-115.561
-117.012
-118.469
-119.933
-121.402
-122.878
-124.359
-125.846
-127.339
-128.837
-130.341
-131.85
-133.364
-134.884
-136.408
-137.938
-139.472
-141.011
-142.554
-144.102
-145.655
-147.212
-148.773
-150.338
-151.907
-153.48
-155.057
-156.638
-158.222
-159.81
-161.401
-162.996
-164.594
-166.195
-167.799
-169.406
-171.016
-172.629
-174.245
-175.863
-177.484
-179.107
-180.732
-182.36
-183.99
-185.622
-187.255
-188.891
-190.529
-192.168
-193.809
-195.452
-197.096
-198.741
-200.388
-202.035
-203.684
-205.334
-206.985
-208.637
-210.289
-211.943
-213.597
-215.251
-216.906
-218.561
-220.216
-221.872
-223.528
-225.184
-226.839
-228.495
-230.15
-231.805
-233.46
-235.114
-236.768
-238.457
-240.138
-241.812
-243.479
-245.14
-246.797
-248.45
-250.099
-251.744
-253.386
-255.025
-256.661
-258.295
-259.926
-261.554
-263.181
-264.805
-266.426
-268.045
-269.662
-271.277
-272.889
-274.498
-276.105
-277.709
-279.31
-280.909
-282.505
-284.097
-285.687
-287.273
-288.857
-290.436
-292.013
-293.585
-295.154
-296.719
-298.28
-299.837
-301.39
-302.938
-304.482
-306.022
-307.557
-309.087
-310.612
-312.131
-313.646
-315.155
-316.659
-318.157
-319.65
-321.136
-322.617
-324.091
-325.559
-327.02
-328.475
-329.923
-331.364
-332.798
-334.224
-335.643
-337.055
-338.459
-339.855
-341.243
-342.623
-343.995
-345.358
-346.712
-348.057
-349.394
-350.721
-352.039
-353.348
-354.646
-355.935
-357.214
-358.483
-359.741
-360.989
-362.226
-363.452
-364.667
-365.87
-367.063
-368.243
-369.412
-370.569
-371.714
-372.847
-373.967
-375.074
-376.169
-377.25
-378.319
-379.374
-380.415
-381.443
-382.456
-383.456
-384.441
-385.412
-386.369
-387.31
-388.237
-389.148
-390.044
-390.925
-391.79
-392.639
-393.472
-394.289
-395.09
-395.874
-396.642
-397.392
-398.126
-398.843
-399.542
-400.224
-400.888
-401.534
-402.163
-402.773
-403.365
-403.939
-404.495
-405.031
-405.549
-406.048
-406.528
-406.989
-407.43
-407.852
-408.255
-408.638
-409.001
-409.343
-409.666
-409.969
-410.252
-410.514
-410.755
-410.976
-411.177
-411.356
-411.515
-411.653
-411.769
-411.865
-411.939
-411.992
-412.024
-412.034
-412.023
-411.99
-411.936
-411.86
-411.762
-411.643
-411.501
-411.338
-411.153
-410.946
-410.717
-410.465
-410.192
-409.897
-409.58
-409.241
-408.879
-408.496
-408.09
-407.662
-407.213
-406.741
-406.247
-405.731
-405.193
-404.633
-404.051
-403.447
-402.821
-402.173
-401.504
-400.812
-400.099
-399.364
-398.608
-397.83
-397.03
-396.209
-395.367
-394.503
-393.619
-392.713
-391.786
-390.838
-389.869
-388.88
-387.869
-386.839
-385.787
-384.716
-383.624
-382.513
-381.381
-380.229
-379.058
-377.867
-376.657
-375.427
-374.178
-372.91
-371.624
-370.318
-368.994
-367.652
-366.292
-364.913
-363.516
-362.102
-360.67
-359.221
-357.755
-356.271
-354.771
-353.254
-351.721
-350.171
-348.605
-347.024
-345.426
-343.814
-342.186
-340.543
-338.885
-337.212
-335.525
-333.824
-332.109
-330.38
-328.638
-326.882
-325.114
-323.332
-321.538
-319.732
-317.913
-316.082
-314.24
-312.386
-310.521
-308.646
-306.759
-304.862
-302.955
-301.038
-299.111
-297.174
-295.229
-293.274
-291.311
-289.339
-287.359
-285.372
-283.376
-281.373
-279.363
-277.346
-275.322
-273.292
-271.256
-269.214
-267.166
-265.113
-263.055
-260.992
-258.924
-256.852
-254.776
-252.696
-250.613
-248.526
-246.436
-244.344
-242.249
-240.152
-238.052
-235.951
-233.849
-231.745
-229.64
-227.535
-225.429
-223.322
-221.216
-219.11
-217.005
-214.9
-212.796
-210.694
-208.593
-206.494
-204.396
-202.301
-200.209
-198.119
-196.032
-193.948
-191.867
-189.79
-187.717
-185.648
-183.583
-181.523
-179.467
-177.416
-175.371
-173.331
-171.296
-169.267
-167.245
-165.228
-163.218
-161.214
-159.218
-157.228
-155.246
-153.271
-151.303
-149.344
-147.392
-145.449
-143.514
-141.588
-139.67
-137.761
-135.862
-133.971
-132.091
-130.22
-128.358
-126.507
-124.666
-122.835
-121.015
-119.205
-117.407
-115.619
-113.842
-112.077
-110.324
-108.582
-106.851
-105.133
-103.427
-101.733
-100.052
-98.3833
-96.7273
-95.0842
-93.4542
-91.8374
-90.2339
-88.6439
-87.0676
-85.5051
-83.9565
-82.4221
-80.9018
-79.396
-77.9047
-76.4281
-74.9663
-73.5195
-72.0879
-70.6715
-69.2705
-67.885
-66.5153
-65.1615
-63.8236
-62.5019
-61.1965
-59.9076
-58.6353
-57.3797
-56.141
-54.9193
-53.7149
-52.5278
-51.3582
-50.2063
-49.0722
-47.9561
-46.8581
-45.7783
-44.717
-43.6743
-42.6504
-41.6453
-40.6594
-39.6926
-38.7452
-37.8174
-36.9093
-36.0211
-35.1529
-34.3049
-33.4772
-32.6701
-31.8837
-31.1181
-30.3736
-29.6502
-28.9482
-28.2677
-27.6088
-26.9718
-26.3569
-25.7641
-25.1936
-24.6456
-24.1204
-23.6179
-23.1384
-22.6821
-22.2491
-21.8395
-21.4536
-21.0915
-20.7533
-20.4392
-20.1494
-19.8839
-19.643
-19.4268
-19.2355
-19.0691
-18.9279
-18.8119
-18.7213
-18.6562
-18.6168
-18.6032
-18.6155
