0.0005
0.000654347
0.000860467
0.00111146
0.00111147
0.00140134
0.00172491
0.00207765
0.00245562
0.00285544
0.00327413
0.00370911
0.00415814
0.00461928
0.00509083
0.00557131
0.00605942
0.00655406
0.00705422
0.00755907
0.00806784
0.00857989
0.00909462
0.00961155
0.0101302
0.0106502
0.0111712
0.011693
0.0122151
0.0127374
0.0132597
0.0137817
0.0143033
0.0148243
0.0153447
0.0158641
0.0163826
0.0169001
0.0174163
0.0179312
0.0184448
0.018957
0.0194676
0.0199765
0.0204838
0.0209894
0.0214931
0.021995
0.0224949
0.0229929
0.0234888
0.0239827
0.0244744
0.0249639
0.0254512
0.0259362
0.0264188
0.026899
0.0273767
0.0278519
0.0283245
0.0287946
0.0292619
0.0297266
0.0301885
0.0306476
0.0311038
0.0315572
0.0320076
0.032455
0.0328994
0.0333406
0.0337788
0.0342138
0.0346456
0.0350741
0.0354994
0.0359213
0.0363398
0.0367548
0.0371665
0.0375746
0.0379791
0.0383801
0.0387774
0.0391711
0.039561
0.0399472
0.0403297
0.0407082
0.041083
0.0414538
0.0418207
0.0421836
0.0425425
0.0428973
0.0432481
0.0435947
0.0439372
0.0442755
0.0446096
0.0449394
0.0452649
0.0455861
0.045903
0.0462154
0.0465235
0.046827
0.0471262
0.0474208
0.0477108
0.0479963
0.0482773
0.0485535
0.0488252
0.0490921
0.0493544
0.0496119
0.0498647
0.0501127
0.0503559
0.0505942
0.0508277
0.0510564
0.0512801
0.0514989
0.0517128
0.0519218
0.0521257
0.0523247
0.0525187
0.0527076
0.0528914
0.0530702
0.053244
0.0534126
0.0535761
0.0537345
0.0538877
0.0540358
0.0541787
0.0543165
0.054449
0.0545764
0.0546985
0.0548154
0.0549271
0.0550336
0.0551348
0.0552307
0.0553214
0.0554069
0.055487
0.0555619
0.0556315
0.0556959
0.0557549
0.0558087
0.0558572
0.0559003
0.0559382
0.0559708
0.0559982
0.0560202
0.056037
0.0560484
0.0560546
0.0560555
0.0560512
0.0560416
0.0560267
0.0560066
0.0559812
0.0559506
0.0559148
0.0558737
0.0558275
0.055776
0.0557194
0.0556575
0.0555905
0.0555184
0.0554411
0.0553586
0.0552711
0.0551784
0.0550807
0.0549779
0.05487
0.0547571
0.0546392
0.0545162
0.0543883
0.0542554
0.0541175
0.0539748
0.0538271
0.0536745
0.053517
0.0533547
0.0531876
0.0530156
0.0528389
0.0526574
0.0524711
0.0522802
0.0520845
0.0518842
0.0516793
0.0514697
0.0512556
0.0510369
0.0508136
0.0505859
0.0503536
0.0501169
0.0498758
0.0496303
0.0493804
0.0491262
0.0488677
0.0486049
0.0483378
0.0480665
0.0477911
0.0475115
0.0472277
0.0469399
0.0466481
0.0463522
0.0460523
0.0457484
0.0454407
0.045129
0.0448135
0.0444942
0.0441711
0.0438442
0.0435136
0.0431794
0.0428415
0.0425
0.042155
0.0418064
0.0414543
0.0410988
0.0407399
0.0403776
0.0400119
0.039643
0.0392708
0.0388953
0.0385167
0.038135
0.0377501
0.0373622
0.0369713
0.0365774
0.0361806
0.0357809
0.0353783
0.0349729
0.0345648
0.0341539
0.0337403
0.0333242
0.0329054
0.032484
0.0320602
0.0316339
0.0312051
0.030774
0.0303406
0.0299048
0.0294669
0.0290267
0.0285844
0.02814
0.0276935
0.027245
0.0267945
0.0263421
0.0258878
0.0254317
0.0249739
0.0245142
0.0240529
0.02359
0.0231255
0.0226594
0.0221918
0.0217227
0.0212523
0.0207805
0.0203074
0.019833
0.0193575
0.0188807
0.0184029
0.0179239
0.017444
0.0169631
0.0164813
0.0159986
0.0155151
0.0150308
0.0145458
0.0140601
0.0135738
0.013087
0.0125996
0.0121117
0.0116234
0.0111347
0.0106458
0.0101565
0.009667
0.00917733
0.00868754
0.00819767
0.00770778
0.00721791
0.00672812
0.00623845
0.00574895
0.00525968
0.00477068
0.00428201
0.00379371
0.00330584
0.00281844
0.00233156
0.00184525
0.00135957
0.000874559
0.00039027
-9.32476e-05
-0.000575945
-0.00105777
-0.00153868
-0.00201862
-0.00249754
-0.0029754
-0.00345214
-0.00392771
-0.00440208
-0.00487518
-0.00534697
-0.00581741
-0.00628644
-0.00675401
-0.00722008
-0.00768461
-0.00814753
-0.00860881
-0.0090684
-0.00952625
-0.00998231
-0.0104365
-0.0108889
-0.0113393
-0.0117878
-0.0122342
-0.0126786
-0.0131208
-0.0135609
-0.0139988
-0.0144345
-0.0148678
-0.0152989
-0.0157275
-0.0161537
-0.0165775
-0.0169987
-0.0174174
-0.0178335
-0.018247
-0.0186577
-0.0190658
-0.0194711
-0.0198735
-0.0202731
-0.0206699
-0.0210636
-0.0214545
-0.0218423
-0.022227
-0.0226087
-0.0229872
-0.0233625
-0.0237346
-0.0241035
-0.0244691
-0.0248314
-0.0251903
-0.0255458
-0.0258978
-0.0262464
-0.0265915
-0.026933
-0.027271
-0.0276053
-0.027936
-0.028263
-0.0285863
-0.0289058
-0.0292215
-0.0295334
-0.0298415
-0.0301456
-0.0304459
-0.0307422
-0.0310345
-0.0313228
-0.0316071
-0.0318873
-0.0321634
-0.0324354
-0.0327032
-0.0329668
-0.0332262
-0.0334814
-0.0337323
-0.033979
-0.0342213
-0.0344592
-0.0346928
-0.034922
-0.0351468
-0.0353671
-0.035583
-0.0357944
-0.0360012
-0.0362036
-0.0364013
-0.0365945
-0.0367831
-0.0369671
-0.0371465
-0.0373212
-0.0374912
-0.0376565
-0.0378172
-0.037973
-0.0381242
-0.0382706
-0.0384122
-0.038549
-0.038681
-0.0388082
-0.0389305
-0.039048
-0.0391607
-0.0392684
-0.0393713
-0.0394693
-0.0395623
-0.0396505
-0.0397337
-0.0398119
-0.0398853
-0.0399536
-0.040017
-0.0400754
-0.0401289
-0.0401773
-0.0402208
-0.0402593
-0.0402927
-0.0403212
-0.0403446
-0.040363
-0.0403764
-0.0403848
-0.0403882
-0.0403865
-0.0403798
-0.0403681
-0.0403513
-0.0403295
-0.0403027
-0.0402709
-0.040234
-0.0401922
-0.0401453
-0.0400934
-0.0400365
-0.0399745
-0.0399076
-0.0398357
-0.0397588
-0.0396769
-0.0395901
-0.0394982
-0.0394014
-0.0392997
-0.039193
-0.0390814
-0.0389649
-0.0388434
-0.0387171
-0.0385859
-0.0384497
-0.0383088
-0.0381629
-0.0380123
-0.0378568
-0.0376965
-0.0375314
-0.0373615
-0.0371869
-0.0370075
-0.0368234
-0.0366345
-0.036441
-0.0362428
-0.0360399
-0.0358324
-0.0356203
-0.0354036
-0.0351823
-0.0349564
-0.034726
-0.0344911
-0.0342517
-0.0340078
-0.0337595
-0.0335067
-0.0332496
-0.0329881
-0.0327222
-0.032452
-0.0321776
-0.0318988
-0.0316158
-0.0313286
-0.0310372
-0.0307416
-0.030442
-0.0301382
-0.0298303
-0.0295184
-0.0292025
-0.0288825
-0.0285587
-0.0282309
-0.0278992
-0.0275637
-0.0272243
-0.0268812
-0.0265343
-0.0261837
-0.0258294
-0.0254714
-0.0251098
-0.0247446
-0.0243759
-0.0240036
-0.0236279
-0.0232488
-0.0228662
-0.0224802
-0.022091
-0.0216984
-0.0213026
-0.0209036
-0.0205014
-0.020096
-0.0196876
-0.0192761
-0.0188616
-0.0184441
-0.0180237
-0.0176003
-0.0171742
-0.0167452
-0.0163134
-0.0158789
-0.0154418
-0.0150019
-0.0145595
-0.0141145
-0.0136671
-0.0132171
-0.0127647
-0.0123099
-0.0118528
-0.0113935
-0.0109318
-0.010468
-0.010002
-0.00953385
-0.00906368
-0.00859148
-0.00811731
-0.00764121
-0.00716323
-0.00668342
-0.00620182
-0.00571848
-0.00523345
-0.00474678
-0.0042585
-0.00376868
-0.00327736
-0.00278458
-0.00229039
-0.00179485
-0.001298
-0.000799891
-0.000300569
0.000199916
0.000701514
0.00120418
0.00170786
0.0022125
0.00271806
0.00322449
0.00373174
0.00423976
0.0047485
0.0052579
0.00576793
0.00627852
0.00678964
0.00730122
0.00781323
0.00832561
0.0088383
0.00935127
0.00986446
0.0103778
0.0108913
0.0114048
0.0119184
0.0124319
0.0129454
0.0134587
0.0139719
0.0144848
0.0149974
0.0155097
0.0160217
0.0165332
0.0170442
0.0175547
0.0180646
0.0185739
0.0190825
0.0195904
0.0200975
0.0206038
0.0211092
0.0216136
0.0221172
0.0226196
0.0231211
0.0236214
0.0241205
0.0246184
0.0251151
0.0256104
0.0261044
0.026597
0.0270881
0.0275777
0.0280658
0.0285523
0.0290372
0.0295204
0.0300018
0.0304815
0.0309593
0.0314353
0.0319093
0.0323813
0.0328514
0.0333194
0.0337853
0.034249
0.0347105
0.0351698
0.0356268
0.0360815
0.0365339
0.0369838
0.0374312
0.0378761
0.0383185
0.0387584
0.0391956
0.0396301
0.0400619
0.0404909
0.0409172
0.0413406
0.0417612
0.0421789
0.0425935
0.0430052
0.0434139
0.0438195
0.044222
0.0446213
0.0450175
0.0454104
0.0458001
0.0461865
0.0465695
0.0469492
0.0473255
0.0476983
0.0480676
0.0484335
0.0487958
0.0491545
0.0495096
0.049861
0.0502088
0.0505529
0.0508932
0.0512297
0.0515625
0.0518913
0.0522164
0.0525375
0.0528547
0.0531679
0.0534771
0.0537823
0.0540835
0.0543806
0.0546735
0.0549624
0.0552471
0.0555276
0.0558039
0.056076
0.0563438
0.0566073
0.0568665
0.0571213
0.0573718
0.057618
0.0578597
0.058097
0.0583298
0.0585582
0.0587821
0.0590015
0.0592163
0.0594266
0.0596323
0.0598335
0.06003
0.0602219
0.0604091
0.0605917
0.0607696
0.0609429
0.0611114
0.0612752
0.0614342
0.0615885
0.0617381
0.0618828
0.0620228
0.0621579
0.0622883
0.0624138
0.0625345
0.0626503
0.0627612
0.0628673
0.0629685
0.0630649
0.0631563
0.0632428
0.0633244
0.0634011
0.0634729
0.0635397
0.0636016
0.0636586
0.0637106
0.0637577
0.0637998
0.063837
0.0638692
0.0638964
0.0639187
0.0639361
0.0639484
0.0639558
0.0639583
0.0639557
0.0639483
0.0639358
0.0639184
0.0638961
0.0638688
0.0638365
0.0637994
0.0637572
0.0637102
0.0636582
0.0636013
0.0635395
0.0634728
0.0634012
0.0633246
0.0632433
0.063157
0.0630659
0.0629699
0.0628691
0.0627634
0.0626529
0.0625376
0.0624176
0.0622927
0.062163
0.0620286
0.0618895
0.0617456
0.0615971
0.0614438
0.0612858
0.0611232
0.0609559
0.060784
0.0606075
0.0604264
0.0602407
0.0600505
0.0598557
0.0596564
0.0594526
0.0592443
0.0590316
0.0588144
0.0585929
0.0583669
0.0581366
0.0579019
0.057663
0.0574197
0.0571722
0.0569204
0.0566644
0.0564042
0.0561399
0.0558714
0.0555988
0.0553221
0.0550414
0.0547566
0.0544679
0.0541752
0.0538785
0.0535779
0.0532735
0.0529652
0.0526531
0.0523373
0.0520176
0.0516943
0.0513673
0.0510366
0.0507023
0.0503644
0.050023
0.049678
0.0493296
0.0489778
0.0486225
0.0482638
0.0479018
0.0475366
0.047168
0.0467962
0.0464213
0.0460432
0.0456619
0.0452777
0.0448903
0.0445
0.0441067
0.0437105
0.0433115
0.0429096
0.0425049
0.0420974
0.0416873
0.0412745
0.040859
0.040441
0.0400204
0.0395973
0.0391718
0.0387439
0.0383135
0.0378809
0.037446
0.0370088
0.0365694
0.0361279
0.0356843
0.0352387
0.034791
0.0343413
0.0338897
0.0334363
0.032981
0.0325239
0.0320651
0.0316046
0.0311425
0.0306787
0.0302135
0.0297467
0.0292784
0.0288088
0.0283377
0.0278654
0.0273918
0.026917
0.026441
0.0259639
0.0254858
0.0250066
0.0245264
0.0240454
0.0235634
0.0230806
0.0225971
0.0221128
0.0216278
0.0211422
0.0206561
0.0201694
0.0196822
0.0191946
0.0187066
0.0182183
0.0177297
0.0172409
0.0167519
0.0162627
0.0157735
0.0152843
0.014795
0.0143059
0.0138168
0.013328
0.0128393
0.012351
0.0118629
0.0113752
0.0108879
0.0104011
0.00991486
0.00942915
0.00894406
0.00845963
0.00797593
0.00749299
0.00701086
0.00652961
0.00604927
0.00556989
0.00509153
0.00461423
0.00413804
0.00366301
0.00318918
0.00271662
0.00224536
0.00177546
0.00130696
0.000839903
0.000374348
-8.96616e-05
-0.000552078
-0.00101285
-0.00147194
-0.0019293
-0.00238487
-0.00283861
-0.00329049
-0.00374044
-0.00418842
-0.00463439
-0.0050783
-0.00552011
-0.00595977
-0.00639723
-0.00683246
-0.0072654
-0.00769602
-0.00812426
-0.00855009
-0.00897345
-0.00939432
-0.00981264
-0.0102284
-0.0106415
-0.0110519
-0.0114596
-0.0118646
-0.0122667
-0.012666
-0.0130625
-0.013456
-0.0138465
-0.0142341
-0.0146186
-0.015
-0.0153783
-0.0157535
-0.0161255
-0.0164942
-0.0168596
-0.0172218
-0.0175806
-0.017936
-0.018288
-0.0186365
-0.0189816
-0.0193231
-0.019661
-0.0199954
-0.0203261
-0.0206532
-0.0209766
-0.0212962
-0.0216121
-0.0219242
-0.0222324
-0.0225368
-0.0228374
-0.0231339
-0.0234266
-0.0237152
-0.0239999
-0.0242805
-0.024557
-0.0248295
-0.0250978
-0.025362
-0.025622
-0.0258777
-0.0261293
-0.0263766
-0.0266196
-0.0268583
-0.0270927
-0.0273227
-0.0275483
-0.0277695
-0.0279864
-0.0281987
-0.0284066
-0.02861
-0.0288089
-0.0290032
-0.029193
-0.0293782
-0.0295589
-0.0297349
-0.0299063
-0.030073
-0.0302351
-0.0303925
-0.0305452
-0.0306932
-0.0308364
-0.0309749
-0.0311087
-0.0312376
-0.0313618
-0.0314812
-0.0315958
-0.0317055
-0.0318104
-0.0319105
-0.0320057
-0.032096
-0.0321814
-0.032262
-0.0323376
-0.0324084
-0.0324742
-0.0325351
-0.0325911
-0.0326421
-0.0326882
-0.0327294
-0.0327655
-0.0327968
-0.032823
-0.0328443
-0.0328606
-0.032872
-0.0328783
-0.0328797
-0.0328761
-0.0328675
-0.032854
-0.0328354
-0.0328119
-0.0327834
-0.0327499
-0.0327114
-0.032668
-0.0326196
-0.0325662
-0.0325078
-0.0324445
-0.0323762
-0.032303
-0.0322248
-0.0321417
-0.0320536
-0.0319606
-0.0318627
-0.0317599
-0.0316522
-0.0315395
-0.031422
-0.0312997
-0.0311724
-0.0310403
-0.0309034
-0.0307616
-0.030615
-0.0304636
-0.0303073
-0.0301464
-0.0299806
-0.0298101
-0.0296348
-0.0294549
-0.0292702
-0.0290808
-0.0288868
-0.0286881
-0.0284848
-0.0282768
-0.0280642
-0.0278471
-0.0276254
-0.0273991
-0.0271684
-0.0269331
-0.0266933
-0.0264491
-0.0262005
-0.0259474
-0.02569
-0.0254281
-0.025162
-0.0248915
-0.0246167
-0.0243376
-0.0240543
-0.0237668
-0.0234751
-0.0231793
-0.0228793
-0.0225751
-0.022267
-0.0219547
-0.0216384
-0.0213182
-0.020994
-0.0206658
-0.0203338
-0.0199978
-0.0196581
-0.0193145
-0.0189672
-0.0186161
-0.0182613
-0.0179028
-0.0175407
-0.017175
-0.0168057
-0.0164329
-0.0160566
-0.0156768
-0.0152935
-0.0149069
-0.014517
-0.0141237
-0.0137271
-0.0133273
-0.0129243
-0.0125181
-0.0121088
-0.0116964
-0.011281
-0.0108625
-0.0104411
-0.0100168
-0.00958954
-0.00915946
-0.00872659
-0.00829095
-0.0078526
-0.00741157
-0.00696791
-0.00652165
-0.00607285
-0.00562155
-0.00516779
-0.00471161
-0.00425307
-0.00379219
-0.00332904
-0.00286365
-0.00239607
-0.00192635
-0.00145453
-0.000980653
-0.000504774
-2.6935e-05
0.000452816
0.000934432
0.00141787
0.00190307
0.00239
0.0028786
0.00336883
0.00386064
0.00435398
0.0048488
0.00534505
0.00584269
0.00634167
0.00684193
0.00734342
0.00784611
0.00834993
0.00885483
0.00936078
0.00986772
0.0103756
0.0108843
0.0113939
0.0119043
0.0124155
0.0129273
0.0134397
0.0139527
0.0144663
0.0149803
0.0154948
0.0160097
0.0165249
0.0170403
0.017556
0.0180719
0.0185879
0.019104
0.0196201
0.0201361
0.0206521
0.021168
0.0216837
0.0221991
0.0227143
0.0232291
0.0237436
0.0242576
0.0247711
0.0252841
0.0257965
0.0263083
0.0268193
0.0273296
0.0278392
0.0283479
0.0288557
0.0293625
0.0298684
0.0303732
0.0308769
0.0313795
0.0318809
0.032381
0.0328799
0.0333774
0.0338735
0.0343682
0.0348614
0.035353
0.0358431
0.0363315
0.0363631
0.0363631
0.0368182
0.0373032
0.0377864
0.0382678
0.0387473
0.0392249
0.0397006
0.0401742
0.0406457
0.0411151
0.0415824
0.0420475
0.0425103
0.0429708
0.043429
0.0438848
0.0443382
0.044789
0.0452374
0.0456832
0.0461264
0.046567
0.0470049
0.04744
0.0478723
0.0483019
0.0487285
0.0491523
0.0495731
0.0499909
0.0504057
0.0508174
0.051226
0.0516314
0.0520337
0.0524327
0.0528285
0.0532209
0.05361
0.0539957
0.054378
0.0547569
0.0551322
0.055504
0.0558722
0.0562368
0.0565978
0.0569551
0.0573087
0.0576585
0.0580046
0.0583468
0.0586852
0.0590197
0.0593504
0.059677
0.0599997
0.0603184
0.060633
0.0609436
0.06125
0.0615524
0.0618505
0.0621445
0.0624343
0.0627198
0.0630011
0.063278
0.0635507
0.063819
0.0640829
0.0643424
0.0645975
0.0648481
0.0650943
0.0653359
0.0655731
0.0658057
0.0660337
0.0662571
0.066476
0.0666902
0.0668997
0.0671046
0.0673048
0.0675003
0.0676911
0.0678771
0.0680584
0.0682349
0.0684066
0.0685735
0.0687356
0.0688928
0.0690452
0.0691927
0.0693353
0.0694731
0.0696059
0.0697338
0.0698568
0.0699748
0.0700879
0.0701961
0.0702992
0.0703974
0.0704906
0.0705788
0.070662
0.0707402
0.0708134
0.0708816
0.0709447
0.0710028
0.0710559
0.0711039
0.0711469
0.0711849
0.0712178
0.0712456
0.0712684
0.0712861
0.0712988
0.0713065
0.0713091
0.0713066
0.0712991
0.0712865
0.0712689
0.0712463
0.0712186
0.0711859
0.0711482
0.0711054
0.0710577
0.0710049
0.0709471
0.0708843
0.0708166
0.0707438
0.0706661
0.0705835
0.0704958
0.0704033
0.0703058
0.0702034
0.070096
0.0699838
0.0698667
0.0697447
0.0696179
0.0694863
0.0693498
0.0692085
0.0690624
0.0689115
0.0687558
0.0685954
0.0684303
0.0682605
0.0680859
0.0679067
0.0677229
0.0675344
0.0673413
0.0671436
0.0669413
0.0667345
0.0665231
0.0663073
0.0660869
0.0658621
0.0656329
0.0653992
0.0651612
0.0649188
0.064672
0.064421
0.0641656
0.063906
0.0636422
0.0633742
0.063102
0.0628256
0.0625451
0.0622606
0.061972
0.0616793
0.0613826
0.061082
0.0607775
0.060469
0.0601567
0.0598405
0.0595205
0.0591968
0.0588693
0.058538
0.0582032
0.0578646
0.0575225
0.0571768
0.0568276
0.0564749
0.0561187
0.055759
0.055396
0.0550297
0.05466
0.0542871
0.0539109
0.0535315
0.053149
0.0527633
0.0523746
0.0519828
0.051588
0.0511903
0.0507896
0.050386
0.0499796
0.0495705
0.0491585
0.0487439
0.0483265
0.0479066
0.047484
0.0470589
0.0466313
0.0462013
0.0457688
0.045334
0.0448968
0.0444574
0.0440157
0.0435718
0.0431258
0.0426777
0.0422275
0.0417753
0.0413212
0.0408651
0.0404072
0.0399474
0.0394858
0.0390225
0.0385576
0.0380909
0.0376227
0.037153
0.0366817
0.036209
0.0357349
0.0352594
0.0347826
0.0343046
0.0338253
0.0333449
0.0328634
0.0323808
0.0318972
0.0314126
0.0309271
0.0304407
0.0299535
0.0294655
0.0289768
0.0284875
0.0279974
0.0275069
0.0270157
0.0265242
0.0260321
0.0255397
0.025047
0.024554
0.0240607
0.0235673
0.0230737
0.0225801
0.0220864
0.0215927
0.0210991
0.0206056
0.0201123
0.0196192
0.0191263
0.0186338
0.0181416
0.0176498
0.0171585
0.0166677
0.0161775
0.0156878
0.0151989
0.0147106
0.0142231
0.0137363
0.0132505
0.0127655
0.0122815
0.0117985
0.0113165
0.0108356
0.0103559
0.00987733
0.00940002
0.008924
0.0084493
0.00797599
0.00750411
0.00703371
0.00656482
0.00609751
0.00563181
0.00516778
0.00470545
0.00424489
0.00378612
0.0033292
0.00287418
0.0024211
0.00197
0.00152093
0.00107394
0.000629066
0.000186358
-0.00025414
-0.000692386
-0.00112833
-0.00156194
-0.00199316
-0.00242196
-0.00284828
-0.00327209
-0.00369334
-0.00411199
-0.00452801
-0.00494134
-0.00535194
-0.00575978
-0.00616482
-0.006567
-0.0069663
-0.00736267
-0.00775607
-0.00814647
-0.00853381
-0.00891808
-0.00929921
-0.00967719
-0.010052
-0.0104235
-0.0107917
-0.0111567
-0.0115183
-0.0118765
-0.0122313
-0.0125826
-0.0129304
-0.0132747
-0.0136154
-0.0139526
-0.014286
-0.0146159
-0.014942
-0.0152644
-0.015583
-0.0158978
-0.0162088
-0.0165159
-0.0168192
-0.0171185
-0.0174138
-0.0177052
-0.0179925
-0.0182758
-0.0185551
-0.0188302
-0.0191012
-0.019368
-0.0196307
-0.0198891
-0.0201433
-0.0203932
-0.0206388
-0.0208801
-0.0211171
-0.0213497
-0.0215779
-0.0218017
-0.0220211
-0.022236
-0.0224464
-0.0226523
-0.0228537
-0.0230505
-0.0232428
-0.0234304
-0.0236135
-0.0237919
-0.0239657
-0.0241349
-0.0242993
-0.0244591
-0.0246141
-0.0247644
-0.0249099
-0.0250507
-0.0251867
-0.0253179
-0.0254443
-0.0255659
-0.0256826
-0.0257945
-0.0259015
-0.0260037
-0.0261009
-0.0261933
-0.0262807
-0.0263633
-0.0264409
-0.0265136
-0.0265814
-0.0266442
-0.026702
-0.0267549
-0.0268028
-0.0268457
-0.0268836
-0.0269166
-0.0269446
-0.0269675
-0.0269855
-0.0269985
-0.0270064
-0.0270094
-0.0270073
-0.0270002
-0.0269882
-0.0269711
-0.026949
-0.0269219
-0.0268898
-0.0268526
-0.0268105
-0.0267634
-0.0267113
-0.0266542
-0.0265921
-0.026525
-0.0264529
-0.0263759
-0.0262939
-0.026207
-0.0261151
-0.0260182
-0.0259164
-0.0258097
-0.0256981
-0.0255816
-0.0254601
-0.0253338
-0.0252027
-0.0250666
-0.0249257
-0.02478
-0.0246295
-0.0244741
-0.024314
-0.024149
-0.0239793
-0.0238049
-0.0236257
-0.0234418
-0.0232533
-0.02306
-0.0228621
-0.0226595
-0.0224523
-0.0222405
-0.0220241
-0.0218032
-0.0215777
-0.0213477
-0.0211132
-0.0208742
-0.0206308
-0.0203829
-0.0201307
-0.019874
-0.019613
-0.0193477
-0.019078
-0.0188041
-0.0185259
-0.0182435
-0.0179569
-0.0176662
-0.0173712
-0.0170722
-0.0167691
-0.0164619
-0.0161507
-0.0158355
-0.0155164
-0.0151933
-0.0148663
-0.0145354
-0.0142007
-0.0138622
-0.0135199
-0.0131739
-0.0128242
-0.0124708
-0.0121138
-0.0117532
-0.011389
-0.0110213
-0.0106501
-0.0102754
-0.00989738
-0.00951593
-0.00913114
-0.00874304
-0.00835168
-0.00795709
-0.00755932
-0.0071584
-0.00675437
-0.00634727
-0.00593715
-0.00552404
-0.00510798
-0.00468903
-0.00426721
-0.00384257
-0.00341516
-0.00298501
-0.00255218
-0.00211669
-0.0016786
-0.00123796
-0.000794796
-0.000349164
9.88934e-05
0.000549331
0.0010021
0.00145717
0.00191447
0.00237397
0.00283563
0.00329938
0.0037652
0.00423302
0.0047028
0.0051745
0.00564807
0.00612346
0.00660061
0.00707949
0.00756004
0.00804221
0.00852596
0.00901123
0.00949798
0.00998616
0.0104757
0.0109666
0.0114587
0.0119521
0.0124467
0.0129423
0.0134391
0.0139368
0.0144356
0.0149352
0.0154358
0.0159371
0.0164392
0.016942
0.0174455
0.0179496
0.0184542
0.0189593
0.0194649
0.0199709
0.0204772
0.0209839
0.0214907
0.0219978
0.0225049
0.0230122
0.0235195
0.0240268
0.0245339
0.025041
0.0255478
0.0260545
0.0265608
0.0270668
0.0275724
0.0280775
0.0285821
0.0290862
0.0295897
0.0300925
0.0305946
0.0310959
0.0315963
0.0320959
0.0325946
0.0330923
0.0335889
0.0340845
0.0340845
0.0345789
0.0350721
0.0355641
0.0360547
0.036544
0.0370319
0.0375184
0.0380033
0.0384867
0.0389684
0.0394485
0.0399269
0.0404035
0.0408783
0.0413512
0.0418221
0.0422911
0.0427581
0.043223
0.0436858
0.0441464
0.0446047
0.0450608
0.0455146
0.045966
0.0464149
0.0468614
0.0473054
0.0477468
0.0481855
0.0486217
0.049055
0.0494857
0.0499135
0.0503385
0.0507606
0.0511797
0.0515958
0.0520089
0.0524189
0.0528258
0.0532295
0.05363
0.0540273
0.0544212
0.0548118
0.055199
0.0555828
0.0559631
0.0563399
0.0567131
0.0570827
0.0574487
0.0578111
0.0581697
0.0585246
0.0588756
0.0592229
0.0595663
0.0599058
0.0602413
0.0605729
0.0609004
0.061224
0.0615434
0.0618587
0.0621699
0.0624769
0.0627797
0.0630782
0.0633725
0.0636625
0.0639481
0.0642294
0.0645062
0.0647787
0.0650467
0.0653102
0.0655692
0.0658237
0.0660736
0.0663189
0.0665596
0.0667957
0.0670272
0.0672539
0.067476
0.0676933
0.0679059
0.0681137
0.0683168
0.068515
0.0687084
0.068897
0.0690807
0.0692595
0.0694335
0.0696025
0.0697666
0.0699258
0.07008
0.0702292
0.0703735
0.0705128
0.0706471
0.0707763
0.0709006
0.0710198
0.0711339
0.071243
0.0713471
0.071446
0.0715399
0.0716287
0.0717125
0.0717911
0.0718646
0.071933
0.0719963
0.0720545
0.0721076
0.0721556
0.0721985
0.0722362
0.0722688
0.0722963
0.0723187
0.0723359
0.0723481
0.0723551
0.072357
0.0723538
0.0723455
0.0723321
0.0723136
0.07229
0.0722613
0.0722276
0.0721887
0.0721448
0.0720959
0.0720419
0.0719828
0.0719187
0.0718496
0.0717754
0.0716963
0.0716122
0.071523
0.0714289
0.0713299
0.0712259
0.0711169
0.071003
0.0708843
0.0707606
0.070632
0.0704986
0.0703603
0.0702172
0.0700693
0.0699165
0.069759
0.0695967
0.0694296
0.0692579
0.0690813
0.0689001
0.0687143
0.0685237
0.0683285
0.0681287
0.0679243
0.0677154
0.0675018
0.0672838
0.0670612
0.0668341
0.0666026
0.0663666
0.0661262
0.0658814
0.0656322
0.0653787
0.0651209
0.0648588
0.0645923
0.0643217
0.0640468
0.0637678
0.0634845
0.0631972
0.0629057
0.0626101
0.0623105
0.0620069
0.0616992
0.0613877
0.0610721
0.0607527
0.0604294
0.0601022
0.0597713
0.0594365
0.059098
0.0587558
0.0584099
0.0580604
0.0577072
0.0573505
0.0569902
0.0566263
0.056259
0.0558883
0.0555141
0.0551366
0.0547558
0.0543716
0.0539841
0.0535935
0.0531996
0.0528026
0.0524024
0.0519992
0.051593
0.0511837
0.0507715
0.0503563
0.0499383
0.0495174
0.0490937
0.0486672
0.0482381
0.0478062
0.0473717
0.0469346
0.0464949
0.0460527
0.045608
0.0451609
0.0447114
0.0442596
0.0438054
0.043349
0.0428904
0.0424296
0.0419666
0.0415016
0.0410346
0.0405655
0.0400945
0.0396216
0.0391468
0.0386702
0.0381918
0.0377117
0.03723
0.0367466
0.0362616
0.035775
0.035287
0.0347976
0.0343067
0.0338145
0.033321
0.0328262
0.0323302
0.0318331
0.0313349
0.0308356
0.0303352
0.029834
0.0293318
0.0288287
0.0283248
0.0278201
0.0273147
0.0268087
0.026302
0.0257947
0.0252869
0.0247787
0.02427
0.0237609
0.0232515
0.0227419
0.022232
0.0217219
0.0212117
0.0207014
0.0201911
0.0196808
0.0191706
0.0186605
0.0181505
0.0176408
0.0171314
0.0166222
0.0161135
0.0156052
0.0150973
0.0145899
0.0140832
0.013577
0.0130715
0.0125667
0.0120627
0.0115595
0.0110572
0.0105558
0.0100553
0.00955586
0.00905748
0.00856021
0.0080641
0.0075692
0.00707555
0.00658322
0.00609223
0.00560265
0.00511452
0.00462788
0.0041428
0.0036593
0.00317745
0.00269729
0.00221886
0.00174222
0.00126741
0.000794469
0.000323456
-0.000145587
-0.000612614
-0.00107758
-0.00154044
-0.00200114
-0.00245964
-0.0029159
-0.00336987
-0.00382151
-0.00427077
-0.00471761
-0.00516198
-0.00560384
-0.00604314
-0.00647985
-0.00691392
-0.0073453
-0.00777396
-0.00819985
-0.00862293
-0.00904316
-0.0094605
-0.0098749
-0.0102863
-0.0106947
-0.0111001
-0.0115023
-0.0119015
-0.0122974
-0.0126902
-0.0130796
-0.0134658
-0.0138487
-0.0142282
-0.0146043
-0.0149769
-0.0153461
-0.0157117
-0.0160738
-0.0164324
-0.0167872
-0.0171385
-0.017486
-0.0178298
-0.0181699
-0.0185062
-0.0188386
-0.0191672
-0.0194919
-0.0198127
-0.0201295
-0.0204423
-0.0207511
-0.0210559
-0.0213566
-0.0216531
-0.0219456
-0.0222338
-0.0225179
-0.0227978
-0.0230734
-0.0233447
-0.0236118
-0.0238745
-0.0241328
-0.0243868
-0.0246364
-0.0248815
-0.0251222
-0.0253584
-0.0255901
-0.0258173
-0.02604
-0.026258
-0.0264715
-0.0266804
-0.0268846
-0.0270842
-0.0272792
-0.0274694
-0.0276549
-0.0278357
-0.0280118
-0.0281831
-0.0283497
-0.0285114
-0.0286683
-0.0288204
-0.0289677
-0.0291101
-0.0292477
-0.0293803
-0.0295081
-0.029631
-0.029749
-0.029862
-0.0299701
-0.0300732
-0.0301714
-0.0302646
-0.0303529
-0.0304361
-0.0305144
-0.0305876
-0.0306559
-0.0307191
-0.0307774
-0.0308306
-0.0308787
-0.0309218
-0.0309599
-0.030993
-0.031021
-0.0310439
-0.0310619
-0.0310747
-0.0310825
-0.0310853
-0.031083
-0.0310756
-0.0310633
-0.0310458
-0.0310233
-0.0309958
-0.0309632
-0.0309256
-0.030883
-0.0308353
-0.0307826
-0.0307249
-0.0306622
-0.0305945
-0.0305218
-0.0304441
-0.0303614
-0.0302738
-0.0301812
-0.0300836
-0.0299811
-0.0298737
-0.0297613
-0.0296441
-0.0295219
-0.0293949
-0.029263
-0.0291262
-0.0289846
-0.0288381
-0.0286869
-0.0285308
-0.02837
-0.0282044
-0.028034
-0.027859
-0.0276792
-0.0274947
-0.0273055
-0.0271117
-0.0269133
-0.0267102
-0.0265025
-0.0262903
-0.0260735
-0.0258522
-0.0256264
-0.0253961
-0.0251613
-0.0249221
-0.0246785
-0.0244305
-0.0241781
-0.0239214
-0.0236603
-0.023395
-0.0231255
-0.0228517
-0.0225737
-0.0222915
-0.0220052
-0.0217148
-0.0214202
-0.0211217
-0.0208191
-0.0205125
-0.0202019
-0.0198874
-0.019569
-0.0192467
-0.0189206
-0.0185907
-0.018257
-0.0179196
-0.0175785
-0.0172337
-0.0168852
-0.0165332
-0.0161776
-0.0158185
-0.0154559
-0.0150898
-0.0147203
-0.0143475
-0.0139713
-0.0135918
-0.013209
-0.012823
-0.0124338
-0.0120415
-0.011646
-0.0112475
-0.0108459
-0.0104414
-0.0100339
-0.00962352
-0.00921026
-0.00879417
-0.0083753
-0.00795369
-0.00752939
-0.00710242
-0.00667285
-0.0062407
-0.00580603
-0.00536888
-0.00492928
-0.0044873
-0.00404296
-0.00359632
-0.00314742
-0.00269631
-0.00224302
-0.00178761
-0.00133012
-0.000870604
-0.000409098
5.43485e-05
0.000519688
0.000986875
0.00145586
0.0019266
0.00239905
0.00287315
0.00334887
0.00382614
0.00430494
0.0047852
0.00526688
0.00574993
0.0062343
0.00671995
0.00720682
0.00769487
0.00818405
0.0086743
0.00916559
0.00965786
0.0101511
0.0106451
0.0111401
0.0116357
0.0121322
0.0126293
0.013127
0.0136254
0.0141242
0.0146236
0.0151234
0.0156236
0.0161241
0.0166249
0.0171259
0.0176271
0.0181285
0.0186299
0.0191314
0.0196329
0.0201343
0.0206356
0.0211367
0.0216376
0.0221382
0.0226386
0.0231385
0.0236381
0.0241372
0.0246358
0.0251338
0.0256312
0.0261279
0.026624
0.0271192
0.0276137
0.0281073
0.0286
0.0290918
0.0295825
0.0300722
0.0305608
0.0310483
0.0315345
0.0320195
0.0325032
0.0329856
0.0334666
0.0339461
0.0344242
0.0349007
0.0353757
0.035849
0.0363206
0.0367906
0.0372588
0.0377251
0.0381897
0.0386523
0.0391129
0.0395716
0.0400282
0.0404828
0.0409352
0.0413854
0.0418335
0.0422792
0.0427227
0.0431638
0.0436025
0.0440387
0.0444725
0.0449038
0.0453325
0.0457586
0.046182
0.0466028
0.0470208
0.0474361
0.0478485
0.0482581
0.0486648
0.0490686
0.0494693
0.0498671
0.0502618
0.0506535
0.051042
0.0514273
0.0518095
0.0521884
0.052564
0.0529363
0.0533053
0.0536708
0.054033
0.0543917
0.0547469
0.0550986
0.0554467
0.0557912
0.0561321
0.0564693
0.0568029
0.0571327
0.0574587
0.057781
0.0580994
0.058414
0.0587248
0.0590316
0.0593344
0.0596333
0.0599282
0.060219
0.0605058
0.0607886
0.0610672
0.0613416
0.0616119
0.061878
0.0621399
0.0623976
0.0626509
0.0629
0.0631448
0.0633852
0.0636213
0.063853
0.0640803
0.0643031
0.0645215
0.0647354
0.0649449
0.0651498
0.0653502
0.065546
0.0657373
0.065924
0.066106
0.0662835
0.0664563
0.0666244
0.0667879
0.0669467
0.0671008
0.0672501
0.0673948
0.0675346
0.0676698
0.0678001
0.0679257
0.0680464
0.0681624
0.0682735
0.0683798
0.0684813
0.0685779
0.0686697
0.0687566
0.0688386
0.0689157
0.068988
0.0690553
0.0691177
0.0691753
0.0692279
0.0692756
0.0693183
0.0693562
0.0693891
0.0694171
0.0694401
0.0694582
0.0694714
0.0694796
0.0694829
0.0694812
0.0694746
0.069463
0.0694465
0.0694251
0.0693988
0.0693675
0.0693313
0.0692901
0.0692441
0.0691931
0.0691372
0.0690764
0.0690107
0.0689401
0.0688646
0.0687843
0.0686991
0.068609
0.0685141
0.0684143
0.0683097
0.0682003
0.0680861
0.067967
0.0678432
0.0677146
0.0675813
0.0674432
0.0673003
0.0671528
0.0670005
0.0668435
0.0666819
0.0665156
0.0663447
0.0661691
0.065989
0.0658042
0.0656149
0.065421
0.0652226
0.0650196
0.0648122
0.0646003
0.064384
0.0641632
0.063938
0.0637084
0.0634745
0.0632362
0.0629936
0.0627467
0.0624955
0.0622401
0.0619805
0.0617166
0.0614486
0.0611765
0.0609003
0.0606199
0.0603355
0.0600471
0.0597547
0.0594583
0.059158
0.0588537
0.0585456
0.0582336
0.0579177
0.0575981
0.0572748
0.0569477
0.0566169
0.0562824
0.0559444
0.0556027
0.0552574
0.0549087
0.0545564
0.0542007
0.0538416
0.053479
0.0531131
0.052744
0.0523715
0.0519958
0.0516169
0.0512348
0.0508496
0.0504613
0.0500699
0.0496755
0.0492782
0.0488779
0.0484748
0.0480687
0.0476599
0.0472483
0.046834
0.0464169
0.0459972
0.045575
0.0451501
0.0447227
0.0442929
0.0438606
0.0434259
0.0429888
0.0425495
0.0421079
0.041664
0.041218
0.0407699
0.0403196
0.0398674
0.0394131
0.0389569
0.0384987
0.0380388
0.037577
0.0371134
0.0366481
0.0361811
0.0357125
0.0352423
0.0347706
0.0342974
0.0338228
0.0333468
0.0328694
0.0323907
0.0319108
0.0314296
0.0309474
0.030464
0.0299795
0.0294941
0.0290076
0.0285203
0.0280321
0.0275431
0.0270534
0.0265629
0.0260717
0.02558
0.0250876
0.0245948
0.0241015
0.0236077
0.0231136
0.0226192
0.0221245
0.0216296
0.0211345
0.0206393
0.020144
0.0196487
0.0191534
0.0186582
0.0181631
0.0176682
0.0171736
0.0166792
0.0161851
0.0156914
0.0151982
0.0147054
0.0142131
0.0137214
0.0132304
0.01274
0.0122503
0.0117614
0.0112733
0.0107861
0.0102999
0.00981454
0.00933024
0.00884701
0.00836489
0.00788394
0.0074042
0.00692572
0.00644855
0.00597274
0.00549833
0.00502538
0.00455392
0.00408401
0.0036157
0.00314903
0.00268405
0.0022208
0.00175934
0.00129971
0.000841956
0.000386123
-6.77415e-05
-0.000519592
-0.000969383
-0.00141707
-0.0018626
-0.00230594
-0.00274704
-0.00318586
-0.00362235
-0.00405646
-0.00448816
-0.0049174
-0.00534413
-0.00576832
-0.00618991
-0.00660888
-0.00702517
-0.00743874
-0.00784956
-0.00825758
-0.00866275
-0.00906505
-0.00946442
-0.00986083
-0.0102542
-0.0106446
-0.0110319
-0.011416
-0.011797
-0.0121749
-0.0125494
-0.0129207
-0.0132887
-0.0136533
-0.0140146
-0.0143724
-0.0147268
-0.0150776
-0.015425
-0.0157688
-0.0161089
-0.0164455
-0.0167784
-0.0171076
-0.017433
-0.0177547
-0.0180726
-0.0183866
-0.0186968
-0.0190031
-0.0193054
-0.0196038
-0.0198983
-0.0201887
-0.020475
-0.0207573
-0.0210355
-0.0213095
-0.0215794
-0.0218451
-0.0221066
-0.0223638
-0.0226168
-0.0228655
-0.0231099
-0.0233499
-0.0235856
-0.0238169
-0.0240438
-0.0242662
-0.0244842
-0.0246976
-0.0249066
-0.0251111
-0.025311
-0.0255064
-0.0256972
-0.0258833
-0.0260649
-0.0262418
-0.026414
-0.0265816
-0.0267444
-0.0269026
-0.027056
-0.0272047
-0.0273487
-0.0274878
-0.0276222
-0.0277517
-0.0278765
-0.0279964
-0.0281115
-0.0282217
-0.0283271
-0.0284276
-0.0285232
-0.0286139
-0.0286997
-0.0287806
-0.0288565
-0.0289276
-0.0289936
-0.0290548
-0.029111
-0.0291622
-0.0292085
-0.0292497
-0.0292861
-0.0293174
-0.0293437
-0.0293651
-0.0293814
-0.0293928
-0.0293992
-0.0294006
-0.0293969
-0.0293883
-0.0293747
-0.0293561
-0.0293325
-0.0293039
-0.0292702
-0.0292316
-0.0291881
-0.0291395
