0.0025
0.00499891
0.00749679
0.0099937
0.00999371
0.0124896
0.0149847
0.0174789
0.0199723
0.022465
0.0249568
0.0274479
0.0299384
0.0324282
0.0349174
0.037406
0.039894
0.0423815
0.0448686
0.0473552
0.0498414
0.0523273
0.0548128
0.057298
0.0597829
0.0622676
0.064752
0.0672363
0.0697204
0.0722044
0.0746883
0.0771721
0.0796558
0.0821395
0.0846232
0.0871069
0.0895906
0.0920743
0.0945581
0.097042
0.0995259
0.10201
0.104494
0.106978
0.109463
0.111947
0.114432
0.116916
0.119401
0.121886
0.124371
0.126856
0.129342
0.131827
0.134313
0.136799
0.139284
0.14177
0.144256
0.146742
0.149228
0.151714
0.1542
0.156686
0.159172
0.161658
0.164144
0.16663
0.169116
0.171601
0.174086
0.176571
0.179056
0.18154
0.184024
0.186507
0.188991
0.191473
0.193956
0.196437
0.198918
0.201399
0.203878
0.206357
0.208835
0.211313
0.213789
0.216265
0.218739
0.221213
0.223685
0.226157
0.228627
0.231095
0.233563
0.236029
0.238493
0.240956
0.243418
0.245878
0.248336
0.250792
0.253247
0.255699
0.25815
0.260598
0.263044
0.265489
0.26793
0.27037
0.272807
0.275241
0.277673
0.280102
0.282529
0.284953
0.287373
0.289791
0.292206
0.294617
0.297025
0.29943
0.301832
0.30423
0.306624
0.309015
0.311402
0.313785
0.316164
0.318539
0.320909
0.323276
0.325638
0.327996
0.33035
0.332698
0.335043
0.337382
0.339716
0.342046
0.34437
0.346689
0.349003
0.351311
0.353614
0.355912
0.358203
0.360489
0.362769
0.365043
0.367311
0.369573
0.371829
0.374078
0.376321
0.378557
0.380787
0.383009
0.385225
0.387434
0.389636
0.391831
0.394018
0.396198
0.398371
0.400536
0.402694
0.404843
0.406985
0.409119
0.411245
0.413363
0.415472
0.417573
0.419666
0.42175
0.423826
0.425893
0.427951
0.43
0.432041
0.434072
0.436094
0.438107
0.44011
0.442105
0.444089
0.446064
0.44803
0.449985
0.451931
0.453867
0.455793
0.457709
0.459614
0.46151
0.463395
0.465269
0.467134
0.468987
0.47083
0.472663
0.474484
0.476295
0.478095
0.479884
0.481662
0.483429
0.485184
0.486929
0.488662
0.490383
0.492094
0.493792
0.49548
0.497155
0.498819
0.500472
0.502112
0.503741
0.505358
0.506963
0.508556
0.510137
0.511705
0.513262
0.514807
0.516339
0.517859
0.519367
0.520862
0.522345
0.523816
0.525274
0.52672
0.528153
0.529573
0.530981
0.532376
0.533759
0.535129
0.536486
0.53783
0.539161
0.54048
0.541786
0.543078
0.544358
0.545625
0.546879
0.54812
0.549348
0.550563
0.551765
0.552953
0.554129
0.555291
0.55644
0.557576
0.558699
0.559809
0.560905
0.561988
0.563058
0.564115
0.565158
0.566188
0.567204
0.568208
0.569198
0.570174
0.571137
0.572087
0.573023
0.573946
0.574856
0.575752
0.576635
0.577504
0.57836
0.579202
0.580031
0.580846
0.581648
0.582436
0.583211
0.583973
0.58472
0.585455
0.586176
0.586883
0.587577
0.588257
0.588924
0.589577
0.590217
0.590843
0.591456
0.592055
0.59264
0.593212
0.593771
0.594315
0.594847
0.595365
0.595869
0.59636
0.596837
0.5973
0.597751
0.598187
0.59861
0.59902
0.599416
0.599798
0.600167
0.600522
0.600864
0.601192
0.601507
0.601808
0.602096
0.60237
0.602631
0.602878
0.603112
0.603332
0.603539
0.603732
0.603912
0.604078
0.604231
0.60437
0.604496
0.604609
0.604707
0.604793
0.604865
0.604924
0.604969
0.605001
0.605019
0.605024
0.605015
0.604993
0.604958
0.604909
0.604847
0.604772
0.604683
0.604581
0.604465
0.604336
0.604194
0.604039
0.60387
0.603688
0.603492
0.603283
0.603061
0.602826
0.602577
0.602315
0.60204
0.601752
0.60145
0.601136
0.600808
0.600466
0.600112
0.599744
0.599364
0.59897
0.598563
0.598142
0.597709
0.597263
0.596803
0.59633
0.595845
0.595346
0.594834
0.594309
0.593771
0.59322
0.592657
0.59208
0.59149
0.590887
0.590271
0.589643
0.589001
0.588346
0.587679
0.586999
0.586306
0.5856
0.584881
0.584149
0.583405
0.582648
0.581878
0.581095
0.5803
0.579492
0.578671
0.577837
0.576991
0.576132
0.575261
0.574377
0.57348
0.572571
0.57165
0.570716
0.569769
0.56881
0.567838
0.566854
0.565857
0.564849
0.563827
0.562794
0.561748
0.56069
0.559619
0.558536
0.557441
0.556334
0.555214
0.554083
0.552939
0.551783
0.550615
0.549435
0.548243
0.547038
0.545822
0.544594
0.543354
0.542102
0.540838
0.539562
0.538275
0.536975
0.535664
0.534341
0.533007
0.53166
0.530302
0.528932
0.527551
0.526158
0.524754
0.523338
0.52191
0.520471
0.519021
0.517559
0.516086
0.514602
0.513106
0.511599
0.510081
0.508552
0.507011
0.505459
0.503896
0.502323
0.500738
0.499142
0.497535
0.495917
0.494288
0.492649
0.490998
0.489337
0.487665
0.485983
0.48429
0.482586
0.480871
0.479146
0.477411
0.475665
0.473908
0.472141
0.470364
0.468577
0.466779
0.464971
0.463153
0.461324
0.459486
0.457637
0.455779
0.45391
0.452031
0.450143
0.448245
0.446337
0.444419
0.442491
0.440554
0.438607
0.436651
0.434684
0.432709
0.430724
0.428729
0.426726
0.424712
0.42269
0.420658
0.418618
0.416568
0.414509
0.412441
0.410364
0.408278
0.406183
0.404079
0.401967
0.399845
0.397715
0.395577
0.39343
0.391274
0.38911
0.386937
0.384756
0.382566
0.380369
0.378163
0.375949
0.373726
0.371496
0.369258
0.367011
0.364757
0.362495
0.360225
0.357948
0.355662
0.353369
0.351068
0.34876
0.346445
0.344122
0.341791
0.339453
0.337108
0.334756
0.332396
0.33003
0.327656
0.325276
0.322888
0.320494
0.318093
0.315685
0.313271
0.310849
0.308422
0.305987
0.303547
0.301099
0.298646
0.296186
0.29372
0.291248
0.28877
0.286286
0.283795
0.281299
0.278797
0.276289
0.273776
0.271257
0.268732
0.266201
0.263666
0.261124
0.258578
0.256026
0.253469
0.250906
0.248339
0.245766
0.243189
0.240607
0.238019
0.235427
0.232831
0.230229
0.227623
0.225013
0.222398
0.219778
0.217155
0.214527
0.211895
0.209259
0.206618
0.203974
0.201326
0.198674
0.196018
0.193358
0.190695
0.188028
0.185357
0.182684
0.180006
0.177326
0.174642
0.171955
0.169265
0.166572
0.163875
0.161176
0.158475
0.15577
0.153063
0.150353
0.14764
0.144925
0.142208
0.139488
0.136766
0.134041
0.131315
0.128587
0.125856
0.123124
0.12039
0.117654
0.114916
0.112177
0.109436
0.106693
0.10395
0.101204
0.0984581
0.0957105
0.0929618
0.090212
0.0874612
0.0847096
0.0819571
0.0792038
0.0764499
0.0736953
0.0709402
0.0681846
0.0654287
0.0626724
0.0599158
0.0571591
0.0544023
0.0516455
0.0488887
0.0461836
0.0434271
0.0406707
0.0379146
0.0351589
0.0324036
0.0296488
0.0268946
0.024141
0.0213882
0.0186363
0.0158852
0.0131351
0.010386
0.00763812
0.0048914
0.00214596
-0.00059812
-0.00334077
-0.00608191
-0.00882147
-0.0115594
-0.0142955
-0.0170299
-0.0197623
-0.0224928
-0.0252213
-0.0279477
-0.0306718
-0.0333938
-0.0361133
-0.0388305
-0.0415452
-0.0442573
-0.0469668
-0.0496736
-0.0523776
-0.0550788
-0.0577771
-0.0604723
-0.0631645
-0.0658535
-0.0685394
-0.0712219
-0.0739011
-0.0765769
-0.0792492
-0.0819179
-0.084583
-0.0872443
-0.0899019
-0.0925556
-0.0952054
-0.0978513
-0.100493
-0.103131
-0.105764
-0.108393
-0.111018
-0.113639
-0.116255
-0.118866
-0.121473
-0.124075
-0.126672
-0.129265
-0.131853
-0.134436
-0.137014
-0.139586
-0.142154
-0.144716
-0.147274
-0.149826
-0.152372
-0.154913
-0.157449
-0.159979
-0.162503
-0.165022
-0.167535
-0.170042
-0.172543
-0.175038
-0.177527
-0.180011
-0.182488
-0.184959
-0.187423
-0.189882
-0.192334
-0.194779
-0.197218
-0.199651
-0.202077
-0.204497
-0.206909
-0.209315
-0.211714
-0.214107
-0.216492
-0.218871
-0.221242
-0.223606
-0.225964
-0.228314
-0.230657
-0.232992
-0.23532
-0.237641
-0.239955
-0.242261
-0.244559
-0.24685
-0.249133
-0.251409
-0.253677
-0.255937
-0.258189
-0.260433
-0.26267
-0.264898
-0.267119
-0.269331
-0.271535
-0.273732
-0.27592
-0.2781
-0.280271
-0.282434
-0.284589
-0.286736
-0.288874
-0.291003
-0.293124
-0.295237
-0.297341
-0.299436
-0.301523
-0.303601
-0.30567
-0.30773
-0.309782
-0.311824
-0.313858
-0.315883
-0.317898
-0.319905
-0.321903
-0.323892
-0.325871
-0.327841
-0.329803
-0.331755
-0.333697
-0.335631
-0.337555
-0.339469
-0.341375
-0.343271
-0.345157
-0.347034
-0.348901
-0.350759
-0.352608
-0.354446
-0.356276
-0.358095
-0.359905
-0.361705
-0.363495
-0.365275
-0.367046
-0.368807
-0.370558
-0.372299
-0.37403
-0.375751
-0.377463
-0.379164
-0.380855
-0.382537
-0.384208
-0.385869
-0.38752
-0.389161
-0.390791
-0.392412
-0.394022
-0.395622
-0.397212
-0.398791
-0.400361
-0.401919
-0.403468
-0.405006
-0.406534
-0.408051
-0.409558
-0.411055
-0.412541
-0.414016
-0.415481
-0.416936
-0.41838
-0.419813
-0.421236
-0.422648
-0.42405
-0.425441
-0.426821
-0.428191
-0.42955
-0.430898
-0.432236
-0.433562
-0.434878
-0.436184
-0.437478
-0.438762
-0.440034
-0.441296
-0.442547
-0.443788
-0.445017
-0.446235
-0.447443
-0.448639
-0.449825
-0.451
-0.452163
-0.453316
-0.454457
-0.455588
-0.456708
-0.457816
-0.458914
-0.46
-0.461075
-0.462139
-0.463192
-0.464234
-0.465265
-0.466285
-0.467293
-0.46829
-0.469276
-0.470251
-0.471215
-0.472167
-0.473108
-0.474038
-0.474957
-0.475864
-0.47676
-0.477644
-0.478518
-0.47938
-0.48023
-0.48107
-0.481898
-0.482714
-0.483519
-0.484313
-0.485095
-0.485866
-0.486626
-0.487374
-0.48811
-0.488835
-0.489549
-0.490251
-0.490942
-0.491621
-0.492288
-0.492944
-0.493589
-0.494222
-0.494843
-0.495453
-0.496051
-0.496637
-0.497212
-0.497776
-0.498327
-0.498867
-0.499396
-0.499912
-0.500417
-0.500911
-0.501392
-0.501862
-0.50232
-0.502767
-0.503201
-0.503624
-0.504036
-0.504435
-0.504823
-0.505198
-0.505562
-0.505915
-0.506255
-0.506584
-0.5069
-0.507205
-0.507498
-0.507779
-0.508048
-0.508306
-0.508551
-0.508784
-0.509006
-0.509215
-0.509413
-0.509599
-0.509772
-0.509934
-0.510083
-0.510221
-0.510347
-0.51046
-0.510562
-0.510651
-0.510729
-0.510794
-0.510847
-0.510888
-0.510917
-0.510934
-0.510939
-0.510931
-0.510912
-0.51088
-0.510836
-0.51078
-0.510712
-0.510631
-0.510538
-0.510433
-0.510316
-0.510187
-0.510045
-0.509891
-0.509725
-0.509546
-0.509355
-0.509152
-0.508936
-0.508708
-0.508468
-0.508215
-0.50795
-0.507673
-0.507383
-0.507081
-0.506766
-0.506439
-0.5061
-0.505748
-0.505383
-0.505006
-0.504617
-0.504215
-0.503801
-0.503374
-0.502935
-0.502483
-0.502018
-0.501542
-0.501052
-0.50055
-0.500035
-0.499508
-0.498969
-0.498416
-0.497851
-0.497274
-0.496684
-0.496081
-0.495466
-0.494838
-0.494197
-0.493544
-0.492878
-0.4922
-0.491509
-0.490805
-0.490088
-0.489359
-0.488617
-0.487863
-0.487096
-0.486316
-0.485524
-0.484718
-0.483901
-0.48307
-0.482227
-0.481371
-0.480503
-0.479621
-0.478727
-0.477821
-0.476902
-0.47597
-0.475025
-0.474068
-0.473098
-0.472116
-0.47112
-0.470112
-0.469092
-0.468059
-0.467013
-0.465955
-0.464884
-0.4638
-0.462704
-0.461595
-0.460474
-0.45934
-0.458194
-0.457035
-0.455863
-0.454679
-0.453483
-0.452274
-0.451052
-0.449818
-0.448572
-0.447313
-0.446042
-0.444758
-0.443462
-0.442154
-0.440833
-0.4395
-0.438155
-0.436798
-0.435428
-0.434046
-0.432652
-0.431245
-0.429827
-0.428396
-0.426954
-0.425499
-0.424032
-0.422553
-0.421063
-0.41956
-0.418045
-0.416519
-0.414981
-0.41343
-0.411868
-0.410295
-0.408709
-0.407112
-0.405503
-0.403883
-0.402251
-0.400608
-0.398953
-0.397286
-0.395609
-0.393919
-0.392219
-0.390507
-0.388784
-0.38705
-0.385305
-0.383548
-0.381781
-0.380002
-0.378212
-0.376412
-0.374601
-0.372779
-0.370946
-0.369102
-0.367248
-0.365383
-0.363508
-0.361622
-0.359725
-0.357818
-0.355901
-0.353974
-0.352036
-0.350088
-0.34813
-0.346162
-0.344184
-0.342196
-0.340198
-0.338191
-0.336173
-0.334146
-0.332109
-0.330063
-0.328007
-0.325941
-0.323866
-0.321782
-0.319689
-0.317586
-0.315474
-0.313353
-0.311224
-0.309085
-0.306937
-0.304781
-0.302615
-0.300441
-0.298259
-0.296068
-0.293868
-0.29166
-0.289444
-0.287219
-0.284987
-0.282746
-0.280497
-0.27824
-0.275975
-0.273702
-0.271422
-0.269133
-0.266838
-0.264534
-0.262223
-0.259905
-0.257579
-0.255246
-0.252906
-0.250559
-0.248205
-0.245843
-0.243475
-0.2411
-0.238718
-0.23633
-0.233935
-0.231533
-0.229125
-0.226711
-0.22429
-0.221863
-0.219429
-0.21699
-0.214545
-0.212093
-0.209636
-0.207173
-0.204704
-0.20223
-0.19975
-0.197265
-0.194774
-0.192277
-0.189776
-0.187269
-0.184757
-0.18224
-0.179718
-0.177192
-0.17466
-0.172123
-0.169582
-0.167036
-0.164486
-0.161931
-0.159372
-0.156809
-0.154241
-0.151669
-0.149093
-0.146513
-0.143929
-0.141341
-0.138749
-0.136154
-0.133554
-0.130952
-0.128345
-0.125736
-0.123123
-0.120506
-0.117887
-0.115264
-0.112638
-0.110009
-0.107377
-0.104743
-0.102105
-0.0994648
-0.0968219
-0.0941764
-0.0915283
-0.0888779
-0.0862251
-0.0835699
-0.0809125
-0.078253
-0.0755914
-0.0729277
-0.0702621
-0.0675946
-0.0649253
-0.0622543
-0.0595816
-0.0569073
-0.0542314
-0.0515541
-0.0488754
-0.0461954
-0.0435141
-0.0408316
-0.038148
-0.0354633
-0.0327777
-0.0300912
-0.0274038
-0.0247156
-0.0220268
-0.0193373
-0.0166472
-0.0139567
-0.0112657
-0.00857431
-0.00588266
-0.00319077
-0.000498729
0.00219341
0.0048391
0.00500887
0.00500891
0.0075262
0.0102183
0.0129104
0.0156022
0.0182937
0.0209849
0.0236757
0.0263661
0.0290558
0.031745
0.0344335
0.0371212
0.0398081
0.0424942
0.0451792
0.0478633
0.0505462
0.053228
0.0559085
0.0585877
0.0612656
0.063942
0.066617
0.0692903
0.071962
0.074632
0.0773003
0.0799666
0.0826311
0.0852936
0.0879541
0.0906124
0.0932686
0.0959225
0.0985741
0.101223
0.10387
0.106514
0.109156
0.111795
0.114431
0.117065
0.119696
0.122323
0.124948
0.12757
0.130189
0.132804
0.135416
0.138025
0.140631
0.143233
0.145832
0.148427
0.151018
0.153606
0.15619
0.15877
0.161346
0.163919
0.166487
0.169051
0.171611
0.174167
0.176719
0.179266
0.181809
0.184347
0.186881
0.18941
0.191934
0.194454
0.196969
0.199479
0.201984
0.204485
0.20698
0.20947
0.211955
0.214434
0.216909
0.219378
0.221841
0.224299
0.226752
0.229199
0.23164
0.234075
0.236505
0.238929
0.241347
0.243758
0.246164
0.248564
0.250958
0.253345
0.255726
0.2581
0.260469
0.26283
0.265186
0.267534
0.269876
0.272212
0.27454
0.276862
0.279176
0.281484
0.283785
0.286079
0.288365
0.290645
0.292917
0.295181
0.297439
0.299689
0.301931
0.304166
0.306394
0.308614
0.310826
0.31303
0.315226
0.317415
0.319595
0.321768
0.323933
0.326089
0.328237
0.330378
0.332509
0.334633
0.336748
0.338855
0.340953
0.343043
0.345124
0.347196
0.34926
0.351315
0.353361
0.355399
0.357427
0.359447
0.361457
0.363459
0.365451
0.367434
0.369408
0.371373
0.373328
0.375275
0.377211
0.379138
0.381056
0.382964
0.384863
0.386752
0.388631
0.390501
0.39236
0.39421
0.39605
0.397881
0.399701
0.401511
0.403311
0.405101
0.406881
0.40865
0.41041
0.412159
0.413898
0.415626
0.417344
0.419052
0.420749
0.422436
0.424112
0.425777
0.427432
0.429076
0.430709
0.432332
0.433944
0.435545
0.437135
0.438714
0.440282
0.441839
0.443385
0.44492
0.446444
0.447957
0.449459
0.450949
0.452428
0.453896
0.455353
0.456798
0.458231
0.459654
0.461065
0.462464
0.463852
0.465228
0.466593
0.467946
0.469287
0.470617
0.471935
0.473241
0.474536
0.475818
0.477089
0.478348
0.479595
0.48083
0.482053
0.483264
0.484463
0.48565
0.486825
0.487988
0.489139
0.490277
0.491404
0.492518
0.49362
0.49471
0.495787
0.496852
0.497905
0.498945
0.499973
0.500989
0.501992
0.502983
0.503961
0.504927
0.50588
0.50682
0.507749
0.508664
0.509567
0.510457
0.511335
0.5122
0.513052
0.513891
0.514718
0.515532
0.516333
0.517122
0.517897
0.51866
0.51941
0.520147
0.520871
0.521583
0.522281
0.522966
0.523639
0.524298
0.524945
0.525578
0.526199
0.526806
0.527401
0.527982
0.528551
0.529106
0.529648
0.530177
0.530693
0.531196
0.531685
0.532161
0.532625
0.533075
0.533512
0.533935
0.534346
0.534743
0.535127
0.535497
0.535855
0.536199
0.53653
0.536848
0.537152
0.537443
0.53772
0.537985
0.538236
0.538473
0.538698
0.538909
0.539106
0.539291
0.539462
0.539619
0.539763
0.539894
0.540012
0.540116
0.540206
0.540283
0.540347
0.540398
0.540435
0.540458
0.540468
0.540465
0.540449
0.540419
0.540375
0.540318
0.540248
0.540165
0.540068
0.539957
0.539833
0.539696
0.539545
0.539381
0.539204
0.539013
0.538809
0.538591
0.53836
0.538116
0.537858
0.537587
0.537303
0.537005
0.536694
0.536369
0.536031
0.53568
0.535316
0.534938
0.534547
0.534143
0.533725
0.533294
0.53285
0.532393
0.531922
0.531439
0.530941
0.530431
0.529908
0.529371
0.528822
0.528259
0.527683
0.527094
0.526491
0.525876
0.525248
0.524606
0.523952
0.523284
0.522604
0.52191
0.521204
0.520484
0.519752
0.519007
0.518249
0.517478
0.516694
0.515897
0.515087
0.514265
0.51343
0.512582
0.511722
0.510848
0.509962
0.509064
0.508153
0.507229
0.506292
0.505343
0.504382
0.503408
0.502422
0.501423
0.500411
0.499388
0.498351
0.497303
0.496242
0.495169
0.494084
0.492986
0.491877
0.490755
0.489621
0.488475
0.487316
0.486146
0.484964
0.48377
0.482564
0.481346
0.480116
0.478874
0.47762
0.476355
0.475078
0.473789
0.472488
0.471176
0.469853
0.468517
0.46717
0.465812
0.464442
0.463061
0.461669
0.460265
0.458849
0.457423
0.455985
0.454536
0.453076
0.451605
0.450123
0.44863
0.447125
0.44561
0.444084
0.442547
0.440999
0.43944
0.437871
0.436291
0.4347
0.433099
0.431487
0.429864
0.428231
0.426588
0.424934
0.42327
0.421595
0.41991
0.418215
0.41651
0.414794
0.413069
0.411333
0.409588
0.407832
0.406066
0.404291
0.402506
0.400711
0.398906
0.397091
0.395267
0.393433
0.39159
0.389737
0.387874
0.386002
0.384121
0.38223
0.38033
0.378421
0.376503
0.374575
0.372639
0.370693
0.368738
0.366774
0.364802
0.36282
0.36083
0.35883
0.356822
0.354806
0.35278
0.350747
0.348704
0.346653
0.344593
0.342526
0.340449
0.338365
0.336272
0.33417
0.332061
0.329944
0.327818
0.325684
0.323543
0.321393
0.319235
0.31707
0.314897
0.312716
0.310527
0.308331
0.306126
0.303915
0.301696
0.299469
0.297235
0.294993
0.292744
0.290488
0.288224
0.285954
0.283676
0.28139
0.279098
0.276799
0.274493
0.27218
0.26986
0.267533
0.265199
0.262858
0.260511
0.258157
0.255797
0.25343
0.251056
0.248676
0.246289
0.243896
0.241497
0.239091
0.236679
0.234261
0.231836
0.229406
0.226969
0.224527
0.222078
0.219623
0.217163
0.214696
0.212224
0.209746
0.207262
0.204773
0.202278
0.199777
0.197271
0.194759
0.192242
0.18972
0.187192
0.184658
0.18212
0.179576
0.177027
0.174473
0.171913
0.169349
0.16678
0.164205
0.161626
0.159042
0.156453
0.153859
0.151261
0.148658
0.14605
0.143437
0.14082
0.138199
0.135573
0.132943
0.130308
0.127669
0.125025
0.122378
0.119726
0.11707
0.11441
0.111746
0.109078
0.106406
0.10373
0.10105
0.0983669
0.0956797
0.0929887
0.090294
0.0875958
0.084894
0.0821887
0.07948
0.0767678
0.0740523
0.0713335
0.0686115
0.0658862
0.0631578
0.0604263
0.0576918
0.0549543
0.0522139
0.0494706
0.0467244
0.0439755
0.0412239
0.0384697
0.0357128
0.0357127
0.0329534
0.0301915
0.0274272
0.0246605
0.0218915
0.0191202
0.0163467
0.0135712
0.0107935
0.00801384
0.00523222
0.00244872
-0.000336612
-0.0031237
-0.00591248
-0.0087029
-0.0114949
-0.0142884
-0.0170833
-0.0198796
-0.0226772
-0.025476
-0.028276
-0.031077
-0.0338791
-0.0366822
-0.0394861
-0.0422909
-0.0450963
-0.0479025
-0.0507092
-0.0535164
-0.0563241
-0.0591321
-0.0619405
-0.064749
-0.0675576
-0.0703663
-0.073175
-0.0759835
-0.0787918
-0.0815999
-0.0844076
-0.0872148
-0.0900215
-0.0928276
-0.095633
-0.0984376
-0.101241
-0.104044
-0.106846
-0.109646
-0.112446
-0.115244
-0.11804
-0.120835
-0.123629
-0.126421
-0.129211
-0.131999
-0.134785
-0.137569
-0.14035
-0.14313
-0.145907
-0.148682
-0.151454
-0.154223
-0.15699
-0.159754
-0.162515
-0.165272
-0.168027
-0.170778
-0.173526
-0.17627
-0.179011
-0.181748
-0.184481
-0.18721
-0.189935
-0.192656
-0.195373
-0.198086
-0.200794
-0.203497
-0.206196
-0.20889
-0.211579
-0.214263
-0.216942
-0.219615
-0.222284
-0.224947
-0.227604
-0.230256
-0.232902
-0.235542
-0.238176
-0.240804
-0.243426
-0.246041
-0.24865
-0.251253
-0.253849
-0.256438
-0.259021
-0.261596
-0.264164
-0.266725
-0.269279
-0.271826
-0.274365
-0.276897
-0.27942
-0.281936
-0.284445
-0.286945
-0.289437
-0.291921
-0.294396
-0.296864
-0.299322
-0.301772
-0.304214
-0.306647
-0.309071
-0.311485
-0.313891
-0.316288
-0.318676
-0.321054
-0.323423
-0.325782
-0.328132
-0.330472
-0.332802
-0.335123
-0.337433
-0.339734
-0.342024
-0.344305
-0.346575
-0.348834
-0.351084
-0.353323
-0.355551
-0.357769
-0.359976
-0.362173
-0.364358
-0.366533
-0.368696
-0.370849
-0.372991
-0.375121
-0.377241
-0.379349
-0.381445
-0.383531
-0.385604
-0.387667
-0.389717
-0.391757
-0.393784
-0.3958
-0.397804
-0.399796
-0.401776
-0.403745
-0.405701
-0.407645
-0.409578
-0.411498
-0.413406
-0.415302
-0.417186
-0.419057
-0.420916
-0.422763
-0.424597
-0.426419
-0.428229
-0.430026
-0.43181
-0.433582
-0.435341
-0.437088
-0.438822
-0.440544
-0.442252
-0.443948
-0.445631
-0.447302
-0.448959
-0.450604
-0.452236
-0.453855
-0.455461
-0.457054
-0.458635
-0.460202
-0.461756
-0.463297
-0.464825
-0.466341
-0.467843
-0.469332
-0.470808
-0.47227
-0.47372
-0.475157
-0.47658
-0.47799
-0.479387
-0.480771
-0.482141
-0.483499
-0.484843
-0.486174
-0.487491
-0.488795
-0.490086
-0.491364
-0.492629
-0.49388
-0.495117
-0.496342
-0.497553
-0.498751
-0.499935
-0.501106
-0.502264
-0.503408
-0.504539
-0.505657
-0.506761
-0.507852
-0.508929
-0.509993
-0.511044
-0.512081
-0.513104
-0.514115
-0.515111
-0.516095
-0.517065
-0.518021
-0.518964
-0.519894
-0.52081
-0.521713
-0.522602
-0.523478
-0.52434
-0.525189
-0.526025
-0.526847
-0.527655
-0.52845
-0.529232
-0.53
-0.530754
-0.531496
-0.532223
-0.532937
-0.533638
-0.534325
-0.534999
-0.535659
-0.536306
-0.536939
-0.537559
-0.538166
-0.538758
-0.539338
-0.539904
-0.540456
-0.540995
-0.541521
-0.542033
-0.542531
-0.543016
-0.543488
-0.543946
-0.544391
-0.544822
-0.54524
-0.545644
-0.546035
-0.546412
-0.546776
-0.547127
-0.547464
-0.547787
-0.548098
-0.548394
-0.548678
-0.548947
-0.549204
-0.549447
-0.549676
-0.549893
-0.550095
-0.550285
-0.550461
-0.550623
-0.550772
-0.550908
-0.55103
-0.551139
-0.551235
-0.551317
-0.551386
-0.551441
-0.551483
-0.551512
-0.551528
-0.55153
-0.551518
-0.551494
-0.551456
-0.551405
-0.55134
-0.551262
-0.551171
-0.551067
-0.550949
-0.550818
-0.550674
-0.550516
-0.550346
-0.550162
-0.549964
-0.549754
-0.54953
-0.549293
-0.549043
-0.54878
-0.548503
-0.548214
-0.547911
-0.547595
-0.547266
-0.546924
-0.546569
-0.5462
-0.545819
-0.545424
-0.545016
-0.544595
-0.544162
-0.543715
-0.543255
-0.542782
-0.542296
-0.541797
-0.541285
-0.54076
-0.540223
-0.539672
-0.539108
-0.538532
-0.537942
-0.53734
-0.536725
-0.536097
-0.535456
-0.534802
-0.534136
-0.533456
-0.532764
-0.532059
-0.531342
-0.530611
-0.529868
-0.529113
-0.528344
-0.527563
-0.52677
-0.525963
-0.525145
-0.524313
-0.523469
-0.522613
-0.521743
-0.520862
-0.519968
-0.519061
-0.518142
-0.517211
-0.516267
-0.515311
-0.514343
-0.513362
-0.512369
-0.511363
-0.510345
-0.509316
-0.508273
-0.507219
-0.506153
-0.505074
-0.503983
-0.50288
-0.501765
-0.500638
-0.499499
-0.498348
-0.497185
-0.49601
-0.494824
-0.493625
-0.492414
-0.491192
-0.489958
-0.488712
-0.487454
-0.486185
-0.484903
-0.483611
-0.482306
-0.48099
-0.479663
-0.478323
-0.476973
-0.475611
-0.474237
-0.472852
-0.471456
-0.470048
-0.468629
-0.467199
-0.465757
-0.464304
-0.46284
-0.461365
-0.459879
-0.458382
-0.456873
-0.455354
-0.453823
-0.452282
-0.45073
-0.449167
-0.447593
-0.446008
-0.444413
-0.442807
-0.44119
-0.439562
-0.437924
-0.436276
-0.434617
-0.432947
-0.431267
-0.429576
-0.427875
-0.426164
-0.424443
-0.422711
-0.420969
-0.419217
-0.417455
-0.415682
-0.4139
-0.412108
-0.410306
-0.408493
-0.406671
-0.404839
-0.402998
-0.401146
-0.399285
-0.397415
-0.395534
-0.393645
-0.391745
-0.389836
-0.387918
-0.385991
-0.384054
-0.382108
-0.380152
-0.378188
-0.376214
-0.374231
-0.372239
-0.370238
-0.368229
-0.36621
-0.364183
-0.362146
-0.360101
-0.358048
-0.355985
-0.353914
-0.351835
-0.349747
-0.34765
-0.345546
-0.343432
-0.341311
-0.339181
-0.337044
-0.334898
-0.332744
-0.330582
-0.328412
-0.326234
-0.324048
-0.321854
-0.319653
-0.317444
-0.315227
-0.313003
-0.310771
-0.308532
-0.306286
-0.304031
-0.30177
-0.299502
-0.297226
-0.294943
-0.292653
-0.290356
-0.288052
-0.285741
-0.283423
-0.281098
-0.278767
-0.276429
-0.274084
-0.271733
-0.269375
-0.267011
-0.264641
-0.262264
-0.259881
-0.257491
-0.255096
-0.252694
-0.250287
-0.247873
-0.245453
-0.243028
-0.240597
-0.23816
-0.235717
-0.233269
-0.230816
-0.228357
-0.225892
-0.223422
-0.220947
-0.218466
-0.215981
-0.21349
-0.210994
-0.208494
-0.205988
-0.203477
-0.200962
-0.198442
-0.195917
-0.193388
-0.190854
-0.188316
-0.185774
-0.183227
-0.180675
-0.17812
-0.17556
-0.172997
-0.170429
-0.167857
-0.165282
-0.162703
-0.16012
-0.157533
-0.154943
-0.152349
-0.149751
-0.147151
-0.144547
-0.141939
-0.139329
-0.136715
-0.134098
-0.131479
-0.128856
-0.12623
-0.123602
-0.120971
-0.118337
-0.115701
-0.113062
-0.110421
-0.107777
-0.105131
-0.102483
-0.099833
-0.0971805
-0.0945261
-0.0918697
-0.0892113
-0.0865512
-0.0838893
-0.0812258
-0.0785606
-0.0758939
-0.0732257
-0.0705562
-0.0678853
-0.0652132
-0.0625398
-0.0598654
-0.05719
-0.0545135
-0.0518362
-0.0491581
-0.0464792
-0.0437996
-0.0411195
-0.0384388
-0.0357576
-0.0330761
-0.0303942
-0.0277121
-0.0250298
-0.0223474
-0.019665
-0.0169826
-0.0143003
-0.0116183
-0.00893648
-0.00625501
-0.00359646
-0.000915833
0.00176427
0.00444377
0.00712261
0.0098007
0.012478
0.0151543
0.0178298
0.0205041
0.0231774
0.0258494
0.0285202
0.0311897
0.0338577
0.0365243
0.0391893
0.0418526
0.0445143
0.0471741
0.0498321
0.0524882
0.0551423
0.0577943
0.0604442
0.0630918
0.0657372
0.0683801
0.0710207
0.0736587
0.0762942
0.078927
0.081557
0.0841843
0.0868087
0.0894301
0.0920486
0.0946639
0.0972761
0.0998851
0.102491
0.105093
0.107692
0.110287
0.112879
0.115467
0.118052
0.120632
0.123209
0.125782
0.128351
0.130916
0.133476
0.136033
0.138585
0.141133
0.143677
0.146216
0.14875
0.15128
0.153805
0.156326
0.158841
0.161352
0.163858
0.166359
0.168855
0.171346
0.173831
0.176312
0.178787
0.181256
0.18372
0.186179
0.188632
0.19108
0.193521
0.195957
0.198388
0.200812
0.20323
0.205643
0.208049
0.21045
0.212844
0.215232
0.217613
0.219988
0.222357
0.22472
0.227075
0.229425
0.231767
0.234103
0.236433
0.238755
0.241071
0.243379
0.245681
0.247976
0.250263
0.252544
0.254817
0.257083
0.259342
0.261593
0.263837
0.266074
0.268303
0.270525
0.272739
0.274945
0.277144
0.279335
0.281518
0.283693
0.285861
0.28802
0.290172
0.292316
0.294451
0.296578
0.298698
0.300809
0.302912
0.305006
0.307092
0.30917
0.311239
0.3133
0.315353
0.317397
0.319432
0.321458
0.323476
0.325486
0.327486
0.329478
0.331461
0.333435
0.3354
0.337356
0.339303
0.341241
0.34317
0.34509
0.347001
0.348903
0.350796
0.352679
0.354553
0.356417
0.358273
0.360119
0.361955
0.363782
0.3656
0.367408
0.369207
0.370996
0.372775
0.374545
0.376305
0.378055
0.379796
0.381527
0.383248
0.384959
0.386661
0.388352
0.390034
0.391705
0.393367
0.395019
0.396661
0.398292
0.399914
0.401526
0.403127
0.404718
0.406299
0.40787
0.409431
0.410981
0.412522
0.414052
0.415571
0.41708
0.418579
0.420068
0.421546
0.423013
0.42447
0.425917
0.427353
0.428779
0.430194
0.431599
0.432993
0.434376
0.435749
0.437111
0.438462
0.439803
0.441133
0.442452
0.443761
0.445059
0.446346
0.447622
0.448888
0.450142
0.451386
0.452619
0.453841
0.455052
0.456252
0.457441
0.45862
0.459787
0.460944
0.462089
0.463223
0.464347
0.465459
0.46656
0.46765
0.468729
0.469797
0.470854
0.4719
0.472935
0.473958
0.47497
0.475972
0.476961
0.47794
0.478908
0.479864
0.480809
0.481743
0.482665
0.483576
0.484476
0.485365
0.486242
0.487108
0.487962
0.488806
0.489637
0.490458
0.491267
0.492065
0.492851
0.493626
0.494389
0.495141
0.495882
0.496611
0.497328
0.498034
0.498729
0.499412
0.500083
0.500743
0.501392
0.502029
0.502654
0.503268
0.50387
0.504461
0.50504
0.505608
0.506164
0.506708
0.507241
0.507762
0.508271
0.508769
0.509255
0.509729
0.510192
0.510643
0.511082
0.51151
0.511926
0.51233
0.512722
0.513103
0.513472
0.513829
0.514175
0.514508
0.51483
0.51514
0.515439
0.515725
0.516
0.516263
0.516514
0.516753
0.51698
0.517196
0.5174
0.517591
0.517771
0.51794
0.518096
0.51824
0.518372
0.518493
0.518601
0.518698
0.518783
0.518856
0.518916
0.518965
0.519002
0.519027
0.51904
0.519041
0.51903
0.519007
0.518972
0.518925
0.518866
0.518795
0.518712
0.518617
0.51851
0.518391
0.51826
0.518116
0.517961
0.517794
0.517614
0.517422
0.517219
0.517003
0.516775
0.516535
0.516283
0.516018
0.515742
0.515453
0.515153
0.51484
0.514515
0.514178
0.513828
0.513467
0.513093
0.512707
0.512309
0.511899
0.511476
0.511041
0.510595
0.510135
0.509664
0.509181
0.508685
0.508177
0.507656
0.507124
0.506579
0.506022
0.505453
0.504871
0.504278
0.503672
0.503053
0.502423
0.50178
0.501125
0.500457
0.499778
0.499086
0.498381
0.497665
0.496936
0.496195
0.495442
0.494676
0.493898
0.493108
0.492305
0.491491
0.490664
0.489824
0.488973
0.488109
0.487233
0.486344
0.485444
0.484531
0.483605
0.482668
0.481718
0.480756
0.479782
0.478796
0.477797
0.476786
0.475763
0.474728
0.47368
0.47262
0.471549
0.470464
0.469368
0.46826
0.467139
0.466007
0.464862
0.463705
0.462536
0.461355
0.460162
0.458956
0.457739
0.45651
0.455268
0.454015
0.45275
0.451472
0.450183
0.448882
0.447569
0.446244
0.444907
0.443558
0.442197
0.440825
0.439441
0.438044
0.436637
0.435217
0.433786
0.432343
0.430888
0.429422
0.427944
0.426455
0.424954
0.423442
0.421918
0.420382
0.418835
0.417277
0.415707
