-24.1625
-18.794
-14.0665
-9.89792
10620
-6.25397
-3.1129
-0.46302
1.69996
3.37733
4.56849
5.27182
5.48531
5.20689
4.43469
3.16719
1.40338
-0.857247
-3.61465
-6.86821
-10.6168
-14.8586
-19.5915
-24.8127
-30.519
-36.7069
-43.3722
-50.5107
-58.1176
-66.1878
-74.716
-83.6966
-93.1238
-102.992
-113.294
-124.024
-135.175
-146.741
-158.715
-171.09
-183.858
-197.014
-210.549
-224.456
-238.729
-253.359
-268.34
-283.664
-299.323
-315.454
-331.91
-348.683
-365.767
-383.153
-400.834
-418.803
-437.052
-455.573
-474.361
-493.406
-512.702
-532.241
-552.017
-572.022
-592.248
-612.689
-633.337
-654.185
-675.227
-696.454
-717.861
-739.439
-761.182
-783.084
-805.136
-827.333
-849.668
-872.132
-894.721
-917.427
-940.243
-963.162
-986.179
-1009.29
-1032.48
-1055.74
-1079.08
-1102.48
-1125.94
-1149.46
-1173.01
-1196.6
-1220.23
-1243.88
-1267.55
-1291.24
-1314.93
-1338.62
-1362.3
-1385.98
-1409.63
-1433.26
-1456.86
-1480.43
-1503.95
-1527.43
-1550.85
-1574.21
-1597.51
-1620.73
-1643.88
-1666.95
-1689.93
-1712.81
-1735.6
-1758.28
-1780.85
-1803.3
-1825.64
-1847.84
-1869.92
-1891.86
-1913.66
-1935.32
-1956.82
-1978.17
-1999.35
-2020.37
-2041.23
-2061.9
-2082.4
-2102.72
-2122.85
-2142.79
-2162.53
-2182.08
-2201.42
-2220.55
-2239.48
-2258.19
-2276.68
-2294.95
-2313
-2330.83
-2348.42
-2365.78
-2382.91
-2399.79
-2416.44
-2432.84
-2449
-2464.92
-2480.58
-2495.99
-2511.15
-2526.06
-2540.71
-2555.1
-2569.24
-2583.11
-2596.73
-2610.09
-2623.18
-2636.01
-2648.58
-2660.88
-2672.92
-2684.7
-2696.22
-2707.47
-2718.46
-2729.19
-2739.66
-2749.87
-2759.82
-2769.51
-2778.94
-2788.11
-2797.03
-2805.7
-2814.11
-2822.28
-2830.19
-2837.86
-2845.29
-2852.47
-2859.41
-2866.12
-2872.58
-2878.82
-2884.82
-2890.6
-2896.15
-2901.48
-2906.59
-2911.48
-2916.16
-2920.63
-2924.89
-2928.95
-2932.81
-2936.47
-2939.93
-2943.21
-2946.29
-2949.2
-2951.92
-2954.47
-2956.84
-2959.04
-2961.08
-2962.95
-2964.67
-2966.23
-2967.64
-2968.9
-2970.02
-2970.99
-2971.83
-2972.54
-2973.12
-2973.57
-2973.9
-2974.11
-2974.21
-2974.2
-2974.07
-2973.85
-2973.52
-2973.1
-2972.58
-2971.97
-2971.27
-2970.49
-2969.63
-2968.69
-2967.68
-2966.6
-2965.44
-2964.23
-2962.95
-2961.61
-2960.21
-2958.77
-2957.27
-2955.72
-2954.13
-2952.49
-2950.81
-2949.1
-2947.35
-2945.57
-2943.75
-2941.91
-2940.04
-2938.14
-2936.23
-2934.29
-2932.33
-2930.36
-2928.37
-2926.37
-2924.36
-2922.33
-2920.3
-2918.26
-2916.21
-2914.16
-2912.11
-2910.05
-2907.99
-2905.94
-2903.88
-2901.83
-2899.77
-2897.73
-2895.68
-2893.65
-2891.61
-2889.59
-2887.57
-2885.56
-2883.56
-2881.57
-2879.58
-2877.61
-2875.64
-2873.69
-2871.74
-2869.81
-2867.88
-2865.97
-2864.07
-2862.18
-2860.29
-2858.42
-2856.56
-2854.71
-2852.87
-2851.04
-2849.21
-2847.4
-2845.59
-2843.8
-2842.01
-2840.23
-2838.46
-2836.69
-2834.93
-2833.18
-2831.43
-2829.69
-2827.95
-2826.21
-2824.48
-2822.74
-2821.02
-2819.29
-2817.56
-2815.83
-2814.1
-2812.37
-2810.64
-2808.9
-2807.16
-2805.41
-2803.66
-2801.9
-2800.14
-2798.36
-2796.58
-2794.79
-2792.99
-2791.17
-2789.35
-2787.51
-2785.65
-2783.79
-2781.9
-2780
-2778.09
-2776.15
-2774.2
-2772.22
-2770.23
-2768.21
-2766.18
-2764.11
-2762.03
-2759.92
-2757.78
-2755.62
-2753.43
-2751.21
-2748.96
-2746.68
-2744.37
-2742.03
-2739.66
-2737.25
-2734.81
-2732.34
-2729.83
-2727.28
-2724.7
-2722.08
-2719.41
-2716.71
-2713.97
-2711.19
-2708.37
-2705.51
-2702.6
-2699.65
-2696.65
-2693.61
-2690.52
-2687.39
-2684.21
-2680.98
-2677.7
-2674.38
-2671
-2667.58
-2664.1
-2660.57
-2657
-2653.36
-2649.68
-2645.94
-2642.15
-2638.3
-2634.4
-2630.44
-2626.43
-2622.36
-2618.23
-2614.05
-2609.81
-2605.51
-2601.15
-2596.73
-2592.25
-2587.71
-2583.12
-2578.46
-2573.74
-2568.96
-2564.12
-2559.21
-2554.25
-2549.22
-2544.13
-2538.97
-2533.75
-2528.47
-2523.13
-2517.72
-2512.24
-2506.71
-2501.1
-2495.44
-2489.7
-2483.91
-2478.04
-2472.12
-2466.12
-2460.06
-2453.94
-2447.75
-2441.49
-2435.17
-2428.78
-2422.32
-2415.8
-2409.21
-2402.56
-2395.84
-2389.05
-2382.2
-2375.28
-2368.29
-2361.24
-2354.12
-2346.94
-2339.68
-2332.37
-2324.98
-2317.53
-2310.02
-2302.44
-2294.79
-2287.08
-2279.3
-2271.46
-2263.55
-2255.58
-2247.54
-2239.44
-2231.27
-2223.04
-2214.74
-2206.38
-2197.95
-2189.47
-2180.91
-2172.3
-2163.62
-2154.88
-2146.08
-2137.21
-2128.28
-2119.29
-2110.24
-2101.12
-2091.95
-2082.71
-2073.41
-2064.05
-2054.64
-2045.16
-2035.62
-2026.02
-2016.37
-2006.65
-1996.88
-1987.05
-1977.16
-1967.21
-1957.21
-1947.15
-1937.03
-1926.85
-1916.62
-1906.34
-1896
-1885.6
-1875.15
-1864.65
-1854.09
-1843.48
-1832.81
-1822.09
-1811.32
-1800.5
-1789.62
-1778.7
-1767.72
-1756.69
-1745.62
-1734.49
-1723.31
-1712.09
-1700.81
-1689.49
-1678.12
-1666.7
-1655.23
-1643.72
-1632.16
-1620.55
-1608.9
-1597.21
-1585.47
-1573.68
-1561.86
-1549.98
-1538.07
-1526.11
-1514.11
-1502.07
-1489.99
-1477.87
-1465.7
-1453.5
-1441.26
-1428.97
-1416.65
-1404.3
-1391.9
-1379.47
-1367
-1354.49
-1341.95
-1329.37
-1316.76
-1304.11
-1291.43
-1278.72
-1265.97
-1253.19
-1240.38
-1227.54
-1214.67
-1201.76
-1188.83
-1175.87
-1162.88
-1149.86
-1136.81
-1123.74
-1110.64
-1097.51
-1084.36
-1071.18
-1057.98
-1044.75
-1031.51
-1018.23
-1004.94
-991.627
-978.292
-964.936
-951.56
-938.166
-924.753
-911.322
-897.874
-884.409
-870.928
-857.432
-843.921
-830.395
-816.857
-803.306
-789.742
-776.167
-762.581
-748.985
-735.38
-721.766
-708.143
-694.514
-680.877
-667.235
-653.587
-639.934
-626.278
-612.619
-598.957
-585.293
-571.628
-557.963
-544.299
-530.635
-516.974
-503.315
-489.66
-476.009
-462.362
-448.722
-435.088
-421.461
-407.842
-394.232
-380.631
-367.041
-353.462
-339.894
-326.339
-312.798
-299.27
-285.758
-272.261
-258.781
-245.318
-231.873
-218.447
-205.041
-191.655
-178.29
-164.947
-151.626
-138.33
-125.057
-111.809
-98.5871
-85.3917
-72.2234
-59.0832
-45.9717
-32.8896
-19.8378
-6.81692
6.17231
19.1291
32.0529
44.9428
57.7983
70.6186
83.403
96.1508
108.861
121.534
134.168
146.763
159.319
171.833
184.307
196.739
209.129
221.476
-27.5341
246.045
258.605
271.101
283.533
295.903
308.209
320.451
332.63
344.746
356.799
368.788
380.715
392.578
404.378
416.115
427.79
439.402
450.951
462.438
473.862
485.225
496.525
507.764
518.94
530.056
541.11
552.103
563.035
573.907
584.718
595.469
606.161
616.792
627.364
637.878
648.332
658.728
669.066
679.346
689.568
699.734
709.843
719.895
729.891
739.832
749.718
759.549
769.325
779.048
788.717
798.334
807.898
817.41
826.871
836.28
845.64
854.949
864.21
873.421
882.585
891.701
900.77
909.793
918.771
927.703
936.591
945.435
954.236
962.995
971.712
980.389
989.025
997.622
1006.18
1014.7
1023.18
1031.63
1040.04
1048.42
1056.76
1065.07
1073.34
1081.59
1089.8
1097.99
1106.14
1114.27
1122.37
1130.44
1138.49
1146.51
1154.51
1162.48
1170.44
1178.37
1186.28
1194.18
1202.05
1209.91
1217.75
1225.57
1233.38
1241.18
1248.96
1256.73
1264.49
1272.24
1279.98
1287.71
1295.44
1303.16
1310.87
1318.58
1326.28
1333.98
1341.68
1349.38
1357.08
1364.78
1372.48
1380.19
1387.89
1395.61
1403.32
1411.05
1418.78
1426.51
1434.26
1442.02
1449.78
1457.56
1465.35
1473.15
1480.97
1488.8
1496.64
1504.5
1512.38
1520.27
1528.19
1536.12
1544.07
1552.04
1560.03
1568.04
1576.08
1584.14
1592.22
1600.32
1608.45
1616.61
1624.79
1633
1641.23
1649.49
1657.78
1666.1
1674.45
1682.82
1691.23
1699.66
1708.13
1716.63
1725.16
1733.72
1742.31
1750.94
1759.6
1768.29
1777.01
1785.77
1794.57
1803.39
1812.26
1821.15
1830.08
1839.05
1848.05
1857.09
1866.16
1875.26
1884.41
1893.58
1902.8
1912.05
1921.33
1930.65
1940.01
1949.4
1958.83
1968.29
1977.79
1987.33
1996.89
2006.5
2016.14
2025.81
2035.52
2045.26
2055.03
2064.84
2074.68
2084.56
2094.47
2104.41
2114.38
2124.38
2134.42
2144.48
2154.58
2164.71
2174.86
2185.05
2195.26
2205.5
2215.77
2226.07
2236.39
2246.74
2257.11
2267.51
2277.93
2288.37
2298.84
2309.33
2319.84
2330.37
2340.92
2351.49
2362.07
2372.68
2383.3
2393.94
2404.59
2415.25
2425.93
2436.62
2447.32
2458.03
2468.75
2479.48
2490.22
2500.96
2511.71
2522.46
2533.22
2543.97
2554.73
2565.49
2576.25
2587
2597.76
2608.5
2619.24
2629.98
2640.7
2651.42
2662.13
2672.82
2683.5
2694.17
2704.82
2715.45
2726.06
2736.66
2747.23
2757.78
2768.3
2778.8
2789.28
2799.72
2810.14
2820.52
2830.87
2841.19
2851.47
2861.72
2871.92
2882.08
2892.21
2902.29
2912.32
2922.31
2932.24
2942.13
2951.97
2961.75
2971.48
2981.15
2990.76
3000.32
3009.81
3019.24
3028.6
3037.9
3047.12
3056.28
3065.36
3074.37
3083.31
3092.17
3100.95
3109.64
3118.26
3126.79
3135.23
3143.58
3151.85
3160.02
3168.1
3176.08
3183.97
3191.76
3199.44
3207.03
3214.5
3221.88
3229.14
3236.29
3243.33
3250.26
3257.07
3263.76
3270.34
3276.79
3283.12
3289.32
3295.4
3301.35
3307.17
3312.86
3318.41
3323.83
3329.11
3334.25
3339.25
3344.11
3348.83
3353.39
3357.81
3362.09
3366.21
3370.17
3373.99
3377.65
3381.15
3384.49
3387.67
3390.69
3393.55
3396.24
3398.76
3401.12
3403.31
3405.32
3407.17
3408.84
3410.34
3411.66
3412.81
3413.77
3414.56
3415.17
3415.59
3415.83
3415.89
3415.77
3415.45
3414.95
3414.27
3413.39
3412.33
3411.07
3409.63
3407.99
3406.16
3404.14
3401.92
3399.51
3396.91
3394.11
3391.11
3387.92
3384.53
3380.95
3377.17
3373.19
3369.02
3364.64
3360.08
3355.31
3350.34
3345.18
3339.82
3334.27
3328.52
3322.57
3316.42
3310.08
3303.54
3296.81
3289.89
3282.77
3275.45
3267.95
3260.25
3252.36
3244.28
3236.01
3227.56
3218.91
3210.08
3201.06
3191.86
3182.47
3172.9
3163.15
3153.22
3143.12
3132.83
3122.37
3111.73
3100.93
3089.94
3078.79
3067.48
3055.99
3044.34
3032.53
3020.55
3008.42
2996.12
2983.68
2971.07
2958.32
2945.41
2932.36
2919.16
2905.81
2892.33
2878.7
2864.93
2851.03
2837
2822.83
2808.54
2794.12
2779.57
2764.9
2750.11
2735.2
2720.18
2705.05
2689.8
2674.44
2658.98
2643.42
2627.75
2611.99
2596.13
2580.17
2564.12
2547.99
2531.76
2515.46
2499.07
2482.6
2466.05
2449.43
2432.74
2415.98
2399.15
2382.25
2365.29
2348.27
2331.2
2314.06
2296.88
2279.64
2262.36
2245.03
2227.65
2210.23
2192.77
2175.28
2157.75
2140.18
2122.59
2104.96
2087.31
2069.63
2051.93
2034.21
2016.47
1998.71
1980.94
1963.16
1945.36
1927.55
1909.74
1891.92
1874.09
1856.26
1838.43
1820.6
1802.78
1784.95
1767.13
1749.32
1731.52
1713.72
1695.94
1678.17
1660.41
1642.66
1624.93
1607.22
1589.52
1571.85
1554.19
1536.56
1518.94
1501.35
1483.79
1466.25
1448.73
1431.24
1413.78
1396.34
1378.94
1361.56
1344.21
1326.89
1309.6
1292.35
1275.12
1257.93
1240.77
1223.64
1206.55
1189.49
1172.46
1155.47
1138.51
1121.58
1104.69
1087.83
1071.01
1054.23
1037.47
1020.75
1004.07
987.422
970.807
954.227
937.681
921.17
904.692
888.248
871.837
855.46
839.116
822.804
806.526
790.279
774.064
757.881
741.729
725.608
709.517
693.457
677.426
661.424
645.452
629.508
613.592
597.704
581.843
566.008
550.2
534.418
518.661
502.928
487.221
471.537
455.877
440.239
424.625
409.032
393.46
377.91
362.381
346.871
331.382
315.911
300.46
285.026
269.611
254.213
238.831
223.467
208.119
192.786
177.469
162.166
146.879
131.605
116.345
101.099
85.8661
70.6458
55.438
40.2423
25.0586
9.88638
-5.27449
-20.4243
-35.5633
-50.6917
-65.8098
-80.9177
-96.0157
-111.104
-126.182
-141.252
-156.311
-171.362
-186.403
-201.436
-216.46
-231.474
-246.48
-261.477
-276.466
-291.445
-71.0688
99.6558
86.0389
-320.59
-336.5
-351.707
-366.892
-382.055
-397.197
-412.318
-427.419
-442.498
-457.557
-472.596
-487.615
-502.614
-517.592
-532.551
-547.49
-562.409
-577.309
-592.189
-607.049
-621.889
-636.71
-651.51
-666.291
-681.052
-695.792
-710.513
-725.213
-739.892
-754.551
-769.189
-783.806
-798.401
-812.975
-827.528
-842.058
-856.566
-871.051
-885.513
-899.953
-914.369
-928.761
-943.128
-957.472
-971.79
-986.084
-1000.35
-1014.59
-1028.81
-1043
-1057.16
-1071.29
-1085.4
-1099.47
-1113.52
-1127.54
-1141.53
-1155.49
-1169.42
-1183.31
-1197.18
-1211.01
-1224.81
-1238.58
-1252.31
-1266.01
-1279.68
-1293.31
-1306.9
-1320.46
-1333.99
-1347.47
-1360.92
-1374.33
-1387.7
-1401.03
-1414.33
-1427.58
-1440.79
-1453.97
-1467.1
-1480.19
-1493.24
-1506.24
-1519.2
-1532.12
-1544.99
-1557.82
-1570.61
-1583.35
-1596.04
-1608.69
-1621.29
-1633.85
-1646.35
-1658.81
-1671.23
-1683.59
-1695.9
-1708.17
-1720.38
-1732.55
-1744.66
-1756.73
-1768.74
-1780.7
-1792.61
-1804.47
-1816.28
-1828.03
-1839.73
-1851.38
-1862.98
-1874.52
-1886.01
-1897.44
-1908.82
-1920.14
-1931.41
-1942.63
-1953.79
-1964.89
-1975.94
-1986.94
-1997.87
-2008.76
-2019.58
-2030.35
-2041.06
-2051.72
-2062.32
-2072.86
-2083.35
-2093.78
-2104.15
-2114.47
-2124.72
-2134.92
-2145.07
-2155.15
-2165.18
-2175.15
-2185.06
-2194.92
-2204.72
-2214.45
-2224.14
-2233.76
-2243.33
-2252.84
-2262.29
-2271.68
-2281.01
-2290.29
-2299.51
-2308.67
-2317.78
-2326.82
-2335.81
-2344.74
-2353.62
-2362.43
-2371.19
-2379.89
-2388.53
-2397.12
-2405.65
-2414.12
-2422.53
-2430.88
-2439.18
-2447.42
-2455.61
-2463.73
-2471.8
-2479.81
-2487.77
-2495.67
-2503.51
-2511.29
-2519.02
-2526.69
-2534.3
-2541.85
-2549.35
-2556.79
-2564.18
-2571.51
-2578.78
-2585.99
-2593.15
-2600.25
-2607.29
-2614.28
-2621.2
-2628.08
-2634.89
-2641.65
-2648.35
-2654.99
-2661.58
-2668.11
-2674.58
-2681
-2687.35
-2693.65
-2699.89
-2706.08
-2712.21
-2718.27
-2724.29
-2730.24
-2736.13
-2741.97
-2747.75
-2753.47
-2759.13
-2764.73
-2770.28
-2775.76
-2781.19
-2786.55
-2791.86
-2797.11
-2802.3
-2807.42
-2812.49
-2817.5
-2822.45
-2827.33
-2832.16
-2836.92
-2841.63
-2846.27
-2850.85
-2855.36
-2859.82
-2864.21
-2868.54
-2872.81
-2877.02
-2881.16
-2885.23
-2889.25
-2893.2
-2897.08
-2900.9
-2904.66
-2908.35
-2911.98
-2915.53
-2919.03
-2922.45
-2925.82
-2929.11
-2932.34
-2935.5
-2938.59
-2941.61
-2944.57
-2947.45
-2950.27
-2953.02
-2955.7
-2958.31
-2960.85
-2963.32
-2965.72
-2968.05
-2970.3
-2972.49
-2974.6
-2976.65
-2978.62
-2980.51
-2982.34
-2984.09
-2985.77
-2987.38
-2988.91
-2990.36
-2991.75
-2993.06
-2994.29
-2995.45
-2996.53
-2997.54
-2998.47
-2999.33
-3000.11
-3000.81
-3001.44
-3001.99
-3002.47
-3002.86
-3003.18
-3003.42
-3003.59
-3003.68
-3003.69
-3003.62
-3003.47
-3003.24
-3002.94
-3002.56
-3002.1
-3001.56
-3000.94
-3000.24
-2999.47
-2998.61
-2997.68
-2996.66
-2995.57
-2994.4
-2993.15
-2991.82
-2990.41
-2988.93
-2987.36
-2985.72
-2983.99
-2982.19
-2980.31
-2978.35
-2976.31
-2974.19
-2972
-2969.72
-2967.37
-2964.94
-2962.43
-2959.85
-2957.18
-2954.44
-2951.63
-2948.73
-2945.76
-2942.71
-2939.59
-2936.39
-2933.11
-2929.76
-2926.34
-2922.84
-2919.26
-2915.61
-2911.89
-2908.09
-2904.22
-2900.27
-2896.26
-2892.17
-2888
-2883.77
-2879.47
-2875.09
-2870.64
-2866.13
-2861.54
-2856.89
-2852.16
-2847.37
-2842.51
-2837.58
-2832.58
-2827.52
-2822.39
-2817.19
-2811.93
-2806.6
-2801.21
-2795.76
-2790.24
-2784.66
-2779.01
-2773.3
-2767.53
-2761.7
-2755.81
-2749.86
-2743.85
-2737.77
-2731.64
-2725.45
-2719.21
-2712.9
-2706.54
-2700.12
-2693.64
-2687.11
-2680.52
-2673.88
-2667.18
-2660.43
-2653.63
-2646.77
-2639.85
-2632.89
-2625.87
-2618.81
-2611.69
-2604.52
-2597.3
-2590.03
-2582.7
-2575.33
-2567.91
-2560.45
-2552.93
-2545.36
-2537.75
-2530.09
-2522.38
-2514.63
-2506.82
-2498.98
-2491.08
-2483.14
-2475.15
-2467.12
-2459.04
-2450.92
-2442.75
-2434.53
-2426.27
-2417.97
-2409.62
-2401.23
-2392.79
-2384.31
-2375.78
-2367.21
-2358.59
-2349.93
-2341.22
-2332.47
-2323.68
-2314.84
-2305.96
-2297.03
-2288.05
-2279.03
-2269.97
-2260.86
-2251.7
-2242.5
-2233.25
-2223.96
-2214.62
-2205.23
-2195.8
-2186.32
-2176.79
-2167.21
-2157.59
-2147.91
-2138.19
-2128.42
-2118.6
-2108.72
-2098.8
-2088.83
-2078.8
-2068.72
-2058.59
-2048.41
-2038.17
-2027.88
-2017.53
-2007.13
-1996.68
-1986.16
-1975.59
-1964.96
-1954.28
-1943.53
-1932.73
-1921.86
-1910.93
-1899.95
-1888.9
-1877.78
-1866.6
-1855.36
-1844.06
-1832.68
-1821.24
-1809.74
-1798.16
-1786.52
-1774.8
-1763.02
-1751.16
-1739.23
-1727.23
-1715.15
-1703
-1690.77
-1678.47
-1666.09
-1653.63
-1641.09
-1628.47
-1615.77
-1602.99
-1590.13
-1577.18
-1564.15
-1551.04
-1537.84
-1524.55
-1511.17
-1497.7
-1484.15
-1470.5
-1456.77
-1442.94
-1429.02
-1415
-1400.89
-1386.68
-1372.38
-1357.98
-1343.48
-1328.89
-1314.19
-1299.39
-1284.49
-1269.49
-1254.39
-1239.18
-1223.87
-1208.45
-1192.93
-1177.3
-1161.56
-1145.72
-1129.77
-1113.7
-1097.53
-1081.24
-1064.85
-1048.34
-1031.72
-1014.99
-998.139
-981.177
-964.1
-946.908
-929.6
-912.176
-894.636
-876.978
-859.203
-841.31
-823.298
-805.168
-786.92
-768.552
-750.065
-731.459
-712.733
-693.888
-674.922
-655.837
-636.631
-617.306
-597.86
-578.295
-558.609
-538.805
-518.88
-498.836
-478.673
-458.392
-437.991
-417.473
-396.837
-376.084
-355.213
-334.227
-313.125
-291.908
-270.576
-249.131
-227.572
-205.902
-184.12
-162.228
-140.227
-118.117
-95.8999
-73.5764
-51.1479
-28.6156
-5.98066
16.7555
39.5915
62.526
85.5574
108.684
131.905
155.217
178.62
202.112
225.69
249.353
273.099
296.925
320.831
344.813
368.869
392.997
417.195
-461.389
441.46
465.79
490.183
514.635
539.144
563.707
588.322
612.986
637.695
662.447
687.239
712.067
736.929
761.821
786.74
811.682
836.645
861.625
886.617
911.619
936.627
961.638
986.646
1011.65
1036.64
1061.63
1086.59
1111.53
1136.45
1161.34
1186.19
1211.01
1235.79
1260.52
1285.2
1309.82
1334.38
1358.89
1383.32
1407.68
1431.96
1456.17
1480.28
1504.31
1528.24
1552.07
1575.79
1599.41
1622.91
1646.3
1669.56
1692.69
1715.69
1738.56
1761.28
1783.86
1806.28
1828.56
1850.67
1872.62
1894.4
1916
1937.43
1958.68
1979.75
2000.62
2021.3
2041.78
2062.06
2082.13
2101.99
2121.64
2141.07
2160.28
2179.26
2198.01
2216.54
2234.83
2252.87
2270.68
2288.24
2305.56
2322.62
2339.43
2355.99
2372.29
2388.32
2404.09
2419.6
2434.84
2449.81
2464.51
2478.94
2493.09
2506.97
2520.57
2533.9
2546.94
2559.7
2572.19
2584.39
2596.31
2607.95
2619.31
2630.38
2641.18
2651.69
2661.92
2671.87
2681.54
2690.93
2700.05
2708.88
2717.44
2725.73
2733.74
2741.48
2748.95
2756.16
2763.09
2769.77
2776.18
2782.33
2788.22
2793.86
2799.25
2804.39
2809.28
2813.93
2818.34
2822.52
2826.46
2830.16
2833.64
2836.9
2839.94
2842.76
2845.37
2847.77
2849.96
2851.95
2853.74
2855.34
2856.76
2857.98
2859.02
2859.89
2860.58
2861.11
2861.46
2861.66
2861.7
2861.59
2861.33
2860.93
2860.39
2859.71
2858.9
2857.96
2856.9
2855.72
2854.43
2853.03
2851.52
2849.91
2848.2
2846.39
2844.5
2842.52
2840.46
2838.32
2836.1
2833.81
2831.46
2829.04
2826.57
2824.03
2821.44
2818.81
2816.13
2813.4
2810.64
2807.84
2805
2802.14
2799.25
2796.33
2793.39
2790.44
2787.47
2784.48
2781.49
2778.48
2775.48
2772.46
2769.45
2766.44
2763.43
2760.43
2757.43
2754.45
2751.48
2748.51
2745.57
2742.64
2739.73
2736.84
2733.96
2731.12
2728.29
2725.49
2722.72
2719.97
2717.26
2714.57
2711.91
2709.29
2706.69
2704.13
2701.6
2699.11
2696.65
2694.23
2691.84
2689.49
2687.18
2684.9
2682.66
2680.46
2678.29
2676.16
2674.07
2672.02
2670.01
2668.03
2666.09
2664.19
2662.33
2660.5
2658.71
2656.96
2655.24
2653.56
2651.92
2650.31
2648.74
2647.2
2645.69
2644.22
2642.78
2641.37
2639.99
2638.65
2637.33
2636.05
2634.79
2633.57
2632.37
2631.19
2630.05
2628.92
2627.83
2626.75
2625.7
2624.67
2623.67
2622.68
2621.71
2620.76
2619.83
2618.92
2618.02
2617.13
2616.26
2615.41
2614.56
2613.73
2612.91
2612.09
2611.29
2610.49
2609.7
2608.91
2608.13
2607.35
2606.57
2605.8
2605.02
2604.25
2603.47
2602.69
2601.91
2601.12
2600.33
2599.53
2598.73
2597.91
2597.09
2596.26
2595.41
2594.56
2593.69
2592.8
2591.91
2590.99
2590.06
2589.11
2588.14
2587.16
2586.15
2585.12
2584.07
2582.99
2581.89
2580.77
2579.62
2578.45
2577.24
2576.01
2574.75
2573.46
2572.13
2570.78
2569.39
2567.97
2566.52
2565.03
2563.51
2561.95
2560.35
2558.71
2557.04
2555.32
2553.57
2551.77
2549.94
2548.06
2546.14
2544.17
2542.16
2540.1
2538
2535.86
2533.66
2531.42
2529.13
2526.8
2524.41
2521.97
2519.49
2516.95
2514.36
2511.72
2509.03
2506.28
2503.48
2500.62
2497.72
2494.75
2491.73
2488.66
2485.53
2482.34
2479.09
2475.79
2472.43
2469.01
2465.53
2462
2458.4
2454.75
2451.03
2447.26
2443.42
2439.52
2435.56
2431.54
2427.46
2423.32
2419.11
2414.84
2410.51
2406.12
2401.66
2397.14
2392.55
2387.91
2383.19
2378.42
2373.58
2368.68
2363.71
2358.67
2353.58
2348.42
2343.19
2337.9
2332.54
2327.12
2321.63
2316.08
2310.47
2304.79
2299.04
2293.23
2287.35
2281.41
2275.41
2269.34
2263.2
2257
2250.74
2244.41
2238.02
2231.56
2225.04
2218.45
2211.8
2205.08
2198.31
2191.46
2184.56
2177.59
2170.56
2163.46
2156.3
2149.08
2141.8
2134.45
2127.04
2119.57
2112.04
2104.45
2096.79
2089.08
2081.3
2073.46
2065.57
2057.61
2049.59
2041.51
2033.38
2025.18
2016.93
2008.61
2000.24
1991.81
1983.33
1974.78
1966.18
1957.52
1948.81
1940.03
1931.21
1922.32
1913.39
1904.39
1895.35
1886.24
1877.09
1867.88
1858.62
1849.3
1839.93
1830.51
1821.04
1811.51
1801.94
1792.31
1782.63
1772.91
1763.13
1753.3
1743.42
1733.5
1723.53
1713.5
1703.43
1693.32
1683.15
1672.94
1662.69
1652.38
1642.04
1631.64
1621.2
1610.72
1600.19
1589.62
1579.01
1568.35
1557.66
1546.91
1536.13
1525.31
1514.44
1503.54
1492.59
1481.6
1470.58
1459.51
1448.41
1437.27
1426.09
1414.87
1403.62
1392.33
1381
1369.64
1358.25
1346.81
1335.35
1323.84
1312.31
1300.74
1289.14
1277.51
1265.84
1254.14
1242.41
1230.65
1218.86
1207.05
1195.2
1183.32
1171.41
1159.48
1147.51
1135.52
1123.51
1111.47
1099.4
1087.3
1075.19
1063.04
1050.88
1038.68
1026.47
1014.24
1001.98
989.698
977.398
965.077
952.737
940.376
927.997
915.6
903.184
890.752
878.302
865.836
853.354
840.858
828.346
815.82
803.281
790.729
778.165
765.588
753.001
740.402
727.794
715.176
702.549
689.914
677.271
664.621
651.964
639.302
626.634
613.961
601.285
588.605
575.923
563.238
550.552
537.865
525.178
512.491
499.805
487.122
474.44
461.762
449.088
436.418
423.753
411.094
398.441
385.796
373.158
360.53
347.91
335.3
322.701
310.113
297.537
284.974
272.424
259.888
247.367
234.862
222.373
209.9
197.445
185.009
172.591
160.193
147.816
135.459
123.124
110.812
98.5222
86.2566
74.0154
61.7994
49.6091
37.4453
25.3086
13.1997
1.11918
-10.9322
-22.9539
-34.9452
-46.9056
-58.8343
-70.7307
-82.5944
-94.4245
-106.221
-117.982
-129.708
-141.399
-153.053
-164.67
-176.249
-187.791
-199.294
-96.7989
-222.203
-233.753
-245.253
-256.703
-268.103
-279.452
-290.75
-301.998
-313.195
-324.34
-335.434
-346.477
-357.469
-368.409
-379.297
-390.133
-400.917
-411.65
-422.33
-432.959
-443.536
-454.06
-464.532
-474.952
-485.321
-495.637
-505.901
-516.113
-526.273
-536.381
-546.438
-556.443
-566.396
-576.298
-586.148
-595.947
-605.696
-615.393
-625.039
-634.635
-644.181
-653.677
-663.122
-672.518
-681.865
-691.163
-700.411
-709.611
-718.763
-727.867
-736.924
-745.933
-754.895
-763.811
-772.681
-781.505
-790.283
-799.017
-807.706
-816.352
-824.954
-833.512
-842.028
-850.503
-858.935
-867.327
-875.678
-883.989
-892.261
-900.494
-908.688
-916.846
-924.966
-933.049
-941.097
-949.11
-957.089
-965.033
-972.944
-980.823
-988.67
-996.486
-1004.27
-1012.03
-1019.75
-1027.45
-1035.12
-1042.77
-1050.39
-1057.98
-1065.55
-1073.09
-1080.62
-1088.12
-1095.59
-1103.05
-1110.49
-1117.91
-1125.31
-1132.69
-1140.06
-1147.41
-1154.74
-1162.07
-1169.37
-1176.67
-1183.95
-1191.23
-1198.49
-1205.74
-1212.99
-1220.22
-1227.45
-1234.68
-1241.9
-1249.11
-1256.32
-1263.53
-1270.73
-1277.94
-1285.14
-1292.35
-1299.55
-1306.76
-1313.97
-1321.18
-1328.4
-1335.62
-1342.84
-1350.08
-1357.32
-1364.57
-1371.82
-1379.09
-1386.36
-1393.65
-1400.95
-1408.26
-1415.58
-1422.91
-1430.26
-1437.63
-1445
-1452.4
-1459.81
-1467.24
-1474.68
-1482.14
-1489.62
-1497.12
-1504.64
-1512.18
-1519.75
-1527.33
-1534.93
-1542.56
-1550.2
-1557.87
-1565.57
-1573.29
-1581.03
-1588.8
-1596.59
-1604.41
-1612.25
-1620.12
-1628.01
-1635.93
-1643.88
-1651.86
-1659.86
-1667.89
-1675.95
-1684.03
-1692.15
-1700.29
-1708.46
-1716.66
-1724.89
-1733.15
-1741.44
-1749.75
-1758.1
-1766.47
-1774.88
-1783.31
-1791.77
-1800.26
-1808.78
-1817.33
-1825.91
-1834.52
-1843.16
-1851.82
-1860.52
-1869.24
-1877.99
-1886.77
-1895.58
-1904.42
-1913.28
-1922.17
-1931.09
-1940.04
-1949.01
-1958.01
-1967.03
-1976.08
-1985.16
-1994.26
-2003.38
-2012.53
-2021.7
-2030.9
-2040.12
-2049.36
-2058.62
-2067.9
-2077.21
-2086.54
-2095.88
-2105.25
-2114.63
-2124.03
-2133.45
-2142.89
-2152.34
-2161.81
-2171.29
-2180.79
-2190.3
-2199.83
-2209.36
-2218.91
-2228.47
-2238.04
-2247.62
-2257.2
-2266.8
-2276.4
-2286
-2295.61
-2305.23
-2314.85
-2324.47
-2334.09
-2343.71
-2353.34
-2362.96
-2372.57
-2382.19
-2391.8
-2401.4
-2411
-2420.59
-2430.18
-2439.75
-2449.31
-2458.86
-2468.4
-2477.92
-2487.43
-2496.92
-2506.39
-2515.85
-2525.29
-2534.7
-2544.09
-2553.46
-2562.8
-2572.12
-2581.41
-2590.67
-2599.9
-2609.1
-2618.27
-2627.4
-2636.5
-2645.56
-2654.58
-2663.57
-2672.51
-2681.41
-2690.27
-2699.08
-2707.85
-2716.57
-2725.24
-2733.85
-2742.42
-2750.93
-2759.39
-2767.79
-2776.13
-2784.42
-2792.64
-2800.8
-2808.89
-2816.92
-2824.88
-2832.78
-2840.6
-2848.35
-2856.03
-2863.63
-2871.16
-2878.61
-2885.98
-2893.26
-2900.47
-2907.59
-2914.62
-2921.57
-2928.42
-2935.19
-2941.86
-2948.44
-2954.92
-2961.31
-2967.6
-2973.78
-2979.87
-2985.85
-2991.73
-2997.5
-3003.16
-3008.71
-3014.15
-3019.48
-3024.69
-3029.79
-3034.76
-3039.62
-3044.36
-3048.98
-3053.47
-3057.84
-3062.08
-3066.19
-3070.18
-3074.03
-3077.75
-3081.33
-3084.78
-3088.1
-3091.27
-3094.31
-3097.2
-3099.96
-3102.57
-3105.03
-3107.35
-3109.52
-3111.55
-3113.42
-3115.14
-3116.71
-3118.13
-3119.39
-3120.5
-3121.45
-3122.25
-3122.88
-3123.36
-3123.67
-3123.82
-3123.82
-3123.64
-3123.31
-3122.81
-3122.14
-3121.31
-3120.31
-3119.14
-3117.8
-3116.29
-3114.62
-3112.77
-3110.75
-3108.57
-3106.21
-3103.67
-3100.97
-3098.09
-3095.04
-3091.81
-3088.41
-3084.84
-3081.09
-3077.17
-3073.07
-3068.8
-3064.36
-3059.74
-3054.94
-3049.97
-3044.83
-3039.51
-3034.02
-3028.36
-3022.52
-3016.51
-3010.33
-3003.97
-2997.45
-2990.75
-2983.88
-2976.84
-2969.63
-2962.26
-2954.71
-2947
-2939.13
-2931.08
-2922.88
-2914.5
-2905.97
-2897.27
-2888.42
-2879.4
-2870.22
-2860.89
-2851.4
-2841.75
-2831.95
-2822
-2811.9
-2801.64
-2791.24
-2780.69
-2769.99
-2759.15
-2748.17
-2737.04
-2725.78
-2714.37
-2702.83
-2691.15
-2679.34
-2667.4
-2655.33
-2643.13
-2630.8
-2618.34
-2605.77
-2593.07
-2580.25
-2567.31
-2554.26
-2541.09
