1101.79
535.917
261.836
129.183
66.3921
65.0418
34.0943
19.2269
12.1499
8.84505
7.36459
6.76383
6.58442
6.60382
6.714
6.86251
7.02399
7.18625
7.34358
7.49342
7.6348
7.76748
7.89163
8.0076
8.11582
8.21675
8.31087
8.39863
8.48049
8.55688
8.62822
8.69488
8.75723
8.81564
8.8704
8.92185
8.97025
9.01589
9.05901
9.09985
9.13863
9.17557
9.21085
9.24467
9.27719
9.30857
9.33897
9.36852
9.39737
9.40244
9.41837
9.43934
9.46256
9.48673
9.51127
9.53594
9.56065
9.5854
9.61023
9.63517
9.66028
9.6856
9.71119
9.73709
9.76334
9.78998
9.81705
9.84458
9.87259
9.90113
9.9302
9.95984
9.99006
10.0209
10.0523
10.0844
10.1171
10.1504
10.1844
10.2191
10.2544
10.2904
10.3271
10.3644
10.4024
10.4411
10.4803
10.5203
10.5608
10.602
10.6438
10.6862
10.7292
10.7728
10.8169
10.8615
10.9066
10.9523
10.9984
11.045
11.092
11.1394
11.1872
11.2353
11.2838
11.3326
11.3816
11.4309
11.4804
11.5301
11.5799
11.6299
11.6799
11.73
11.7802
11.8303
11.8803
11.9303
11.9802
12.0299
12.0794
12.1287
12.1777
12.2264
12.2748
12.3228
12.3704
12.4176
12.4642
12.5103
12.5559
12.6009
12.6452
12.6888
12.7318
12.7739
12.8153
12.8559
12.8956
12.9344
12.9722
13.0091
13.045
13.0799
13.1137
13.1464
13.1779
13.2083
13.2375
13.2655
13.2922
13.3177
13.3418
13.3646
13.386
13.4061
13.4247
13.4419
13.4577
13.4719
13.4847
13.496
13.5057
13.5139
13.5206
13.5256
13.5291
13.531
13.5313
13.5299
13.527
13.5224
13.5161
13.5082
13.4987
13.4875
13.4747
13.4602
13.4441
13.4264
13.407
13.386
13.3633
13.3391
13.3132
13.2857
13.2567
13.226
13.1938
13.1601
13.1248
13.088
13.0497
13.0099
12.9686
12.9259
12.8818
12.8363
12.7894
12.7411
12.6915
12.6406
12.5884
12.5349
12.4802
12.4243
12.3672
12.309
12.2496
12.1891
12.1276
12.065
12.0014
11.9368
11.8713
11.8048
11.7375
11.6692
11.6002
11.5303
11.4597
11.3883
11.3162
11.2435
11.1701
11.096
11.0214
10.9462
10.8705
10.7943
10.7176
10.6405
10.5629
10.485
10.4067
10.3281
10.2491
10.1699
10.0905
10.0108
9.93094
9.8509
9.77072
9.69041
9.61001
9.52954
9.44901
9.36846
9.28791
9.20737
9.12688
9.04644
8.96608
8.88583
8.80569
8.72569
8.64585
8.56619
8.48671
8.40745
8.32841
8.24961
8.17107
8.09279
8.01481
7.93712
7.85974
7.78269
7.70597
7.62961
7.5536
7.47797
7.40271
7.32785
7.25338
7.17933
7.10569
7.03248
6.9597
6.88737
6.81548
6.74404
6.67307
6.60256
6.53252
6.46295
6.39387
6.32527
6.25716
6.18955
6.12242
6.0558
5.98967
5.92405
5.85894
5.79433
5.73022
5.66663
5.60355
5.54098
5.47892
5.41737
5.35633
5.2958
5.23579
5.17628
5.11729
5.0588
5.00082
4.94335
4.88638
4.82991
4.77395
4.71848
4.66352
4.60904
4.55507
4.50158
4.44858
4.39606
4.34403
4.29249
4.24141
4.19082
4.1407
4.09104
4.04185
3.99313
3.94487
3.89706
3.84971
3.80281
3.75635
3.71035
3.66478
3.61965
3.57496
3.5307
3.48687
3.44346
3.40048
3.35792
3.31577
3.27404
3.23272
3.1918
3.15129
3.11118
3.07147
3.03215
2.99323
2.95469
2.91655
2.87878
2.8414
2.8044
2.76778
2.73152
2.69564
2.66013
2.62499
2.59021
2.55579
2.52173
2.48803
2.45468
2.42169
2.38905
2.35676
2.32484
2.29326
2.26203
2.23113
2.20057
2.17036
2.14048
2.11095
2.08175
2.05288
2.02435
1.99616
1.9683
1.94077
1.91357
1.8867
1.86017
1.83396
1.80808
1.78253
1.75731
1.73242
1.70785
1.68361
1.6597
1.63611
1.61285
1.58992
1.56732
1.54504
1.52309
1.50147
1.48018
1.45921
1.43857
1.41826
1.39829
1.37864
1.35932
1.34033
1.32168
1.30336
1.28537
1.26772
1.2504
1.23342
1.21677
1.20047
1.1845
1.16887
1.15358
1.13863
1.12403
1.10977
1.09586
1.08229
1.06907
1.0562
1.04368
1.03151
1.01969
1.00823
0.997123
0.98637
0.975975
0.965939
0.956263
0.946949
0.937997
0.929409
0.921186
0.913329
0.905841
0.898721
0.891972
0.885595
0.87959
0.873959
0.868704
0.863826
0.859325
0.855203
0.851461
0.8481
0.845122
0.842527
0.840317
0.838492
0.837054
0.836004
0.835342
0.83507
0.835188
0.835697
0.836599
0.837894
0.839582
0.841665
0.844144
0.847018
0.850289
0.853957
0.858022
0.862486
0.867348
0.87261
0.87827
0.884331
0.890792
0.897653
0.904914
0.912576
0.920639
0.929103
0.937967
0.947233
0.956899
0.966965
0.977432
0.988299
0.999565
1.01123
1.0233
1.03576
1.04862
1.06188
1.07554
1.08959
1.10403
1.11888
1.13411
1.14974
1.16576
1.18217
1.19898
1.21617
1.23374
1.25171
1.27006
1.28879
1.30791
1.32741
1.34728
1.36754
1.38817
1.40918
1.43056
1.45231
1.47443
1.49692
1.51978
1.543
1.56658
1.59052
1.61482
1.63948
1.66449
1.68985
1.71557
1.74163
1.76803
1.79478
1.82187
1.84929
1.87705
1.90514
1.93357
1.96232
1.9914
2.0208
2.05051
2.08055
2.1109
2.14156
2.17253
2.20381
2.23539
2.26727
2.29944
2.33192
2.36468
2.39773
2.43107
2.46468
2.49858
2.53276
2.5672
2.60192
2.63691
2.67215
2.70766
2.74343
2.77945
2.81572
2.85225
2.88901
2.92602
2.96327
3.00075
3.03846
3.0764
3.11457
3.15296
3.19158
3.2304
3.26944
3.30869
3.34815
3.38781
3.42767
3.46773
3.50799
3.54843
3.58906
3.62988
3.67088
3.71205
3.75341
3.79493
3.83663
3.87849
3.92052
3.9627
4.00505
4.04755
4.0902
4.133
4.17595
4.21904
4.26227
4.30564
4.34915
4.39279
4.43656
4.48045
4.52447
4.56862
4.61288
4.65726
4.70176
4.74637
4.79109
4.83592
4.88085
4.92589
4.97102
5.01626
5.0616
5.10703
5.15255
5.19816
5.24386
5.28965
5.33553
5.38149
5.42753
5.47365
5.51985
5.56613
5.61248
5.65891
5.7054
5.75197
5.79861
5.84532
5.8921
5.93894
5.98584
6.03282
6.07985
6.12694
6.1741
6.22131
6.26859
6.31592
6.36332
6.41076
6.45827
6.50583
6.55345
6.60112
6.64884
6.69662
6.74446
6.79235
6.84029
6.88828
6.93633
6.98443
7.03259
7.0808
7.12906
7.17738
7.22575
7.27417
7.32205
7.37029
7.41873
7.46732
7.516
7.56476
7.61359
7.66249
7.71146
7.76049
7.80959
7.85875
7.90798
7.95727
8.00664
8.05606
8.10556
8.15513
8.20476
8.25447
8.30425
8.3541
8.40402
8.45402
8.50409
8.55424
8.60446
8.65477
8.70515
8.75561
8.80616
8.85679
8.90751
8.95831
9.0092
9.06017
9.11124
9.1624
9.21365
9.26499
9.31643
9.36797
9.41961
9.47134
9.52318
9.57512
9.62717
9.67932
9.73157
9.78394
9.83642
9.889
9.9417
9.99452
10.0474
10.1005
10.1537
10.2069
10.2604
10.3139
10.3675
10.4213
10.4752
10.5292
10.5834
10.6377
10.6921
10.7466
10.8013
10.8561
10.9111
10.9662
11.0214
11.0767
11.1322
11.1879
11.2436
11.2995
11.3556
11.4118
11.4681
11.5246
11.5812
11.6379
11.6948
11.7518
11.809
11.8663
11.9237
11.9813
12.0391
12.0969
12.155
12.2131
12.2714
12.3298
12.3884
12.4471
12.5059
12.5649
12.624
12.6832
12.7426
12.8021
12.8617
12.9214
12.9813
13.0413
13.1014
13.1616
13.2219
13.2824
13.343
13.4037
13.4645
13.5254
13.5864
13.6475
13.7087
13.77
13.8313
13.8928
13.9544
14.016
14.0778
14.1396
14.2015
14.2634
14.3254
14.3875
14.4497
14.5119
14.5741
14.6364
14.6988
14.7612
14.8236
14.886
14.9485
15.011
15.0736
15.1361
15.1986
15.2612
15.3237
15.3863
15.4488
15.5113
15.5738
15.6363
15.6987
15.7611
15.8235
15.8858
15.948
16.0102
16.0723
16.1344
16.1964
16.2583
16.3201
16.3818
16.4434
16.5049
16.5663
16.6275
16.6887
16.7497
16.8105
16.8713
16.9318
16.9922
17.0525
17.1125
17.1724
17.2321
17.2916
17.3509
17.4099
17.4688
17.5274
17.5858
17.644
17.7019
17.7596
17.817
17.8741
17.931
17.9876
18.0439
18.0998
18.1555
18.2109
18.2659
18.3206
18.375
18.429
18.4827
18.536
18.5889
18.6415
18.6937
18.7455
18.7968
18.8478
18.8984
18.9485
18.9982
19.0474
19.0962
19.1446
19.1924
19.2398
19.2867
19.3332
19.3791
19.4245
19.4694
19.5138
19.5576
19.6009
19.6437
19.6859
19.7275
19.7686
19.8091
19.849
19.8883
19.927
19.965
20.0025
20.0393
20.0755
20.111
20.1459
20.1801
20.2136
20.2465
20.2787
20.3102
20.341
20.3711
20.4004
20.4291
20.457
20.4842
20.5106
20.5363
20.5612
20.5853
20.6086
20.6312
20.653
20.674
20.6941
20.7135
20.732
20.7497
20.7666
20.7826
20.7978
20.8121
20.8255
20.8381
20.8498
20.8606
20.8705
20.8795
20.8876
20.8948
20.9011
20.9065
20.9109
20.9144
20.9169
20.9185
20.9191
20.9188
20.9175
20.9153
20.912
20.9078
20.9026
20.8964
20.8891
20.8809
20.8717
20.8614
20.8502
20.8379
20.8245
20.8101
20.7947
20.7783
20.7608
20.7422
20.7226
20.7019
20.6801
20.6573
20.6334
20.6084
20.5824
20.5552
20.527
20.4976
20.4672
20.4357
20.4031
20.3693
20.3345
20.2985
20.2615
20.2233
20.184
20.1436
20.1021
20.0594
20.0156
19.9707
19.9247
19.8775
19.8293
19.7798
19.7293
19.6776
19.6248
19.5709
19.5158
19.4597
19.4023
19.3439
19.2843
19.2236
19.1618
19.0989
19.0348
18.9696
18.9033
18.8359
18.7673
18.6977
18.6269
18.5551
18.4821
18.4081
18.3329
18.2567
18.1793
18.1009
18.0214
17.9409
17.8593
17.7766
17.6928
17.608
17.5222
17.4353
17.3474
17.2585
17.1685
17.0775
16.9856
16.8926
16.7987
16.7037
16.6078
16.511
16.4132
16.3144
16.2147
16.1141
16.0126
15.9101
15.8068
15.7026
15.5975
15.4916
15.3848
15.2772
15.1687
15.0595
14.9494
14.8386
14.7269
14.6146
14.5015
14.3876
14.273
14.1578
14.0418
13.9252
13.8079
13.69
13.5714
13.4522
13.3325
13.2121
13.0912
12.9697
12.8478
12.7253
12.6023
12.4788
12.3549
12.2305
12.1057
11.9806
11.855
11.729
11.6027
11.4761
11.3492
11.2219
11.0944
10.9667
10.8387
10.7105
10.5821
10.4535
10.3248
10.1959
10.067
9.9379
9.80876
9.67956
9.55032
9.42108
9.29184
9.16263
9.03346
8.90437
8.77536
8.64645
8.51768
8.38906
8.2606
8.13234
8.00428
7.87645
7.74887
7.62156
7.49454
7.36783
7.24144
7.1154
6.98973
6.86444
6.73955
6.61509
6.49107
6.36751
6.24442
6.12183
5.99976
5.87821
5.75722
5.63679
5.51694
5.39769
5.27905
5.16105
5.0437
4.92701
4.81099
4.69567
4.58106
4.46717
4.35402
4.24162
4.12998
4.01912
3.90906
3.79979
3.69134
3.58372
3.47693
3.371
3.26593
3.16173
3.05841
2.95598
2.85446
2.75384
2.65415
2.55538
2.45755
2.36066
2.26472
2.16974
2.07573
1.98268
1.89061
1.79953
1.70943
1.62032
1.53221
1.4451
1.359
1.2739
1.18982
1.10674
1.02469
0.943648
0.863628
0.784629
0.706652
0.629697
0.553764
0.478853
0.404965
0.332098
0.260251
0.189424
0.119614
0.0508187
-0.0169628
-0.0837336
-0.149496
-0.214254
-0.278011
-0.340769
-0.402533
-0.463308
-0.523097
-0.581905
-0.639736
-0.696597
-0.752492
-0.807427
-0.861408
-0.91444
-0.96653
-1.01768
-1.06791
-1.11721
-1.1656
-1.21307
-1.25965
-1.30533
-1.35012
-1.39404
-1.43708
-1.47927
-1.52059
-1.56107
-1.60071
-1.63952
-1.67751
-1.71468
-1.75105
-1.78662
-1.8214
-1.85541
-1.88865
-1.92112
-1.95284
-1.98382
-2.01407
-2.04359
-2.0724
-2.1005
-2.1279
-2.15462
-2.18065
-2.20602
-2.23072
-2.25478
-2.27819
-2.30096
-2.32312
-2.34466
-2.36559
-2.38592
-2.40567
-2.42484
-2.44343
-2.46147
-2.47895
-2.49589
-2.51229
-2.52817
-2.54353
-2.55838
-2.57272
-2.58658
-2.59994
-2.61284
-2.62526
-2.63722
-2.64873
-2.6598
-2.67043
-2.68063
-2.69041
-2.69977
-2.70873
-2.71729
-2.72546
-2.73324
-2.74065
-2.74769
-2.75435
-2.76065
-2.76661
-2.77223
-2.77751
-2.78246
-2.78709
-2.7914
-2.7954
-2.79909
-2.80248
-2.80558
-2.80839
-2.81092
-2.81318
-2.81516
-2.81688
-2.81834
-2.81954
-2.8205
-2.82121
-2.82168
-2.82192
-2.82194
-2.82172
-2.82129
-2.82065
-2.8198
-2.81874
-2.81748
-2.81603
-2.81439
-2.81256
-0.742708
-0.66863
-2.73631
-2.92808
-2.87966
-2.85401
-2.83936
-2.82999
-2.82312
-2.81741
-2.81219
-2.80715
-2.80214
-2.79709
-2.79197
-2.78676
-2.78146
-2.77606
-2.77058
-2.76501
-2.75935
-2.75361
-2.74779
-2.7419
-2.73594
-2.72991
-2.72381
-2.71766
-2.71145
-2.70518
-2.69887
-2.6925
-2.68609
-2.67964
-2.67315
-2.66662
-2.66007
-2.65348
-2.64686
-2.64022
-2.63356
-2.62688
-2.62019
-2.61348
-2.60676
-2.60004
-2.59331
-2.58658
-2.57985
-2.57312
-2.5664
-2.55968
-2.55298
-2.54629
-2.53962
-2.53297
-2.52634
-2.51973
-2.51315
-2.5066
-2.50008
-2.49359
-2.48714
-2.48073
-2.47437
-2.46804
-2.46177
-2.45554
-2.44936
-2.44324
-2.43718
-2.43117
-2.42522
-2.41934
-2.41352
-2.40778
-2.4021
-2.3965
-2.39097
-2.38552
-2.38014
-2.37485
-2.36965
-2.36453
-2.3595
-2.35456
-2.34972
-2.34496
-2.34031
-2.33576
-2.3313
-2.32695
-2.32271
-2.31857
-2.31454
-2.31063
-2.30683
-2.30314
-2.29957
-2.29611
-2.29278
-2.28957
-2.28648
-2.28352
-2.28069
-2.27798
-2.2754
-2.27296
-2.27065
-2.26847
-2.26643
-2.26453
-2.26276
-2.26114
-2.25965
-2.25831
-2.25711
-2.25605
-2.25514
-2.25438
-2.25376
-2.2533
-2.25298
-2.25281
-2.25279
-2.25292
-2.25321
-2.25364
-2.25423
-2.25498
-2.25588
-2.25693
-2.25814
-2.2595
-2.26102
-2.2627
-2.26453
-2.26651
-2.26866
-2.27096
-2.27342
-2.27603
-2.27881
-2.28173
-2.28482
-2.28806
-2.29146
-2.29501
-2.29872
-2.30258
-2.3066
-2.31078
-2.3151
-2.31959
-2.32422
-2.32901
-2.33395
-2.33904
-2.34429
-2.34968
-2.35522
-2.36092
-2.36676
-2.37274
-2.37888
-2.38516
-2.39159
-2.39816
-2.40487
-2.41173
-2.41873
-2.42587
-2.43315
-2.44057
-2.44813
-2.45582
-2.46365
-2.47162
-2.47972
-2.48795
-2.49631
-2.50481
-2.51343
-2.52219
-2.53107
-2.54008
-2.54921
-2.55847
-2.56785
-2.57735
-2.58697
-2.59672
-2.60658
-2.61656
-2.62666
-2.63687
-2.6472
-2.65764
-2.66819
-2.67885
-2.68962
-2.7005
-2.71149
-2.72258
-2.73378
-2.74509
-2.75649
-2.768
-2.77961
-2.79132
-2.80312
-2.81503
-2.82703
-2.83912
-2.85131
-2.86359
-2.87596
-2.88842
-2.90098
-2.91362
-2.92634
-2.93916
-2.95205
-2.96504
-2.9781
-2.99124
-3.00447
-3.01777
-3.03115
-3.04461
-3.05815
-3.07175
-3.08543
-3.09919
-3.11301
-3.1269
-3.14086
-3.15489
-3.16898
-3.18314
-3.19735
-3.21163
-3.22597
-3.24037
-3.25483
-3.26934
-3.28391
-3.29853
-3.3132
-3.32792
-3.34269
-3.35751
-3.37237
-3.38727
-3.40222
-3.41721
-3.43223
-3.4473
-3.46239
-3.47752
-3.49269
-3.50788
-3.5231
-3.53834
-3.55361
-3.56889
-3.5842
-3.59952
-3.61486
-3.63021
-3.64557
-3.66094
-3.67631
-3.69168
-3.70706
-3.72243
-3.7378
-3.75315
-3.7685
-3.78383
-3.79915
-3.81445
-3.82972
-3.84497
-3.86019
-3.87538
-3.89053
-3.90564
-3.92071
-3.93573
-3.95071
-3.96563
-3.98049
-3.9953
-4.01004
-4.02471
-4.0393
-4.05382
-4.06826
-4.08262
-4.09688
-4.11106
-4.12513
-4.1391
-4.15296
-4.16671
-4.18035
-4.19386
-4.20725
-4.2205
-4.23362
-4.24659
-4.25942
-4.2721
-4.28462
-4.29697
-4.30916
-4.32117
-4.333
-4.34465
-4.35611
-4.36737
-4.37842
-4.38927
-4.3999
-4.4103
-4.42049
-4.43043
-4.44014
-4.4496
-4.45881
-4.46775
-4.47643
-4.48484
-4.49297
-4.50081
-4.50836
-4.51561
-4.52256
-4.52919
-4.5355
-4.54148
-4.54713
-4.55243
-4.55739
-4.56199
-4.56623
-4.57009
-4.57358
-4.57669
-4.5794
-4.58171
-4.58362
-4.58511
-4.58618
-4.58682
-4.58703
-4.58679
-4.5861
-4.58495
-4.58334
-4.58125
-4.57869
-4.57563
-4.57208
-4.56803
-4.56347
-4.55839
-4.55279
-4.54665
-4.53998
-4.53276
-4.52499
-4.51666
-4.50776
-4.49829
-4.48823
-4.47759
-4.46636
-4.45452
-4.44208
-4.42902
-4.41534
-4.40103
-4.38609
-4.3705
-4.35428
-4.33739
-4.31985
-4.30165
-4.28277
-4.26322
-4.24299
-4.22206
-4.20045
-4.17813
-4.15511
-4.13139
-4.10695
-4.08179
-4.0559
-4.02929
-4.00194
-3.97386
-3.94503
-3.91546
-3.88514
-3.85406
-3.82223
-3.78963
-3.75627
-3.72215
-3.68725
-3.65157
-3.61512
-3.57789
-3.53987
-3.50107
-3.46149
-3.42111
-3.37994
-3.33798
-3.29522
-3.25167
-3.20731
-3.16216
-3.11621
-3.06946
-3.0219
-2.97354
-2.92438
-2.87442
-2.82365
-2.77208
-2.71971
-2.66654
-2.61256
-2.55778
-2.50221
-2.44583
-2.38866
-2.33069
-2.27192
-2.21236
-2.15202
-2.09088
-2.02896
-1.96625
-1.90276
-1.83849
-1.77344
-1.70762
-1.64103
-1.57368
-1.50555
-1.43667
-1.36704
-1.29665
-1.22551
-1.15363
-1.081
-1.00764
-0.933554
-0.858737
-0.783198
-0.706941
-0.629972
-0.552296
-0.473919
-0.394844
-0.315079
-0.234627
-0.153496
-0.0716903
0.0107837
0.0939202
0.177713
0.262157
0.347244
0.43297
0.519327
0.60631
0.693911
0.782124
0.870942
0.96036
1.05037
1.14096
1.23214
1.32388
1.41619
1.50906
1.60248
1.69644
1.79093
1.88596
1.98151
2.07757
2.17415
2.27122
2.36878
2.46683
2.56537
2.66437
2.76383
2.86376
2.96413
3.06495
3.1662
3.26788
3.36999
3.4725
3.57543
3.67875
3.78247
3.88657
3.99105
4.0959
4.20112
4.3067
4.41263
4.5189
4.62551
4.73245
4.83972
4.94731
5.0552
5.16341
5.27191
5.3807
5.48979
5.59915
5.70878
5.81869
5.92885
6.03928
6.14995
6.26087
6.37203
6.48342
6.59504
6.70689
6.81895
6.93122
7.0437
7.15639
7.26927
7.38234
7.4956
7.60905
7.72267
7.83646
7.95043
8.06456
8.17885
8.29329
8.40789
8.52263
8.63752
8.75254
8.8677
8.98299
9.09841
9.21396
9.32962
9.4454
9.56129
9.67729
9.7934
9.9096
10.0259
10.1423
10.2588
10.3754
10.492
10.6088
10.7256
10.8425
10.9595
11.0765
11.1936
11.3108
11.428
11.5452
11.6625
11.7799
11.8973
12.0147
12.1322
12.2497
12.3673
12.4848
12.6024
12.72
12.8376
12.9552
13.0728
13.1904
13.308
13.4255
13.5431
13.6606
13.7781
13.8956
14.013
14.1304
14.2477
14.365
14.4821
14.5993
14.7163
14.8332
14.9501
15.0668
15.1835
15.3
15.4164
14.9688
15.5326
15.6487
15.7647
15.8805
15.9961
16.1115
16.2267
16.3417
16.4565
16.571
16.6853
16.7994
16.9132
17.0267
17.1399
17.2528
17.3654
17.4776
17.5895
17.701
17.8121
17.9229
18.0332
18.1431
18.2525
18.3615
18.47
18.578
18.6855
18.7924
18.8988
19.0046
19.1098
19.2144
19.3184
19.4217
19.5244
19.6263
19.7276
19.8281
19.9279
20.0268
20.125
20.2224
20.3189
20.4145
20.5093
20.6032
20.6961
20.7881
20.8791
20.9691
21.0581
21.1461
21.233
21.3188
21.4035
21.4871
21.5695
21.6508
21.7309
21.8097
21.8874
21.9638
22.0389
22.1127
22.1853
22.2565
22.3263
22.3948
22.462
22.5277
22.592
22.6549
22.7163
22.7763
22.8348
22.8919
22.9474
23.0014
23.054
23.1049
23.1544
23.2023
23.2486
23.2934
23.3366
23.3783
23.4183
23.4568
23.4937
23.529
23.5627
23.5948
23.6253
23.6543
23.6816
23.7074
23.7316
23.7542
23.7753
23.7947
23.8127
23.8291
23.8439
23.8572
23.869
23.8793
23.8881
23.8954
23.9013
23.9057
23.9087
23.9102
23.9104
23.9091
23.9065
23.9025
23.8972
23.8906
23.8827
23.8736
23.8631
23.8515
23.8387
23.8247
23.8095
23.7932
23.7758
23.7573
23.7378
23.7172
23.6956
23.6731
23.6496
23.6252
23.5998
23.5736
23.5466
23.5187
23.49
23.4606
23.4304
23.3995
23.3679
23.3357
23.3028
23.2693
23.2352
23.2005
23.1653
23.1296
23.0934
23.0567
23.0196
22.982
22.9441
22.9058
22.8671
22.8281
22.7888
22.7492
22.7093
22.6692
22.6289
22.5884
22.5477
22.5068
22.4657
22.4245
22.3832
22.3418
22.3004
22.2588
22.2166
22.1746
22.1327
22.0908
22.0489
22.0071
21.9653
21.9234
21.8817
21.84
21.7983
21.7567
21.7153
21.6738
21.6325
21.5913
21.5502
21.5093
21.4684
21.4277
21.3871
21.3467
21.3064
21.2663
21.2263
21.1865
21.1469
21.1074
21.0681
21.0289
20.99
20.9512
20.9126
20.8742
20.8359
20.7979
20.76
20.7223
20.6848
20.6475
20.6103
20.5734
20.5366
20.5
20.4635
20.4273
20.3912
20.3552
20.3195
20.2839
20.2485
20.2132
20.1781
20.1431
20.1083
20.0737
20.0391
20.0048
19.9705
19.9364
19.9024
19.8685
19.8348
19.8012
19.7677
19.7342
19.7009
19.6677
19.6346
19.6016
19.5686
19.5357
19.5029
19.4702
19.4375
19.4049
19.3724
19.3399
19.3074
19.275
19.2426
19.2102
19.1779
19.1455
19.1132
19.0809
19.0486
19.0163
18.984
18.9517
18.9194
18.887
18.8547
18.8222
18.7898
18.7573
18.7248
18.6922
18.6596
18.6269
18.5941
18.5613
18.5283
18.4954
18.4623
18.4291
18.3959
18.3626
18.3291
18.2956
18.2619
18.2281
18.1942
18.1602
18.1261
18.0918
18.0575
18.0229
17.9882
17.9534
17.9185
17.8834
17.8481
17.8127
17.7771
17.7413
17.7054
17.6693
17.633
17.5966
17.5599
17.5231
17.4861
17.4489
17.4115
17.3739
17.3361
17.2982
17.26
17.2216
17.183
17.1441
17.1051
17.0659
17.0264
16.9867
16.9468
16.9067
16.8663
16.8257
16.7849
16.7439
16.7026
16.6611
16.6193
16.5773
16.5351
16.4926
16.4499
16.4069
16.3637
16.3202
16.2765
16.2326
16.1883
16.1439
16.0992
16.0542
16.009
15.9635
15.9177
15.8717
15.8255
15.779
15.7322
15.6852
15.6379
15.5903
15.5425
15.4944
15.4461
15.3975
15.3486
15.2995
15.2501
15.2004
15.1505
15.1003
15.0498
14.9991
14.9481
14.8969
14.8454
14.7936
14.7416
14.6893
14.6367
14.5839
14.5308
14.4775
14.4239
14.37
14.3159
14.2615
14.2069
14.1519
14.0968
14.0414
13.9857
13.9297
13.8736
13.8171
13.7604
13.7035
13.6462
13.5888
13.5311
13.4731
13.4149
13.3565
13.2977
13.2388
13.1796
13.1201
13.0605
13.0005
12.9404
12.8799
12.8193
12.7584
12.6973
12.6359
12.5743
12.5125
12.4504
12.3881
12.3256
12.2628
12.1998
12.1366
12.0732
12.0095
11.9456
11.8815
11.8172
11.7526
11.6878
11.6228
11.5576
11.4922
11.4266
11.3607
11.2947
11.2284
11.1619
11.0952
11.0283
10.9612
10.8939
10.8264
10.7587
10.6908
10.6227
10.5544
10.4859
10.4172
10.3484
10.2793
10.21
10.1406
10.0709
10.0011
9.93107
9.86087
9.79049
9.71993
9.64918
9.57825
9.50715
9.43587
9.36441
9.29278
9.22098
9.149
9.07685
9.00453
8.93205
8.85939
8.78657
8.71359
8.64044
8.56713
8.49366
8.42002
8.34623
8.27228
8.19817
8.12391
8.04949
7.97492
7.9002
7.82532
7.7503
7.67512
7.5998
7.52433
7.44871
7.37295
7.29704
7.221
7.14481
7.06847
6.992
6.9154
6.83865
6.76177
6.68475
6.60759
6.53031
6.45289
6.37534
6.29766
6.21985
6.14191
6.06385
5.98565
5.90734
5.8289
5.75033
5.67164
5.59284
5.51391
5.43486
5.3557
5.27641
5.19702
5.1175
5.03788
4.95814
4.87829
4.79833
4.71826
4.63808
4.55779
4.4774
4.3969
4.3163
4.2356
4.15479
4.07389
3.99288
3.91178
3.83058
3.74929
3.6679
3.58642
3.50484
3.42318
3.34143
3.25959
3.17766
3.09565
3.01355
2.93138
2.84912
2.76678
2.68437
2.60188
2.51931
2.43667
2.35396
2.27118
2.18834
2.10542
2.02244
1.9394
1.8563
1.77314
1.68992
1.60664
1.52331
1.43993
1.3565
1.27302
1.1895
1.10593
1.02232
0.938673
0.854987
0.771265
0.687511
0.603727
0.519914
0.436076
0.352214
0.268331
0.184431
0.100514
0.0165848
-0.0673552
-0.151303
-0.235255
-0.31921
-0.403165
-0.487115
-0.571059
-0.654994
-0.738917
-0.822823
-0.906712
-0.990578
-1.07442
-1.15823
-1.24201
-1.32576
-1.40947
-1.49313
-1.57675
-1.66032
-1.74384
-1.82731
-1.91071
-1.99405
-2.07732
-2.16051
-2.24364
-2.32668
-2.40964
-2.49251
-2.57529
-2.65798
-2.74056
-2.82304
-2.90541
-2.98767
-3.06981
-3.15182
-3.23371
-3.31547
-3.39709
-3.47857
-3.55991
-3.64109
-3.72212
-3.80299
-3.8837
-3.96423
-4.04459
-4.12477
-4.20476
-4.28456
-4.36417
-4.44357
-4.52277
-4.60175
-4.68052
-4.75907
-4.83739
-4.91548
-4.99332
-5.07092
-5.14828
-5.22537
-5.30221
-5.37877
-5.44892
-5.52233
-5.59717
-5.67253
-5.74799
-5.82331
-5.8984
-5.9732
-6.04769
-6.12183
-6.19563
-6.26908
-6.34216
-6.41488
-6.48722
-6.55918
-6.63076
-6.70195
-6.77274
-6.84313
-6.91312
-6.98269
-7.05185
-7.12058
-7.18888
-7.25675
-7.32418
-7.39116
-7.45769
-7.52377
-7.58939
-7.65454
-7.71921
-7.78341
-7.84713
-7.91036
-7.9731
-8.03534
-8.09707
-8.1583
-8.21901
-8.27921
-8.33888
-8.39803
-8.45664
-8.51471
-8.57224
-8.62923
-8.68566
-8.74154
-8.79685
-8.8516
-8.90578
-8.95939
-9.01242
-9.06487
-9.11673
-9.168
-9.21867
-9.26875
-9.31823
-9.3671
-9.41536
-9.46301
-9.51004
-9.55645
-9.60224
-9.6474
-9.69194
-9.73584
-9.7791
-9.82173
-9.86372
-9.90506
-9.94576
-9.98581
-10.0252
-10.064
-10.102
-10.1395
-10.1763
-10.2124
-10.2478
-10.2826
-10.3167
-10.3502
-10.383
-10.4151
-10.4465
-10.4773
-10.5074
-10.5368
-10.5655
-10.5936
-10.621
-10.6477
-10.6738
-10.6991
-10.7238
-10.7478
-10.7712
-10.7938
-10.8158
-10.8371
-10.8578
-10.8777
-10.897
-10.9156
-10.9335
-10.9508
-10.9674
-10.9833
-10.9986
-11.0132
-11.0271
-11.0404
-11.053
-11.0649
-11.0762
-11.0869
-11.0969
-11.1062
-11.1149
-11.1229
-11.1303
-11.1371
-11.1432
-11.1486
-11.1535
-11.1577
-11.1613
-11.1643
-11.1666
-11.1683
-11.1694
-11.1699
-11.1698
-11.1691
-11.1678
-11.1659
-11.1634
-11.1603
-11.1566
-11.1523
-11.1475
-11.1421
-11.1361
-11.1295
-11.1224
-11.1147
-11.1065
-11.0977
-11.0884
-11.0785
-11.0681
-11.0572
-11.0457
-11.0338
-11.0213
-11.0082
-10.9947
-10.9807
-10.9662
-10.9512
-10.9357
-10.9197
-10.9032
-10.8863
-10.8688
-10.851
-10.8326
-10.8138
-10.7946
-10.7749
-10.7548
-10.7342
-10.7132
-10.6918
-10.67
-10.6477
-10.6251
-10.602
-10.5786
-10.5547
-10.5305
-10.5059
-10.4809
-10.4555
-10.4298
-10.4037
-10.3772
-10.3504
-10.3232
-10.2958
-10.2679
-10.2398
-10.2113
-10.1825
-10.1534
-10.1239
-10.0942
-10.0642
-10.0338
-10.0032
-9.97233
-9.94115
-9.9097
-9.87798
-9.846
-9.81375
-9.78126
-9.74851
-9.71553
-9.6823
-9.64884
-9.61516
-9.58125
-9.54712
-9.51278
-9.47822
-9.44347
-9.40851
-9.37336
-9.33803
-9.3025
-9.2668
-9.23092
-9.19487
-9.15866
-9.12228
-9.08575
-9.04906
-9.01223
-8.97526
-8.93814
-8.90089
-8.86352
-8.82601
-8.78839
-8.75065
-8.7128
-8.67484
-8.63678
-8.59862
-8.56037
-8.52202
-8.48359
-8.44508
-8.40649
-8.36782
-8.32909
-8.29029
-8.25143
-8.21251
-8.17354
-8.13452
-8.09546
-8.05635
-8.01721
-7.97804
-7.93883
-7.8996
-7.86035
-7.82109
-7.7818
-7.74251
-7.70322
-7.66392
-7.62462
-7.58533
-7.54605
-7.50678
-7.46753
-7.42829
-7.38909
-7.34991
-7.31076
-7.27165
-7.23258
-7.19355
-7.15456
-7.11563
-7.07675
-7.03793
-6.99917
-6.96047
-6.92184
-6.88329
-6.84481
-6.80641
-6.76809
-6.72986
-6.69172
-6.65367
-6.61572
-6.57787
-6.54013
-6.50249
-6.46497
-6.42756
-6.39027
-6.3531
-6.31606
-6.27915
-6.24237
-6.20573
-6.16923
-6.13287
-6.09666
-6.0606
-6.0247
-5.98895
-5.95337
-5.91795
-5.8827
-5.84762
-5.81272
-5.778
-5.74346
-5.7091
-5.67494
-5.64096
-5.60719
-5.57361
-5.54024
-5.50707
-5.47412
-5.44137
-5.40885
-5.37654
-5.34445
-5.3126
-5.28096
-5.24957
-5.2184
-5.18748
-5.15679
-5.12635
-5.09616
-5.06621
-5.03652
-5.00708
-4.9779
-4.94898
-4.92032
-4.89192
-4.8638
-4.83594
-4.80835
-4.78103
-4.75399
-4.72723
-4.70075
-4.67454
-4.64862
-4.62298
-4.59763
-4.57256
-4.54778
-4.52328
-4.49907
-4.47516
-4.45153
-4.42819
-4.40515
-4.38239
-4.35992
-4.33775
-4.31586
-4.29426
-4.27296
-4.25194
-4.2312
-4.21076
-4.19059
-4.17071
-4.15111
-4.13179
-4.11275
-4.09398
-4.07548
-4.05725
-4.03929
-4.0216
-4.00416
-3.98698
-3.97005
-3.95338
-3.93694
-3.92075
-3.9048
-3.88907
-3.87357
-3.8583
-3.84324
-3.82839
-3.81375
-3.7993
-3.78505
-3.77098
-3.75709
-3.74338
-3.72983
-3.71644
-3.7032
-3.6901
-3.67714
-3.6643
-3.65159
-3.63898
-3.62648
-3.61407
-3.60174
-3.58949
-3.5773
-3.56518
-3.55309
-3.54105
-3.52903
-3.51702
-3.50502
-3.49302
-3.48101
-3.46896
-3.45689
-3.44476
-3.43258
-3.42032
-3.40799
-3.39556
-3.38303
-3.37039
-3.35762
-3.34471
-3.33165
-3.31843
-3.30504
-3.29146
-3.27769
-3.26371
-3.2495
-3.23507
-3.22039
-3.20546
-3.19026
-3.17478
-3.15901
-3.14293
-3.12654
