0.357143
0.357138
0.357125
0.357103
0.357071
0.357071
0.357031
0.356982
0.356924
0.356857
0.356781
0.356697
0.356603
0.3565
0.356389
0.356268
0.356139
0.356001
0.355853
0.355697
0.355532
0.355359
0.355176
0.354984
0.354784
0.354575
0.354356
0.354129
0.353893
0.353649
0.353395
0.353133
0.352861
0.352581
0.352292
0.351995
0.351688
0.351373
0.351049
0.350716
0.350374
0.350024
0.349665
0.349297
0.34892
0.348535
0.348141
0.347738
0.347327
0.346906
0.346478
0.34604
0.345594
0.345139
0.344676
0.344204
0.343723
0.343234
0.342736
0.34223
0.341715
0.341192
0.34066
0.340119
0.33957
0.339013
0.338447
0.337872
0.337289
0.336698
0.336098
0.33549
0.334874
0.334249
0.333616
0.332974
0.332324
0.331666
0.330999
0.330325
0.329642
0.32895
0.328251
0.327543
0.326827
0.326103
0.325371
0.324631
0.323882
0.323126
0.322361
0.321588
0.320808
0.320019
0.319222
0.318417
0.317605
0.316784
0.315955
0.315119
0.314275
0.313422
0.312562
0.311694
0.310819
0.309935
0.309044
0.308145
0.307239
0.306325
0.305403
0.304473
0.303536
0.302591
0.301639
0.300679
0.299712
0.298737
0.297754
0.296765
0.295767
0.294763
0.293751
0.292731
0.291705
0.290671
0.28963
0.288581
0.287526
0.286463
0.285393
0.284316
0.283231
0.28214
0.281042
0.279936
0.278824
0.277705
0.276578
0.275445
0.274305
0.273158
0.272004
0.270844
0.269676
0.268502
0.267321
0.266134
0.26494
0.263739
0.262531
0.261317
0.260097
0.25887
0.257637
0.256397
0.25515
0.253898
0.252639
0.251373
0.250102
0.248824
0.24754
0.246249
0.244953
0.24365
0.242342
0.241027
0.239706
0.23838
0.237047
0.235708
0.234364
0.233013
0.231657
0.230295
0.228927
0.227554
0.226175
0.22479
0.2234
0.222004
0.220602
0.219195
0.217782
0.216364
0.214941
0.213512
0.212078
0.210639
0.209194
0.207744
0.206289
0.204829
0.203363
0.201893
0.200417
0.198937
0.197451
0.195961
0.194465
0.192965
0.19146
0.18995
0.188436
0.186916
0.185392
0.183864
0.182331
0.180793
0.179251
0.177704
0.176153
0.174597
0.173037
0.171473
0.169904
0.168332
0.166755
0.165173
0.163588
0.161999
0.160405
0.158808
0.157206
0.155601
0.153992
0.152379
0.150762
0.149141
0.147516
0.145888
0.144257
0.142621
0.140982
0.13934
0.137694
0.136045
0.134392
0.132736
0.131076
0.129413
0.127748
0.126078
0.124406
0.122731
0.121052
0.119371
0.117686
0.115999
0.114308
0.112615
0.110919
0.10922
0.107519
0.105815
0.104108
0.102398
0.100686
0.0989717
0.0972547
0.0955353
0.0938135
0.0920893
0.0903628
0.0886341
0.0869031
0.08517
0.0834348
0.0816974
0.0799581
0.0782167
0.0764733
0.0747281
0.072981
0.071232
0.0694813
0.0677289
0.0659747
0.0642189
0.0624615
0.0607026
0.0589421
0.0571801
0.0554167
0.053652
0.0518858
0.0501184
0.0483498
0.0465799
0.0448089
0.0430367
0.0412635
0.0394892
0.037714
0.0359378
0.0341607
0.0323827
0.030604
0.0288244
0.0270442
0.0252633
0.0234817
0.0216996
0.0199169
0.0181337
0.0163501
0.0145661
0.0127817
0.0109969
0.00921195
0.00742672
0.00564131
0.00385576
0.00207011
0.000284402
-0.00150131
-0.00328698
-0.00507257
-0.00685803
-0.00864333
-0.0104284
-0.0122132
-0.0139977
-0.0157819
-0.0175657
-0.019349
-0.0211318
-0.0229141
-0.0246959
-0.026477
-0.0282575
-0.0300372
-0.0318162
-0.0335944
-0.0353718
-0.0371483
-0.0389238
-0.0406984
-0.042472
-0.0442445
-0.0460159
-0.0477861
-0.0495552
-0.051323
-0.0530895
-0.0548547
-0.0566186
-0.058381
-0.0601419
-0.0619014
-0.0636593
-0.0654156
-0.0671703
-0.0689233
-0.0706746
-0.0724241
-0.0741718
-0.0759176
-0.0776616
-0.0794036
-0.0811436
-0.0828816
-0.0846175
-0.0863513
-0.088083
-0.0898124
-0.0915396
-0.0932645
-0.0949871
-0.0967073
-0.0984251
-0.10014
-0.101853
-0.103564
-0.105271
-0.106976
-0.108679
-0.110378
-0.112075
-0.113769
-0.115461
-0.117149
-0.118834
-0.120517
-0.122196
-0.123873
-0.125546
-0.127216
-0.128883
-0.130547
-0.132207
-0.133865
-0.135518
-0.137169
-0.138816
-0.14046
-0.1421
-0.143736
-0.145369
-0.146998
-0.148624
-0.150246
-0.151864
-0.153478
-0.155089
-0.156695
-0.158298
-0.159897
-0.161491
-0.163082
-0.164669
-0.166251
-0.16783
-0.169404
-0.170974
-0.172539
-0.174101
-0.175658
-0.17721
-0.178758
-0.180302
-0.181841
-0.183376
-0.184906
-0.186431
-0.187952
-0.189468
-0.19098
-0.192486
-0.193988
-0.195485
-0.196977
-0.198464
-0.199946
-0.201423
-0.202895
-0.204362
-0.205824
-0.207281
-0.208733
-0.210179
-0.21162
-0.213056
-0.214486
-0.215912
-0.217331
-0.218746
-0.220154
-0.221558
-0.222956
-0.224348
-0.225734
-0.227115
-0.228491
-0.22986
-0.231224
-0.232582
-0.233934
-0.235281
-0.236621
-0.237956
-0.239284
-0.240607
-0.241924
-0.243234
-0.244539
-0.245837
-0.247129
-0.248415
-0.249695
-0.250969
-0.252236
-0.253497
-0.254752
-0.256
-0.257242
-0.258478
-0.259707
-0.260929
-0.262145
-0.263355
-0.264558
-0.265754
-0.266944
-0.268127
-0.269303
-0.270472
-0.271635
-0.272791
-0.27394
-0.275083
-0.276218
-0.277347
-0.278468
-0.279583
-0.28069
-0.281791
-0.282885
-0.283971
-0.28505
-0.286123
-0.287188
-0.288246
-0.289297
-0.29034
-0.291376
-0.292405
-0.293427
-0.294441
-0.295448
-0.296448
-0.29744
-0.298425
-0.299402
-0.300372
-0.301334
-0.302289
-0.303236
-0.304175
-0.305107
-0.306032
-0.306948
-0.307857
-0.308759
-0.309652
-0.310538
-0.311416
-0.312287
-0.313149
-0.314004
-0.314851
-0.31569
-0.316521
-0.317344
-0.318159
-0.318967
-0.319766
-0.320557
-0.32134
-0.322116
-0.322883
-0.323642
-0.324393
-0.325136
-0.325871
-0.326598
-0.327316
-0.328026
-0.328728
-0.329422
-0.330108
-0.330785
-0.331455
-0.332115
-0.332768
-0.333412
-0.334048
-0.334676
-0.335295
-0.335906
-0.336508
-0.337102
-0.337688
-0.338265
-0.338833
-0.339393
-0.339945
-0.340488
-0.341023
-0.341549
-0.342067
-0.342576
-0.343076
-0.343568
-0.344052
-0.344526
-0.344993
-0.34545
-0.345899
-0.346339
-0.346771
-0.347194
-0.347608
-0.348013
-0.34841
-0.348798
-0.349178
-0.349548
-0.34991
-0.350264
-0.350608
-0.350944
-0.35127
-0.351589
-0.351898
-0.352198
-0.35249
-0.352773
-0.353047
-0.353312
-0.353569
-0.353816
-0.354055
-0.354285
-0.354506
-0.354718
-0.354921
-0.355116
-0.355301
-0.355478
-0.355646
-0.355805
-0.355955
-0.356096
-0.356228
-0.356351
-0.356466
-0.356571
-0.356668
-0.356755
-0.356834
-0.356904
-0.356965
-0.357017
-0.35706
-0.357094
-0.357119
-0.357135
-0.357142
-0.357141
-0.35713
-0.357111
-0.357082
-0.357045
-0.356999
-0.356944
-0.356879
-0.356806
-0.356724
-0.356634
-0.356534
-0.356425
-0.356308
-0.356181
-0.356046
-0.355901
-0.355748
-0.355586
-0.355415
-0.355235
-0.355046
-0.354849
-0.354642
-0.354427
-0.354203
-0.353969
-0.353727
-0.353477
-0.353217
-0.352949
-0.352671
-0.352385
-0.35209
-0.351787
-0.351474
-0.351153
-0.350823
-0.350484
-0.350136
-0.34978
-0.349415
-0.349041
-0.348658
-0.348267
-0.347867
-0.347459
-0.347041
-0.346615
-0.34618
-0.345737
-0.345285
-0.344824
-0.344355
-0.343877
-0.343391
-0.342896
-0.342392
-0.34188
-0.341359
-0.34083
-0.340292
-0.339746
-0.339191
-0.338628
-0.338056
-0.337476
-0.336887
-0.33629
-0.335685
-0.335071
-0.334449
-0.333818
-0.333179
-0.332532
-0.331877
-0.331213
-0.33054
-0.32986
-0.329171
-0.328475
-0.327769
-0.327056
-0.326335
-0.325605
-0.324867
-0.324121
-0.323367
-0.322605
-0.321835
-0.321057
-0.320271
-0.319477
-0.318674
-0.317864
-0.317046
-0.31622
-0.315386
-0.314544
-0.313695
-0.312837
-0.311972
-0.311099
-0.310218
-0.309329
-0.308433
-0.307528
-0.306617
-0.305697
-0.30477
-0.303835
-0.302893
-0.301943
-0.300985
-0.30002
-0.299048
-0.298068
-0.297081
-0.296086
-0.295084
-0.294074
-0.293057
-0.292033
-0.291001
-0.289962
-0.288916
-0.287863
-0.286802
-0.285734
-0.28466
-0.283578
-0.282488
-0.281392
-0.280289
-0.279179
-0.278062
-0.276938
-0.275807
-0.274669
-0.273524
-0.272372
-0.271214
-0.270049
-0.268877
-0.267698
-0.266513
-0.265321
-0.264122
-0.262917
-0.261705
-0.260486
-0.259262
-0.25803
-0.256792
-0.255548
-0.254297
-0.25304
-0.251777
-0.250507
-0.249232
-0.247949
-0.246661
-0.245367
-0.244066
-0.242759
-0.241446
-0.240128
-0.238803
-0.237472
-0.236135
-0.234793
-0.233444
-0.23209
-0.23073
-0.229364
-0.227992
-0.226615
-0.225232
-0.223843
-0.222449
-0.221049
-0.219644
-0.218233
-0.216817
-0.215395
-0.213968
-0.212535
-0.211098
-0.209655
-0.208206
-0.206753
-0.205294
-0.20383
-0.202362
-0.200888
-0.199409
-0.197925
-0.196436
-0.194942
-0.193443
-0.19194
-0.190432
-0.188919
-0.187401
-0.185878
-0.184351
-0.18282
-0.181283
-0.179742
-0.178197
-0.176647
-0.175093
-0.173535
-0.171972
-0.170404
-0.168833
-0.167257
-0.165677
-0.164093
-0.162505
-0.160913
-0.159317
-0.157717
-0.156113
-0.154505
-0.152893
-0.151277
-0.149658
-0.148034
-0.146407
-0.144777
-0.143143
-0.141505
-0.139863
-0.138219
-0.13657
-0.134919
-0.133264
-0.131605
-0.129943
-0.128279
-0.12661
-0.124939
-0.123265
-0.121587
-0.119907
-0.118223
-0.116536
-0.114847
-0.113155
-0.11146
-0.109762
-0.108061
-0.106358
-0.104652
-0.102943
-0.101232
-0.0995181
-0.0978019
-0.0960833
-0.0943622
-0.0926388
-0.090913
-0.089185
-0.0874547
-0.0857223
-0.0839877
-0.0822511
-0.0805123
-0.0787716
-0.0770289
-0.0752842
-0.0735377
-0.0717893
-0.0700392
-0.0682873
-0.0665337
-0.0647784
-0.0630215
-0.061263
-0.059503
-0.0577415
-0.0559786
-0.0542142
-0.0524485
-0.0506815
-0.0489133
-0.0471438
-0.0453731
-0.0436013
-0.0418284
-0.0400545
-0.0382795
-0.0365036
-0.0347268
-0.0329491
-0.0311706
-0.0293914
-0.0276113
-0.0258306
-0.0240493
-0.0222673
-0.0204848
-0.0187018
-0.0169183
-0.0151344
-0.0133501
-0.0115655
-0.00978056
-0.0079954
-0.00621004
-0.00442452
-0.0026389
-0.000853206
0.000932506
0.0027182
0.00450382
0.00628932
0.00807468
0.00985983
0.0116447
0.0134293
0.0152136
0.0169975
0.018781
0.020564
0.0223465
0.0241284
0.0259097
0.0276904
0.0294704
0.0312496
0.0330281
0.0348057
0.0365825
0.0383584
0.0401333
0.0419072
0.04368
0.0454518
0.0472224
0.0489918
0.05076
0.052527
0.0542926
0.0560569
0.0578198
0.0595812
0.0613411
0.0630995
0.0648564
0.0666116
0.0683651
0.0701169
0.071867
0.0736153
0.0753617
0.0771063
0.0788489
0.0805896
0.0823282
0.0840648
0.0857993
0.0875316
0.0892618
0.0909897
0.0927153
0.0944387
0.0961596
0.0978782
0.0995943
0.101308
0.103019
0.104728
0.106433
0.108137
0.109837
0.111535
0.11323
0.114922
0.116611
0.118298
0.119981
0.121662
0.123339
0.125013
0.126685
0.128353
0.130017
0.131679
0.133337
0.134992
0.136644
0.138292
0.139936
0.141578
0.143215
0.144849
0.14648
0.148106
0.14973
0.151349
0.152964
0.154576
0.156184
0.157788
0.159388
0.160984
0.162576
0.164164
0.165748
0.167327
0.168903
0.170474
0.172041
0.173604
0.175162
0.176716
0.178266
0.179811
0.181352
0.182888
0.184419
0.185946
0.187468
0.188986
0.190499
0.192007
0.19351
0.195009
0.196502
0.197991
0.199475
0.200953
0.202427
0.203896
0.205359
0.206818
0.208271
0.209719
0.211162
0.212599
0.214031
0.215458
0.21688
0.218296
0.219706
0.221111
0.222511
0.223905
0.225293
0.226676
0.228053
0.229425
0.23079
0.23215
0.233504
0.234852
0.236195
0.237531
0.238862
0.240186
0.241505
0.242817
0.244124
0.245424
0.246718
0.248006
0.249288
0.250564
0.251833
0.253096
0.254353
0.255603
0.256847
0.258085
0.259316
0.260541
0.261759
0.26297
0.264175
0.265374
0.266565
0.267751
0.268929
0.270101
0.271266
0.272424
0.273575
0.274719
0.275857
0.276988
0.278112
0.279228
0.280338
0.281441
0.282537
0.283626
0.284707
0.285782
0.286849
0.28791
0.288963
0.290008
0.291047
0.292078
0.293102
0.294119
0.295128
0.29613
0.297125
0.298112
0.299091
0.300064
0.301028
0.301985
0.302935
0.303877
0.304811
0.305738
0.306657
0.307569
0.308473
0.309369
0.310257
0.311138
0.31201
0.312875
0.313733
0.314582
0.315423
0.316257
0.317083
0.3179
0.31871
0.319512
0.320306
0.321092
0.32187
0.322639
0.323401
0.324155
0.3249
0.325638
0.326367
0.327088
0.327801
0.328506
0.329202
0.32989
0.330571
0.331242
0.331906
0.332561
0.333208
0.333846
0.334477
0.335098
0.335712
0.336317
0.336914
0.337502
0.338082
0.338653
0.339216
0.33977
0.340316
0.340854
0.341383
0.341903
0.342415
0.342918
0.343413
0.343899
0.344376
0.344845
0.345305
0.345757
0.3462
0.346634
0.34706
0.347477
0.347885
0.348285
0.348676
0.349058
0.349431
0.349796
0.350152
0.350499
0.350838
0.351167
0.351488
0.3518
0.352104
0.352398
0.352684
0.352961
0.353229
0.353488
0.353738
0.35398
0.354213
0.354437
0.354652
0.354858
0.355055
0.355243
0.355423
0.355593
0.355755
0.355908
0.356052
0.356187
0.356313
0.35643
0.356538
0.356638
0.356728
0.35681
0.356883
0.356946
0.357001
0.357047
0.357084
0.357112
0.357131
0.357141
0.357142
0.357135
0.357118
0.357092
0.357058
0.357014
0.356962
0.356901
0.356831
0.356752
0.356664
0.356567
0.356461
0.356346
0.356222
0.35609
0.355948
0.355798
0.355639
0.35547
0.355293
0.355107
0.354913
0.354709
0.354496
0.354275
0.354045
0.353806
0.353558
0.353301
0.353035
0.352761
0.352477
0.352185
0.351884
0.351575
0.351256
0.350929
0.350593
0.350248
0.349894
0.349532
0.349508
0.349508
0.349161
0.348781
0.348393
0.347996
0.34759
0.347175
0.346752
0.34632
0.345879
0.34543
0.344972
0.344506
0.34403
0.343547
0.343054
0.342554
0.342044
0.341526
0.341
0.340464
0.339921
0.339369
0.338808
0.338239
0.337662
0.337076
0.336481
0.335879
0.335267
0.334648
0.33402
0.333384
0.332739
0.332086
0.331425
0.330755
0.330078
0.329392
0.328697
0.327995
0.327284
0.326565
0.325838
0.325103
0.32436
0.323609
0.322849
0.322081
0.321306
0.320522
0.31973
0.318931
0.318123
0.317308
0.316484
0.315653
0.314813
0.313966
0.313111
0.312248
0.311378
0.310499
0.309613
0.308719
0.307817
0.306908
0.305991
0.305066
0.304134
0.303194
0.302246
0.301291
0.300329
0.299359
0.298381
0.297396
0.296403
0.295404
0.294396
0.293382
0.29236
0.29133
0.290294
0.28925
0.288199
0.287141
0.286075
0.285003
0.283923
0.282836
0.281742
0.280641
0.279533
0.278418
0.277297
0.276168
0.275032
0.273889
0.27274
0.271584
0.270421
0.269251
0.268074
0.266891
0.265701
0.264505
0.263301
0.262092
0.260875
0.259652
0.258423
0.257187
0.255945
0.254696
0.253441
0.25218
0.250913
0.249639
0.248358
0.247072
0.24578
0.244481
0.243176
0.241865
0.240548
0.239225
0.237897
0.236562
0.235221
0.233874
0.232522
0.231164
0.229799
0.22843
0.227054
0.225673
0.224286
0.222894
0.221496
0.220092
0.218683
0.217268
0.215848
0.214423
0.212992
0.211556
0.210115
0.208668
0.207216
0.205759
0.204297
0.20283
0.201358
0.19988
0.198398
0.196911
0.195419
0.193921
0.192419
0.190913
0.189401
0.187885
0.186364
0.184838
0.183308
0.181773
0.180234
0.17869
0.177141
0.175589
0.174032
0.17247
0.170904
0.169334
0.16776
0.166181
0.164598
0.163012
0.161421
0.159826
0.158227
0.156624
0.155017
0.153407
0.151792
0.150174
0.148552
0.146926
0.145297
0.143663
0.142027
0.140387
0.138743
0.137096
0.135445
0.133791
0.132134
0.130473
0.128809
0.127142
0.125472
0.123798
0.122122
0.120442
0.11876
0.117074
0.115386
0.113694
0.112
0.110303
0.108603
0.106901
0.105195
0.103488
0.101777
0.100064
0.0983489
0.096631
0.0949107
0.093188
0.091463
0.0897357
0.0880061
0.0862744
0.0845405
0.0828045
0.0810664
0.0793263
0.0775842
0.0758401
0.0740942
0.0723464
0.0705968
0.0688455
0.0670924
0.0653377
0.0635813
0.0618233
0.0600638
0.0583028
0.0565403
0.0547764
0.0530111
0.0512445
0.0494767
0.0477076
0.0459373
0.0441658
0.0423933
0.0406196
0.038845
0.0370694
0.0352929
0.0335155
0.0317372
0.0299582
0.0281784
0.0263979
0.0246168
0.022835
0.0210527
0.0192698
0.0174864
0.0157027
0.0139185
0.012134
0.0103491
0.00856405
0.00677875
0.00499328
0.00320768
0.00142201
-0.000363702
-0.0021494
-0.00393505
-0.0057206
-0.00750601
-0.00929123
-0.0110762
-0.0128609
-0.0146453
-0.0164293
-0.0182129
-0.0199961
-0.0217788
-0.0235609
-0.0253424
-0.0271233
-0.0289035
-0.030683
-0.0324617
-0.0342396
-0.0360167
-0.0377928
-0.039568
-0.0413422
-0.0431154
-0.0448875
-0.0466585
-0.0484283
-0.0501969
-0.0519643
-0.0537304
-0.0554951
-0.0572584
-0.0590203
-0.0607807
-0.0625396
-0.0642969
-0.0660527
-0.0678067
-0.0695591
-0.0713097
-0.0730586
-0.0748056
-0.0765508
-0.078294
-0.0800353
-0.0817746
-0.0835119
-0.085247
-0.0869801
-0.0887109
-0.0904395
-0.0921659
-0.09389
-0.0956117
-0.097331
-0.0990479
-0.100762
-0.102474
-0.104184
-0.10589
-0.107594
-0.109296
-0.110994
-0.11269
-0.114383
-0.116074
-0.117761
-0.119445
-0.121127
-0.122805
-0.12448
-0.126153
-0.127822
-0.129487
-0.13115
-0.132809
-0.134465
-0.136118
-0.137767
-0.139413
-0.141055
-0.142694
-0.144329
-0.145961
-0.147589
-0.149213
-0.150833
-0.15245
-0.154063
-0.155672
-0.157277
-0.158879
-0.160476
-0.162069
-0.163659
-0.165244
-0.166825
-0.168401
-0.169974
-0.171542
-0.173107
-0.174666
-0.176222
-0.177773
-0.179319
-0.180861
-0.182399
-0.183932
-0.18546
-0.186984
-0.188503
-0.190017
-0.191527
-0.193032
-0.194532
-0.196027
-0.197517
-0.199002
-0.200483
-0.201958
-0.203428
-0.204894
-0.206354
-0.207808
-0.209258
-0.210703
-0.212142
-0.213576
-0.215004
-0.216427
-0.217845
-0.219258
-0.220664
-0.222066
-0.223461
-0.224852
-0.226236
-0.227615
-0.228988
-0.230356
-0.231718
-0.233073
-0.234424
-0.235768
-0.237106
-0.238439
-0.239765
-0.241086
-0.2424
-0.243708
-0.245011
-0.246307
-0.247597
-0.248881
-0.250158
-0.25143
-0.252695
-0.253953
-0.255206
-0.256452
-0.257691
-0.258925
-0.260151
-0.261372
-0.262585
-0.263792
-0.264993
-0.266187
-0.267374
-0.268554
-0.269728
-0.270895
-0.272056
-0.273209
-0.274356
-0.275495
-0.276628
-0.277754
-0.278873
-0.279986
-0.281091
-0.282189
-0.28328
-0.284364
-0.28544
-0.28651
-0.287573
-0.288628
-0.289676
-0.290717
-0.291751
-0.292777
-0.293796
-0.294807
-0.295812
-0.296809
-0.297798
-0.29878
-0.299755
-0.300722
-0.301681
-0.302633
-0.303578
-0.304514
-0.305444
-0.306365
-0.307279
-0.308185
-0.309084
-0.309975
-0.310858
-0.311733
-0.312601
-0.31346
-0.314312
-0.315156
-0.315992
-0.316821
-0.317641
-0.318453
-0.319258
-0.320054
-0.320842
-0.321623
-0.322395
-0.323159
-0.323916
-0.324664
-0.325404
-0.326136
-0.326859
-0.327575
-0.328282
-0.328981
-0.329672
-0.330355
-0.331029
-0.331695
-0.332353
-0.333003
-0.333644
-0.334277
-0.334901
-0.335517
-0.336125
-0.336725
-0.337315
-0.337898
-0.338472
-0.339038
-0.339595
-0.340143
-0.340683
-0.341215
-0.341738
-0.342253
-0.342759
-0.343256
-0.343745
-0.344225
-0.344697
-0.34516
-0.345614
-0.34606
-0.346497
-0.346925
-0.347345
-0.347756
-0.348158
-0.348552
-0.348937
-0.349313
-0.349681
-0.35004
-0.35039
-0.350731
-0.351063
-0.351387
-0.351702
-0.352008
-0.352305
-0.352594
-0.352873
-0.353144
-0.353406
-0.35366
-0.353904
-0.35414
-0.354366
-0.354584
-0.354793
-0.354993
-0.355184
-0.355367
-0.35554
-0.355705
-0.35586
-0.356007
-0.356145
-0.356274
-0.356394
-0.356505
-0.356607
-0.3567
-0.356785
-0.35686
-0.356927
-0.356985
-0.357033
-0.357073
-0.357104
-0.357126
-0.357139
-0.357143
-0.357138
-0.357124
-0.357101
-0.35707
-0.357029
-0.35698
-0.356921
-0.356854
-0.356778
-0.356693
-0.356598
-0.356495
-0.356383
-0.356263
-0.356133
-0.355994
-0.355847
-0.35569
-0.355525
-0.355351
-0.355168
-0.354976
-0.354775
-0.354565
-0.354346
-0.354119
-0.353883
-0.353637
-0.353637
-0.353383
-0.353121
-0.352849
-0.352569
-0.352279
-0.351981
-0.351674
-0.351359
-0.351034
-0.350701
-0.350359
-0.350008
-0.349648
-0.34928
-0.348903
-0.348517
-0.348123
-0.34772
-0.347308
-0.346888
-0.346458
-0.346021
-0.345574
-0.345119
-0.344655
-0.344183
-0.343702
-0.343212
-0.342714
-0.342207
-0.341692
-0.341168
-0.340636
-0.340095
-0.339546
-0.338988
-0.338421
-0.337847
-0.337263
-0.336672
-0.336072
-0.335463
-0.334846
-0.334221
-0.333587
-0.332945
-0.332295
-0.331637
-0.33097
-0.330295
-0.329611
-0.328919
-0.32822
-0.327512
-0.326795
-0.326071
-0.325338
-0.324598
-0.323849
-0.323092
-0.322327
-0.321554
-0.320773
-0.319984
-0.319186
-0.318381
-0.317568
-0.316747
-0.315918
-0.315082
-0.314237
-0.313384
-0.312524
-0.311656
-0.31078
-0.309896
-0.309005
-0.308105
-0.307198
-0.306284
-0.305361
-0.304432
-0.303494
-0.302549
-0.301596
-0.300636
-0.299668
-0.298693
-0.297711
-0.29672
-0.295723
-0.294718
-0.293706
-0.292686
-0.291659
-0.290625
-0.289583
-0.288535
-0.287479
-0.286415
-0.285345
-0.284268
-0.283183
-0.282091
-0.280993
-0.279887
-0.278774
-0.277655
-0.276528
-0.275395
-0.274254
-0.273107
-0.271953
-0.270792
-0.269624
-0.26845
-0.267269
-0.266081
-0.264886
-0.263685
-0.262478
-0.261263
-0.260043
-0.258815
-0.257582
-0.256341
-0.255095
-0.253842
-0.252583
-0.251317
-0.250045
-0.248767
-0.247483
-0.246192
-0.244895
-0.243592
-0.242284
-0.240969
-0.239648
-0.238321
-0.236988
-0.235649
-0.234304
-0.232953
-0.231597
-0.230235
-0.228867
-0.227493
-0.226113
-0.224728
-0.223338
-0.221941
-0.22054
-0.219132
-0.217719
-0.216301
-0.214878
-0.213449
-0.212014
-0.210575
-0.20913
-0.207679
-0.206224
-0.204764
-0.203298
-0.201827
-0.200352
-0.198871
-0.197385
-0.195894
-0.194399
-0.192898
-0.191393
-0.189883
-0.188368
-0.186849
-0.185325
-0.183796
-0.182262
-0.180725
-0.179182
-0.177635
-0.176084
-0.174528
-0.172968
-0.171403
-0.169835
-0.168262
-0.166684
-0.165103
-0.163518
-0.161928
-0.160334
-0.158737
-0.157135
-0.155529
-0.15392
-0.152307
-0.15069
-0.149069
-0.147444
-0.145816
-0.144184
-0.142549
-0.140909
-0.139267
-0.137621
-0.135971
-0.134318
-0.132662
-0.131002
-0.12934
-0.127673
-0.126004
-0.124332
-0.122656
-0.120978
-0.119296
-0.117611
-0.115924
-0.114233
-0.11254
-0.110844
-0.109145
-0.107443
-0.105739
-0.104032
-0.102322
-0.10061
-0.0988955
-0.0971784
-0.0954589
-0.093737
-0.0920127
-0.0902861
-0.0885573
-0.0868262
-0.085093
-0.0833577
-0.0816202
-0.0798808
-0.0781393
-0.0763959
-0.0746505
-0.0729034
-0.0711543
-0.0694035
-0.067651
-0.0658968
-0.0641409
-0.0623834
-0.0606244
-0.0588639
-0.0571018
-0.0553384
-0.0535736
-0.0518074
-0.0500399
-0.0482712
-0.0465013
-0.0447302
-0.042958
-0.0411847
-0.0394104
-0.0376351
-0.0358589
-0.0340817
-0.0323037
-0.030525
-0.0287454
-0.0269651
-0.0251842
-0.0234026
-0.0216204
-0.0198377
-0.0180545
-0.0162709
-0.0144868
-0.0127024
-0.0109177
-0.00913268
-0.00734744
-0.00556202
-0.00377646
-0.00199081
-0.000205103
0.00158061
0.00336628
0.00515186
0.00693732
0.0087226
0.0105077
0.0122925
0.014077
0.0158611
0.0176449
0.0194282
0.021211
0.0229933
0.024775
0.0265561
0.0283365
0.0301162
0.0318952
0.0336734
0.0354507
0.0372272
0.0390027
0.0407772
0.0425507
0.0443232
0.0460945
0.0478647
0.0496337
0.0514015
0.053168
0.0549331
0.0566969
0.0584592
0.0602201
0.0619795
0.0637373
0.0654936
0.0672482
0.0690011
0.0707523
0.0725017
0.0742494
0.0759951
0.077739
0.0794809
0.0812208
0.0829587
0.0846946
0.0864283
0.0881598
0.0898892
0.0916163
0.0933411
0.0950635
0.0967836
0.0985013
0.100217
0.101929
0.103639
0.105347
0.107052
0.108754
0.110454
0.11215
0.113844
0.115536
0.117224
0.118909
0.120591
0.122271
0.123947
0.12562
0.12729
0.128957
0.130621
0.132281
0.133938
0.135592
0.137242
0.138889
0.140532
0.142172
0.143809
0.145441
0.147071
0.148696
0.150318
0.151936
0.15355
0.15516
0.156767
0.158369
0.159968
0.161562
0.163153
0.164739
0.166322
0.1679
0.169474
0.171043
0.172609
0.17417
0.175727
0.177279
0.178827
0.180371
0.18191
0.183444
0.184974
0.186499
0.18802
0.189536
0.191047
0.192553
0.194055
0.195551
0.197043
0.19853
0.200012
0.201489
0.202961
0.204427
0.205889
0.207346
0.208797
0.210243
0.211684
0.21312
0.21455
0.215975
0.217394
0.218808
0.220217
0.22162
0.223017
0.224409
0.225796
0.227176
0.228552
0.229921
0.231284
0.232642
0.233994
0.23534
0.236681
0.238015
0.239343
0.240666
0.241982
0.243292
0.244597
0.245895
0.247187
0.248472
0.249752
0.251025
0.252292
0.253553
0.254808
0.256056
0.257297
0.258533
0.259761
0.260984
0.262199
0.263408
0.264611
0.265807
0.266996
0.268179
0.269355
0.270524
0.271687
0.272842
0.273991
0.275133
0.276268
0.277396
0.278518
0.279632
0.280739
0.28184
0.282933
0.284019
0.285098
0.28617
0.287235
0.288293
0.289343
0.290386
0.291422
0.292451
0.293472
0.294486
0.295493
0.296492
0.297484
0.298468
0.299445
0.300414
0.301376
0.302331
0.303278
0.304217
0.305149
0.306073
0.306989
0.307898
0.308799
0.309692
0.310577
0.311455
0.312325
0.313187
0.314042
0.314888
0.315727
0.316558
0.31738
0.318195
0.319002
0.319801
0.320592
0.321375
0.32215
0.322917
0.323676
0.324426
0.325169
0.325903
0.32663
0.327348
0.328058
0.328759
0.329453
0.330138
0.330815
0.331484
0.332145
0.332797
0.333441
0.334076
0.334703
0.335322
0.335933
0.336535
0.337128
0.337713
0.33829
0.338858
0.339418
0.339969
0.340512
0.341047
0.341572
0.34209
0.342598
0.343098
0.34359
0.344073
0.344547
0.345013
0.34547
0.345919
0.346359
0.34679
0.347212
0.347626
0.348031
0.348428
0.348815
0.349194
0.349565
0.349926
0.350279
0.350623
0.350958
0.351285
0.351602
0.351911
0.352212
0.352503
0.352785
0.353059
0.353324
0.35358
0.353827
0.354065
0.354295
0.354516
0.354727
0.35493
0.355124
0.355309
0.355486
0.355653
0.355812
0.355961
0.356102
0.356234
0.356357
0.356471
0.356576
0.356672
0.356759
0.356837
0.356907
0.356967
0.357019
0.357061
0.357095
0.35712
0.357136
0.357143
0.357141
0.35713
0.35711
0.357081
0.357043
0.356997
0.356941
0.356876
0.356803
0.356721
0.356629
0.356529
0.35642
0.356302
0.356175
0.356039
0.355895
0.355741
0.355579
0.355407
0.355227
0.355038
0.35484
0.354633
0.354417
0.354192
0.353959
0.353717
0.353465
0.353205
0.352936
0.352659
0.352372
0.352077
0.351773
0.35146
0.351138
0.350808
0.350469
0.350121
0.349764
0.349398
0.349024
0.348641
0.34825
0.347849
0.34744
0.347022
0.346596
0.346161
0.345717
0.345265
0.344804
0.344334
0.343856
0.343369
0.342874
0.34237
0.341857
0.341336
0.340806
0.340268
0.339721
0.339166
0.338603
0.338031
0.33745
0.336861
0.336264
0.335658
0.335044
0.334421
0.33379
0.333151
0.332503
0.331847
0.331183
0.33051
0.32983
0.329141
0.328443
0.327738
0.327024
0.326302
0.325573
0.324834
0.324088
0.323334
0.322571
0.321801
0.321022
0.320236
0.319441
0.318639
0.317828
0.31701
0.316183
0.315349
0.314507
0.313657
0.312799
0.311933
0.31106
0.310178
0.309289
0.308393
0.307488
0.306576
0.305656
0.304729
0.303794
0.302851
0.301901
0.300943
0.299977
0.299005
0.298024
0.297037
0.296041
0.295039
0.294029
0.293012
0.291987
0.290955
0.289916
0.288869
0.287816
0.286755
0.285687
0.284612
0.283529
0.28244
0.281343
0.28024
0.27913
0.278012
0.276888
0.275756
0.274618
0.273473
0.272321
0.271162
0.269997
0.268825
0.267646
0.26646
0.265268
0.264069
0.262863
0.261651
0.260432
0.259207
0.257975
0.256737
0.255493
0.254242
0.252984
0.251721
0.250451
0.249175
0.247892
0.246604
0.245309
0.244008
0.242701
0.241388
0.240069
0.238744
0.237413
0.236076
0.234733
0.233384
0.23203
0.230669
0.229303
0.227931
0.226553
0.22517
0.223781
0.222387
0.220987
0.219581
0.21817
0.216754
0.215332
0.213904
0.212472
0.211034
0.20959
0.208142
0.206688
0.205229
0.203765
0.202296
0.200822
0.199343
0.197859
0.19637
0.194876
0.193377
0.191873
0.190365
0.188851
0.187333
0.185811
0.184283
0.182751
0.181215
0.179674
0.178128
0.176578
0.175024
0.173465
0.171902
0.170335
0.168763
0.167187
0.165607
0.164023
0.162435
0.160842
0.159246
0.157646
0.156041
0.154433
0.152821
0.151205
0.149586
0.147962
0.146335
0.144704
0.14307
0.141432
0.13979
0.138145
0.136497
0.134845
0.13319
0.131531
0.12987
0.128205
0.126536
0.124865
0.12319
0.121513
0.119832
0.118148
0.116462
0.114772
0.11308
0.111384
0.109686
0.107985
0.106282
0.104576
0.102867
0.101156
0.099442
0.0977256
0.0960069
0.0942857
0.0925622
0.0908363
0.0891082
0.0873779
0.0856453
0.0839106
0.0821739
0.0804351
0.0786942
0.0769514
0.0752067
0.0734601
0.0717116
0.0699614
0.0682094
0.0664557
0.0647004
0.0629434
0.0611849
0.0594248
0.0576632
0.0559002
0.0541359
0.0523701
0.050603
0.0488347
0.0470652
0.0452945
0.0435226
0.0417497
0.0399757
0.0382007
0.0364247
0.0346479
0.0328702
0.0310916
0.0293123
0.0275323
0.0257515
0.0239702
0.0221882
0.0204056
0.0186226
0.0168391
0.0150552
0.0132709
0.0114862
0.00970129
0.00791612
0.00613075
0.00434523
0.0025596
0.000773907
-0.00101181
-0.00279749
-0.00458311
-0.00636861
-0.00815396
-0.00993909
-0.011724
-0.0135086
-0.0152928
-0.0170767
-0.0188602
-0.0206432
-0.0224256
-0.0242075
-0.0259888
-0.0277695
-0.0295494
-0.0313286
-0.0331071
-0.0348847
-0.0366614
-0.0384372
-0.0402121
-0.0419859
-0.0437587
-0.0455304
-0.047301
-0.0490704
-0.0508385
-0.0526054
-0.054371
-0.0561352
-0.057898
-0.0596594
-0.0614192
-0.0631776
-0.0649343
-0.0666895
-0.0684429
-0.0701947
-0.0719447
-0.0736929
-0.0754392
-0.0771837
-0.0789263
-0.0806668
-0.0824054
-0.0841419
-0.0858763
-0.0876085
-0.0893386
-0.0910664
-0.0927919
-0.0945151
-0.096236
-0.0979544
-0.0996705
-0.101384
-0.103095
-0.104803
-0.106509
-0.108212
-0.109913
-0.11161
-0.113305
-0.114997
-0.116686
-0.118373
-0.120056
-0.121736
-0.123413
-0.125088
-0.126759
-0.128427
-0.130091
-0.131753
-0.133411
-0.135065
-0.136717
-0.138365
-0.140009
-0.14165
-0.143288
-0.144922
-0.146552
-0.148179
-0.149802
-0.151421
-0.153036
-0.154648
-0.156255
-0.157859
-0.159459
-0.161055
-0.162647
-0.164234
-0.165818
-0.167397
-0.168973
-0.170544
-0.172111
-0.173673
-0.175231
-0.176785
-0.178335
-0.179879
-0.18142
-0.182956
-0.184487
-0.186014
-0.187536
-0.189053
-0.190566
-0.192074
-0.193577
-0.195075
-0.196568
-0.198057
-0.19954
-0.201019
-0.202492
-0.203961
-0.205424
-0.206882
-0.208335
-0.209783
-0.211226
-0.212663
-0.214095
-0.215521
-0.216943
-0.218358
-0.219769
-0.221174
-0.222573
-0.223967
-0.225355
-0.226737
-0.228114
-0.229485
-0.230851
-0.23221
-0.233564
-0.234912
-0.236254
-0.23759
-0.238921
-0.240245
-0.241563
-0.242876
-0.244182
-0.245482
-0.246776
-0.248064
-0.249345
-0.25062
-0.25189
-0.253152
-0.254409
-0.255659
-0.256903
-0.25814
-0.259371
-0.260595
-0.261813
-0.263024
-0.264229
-0.265427
-0.266618
-0.267803
-0.268981
-0.270152
-0.271317
