0
0.000183647
0.000456234
0.000771851
0.000771857
0.00110826
0.00145467
0.00180585
0.00215928
0.00251372
0.00286856
0.00322352
0.00357844
0.00393326
0.00428794
0.00464244
0.00499678
0.00535092
0.00570487
0.00605862
0.00641216
0.00676549
0.00711861
0.0074715
0.00782416
0.00817658
0.00852876
0.00888069
0.00923237
0.00958379
0.00993493
0.0102858
0.0106364
0.0109867
0.0113367
0.0116864
0.0120358
0.0123848
0.0127336
0.013082
0.01343
0.0137777
0.0141251
0.0144721
0.0148187
0.0151649
0.0155107
0.0158562
0.0162012
0.0165459
0.0168901
0.0172338
0.0175772
0.0179201
0.0182626
0.0186046
0.0189461
0.0192871
0.0196277
0.0199678
0.0203073
0.0206464
0.0209849
0.0213229
0.0216604
0.0219974
0.0223338
0.0226696
0.0230049
0.0233396
0.0236737
0.0240073
0.0243402
0.0246726
0.0250043
0.0253354
0.0256659
0.0259957
0.0263249
0.0266535
0.0269814
0.0273086
0.0276352
0.0279611
0.0282863
0.0286108
0.0289346
0.0292577
0.0295801
0.0299017
0.0302226
0.0305428
0.0308622
0.0311809
0.0314988
0.031816
0.0321323
0.0324479
0.0327627
0.0330767
0.0333899
0.0337023
0.0340139
0.0343246
0.0346346
0.0349436
0.0352519
0.0355592
0.0358658
0.0361714
0.0364762
0.0367801
0.0370831
0.0373853
0.0376865
0.0379869
0.0382863
0.0385848
0.0388824
0.039179
0.0394747
0.0397695
0.0400634
0.0403562
0.0406481
0.0409391
0.0412291
0.0415181
0.0418061
0.0420931
0.0423792
0.0426642
0.0429483
0.0432313
0.0435133
0.0437943
0.0440742
0.0443532
0.044631
0.0449079
0.0451837
0.0454584
0.0457321
0.0460047
0.0462763
0.0465467
0.0468161
0.0470844
0.0473517
0.0476178
0.0478828
0.0481467
0.0484096
0.0486713
0.0489318
0.0491913
0.0494496
0.0497068
0.0499629
0.0502178
0.0504716
0.0507243
0.0509757
0.0512261
0.0514752
0.0517232
0.0519701
0.0522157
0.0524602
0.0527035
0.0529456
0.0531865
0.0534263
0.0536648
0.0539021
0.0541382
0.0543732
0.0546069
0.0548394
0.0550706
0.0553007
0.0555295
0.0557571
0.0559835
0.0562086
0.0564325
0.0566551
0.0568765
0.0570966
0.0573155
0.0575332
0.0577495
0.0579647
0.0581785
0.0583911
0.0586024
0.0588124
0.0590212
0.0592287
0.0594349
0.0596398
0.0598434
0.0600457
0.0602468
0.0604465
0.0606449
0.0608421
0.0610379
0.0612324
0.0614256
0.0616175
0.0618081
0.0619974
0.0621853
0.062372
0.0625573
0.0627412
0.0629239
0.0631052
0.0632852
0.0634638
0.0636411
0.0638171
0.0639917
0.064165
0.0643369
0.0645075
0.0646768
0.0648446
0.0650112
0.0651763
0.0653402
0.0655026
0.0656637
0.0658234
0.0659818
0.0661388
0.0662944
0.0664487
0.0666016
0.0667531
0.0669032
0.067052
0.0671994
0.0673454
0.06749
0.0676333
0.0677751
0.0679156
0.0680547
0.0681924
0.0683288
0.0684637
0.0685972
0.0687294
0.0688602
0.0689895
0.0691175
0.0692441
0.0693693
0.0694931
0.0696155
0.0697365
0.0698561
0.0699743
0.0700911
0.0702065
0.0703205
0.0704331
0.0705443
0.0706541
0.0707625
0.0708695
0.0709751
0.0710793
0.0711821
0.0712835
0.0713834
0.071482
0.0715792
0.071675
0.0717693
0.0718623
0.0719539
0.072044
0.0721328
0.0722201
0.0723061
0.0723906
0.0724738
0.0725555
0.0726359
0.0727148
0.0727924
0.0728685
0.0729433
0.0730166
0.0730886
0.0731592
0.0732283
0.0732961
0.0733625
0.0734275
0.0734911
0.0735533
0.0736141
0.0736735
0.0737316
0.0737882
0.0738435
0.0738974
0.0739499
0.074001
0.0740507
0.0740991
0.0741461
0.0741917
0.074236
0.0742788
0.0743203
0.0743605
0.0743992
0.0744366
0.0744727
0.0745074
0.0745407
0.0745726
0.0746033
0.0746325
0.0746604
0.074687
0.0747122
0.0747361
0.0747586
0.0747798
0.0747996
0.0748181
0.0748353
0.0748512
0.0748657
0.0748789
0.0748908
0.0749013
0.0749106
0.0749185
0.0749251
0.0749304
0.0749344
0.0749371
0.0749385
0.0749386
0.0749374
0.0749349
0.0749312
0.0749261
0.0749198
0.0749122
0.0749033
0.0748931
0.0748817
0.074869
0.074855
0.0748398
0.0748234
0.0748056
0.0747867
0.0747665
0.074745
0.0747223
0.0746984
0.0746733
0.0746469
0.0746193
0.0745905
0.0745605
0.0745293
0.0744968
0.0744632
0.0744283
0.0743923
0.0743551
0.0743167
0.0742771
0.0742364
0.0741944
0.0741513
0.0741071
0.0740616
0.0740151
0.0739674
0.0739185
0.0738685
0.0738173
0.073765
0.0737116
0.0736571
0.0736015
0.0735447
0.0734868
0.0734279
0.0733678
0.0733066
0.0732444
0.0731811
0.0731167
0.0730512
0.0729846
0.072917
0.0728483
0.0727786
0.0727078
0.072636
0.0725632
0.0724893
0.0724144
0.0723384
0.0722615
0.0721835
0.0721045
0.0720246
0.0719436
0.0718617
0.0717787
0.0716948
0.0716099
0.0715241
0.0714373
0.0713495
0.0712608
0.0711712
0.0710806
0.070989
0.0708966
0.0708032
0.0707089
0.0706137
0.0705177
0.0704207
0.0703228
0.070224
0.0701244
0.0700239
0.0699225
0.0698203
0.0697172
0.0696133
0.0695085
0.0694029
0.0692964
0.0691892
0.0690811
0.0689722
0.0688625
0.0687521
0.0686408
0.0685287
0.0684159
0.0683023
0.068188
0.0680729
0.067957
0.0678404
0.067723
0.067605
0.0674862
0.0673666
0.0672464
0.0671255
0.0670039
0.0668816
0.0667586
0.0666349
0.0665105
0.0663855
0.0662599
0.0661336
0.0660066
0.0658791
0.0657509
0.065622
0.0654926
0.0653626
0.0652319
0.0651007
0.0649689
0.0648365
0.0647035
0.06457
0.0644359
0.0643013
0.0641661
0.0640304
0.0638942
0.0637575
0.0636202
0.0634824
0.0633442
0.0632054
0.0630662
0.0629265
0.0627863
0.0626457
0.0625046
0.0623631
0.0622211
0.0620788
0.0619359
0.0617927
0.0616491
0.0615051
0.0613606
0.0612158
0.0610706
0.0609251
0.0607792
0.0606329
0.0604863
0.0603394
0.0601921
0.0600445
0.0598966
0.0597484
0.0595998
0.059451
0.0593019
0.0591526
0.0590029
0.0588531
0.0587029
0.0585525
0.0584019
0.0582511
0.0581
0.0579487
0.0577972
0.0576455
0.0574937
0.0573416
0.0571894
0.057037
0.0568845
0.0567318
0.056579
0.056426
0.0562729
0.0561197
0.0559664
0.055813
0.0556595
0.0555059
0.0553522
0.0551985
0.0550447
0.0548909
0.054737
0.0545831
0.0544292
0.0542752
0.0541212
0.0539673
0.0538133
0.0536593
0.0535054
0.0533515
0.0531976
0.0530438
0.0528901
0.0527364
0.0525827
0.0524292
0.0522757
0.0521224
0.0519691
0.051816
0.051663
0.0515101
0.0513573
0.0512047
0.0510522
0.0508999
0.0507478
0.0505959
0.0504441
0.0502925
0.0501412
0.04999
0.0498391
0.0496884
0.0495379
0.0493877
0.0492377
0.049088
0.0489385
0.0487894
0.0486405
0.0484919
0.0483436
0.0481956
0.048048
0.0479006
0.0477536
0.047607
0.0474607
0.0473147
0.0471691
0.0470239
0.0468791
0.0467347
0.0465907
0.046447
0.0463038
0.0461611
0.0460187
0.0458768
0.0457354
0.0455944
0.0454538
0.0453138
0.0451742
0.0450351
0.0448965
0.0447584
0.0446209
0.0444838
0.0443473
0.0442113
0.0440759
0.043941
0.0438067
0.0436729
0.0435398
0.0434072
0.0432752
0.0431438
0.043013
0.0428829
0.0427533
0.0426244
0.0424962
0.0423686
0.0422416
0.0421153
0.0419897
0.0418648
0.0417406
0.041617
0.0414942
0.041372
0.0412506
0.04113
0.04101
0.0408908
0.0407724
0.0406547
0.0405378
0.0404216
0.0403063
0.0401917
0.0400779
0.039965
0.0398528
0.0397415
0.039631
0.0395213
0.0394124
0.0393045
0.0391973
0.0390911
0.0389857
0.0388812
0.0387776
0.0386749
0.0385731
0.0384721
0.0383722
0.0382731
0.038175
0.0380778
0.0379815
0.0378862
0.0377919
0.0376985
0.0376061
0.0375147
0.0374243
0.0373349
0.0372465
0.0371591
0.0370727
0.0369873
0.036903
0.0368197
0.0367375
0.0366563
0.0365762
0.0364971
0.0364191
0.0363422
0.0362664
0.0361916
0.036118
0.0360455
0.0359741
0.0359038
0.0358347
0.0357666
0.0356998
0.035634
0.0355694
0.035506
0.0354438
0.0353827
0.0353228
0.0352641
0.0352066
0.0351503
0.0350951
0.0350412
0.0349886
0.0349371
0.0348869
0.0348379
0.0347901
0.0347436
0.0346984
0.0346544
0.0346117
0.0345703
0.0345301
0.0344913
0.0344537
0.0344174
0.0343824
0.0343488
0.0343164
0.0342854
0.0342557
0.0342273
0.0342003
0.0341746
0.0341502
0.0341272
0.0341056
0.0340854
0.0340665
0.034049
0.0340328
0.0340181
0.0340048
0.0339928
0.0339823
0.0339732
0.0339654
0.0339591
0.0339543
0.0339508
0.0339488
0.0339483
0.0339492
0.0339515
0.0339553
0.0339605
0.0339673
0.0339755
0.0339851
0.0339963
0.0340089
0.034023
0.0340386
0.0340558
0.0340744
0.0340945
0.0341162
0.0341393
0.034164
0.0341902
0.034218
0.0342472
0.034278
0.0343104
0.0343443
0.0343798
0.0344168
0.0344554
0.0344956
0.0345373
0.0345806
0.0346254
0.0346719
0.0347199
0.0347696
0.0348208
0.0348736
0.0349281
0.0349841
0.0350417
0.035101
0.0351619
0.0352244
0.0352885
0.0353542
0.0354216
0.0354906
0.0355613
0.0356336
0.0357075
0.0357831
0.0358603
0.0359392
0.0360198
0.036102
0.0361859
0.0362714
0.0363586
0.0364475
0.0365381
0.0366303
0.0367243
0.0368199
0.0369172
0.0370162
0.0371169
0.0372193
0.0373234
0.0374292
0.0375367
0.0376459
0.0377568
0.0378694
0.0379838
0.0380999
0.0382176
0.0383372
0.0384584
0.0385814
0.0387061
0.0388325
0.0389606
0.0390905
0.0392222
0.0393556
0.0394907
0.0396275
0.0397661
0.0399065
0.0400486
0.0401925
0.0403381
0.0404855
0.0406346
0.0407855
0.0409381
0.0410925
0.0412487
0.0414067
0.0415664
0.0417279
0.0418911
0.0420561
0.0422229
0.0423915
0.0425618
0.0427339
0.0429078
0.0430835
0.0432609
0.0434402
0.0436212
0.043804
0.0439886
0.0441749
0.0443631
0.044553
0.0447447
0.0449382
0.0451335
0.0453306
0.0455295
0.0457301
0.0459326
0.0461368
0.0463429
0.0465507
0.0467603
0.0469717
0.0471849
0.0473999
0.0476167
0.0478353
0.0480557
0.0482778
0.0485018
0.0487276
0.0489551
0.0491845
0.0494156
0.0496485
0.0498832
0.0501197
0.0503581
0.0505982
0.05084
0.0510837
0.0513292
0.0515764
0.0518255
0.0520763
0.052329
0.0525834
0.0528396
0.0530975
0.0533573
0.0536189
0.0538822
0.0541473
0.0544142
0.0546829
0.0549534
0.0552256
0.0554996
0.0557754
0.056053
0.0563323
0.0566135
0.0568963
0.057181
0.0574674
0.0577556
0.0580456
0.0583373
0.0586308
0.058926
0.059223
0.0595218
0.0598223
0.0601246
0.0604286
0.0607344
0.0610419
0.0613512
0.0616622
0.0619749
0.0622894
0.0626057
0.0629237
0.0632434
0.0635648
0.063888
0.0642129
0.0645395
0.0648678
0.0651979
0.0655297
0.0658632
0.0661984
0.0665353
0.0668739
0.0672143
0.0675563
0.0679
0.0682455
0.0685926
0.0689414
0.0692919
0.0696441
0.069998
0.0703535
0.0707108
0.0710697
0.0714302
0.0717925
0.0721564
0.072522
0.0728892
0.0732581
0.0736286
0.0740008
0.0743746
0.07475
0.0751271
0.0755059
0.0758862
0.0762682
0.0766518
0.077037
0.0774239
0.0778123
0.0782024
0.078594
0.0789873
0.0793822
0.0797786
0.0801767
0.0805763
0.0809775
0.0813802
0.0817846
0.0821905
0.082598
0.083007
0.0834176
0.0838297
0.0842434
0.0846587
0.0850754
0.0854937
0.0859135
0.0863349
0.0867577
0.0871821
0.087608
0.0880354
0.0884643
0.0888947
0.0893265
0.0897599
0.0901947
0.090631
0.0910688
0.0915081
0.0919488
0.0923909
0.0928345
0.0932796
0.0937261
0.094174
0.0946234
0.0950742
0.0955264
0.09598
0.096435
0.0968914
0.0973492
0.0978084
0.098269
0.098731
0.0991943
0.099659
0.100125
0.100593
0.101061
0.101531
0.102003
0.102476
0.10295
0.103425
0.103902
0.10438
0.104859
0.10534
0.105822
0.106305
0.10679
0.107276
0.107763
0.108251
0.108741
0.109231
0.109723
0.110217
0.110711
0.111207
0.111704
0.112202
0.112702
0.113202
0.113704
0.114207
0.114711
0.115216
0.115723
0.11623
0.116739
0.117249
0.11776
0.118272
0.118785
0.119299
0.119815
0.120331
0.120849
0.121368
0.121888
0.122408
0.12293
0.123453
0.123977
0.124503
0.125029
0.125556
0.126084
0.126613
0.127143
0.127674
0.128206
0.12874
0.129274
0.129809
0.130345
0.130882
0.13142
0.131958
0.132498
0.133039
0.13358
0.134123
0.134666
0.13521
0.135756
0.136302
0.136848
0.137396
0.137945
0.138494
0.139044
0.139595
0.140147
0.1407
0.141253
0.141808
0.142363
0.142918
0.143475
0.144032
0.14459
0.145149
0.145709
0.146269
0.14683
0.147391
0.147954
0.148517
0.14908
0.149645
0.15021
0.150776
0.151342
0.151909
0.152476
0.153045
0.153614
0.154183
0.154753
0.155324
0.155895
0.156466
0.157039
0.157612
0.158185
0.158759
0.159333
0.159908
0.160484
0.16106
0.161636
0.162213
0.16279
0.163368
0.163946
0.164525
0.165104
0.165684
0.166264
0.166844
0.167425
0.168006
0.168588
0.169169
0.169752
0.170334
0.170917
0.171501
0.172084
0.172668
0.173252
0.173837
0.174422
0.175007
0.175592
0.176178
0.176764
0.17735
0.177936
0.178522
0.179109
0.179696
0.180283
0.180871
0.181458
0.182046
0.182634
0.183222
0.18381
0.184398
0.184987
0.185575
0.186164
0.186752
0.187341
0.18793
0.188519
0.189108
0.189697
0.190286
0.190875
0.191464
0.192053
0.192642
0.193232
0.193821
0.19441
0.194999
0.195588
0.196177
0.196766
0.197354
0.197943
0.198532
0.19912
0.199709
0.200297
0.200885
0.201473
0.202061
0.202649
0.203237
0.203824
0.204411
0.204998
0.205585
0.206172
0.206758
0.207344
0.20793
0.208516
0.209102
0.209687
0.210272
0.210856
0.211441
0.212025
0.212609
0.213192
0.213775
0.214358
0.21494
0.215523
0.216104
0.216686
0.217267
0.217847
0.218427
0.219007
0.219587
0.220166
0.220744
0.221322
0.2219
0.222477
0.223054
0.22363
0.224206
0.224781
0.225356
0.22593
0.226504
0.227077
0.22765
0.228222
0.228794
0.229365
0.229935
0.230505
0.231074
0.231643
0.232211
0.232779
0.233346
0.233912
0.234477
0.235042
0.235607
0.23617
0.236733
0.237296
0.237857
0.238418
0.238979
0.239538
0.240097
0.240655
0.241212
0.241769
0.242325
0.24288
0.243434
0.243988
0.24454
0.245092
0.245128
0.245128
0.245643
0.246194
0.246743
0.247292
0.24784
0.248387
0.248933
0.249478
0.250023
0.250566
0.251109
0.251651
0.252192
0.252732
0.253271
0.253809
0.254346
0.254883
0.255418
0.255953
0.256486
0.257019
0.25755
0.258081
0.25861
0.259139
0.259666
0.260193
0.260719
0.261243
0.261767
0.262289
0.26281
0.263331
0.26385
0.264368
0.264885
0.265402
0.265917
0.26643
0.266943
0.267455
0.267965
0.268475
0.268983
0.26949
0.269996
0.270501
0.271005
0.271507
0.272009
0.272509
0.273008
0.273506
0.274002
0.274498
0.274992
0.275485
0.275977
0.276467
0.276957
0.277445
0.277931
0.278417
0.278901
0.279384
0.279866
0.280346
0.280825
0.281303
0.28178
0.282255
0.282729
0.283201
0.283673
0.284143
0.284611
0.285079
0.285544
0.286009
0.286472
0.286934
0.287394
0.287854
0.288311
0.288768
0.289222
0.289676
0.290128
0.290579
0.291028
0.291476
0.291922
0.292367
0.292811
0.293253
0.293693
0.294133
0.29457
0.295007
0.295441
0.295875
0.296307
0.296737
0.297166
0.297593
0.298019
0.298443
0.298866
0.299287
0.299707
0.300125
0.300542
0.300957
0.301371
0.301783
0.302194
0.302603
0.30301
0.303416
0.303821
0.304223
0.304625
0.305024
0.305422
0.305819
0.306213
0.306607
0.306998
0.307388
0.307777
0.308164
0.308549
0.308933
0.309314
0.309695
0.310074
0.310451
0.310826
0.3112
0.311572
0.311943
0.312311
0.312679
0.313044
0.313408
0.31377
0.314131
0.31449
0.314847
0.315202
0.315556
0.315908
0.316259
0.316607
0.316954
0.3173
0.317643
0.317985
0.318325
0.318664
0.319001
0.319336
0.319669
0.320001
0.320331
0.320659
0.320986
0.32131
0.321633
0.321955
0.322274
0.322592
0.322908
0.323222
0.323535
0.323846
0.324155
0.324462
0.324767
0.325071
0.325373
0.325674
0.325972
0.326269
0.326564
0.326857
0.327148
0.327438
0.327726
0.328012
0.328296
0.328579
0.32886
0.329139
0.329416
0.329691
0.329965
0.330237
0.330507
0.330775
0.331041
0.331306
0.331569
0.33183
0.332089
0.332347
0.332603
0.332857
0.333109
0.333359
0.333608
0.333854
0.334099
0.334342
0.334584
0.334823
0.335061
0.335297
0.335531
0.335763
0.335994
0.336222
0.336449
0.336674
0.336898
0.337119
0.337339
0.337557
0.337773
0.337987
0.338199
0.33841
0.338619
0.338826
0.339031
0.339235
0.339436
0.339636
0.339834
0.34003
0.340225
0.340417
0.340608
0.340797
0.340985
0.34117
0.341354
0.341536
0.341716
0.341894
0.34207
0.342245
0.342418
0.342589
0.342758
0.342926
0.343092
0.343256
0.343418
0.343578
0.343737
0.343894
0.344049
0.344202
0.344354
0.344504
0.344652
0.344798
0.344942
0.345085
0.345226
0.345365
0.345503
0.345638
0.345772
0.345904
0.346035
0.346163
0.34629
0.346416
0.346539
0.346661
0.346781
0.346899
0.347015
0.34713
0.347243
0.347355
0.347464
0.347572
0.347678
0.347783
0.347885
0.347986
0.348086
0.348183
0.348279
0.348374
0.348466
0.348557
0.348646
0.348734
0.348819
0.348904
0.348986
0.349067
0.349146
0.349223
0.349299
0.349373
0.349446
0.349517
0.349586
0.349653
0.349719
0.349783
0.349846
0.349907
0.349966
0.350024
0.35008
0.350135
0.350188
0.350239
0.350289
0.350337
0.350383
0.350428
0.350472
0.350513
0.350554
0.350592
0.350629
0.350665
0.350699
0.350731
0.350762
0.350791
0.350819
0.350845
0.350869
0.350893
0.350914
0.350934
0.350953
0.35097
0.350985
0.350999
0.351012
0.351023
0.351033
0.351041
0.351047
0.351052
0.351056
0.351058
0.351059
0.351058
0.351056
0.351052
0.351047
0.351041
0.351033
0.351024
0.351013
0.351001
0.350987
0.350972
0.350956
0.350938
0.350919
0.350899
0.350877
0.350854
0.350829
0.350803
0.350776
0.350747
0.350717
0.350686
0.350653
0.35062
0.350584
0.350548
0.35051
0.350471
0.35043
0.350388
0.350345
0.350301
0.350256
0.350209
0.350161
0.350111
0.350061
0.350009
0.349956
0.349902
0.349846
0.349789
0.349732
0.349672
0.349612
0.349551
0.349488
0.349424
0.349359
0.349293
0.349226
0.349157
0.349088
0.349017
0.348945
0.348872
0.348798
0.348723
0.348647
0.348569
0.348491
0.348411
0.348331
0.348249
0.348166
0.348082
0.347997
0.347912
0.347825
0.347737
0.347648
0.347558
0.347467
0.347375
0.347282
0.347188
0.347093
0.346997
0.3469
0.346802
0.346704
0.346604
0.346503
0.346402
0.346299
0.346196
0.346092
0.345986
0.34588
0.345773
0.345666
0.345557
0.345447
0.345337
0.345226
0.345114
0.345001
0.344887
0.344772
0.344657
0.344541
0.344424
0.344306
0.344188
0.344068
0.343948
0.343828
0.343706
0.343584
0.343461
0.343337
0.343213
0.343088
0.342962
0.342835
0.342708
0.34258
0.342452
0.342323
0.342193
0.342062
0.341931
0.341799
0.341667
0.341534
0.341401
0.341266
0.341132
0.340996
0.34086
0.340724
0.340587
0.340449
0.340311
0.340173
0.340034
0.339894
0.339754
0.339613
0.339472
0.33933
0.339188
0.339046
0.338903
0.338759
0.338615
0.338471
0.338326
0.338181
0.338035
0.337889
0.337743
0.337596
0.337449
0.337302
0.337154
0.337006
0.336857
0.336708
0.336559
0.33641
0.33626
0.33611
0.335959
0.335809
0.335658
0.335507
0.335355
0.335204
0.335052
0.334899
0.334747
0.334594
0.334442
0.334289
0.334135
0.333982
0.333829
0.333675
0.333521
0.333367
0.333213
0.333059
0.332904
0.33275
0.332595
0.33244
0.332286
0.332131
0.331976
0.331821
0.331666
0.331511
0.331356
0.3312
0.331045
0.33089
0.330735
0.33058
0.330425
0.330269
0.330114
0.329959
0.329804
0.329649
0.329494
0.32934
0.329185
0.32903
0.328876
0.328721
0.328567
0.328413
0.328259
0.328105
0.327951
0.327797
0.327644
0.327491
0.327338
0.327185
0.327032
0.32688
0.326727
0.326575
0.326423
0.326272
0.326121
0.325969
0.325819
0.325668
0.325518
0.325368
0.325218
0.325069
0.32492
0.324771
0.324623
0.324475
0.324327
0.32418
0.324033
0.323886
0.32374
0.323594
0.323449
0.323304
0.323159
0.323015
0.322871
0.322728
0.322585
0.322443
0.322301
0.322159
0.322018
0.322018
0.321878
0.321738
0.321598
0.321459
0.321321
0.321183
0.321045
0.320908
0.320772
0.320636
0.320501
0.320366
0.320232
0.320098
0.319965
0.319833
0.319701
0.31957
0.31944
0.31931
0.319181
0.319052
0.318924
0.318797
0.318671
0.318545
0.31842
0.318295
0.318171
0.318048
0.317926
0.317804
0.317683
0.317563
0.317444
0.317325
0.317207
0.31709
0.316974
0.316858
0.316743
0.316629
0.316516
0.316404
0.316292
0.316181
0.316071
0.315962
0.315854
0.315747
0.31564
0.315535
0.31543
0.315326
0.315223
0.315121
0.31502
0.314919
0.31482
0.314722
0.314624
0.314528
0.314432
0.314337
0.314244
0.314151
0.314059
0.313968
0.313879
0.31379
0.313702
0.313615
0.31353
0.313445
0.313361
0.313278
0.313197
0.313116
0.313037
0.312958
0.312881
0.312804
0.312729
0.312655
0.312582
0.31251
0.312439
0.312369
0.312301
0.312233
0.312167
0.312101
0.312037
0.311974
0.311912
0.311852
0.311792
0.311734
0.311677
0.311621
0.311566
0.311512
0.31146
0.311409
0.311359
0.31131
0.311263
0.311216
0.311171
0.311128
0.311085
0.311044
0.311004
0.310965
0.310927
0.310891
0.310856
0.310822
0.31079
0.310759
0.310729
0.3107
0.310673
0.310647
0.310623
0.310599
0.310578
0.310557
0.310538
0.31052
0.310503
0.310488
0.310474
0.310462
0.31045
0.310441
0.310432
0.310425
0.310419
0.310415
0.310412
0.310411
0.310411
0.310412
0.310415
0.310419
0.310424
0.310431
0.31044
0.310449
0.310461
0.310473
0.310487
0.310503
0.31052
0.310538
0.310558
0.310579
0.310602
0.310626
0.310652
0.310679
0.310708
0.310738
0.310769
0.310803
0.310837
0.310873
0.31091
0.310949
0.31099
0.311032
0.311075
0.31112
0.311167
0.311215
0.311264
0.311315
0.311367
0.311421
0.311477
0.311534
0.311592
0.311652
0.311714
0.311777
0.311842
0.311908
0.311976
0.312045
0.312116
0.312188
0.312262
0.312337
0.312414
0.312492
0.312572
0.312654
0.312737
0.312822
0.312908
0.312996
0.313085
0.313176
0.313268
0.313362
0.313458
0.313555
0.313653
0.313754
0.313855
0.313959
0.314063
0.31417
0.314278
0.314388
0.314499
0.314611
0.314726
0.314841
0.314959
0.315078
0.315198
0.315321
0.315444
0.31557
0.315696
0.315825
0.315955
0.316086
0.316219
0.316354
0.31649
0.316628
0.316768
0.316909
0.317051
0.317195
0.317341
0.317488
0.317637
0.317787
0.317939
0.318093
0.318248
0.318405
0.318563
0.318723
0.318884
0.319047
0.319212
0.319378
0.319545
0.319715
0.319885
0.320058
0.320231
0.320407
0.320584
0.320762
0.320943
0.321124
0.321307
0.321492
0.321678
0.321866
0.322056
0.322247
0.322439
0.322633
0.322829
0.323026
0.323225
0.323425
0.323626
0.32383
0.324035
0.324241
0.324449
0.324658
0.324869
0.325081
0.325295
0.325511
0.325728
0.325946
0.326166
0.326388
0.326611
0.326835
0.327061
0.327289
0.327518
0.327748
0.32798
0.328214
0.328449
0.328685
0.328923
0.329163
0.329403
0.329646
0.32989
0.330135
0.330382
0.33063
0.33088
0.331131
0.331383
0.331637
0.331893
0.33215
0.332408
0.332668
0.332929
0.333192
0.333456
0.333721
0.333988
0.334257
0.334526
0.334798
0.33507
0.335344
0.33562
0.335896
0.336174
0.336454
0.336735
0.337017
0.337301
0.337586
0.337872
0.33816
0.338449
0.33874
0.339032
0.339325
0.339619
0.339915
0.340212
0.340511
0.340811
0.341112
0.341414
0.341718
0.342023
0.34233
0.342637
0.342946
0.343257
0.343568
0.343881
0.344195
0.34451
0.344827
0.345145
0.345464
0.345785
0.346106
0.346429
0.346753
0.347079
0.347405
0.347733
0.348062
0.348392
0.348724
0.349056
0.34939
0.349725
0.350061
0.350398
0.350737
0.351077
0.351417
0.351759
0.352103
0.352447
0.352792
0.353139
0.353486
0.353835
0.354185
0.354536
0.354888
0.355241
0.355596
0.355951
0.356308
0.356665
0.357024
0.357383
0.357744
0.358106
0.358469
0.358833
0.359197
0.359563
0.35993
0.360298
0.360667
0.361037
0.361408
0.36178
0.362153
0.362526
0.362901
0.363277
0.363654
0.364031
0.36441
0.364789
0.36517
0.365551
0.365934
0.366317
0.366701
0.367086
0.367472
0.367858
0.368246
0.368634
0.369024
0.369414
0.369805
0.370197
0.370589
0.370983
0.371377
0.371772
0.372168
0.372565
0.372962
0.373361
0.37376
0.37416
0.37456
0.374961
0.375363
0.375766
0.37617
0.376574
0.376979
0.377384
0.377791
0.378198
0.378606
0.379014
0.379423
0.379833
0.380243
0.380654
0.381066
0.381478
0.381891
0.382304
0.382718
0.383133
0.383548
0.383964
0.384381
0.384798
0.385215
0.385633
0.386052
0.386471
0.386891
0.387311
0.387732
0.388153
0.388575
0.388997
0.38942
0.389843
0.390266
0.39069
0.391115
0.39154
0.391965
0.392391
0.392817
0.393244
0.393671
0.394098
0.394526
0.394954
0.395383
0.395812
0.396241
0.396671
0.3971
0.397531
0.397961
0.398392
0.398823
0.399255
0.399686
0.400118
0.40055
0.400983
0.401416
0.401849
0.402282
0.402715
0.403149
0.403583
0.404017
0.404451
0.404885
0.40532
0.405755
0.40619
0.406625
0.40706
0.407495
0.40793
0.408366
0.408802
0.409237
0.409673
0.410109
0.410545
0.410981
0.411417
0.411853
0.412289
0.412725
0.413161
0.413597
0.414034
0.41447
0.414906
0.415342
0.415778
0.416214
0.41665
0.417086
0.417522
0.417957
0.418393
0.418829
0.419264
0.419699
0.420135
0.42057
0.421005
0.421439
0.421874
0.422309
0.422743
0.423177
0.423611
0.424045
0.424478
0.424911
0.425344
0.425777
0.42621
0.426642
0.427074
0.427506
0.427937
0.428369
0.428799
0.42923
0.42966
0.43009
0.43052
0.430949
0.431378
0.431807
0.432235
0.432663
0.43309
0.433517
0.433944
0.43437
0.434796
0.435221
0.435646
0.436071
0.436495
0.436918
0.437341
0.437764
0.438186
0.438608
0.439029
0.43945
0.43987
0.440289
0.440708
0.441127
0.441545
0.441962
0.442379
0.442795
0.443211
0.443626
0.44404
0.444454
0.444867
0.44528
0.445691
0.446103
0.446513
0.446923
0.447332
0.447741
0.448149
0.448556
0.448962
0.449368
0.449773
0.450177
0.450581
0.450984
0.451386
0.451787
0.452187
0.452587
0.452986
0.453384
0.453781
0.454178
0.454574
0.454968
0.455362
0.455755
0.456148
0.456539
0.45693
0.457319
0.457708
0.458096
0.458483
0.458869
0.459254
0.459638
0.460021
0.460404
0.460785
0.461165
0.461545
0.461923
0.462301
0.462677
0.463053
0.463427
0.463801
0.464173
0.464544
0.464915
0.465284
0.465652
0.466019
0.466385
0.46675
0.467114
0.467477
0.467839
0.4682
0.468559
0.468918
0.469275
0.469631
0.469986
0.47034
0.470692
0.471044
0.471394
0.471743
0.472091
0.472438
0.472784
0.473128
0.473471
0.473813
0.474154
0.474493
0.474831
0.475168
0.475504
0.475838
0.476172
0.476503
0.476834
0.477163
0.477491
0.477818
0.478143
0.478467
0.47879
0.479111
0.479431
0.47975
0.480067
0.480383
0.480698
0.481011
0.481323
0.481633
0.481942
0.48225
0.482556
0.482861
0.483164
0.483466
0.483766
0.484065
0.484363
0.484659
0.484954
0.485247
0.485539
0.485829
0.486118
0.486405
0.486691
0.486975
0.487258
0.487539
0.487819
0.488097
0.488374
0.488649
0.488923
0.489195
0.489466
0.489734
0.490002
0.490268
0.490532
0.490795
0.491056
0.491315
0.491573
0.491829
0.492084
0.492337
0.492589
0.492838
0.493087
0.493333
0.493578
0.493821
0.494063
0.494303
0.494541
0.494778
0.495013
0.495246
0.495478
0.495708
0.495936
0.496162
0.496387
0.49661
0.496832
0.497051
0.497269
0.497486
0.4977
0.497913
0.498124
0.498333
0.498541
0.498747
0.498951
0.499153
0.499354
0.499553
0.49975
0.499945
0.500138
0.50033
0.50052
0.500708
0.500895
0.501079
0.501262
0.501443
0.501622
0.501799
0.501975
0.502149
0.50232
0.50249
0.502659
0.502825
0.50299
0.503152
0.503313
0.503472
0.503629
0.503785
0.503938
0.50409
0.50424
0.504388
0.504534
0.504678
0.50482
0.504961
0.505099
0.505236
0.505371
0.505504
0.505635
0.505764
0.505891
0.506016
0.50614
0.506261
0.506381
0.506499
0.506615
0.506728
0.50684
0.506951
0.507059
0.507165
0.507269
0.507372
0.507472
0.507571
0.507668
0.507762
0.507855
0.507946
0.508035
0.508122
0.508207
0.50829
0.508372
0.508451
0.508528
0.508604
0.508677
0.508749
0.508818
0.508886
0.508952
0.509015
0.509077
0.509137
0.509195
0.509251
0.509305
0.509357
0.509407
0.509455
0.509501
0.509545
0.509588
0.509628
0.509666
0.509703
0.509737
0.509769
0.5098
0.509829
0.509855
0.50988
0.509902
0.509923
0.509942
0.509959
0.509974
0.509987
0.509997
0.510006
0.510013
0.510019
0.510022
0.510023
0.510022
0.510019
0.510015
0.510008
0.509999
0.509989
0.509976
0.509962
0.509945
0.509927
0.509907
0.509884
0.50986
0.509834
0.509806
0.509776
0.509744
0.50971
0.509674
0.509636
0.509597
0.509555
0.509511
0.509466
0.509418
0.509369
0.509318
0.509264
0.509209
0.509152
0.509093
0.509032
0.50897
0.508905
0.508838
0.50877
0.508699
0.508627
0.508552
0.508476
0.508398
0.508318
0.508236
0.508153
0.508067
0.507979
0.50789
0.507799
0.507705
0.50761
0.507513
0.507415
0.507314
0.507211
0.507107
0.507001
0.506893
0.506783
0.506671
0.506557
0.506442
0.506324
0.506205
0.506084
0.505961
0.505836
0.50571
0.505582
0.505451
0.505319
0.505186
0.50505
0.504913
0.504773
0.504632
0.50449
0.504345
0.504199
0.504051
0.503901
0.503749
0.503595
0.50344
0.503283
0.503124
0.502964
0.502802
0.502638
0.502472
0.502304
0.502135
0.501964
0.501792
0.501617
0.501441
0.501263
0.501084
0.500902
0.500719
0.500535
0.500349
0.500161
0.499971
0.49978
0.499587
0.499392
0.499196
0.498998
0.498798
0.498597
0.498394
0.498189
0.497983
0.497775
0.497566
0.497355
0.497142
0.496928
0.496712
0.496495
0.496276
0.496055
0.495833
0.495609
0.495384
0.495157
0.494928
0.494698
0.494467
0.494234
0.493999
0.493763
0.493526
0.493286
0.493046
0.492804
0.49256
0.492315
0.492068
0.49182
0.491571
0.49132
0.491067
0.490813
0.490558
0.490301
0.490043
0.489783
0.489522
0.489259
0.488995
0.48873
0.488463
0.488195
0.487926
0.487655
0.487383
0.487109
0.486834
0.486558
0.48628
0.486001
0.485721
0.485439
0.485156
0.484872
0.484586
0.484299
0.484011
0.483722
0.483431
0.483139
0.482846
0.482551
0.482255
0.481958
0.48166
0.48136
0.48106
0.480758
0.480455
0.48015
0.479845
0.479538
0.47923
0.478921
0.478611
0.4783
0.477987
0.477674
0.477359
0.477043
0.476726
0.476408
0.476088
0.475768
0.475447
0.475124
0.474801
0.474476
0.47415
0.473823
0.473496
0.473167
0.472837
0.472506
0.472174
0.471841
0.471507
0.471172
0.470836
