0.357143
0.348805
0.44064
0.526797
0.607622
0.607623
0.683437
0.754545
0.821233
0.88377
0.94241
0.99739
1.04893
1.09725
1.14254
1.18498
1.22475
1.26201
1.29691
1.32961
1.36022
1.38889
1.41572
1.44083
1.46432
1.4863
1.50685
1.52606
1.54401
1.56078
1.57643
1.59104
1.60467
1.61738
1.62922
1.64025
1.6505
1.66004
1.6689
1.67712
1.68474
1.69179
1.69831
1.70433
1.70988
1.71498
1.71967
1.72396
1.72787
1.73153
1.73485
1.73786
1.74057
1.74299
1.74515
1.74706
1.74873
1.75018
1.75141
1.75244
1.75327
1.75393
1.75441
1.75473
1.75489
1.7549
1.75477
1.75451
1.75411
1.7536
1.75297
1.75222
1.75137
1.75041
1.74936
1.74821
1.74697
1.74565
1.74424
1.74274
1.74117
1.73953
1.73781
1.73602
1.73416
1.73224
1.73025
1.7282
1.72609
1.72391
1.72169
1.7194
1.71706
1.71467
1.71222
1.70973
1.70718
1.70459
1.70195
1.69926
1.69652
1.69374
1.69092
1.68805
1.68515
1.68219
1.6792
1.67617
1.6731
1.66999
1.66684
1.66366
1.66044
1.65718
1.65388
1.65056
1.64719
1.6438
1.64037
1.63691
1.63342
1.62989
1.62634
1.62275
1.61914
1.6155
1.61183
1.60814
1.60441
1.60066
1.59689
1.59309
1.58927
1.58542
1.58156
1.57767
1.57376
1.56982
1.56587
1.5619
1.55791
1.55391
1.54988
1.54584
1.54179
1.53771
1.53363
1.52953
1.52542
1.5213
1.51716
1.51302
1.50886
1.5047
1.50053
1.49635
1.49216
1.48797
1.48377
1.47957
1.47536
1.47115
1.46693
1.46272
1.4585
1.45428
1.45007
1.44585
1.44163
1.43742
1.43321
1.429
1.4248
1.4206
1.4164
1.41221
1.40803
1.40385
1.39968
1.39551
1.39136
1.38721
1.38307
1.37894
1.37483
1.37072
1.36662
1.36253
1.35845
1.35439
1.35034
1.3463
1.34227
1.33825
1.33425
1.33026
1.32628
1.32232
1.31837
1.31444
1.31051
1.30661
1.30271
1.29883
1.29497
1.29112
1.28728
1.28346
1.27965
1.27585
1.27207
1.26831
1.26455
1.26081
1.25709
1.25338
1.24968
1.24599
1.24232
1.23866
1.23502
1.23138
1.22776
1.22415
1.22055
1.21696
1.21338
1.20982
1.20626
1.20272
1.19918
1.19566
1.19214
1.18863
1.18513
1.18164
1.17816
1.17468
1.17121
1.16775
1.16429
1.16084
1.1574
1.15396
1.15052
1.14709
1.14366
1.14024
1.13682
1.1334
1.12999
1.12658
1.12317
1.11976
1.11635
1.11294
1.10953
1.10613
1.10272
1.09931
1.0959
1.09249
1.08907
1.08566
1.08224
1.07882
1.07539
1.07196
1.06853
1.06509
1.06165
1.05821
1.05475
1.0513
1.04784
1.04437
1.04089
1.03741
1.03393
1.03043
1.02693
1.02342
1.0199
1.01638
1.01285
1.00931
1.00576
1.0022
0.998631
0.995055
0.99147
0.987876
0.984272
0.980658
0.977035
0.973402
0.969759
0.966105
0.962442
0.958768
0.955083
0.951388
0.947683
0.943966
0.940239
0.936501
0.932751
0.928991
0.92522
0.921437
0.917644
0.913839
0.910022
0.906195
0.902356
0.898506
0.894644
0.890771
0.886886
0.88299
0.879082
0.875163
0.871233
0.867291
0.863338
0.859373
0.855397
0.851409
0.84741
0.843399
0.839377
0.835344
0.8313
0.827244
0.823177
0.819098
0.815009
0.810908
0.806796
0.802673
0.798539
0.794394
0.790238
0.786071
0.781893
0.777705
0.773505
0.769295
0.765074
0.760842
0.7566
0.752347
0.748083
0.74381
0.739525
0.73523
0.730925
0.72661
0.722284
0.717948
0.713602
0.709246
0.704879
0.700503
0.696117
0.69172
0.687314
0.682898
0.678472
0.674036
0.669591
0.665136
0.660671
0.656197
0.651712
0.647219
0.642716
0.638203
0.633681
0.629149
0.624608
0.620058
0.615498
0.61093
0.606351
0.601764
0.597167
0.592561
0.587946
0.583322
0.578688
0.574046
0.569394
0.564734
0.560064
0.555385
0.550697
0.546
0.541295
0.53658
0.531856
0.527123
0.522382
0.517631
0.512871
0.508103
0.503325
0.498539
0.493743
0.488939
0.484126
0.479304
0.474473
0.469633
0.464785
0.459927
0.45506
0.450185
0.4453
0.440407
0.435505
0.430594
0.425674
0.420745
0.415807
0.41086
0.405904
0.40094
0.395966
0.390983
0.385992
0.380991
0.375982
0.370963
0.365936
0.360899
0.355854
0.350799
0.345736
0.340663
0.335582
0.330491
0.325391
0.320283
0.315165
0.310038
0.304902
0.299757
0.294603
0.28944
0.284268
0.279086
0.273896
0.268696
0.263488
0.25827
0.253043
0.247807
0.242562
0.237308
0.232045
0.226773
0.221491
0.216201
0.210901
0.205593
0.200275
0.194948
0.189613
0.184268
0.178914
0.173551
0.168179
0.162798
0.157409
0.15201
0.146602
0.141185
0.13576
0.130325
0.124882
0.11943
0.113969
0.108499
0.103021
0.0975337
0.0920378
0.0865333
0.0810201
0.0754983
0.0699679
0.0644291
0.0588817
0.0533259
0.0477617
0.0421891
0.0366082
0.031019
0.0254217
0.0198161
0.0142024
0.00858065
0.00295087
-0.00268687
-0.00833251
-0.013986
-0.0196473
-0.0253163
-0.030993
-0.0366772
-0.042369
-0.0480683
-0.0537749
-0.0594889
-0.0652101
-0.0709385
-0.076674
-0.0824166
-0.088166
-0.0939223
-0.0996854
-0.105455
-0.111232
-0.117015
-0.122804
-0.1286
-0.134402
-0.14021
-0.146024
-0.151844
-0.15767
-0.163502
-0.169339
-0.175182
-0.18103
-0.186884
-0.192743
-0.198607
-0.204476
-0.21035
-0.216229
-0.222113
-0.228001
-0.233893
-0.23979
-0.245691
-0.251596
-0.257505
-0.263418
-0.269335
-0.275255
-0.281178
-0.287105
-0.293035
-0.298969
-0.304905
-0.310843
-0.316785
-0.322729
-0.328675
-0.334624
-0.340574
-0.346527
-0.352481
-0.358437
-0.364394
-0.370353
-0.376313
-0.382274
-0.388236
-0.394199
-0.400162
-0.406125
-0.412089
-0.418053
-0.424017
-0.429981
-0.435944
-0.441907
-0.44787
-0.453831
-0.459791
-0.46575
-0.471708
-0.477664
-0.483619
-0.489572
-0.495523
-0.501471
-0.507417
-0.513361
-0.519302
-0.52524
-0.531175
-0.537107
-0.543036
-0.548961
-0.554882
-0.560799
-0.566712
-0.572621
-0.578526
-0.584425
-0.59032
-0.59621
-0.602095
-0.607975
-0.613849
-0.619717
-0.625579
-0.631436
-0.637286
-0.643129
-0.648966
-0.654796
-0.66062
-0.666436
-0.672244
-0.678045
-0.683839
-0.689624
-0.695402
-0.701171
-0.706931
-0.712683
-0.718426
-0.724161
-0.729885
-0.735601
-0.741307
-0.747003
-0.752689
-0.758366
-0.764031
-0.769687
-0.775331
-0.780965
-0.786588
-0.792199
-0.797799
-0.803388
-0.808965
-0.814529
-0.820082
-0.825622
-0.83115
-0.836665
-0.842167
-0.847657
-0.853133
-0.858595
-0.864044
-0.86948
-0.874901
-0.880308
-0.885701
-0.89108
-0.896444
-0.901793
-0.907127
-0.912446
-0.91775
-0.923038
-0.928311
-0.933525
-0.938728
-0.94392
-0.9491
-0.954267
-0.959422
-0.964563
-0.969691
-0.974805
-0.979904
-0.984989
-0.990058
-0.995111
-1.00015
-1.00517
-1.01017
-1.01516
-1.02013
-1.02509
-1.03002
-1.03494
-1.03984
-1.04472
-1.04958
-1.05442
-1.05925
-1.06405
-1.06884
-1.07361
-1.07835
-1.08308
-1.08779
-1.09247
-1.09714
-1.10178
-1.10641
-1.11101
-1.11559
-1.12015
-1.12469
-1.12921
-1.13371
-1.13819
-1.14264
-1.14707
-1.15149
-1.15587
-1.16024
-1.16459
-1.16891
-1.17321
-1.17749
-1.18175
-1.18598
-1.19019
-1.19438
-1.19855
-1.20269
-1.20682
-1.21092
-1.21499
-1.21905
-1.22308
-1.22709
-1.23107
-1.23503
-1.23897
-1.24289
-1.24679
-1.25066
-1.25451
-1.25833
-1.26214
-1.26592
-1.26968
-1.27341
-1.27712
-1.28081
-1.28448
-1.28812
-1.29174
-1.29534
-1.29892
-1.30247
-1.306
-1.3095
-1.31299
-1.31645
-1.31989
-1.32331
-1.3267
-1.33007
-1.33342
-1.33675
-1.34005
-1.34333
-1.34659
-1.34983
-1.35304
-1.35624
-1.35941
-1.36256
-1.36568
-1.36879
-1.37187
-1.37493
-1.37797
-1.38098
-1.38398
-1.38695
-1.3899
-1.39283
-1.39574
-1.39863
-1.40149
-1.40433
-1.40716
-1.40996
-1.41274
-1.41549
-1.41823
-1.42095
-1.42364
-1.42632
-1.42897
-1.4316
-1.43421
-1.4368
-1.43937
-1.44192
-1.44445
-1.44696
-1.44944
-1.45191
-1.45436
-1.45678
-1.45919
-1.46157
-1.46394
-1.46628
-1.46861
-1.47091
-1.47319
-1.47546
-1.4777
-1.47993
-1.48213
-1.48432
-1.48648
-1.48863
-1.49075
-1.49286
-1.49494
-1.49701
-1.49906
-1.50109
-1.50309
-1.50508
-1.50705
-1.509
-1.51093
-1.51285
-1.51474
-1.51661
-1.51846
-1.5203
-1.52211
-1.52391
-1.52569
-1.52744
-1.52918
-1.5309
-1.5326
-1.53429
-1.53595
-1.53759
-1.53922
-1.54082
-1.54241
-1.54398
-1.54553
-1.54706
-1.54857
-1.55006
-1.55154
-1.55299
-1.55443
-1.55585
-1.55725
-1.55863
-1.55999
-1.56133
-1.56265
-1.56396
-1.56525
-1.56651
-1.56776
-1.56899
-1.5702
-1.57139
-1.57257
-1.57372
-1.57486
-1.57598
-1.57707
-1.57815
-1.57922
-1.58026
-1.58128
-1.58229
-1.58327
-1.58424
-1.58519
-1.58612
-1.58703
-1.58792
-1.58879
-1.58965
-1.59048
-1.5913
-1.5921
-1.59288
-1.59364
-1.59438
-1.5951
-1.5958
-1.59649
-1.59716
-1.5978
-1.59843
-1.59904
-1.59963
-1.6002
-1.60076
-1.60129
-1.60181
-1.6023
-1.60278
-1.60324
-1.60368
-1.6041
-1.6045
-1.60489
-1.60525
-1.6056
-1.60592
-1.60623
-1.60652
-1.60679
-1.60704
-1.60727
-1.60749
-1.60768
-1.60786
-1.60802
-1.60816
-1.60828
-1.60838
-1.60846
-1.60852
-1.60857
-1.6086
-1.60861
-1.6086
-1.60857
-1.60852
-1.60845
-1.60837
-1.60827
-1.60815
-1.60801
-1.60785
-1.60767
-1.60748
-1.60726
-1.60703
-1.60679
-1.60652
-1.60623
-1.60593
-1.60561
-1.60527
-1.60491
-1.60454
-1.60415
-1.60374
-1.60331
-1.60286
-1.6024
-1.60192
-1.60142
-1.60091
-1.60037
-1.59982
-1.59926
-1.59867
-1.59807
-1.59745
-1.59682
-1.59617
-1.5955
-1.59481
-1.59411
-1.59339
-1.59266
-1.59191
-1.59114
-1.59036
-1.58956
-1.58875
-1.58792
-1.58707
-1.58621
-1.58533
-1.58444
-1.58353
-1.58261
-1.58167
-1.58072
-1.57975
-1.57876
-1.57777
-1.57675
-1.57573
-1.57469
-1.57363
-1.57256
-1.57148
-1.57038
-1.56927
-1.56815
-1.56701
-1.56586
-1.56469
-1.56352
-1.56233
-1.56112
-1.55991
-1.55868
-1.55744
-1.55618
-1.55492
-1.55364
-1.55235
-1.55105
-1.54974
-1.54841
-1.54708
-1.54573
-1.54437
-1.543
-1.54162
-1.54023
-1.53883
-1.53742
-1.53599
-1.53456
-1.53312
-1.53166
-1.5302
-1.52873
-1.52724
-1.52575
-1.52425
-1.52274
-1.52122
-1.51969
-1.51815
-1.5166
-1.51505
-1.51348
-1.51191
-1.51033
-1.50874
-1.50714
-1.50553
-1.50392
-1.50229
-1.50066
-1.49902
-1.49738
-1.49572
-1.49406
-1.49239
-1.49071
-1.48903
-1.48733
-1.48563
-1.48392
-1.48221
-1.48049
-1.47876
-1.47702
-1.47528
-1.47353
-1.47177
-1.47
-1.46823
-1.46645
-1.46466
-1.46286
-1.46106
-1.45925
-1.45744
-1.45561
-1.45378
-1.45194
-1.45009
-1.44824
-1.44638
-1.44451
-1.44263
-1.44074
-1.43885
-1.43695
-1.43504
-1.43312
-1.43119
-1.42926
-1.42731
-1.42536
-1.4234
-1.42143
-1.41945
-1.41746
-1.41546
-1.41346
-1.41144
-1.40941
-1.40737
-1.40533
-1.40327
-1.4012
-1.39912
-1.39703
-1.39493
-1.39282
-1.3907
-1.38856
-1.38641
-1.38425
-1.38208
-1.3799
-1.3777
-1.37549
-1.37327
-1.37103
-1.36878
-1.36652
-1.36424
-1.36195
-1.35964
-1.35732
-1.35499
-1.35263
-1.35027
-1.34789
-1.34549
-1.34307
-1.34064
-1.33819
-1.33573
-1.33325
-1.33075
-1.32823
-1.3257
-1.32315
-1.32058
-1.31799
-1.31538
-1.31276
-1.31011
-1.30745
-1.30476
-1.30206
-1.29934
-1.29659
-1.29383
-1.29104
-1.28824
-1.28541
-1.28257
-1.2797
-1.27681
-1.2739
-1.27097
-1.26801
-1.26503
-1.26203
-1.25901
-1.25597
-1.2529
-1.24981
-1.2467
-1.24357
-1.24041
-1.23723
-1.23402
-1.23079
-1.22754
-1.22427
-1.22097
-1.21765
-1.2143
-1.21093
-1.20753
-1.20412
-1.20067
-1.19721
-1.19372
-1.1902
-1.18667
-1.1831
-1.17952
-1.17591
-1.17227
-1.16861
-1.16493
-1.16122
-1.15749
-1.15374
-1.14996
-1.14616
-1.14233
-1.13848
-1.1346
-1.13071
-1.12679
-1.12284
-1.11887
-1.11488
-1.11087
-1.10683
-1.10277
-1.09869
-1.09458
-1.09045
-1.0863
-1.08213
-1.07793
-1.07371
-1.06947
-1.06521
-1.06093
-1.05662
-1.05229
-1.04795
-1.04358
-1.03919
-1.03478
-1.03035
-1.0259
-1.02142
-1.01693
-1.01242
-1.00789
-1.00334
-0.998768
-0.994178
-0.98957
-0.984943
-0.980297
-0.975633
-0.970951
-0.96625
-0.961532
-0.956796
-0.952043
-0.947273
-0.942485
-0.937681
-0.93286
-0.928023
-0.923169
-0.9183
-0.913414
-0.908513
-0.903596
-0.898664
-0.893717
-0.888756
-0.883779
-0.878788
-0.873783
-0.868764
-0.86373
-0.858684
-0.853623
-0.848549
-0.843462
-0.838363
-0.83325
-0.828125
-0.822987
-0.817837
-0.812675
-0.807502
-0.802316
-0.797119
-0.791911
-0.786692
-0.781461
-0.77622
-0.770968
-0.765706
-0.760433
-0.755151
-0.749858
-0.744555
-0.739243
-0.733921
-0.72859
-0.72325
-0.7179
-0.712542
-0.707175
-0.701799
-0.696415
-0.691022
-0.685621
-0.680212
-0.674796
-0.669371
-0.663939
-0.658499
-0.653052
-0.647598
-0.642136
-0.636668
-0.631192
-0.62571
-0.620221
-0.614726
-0.609224
-0.603716
-0.598202
-0.597848
-0.597848
-0.592716
-0.587216
-0.581707
-0.576189
-0.570664
-0.56513
-0.559588
-0.554039
-0.548483
-0.54292
-0.53735
-0.531773
-0.526191
-0.520602
-0.515008
-0.509407
-0.503802
-0.498191
-0.492575
-0.486954
-0.481328
-0.475698
-0.470063
-0.464424
-0.458781
-0.453134
-0.447483
-0.441828
-0.436169
-0.430507
-0.424841
-0.419172
-0.4135
-0.407825
-0.402146
-0.396465
-0.390781
-0.385094
-0.379404
-0.373712
-0.368017
-0.36232
-0.356621
-0.350919
-0.345215
-0.339509
-0.333801
-0.328091
-0.32238
-0.316666
-0.310951
-0.305234
-0.299515
-0.293795
-0.288073
-0.28235
-0.276626
-0.2709
-0.265173
-0.259445
-0.253716
-0.247985
-0.242254
-0.236522
-0.230789
-0.225055
-0.21932
-0.213585
-0.207849
-0.202112
-0.196375
-0.190637
-0.184899
-0.179161
-0.173422
-0.167683
-0.161944
-0.156204
-0.150465
-0.144725
-0.138986
-0.133247
-0.127507
-0.121768
-0.11603
-0.110291
-0.104553
-0.0988151
-0.0930778
-0.0873411
-0.0816049
-0.0758694
-0.0701345
-0.0644004
-0.0586672
-0.0529348
-0.0472033
-0.0414728
-0.0357433
-0.0300149
-0.0242877
-0.0185617
-0.012837
-0.00711356
-0.00139155
0.00432901
0.0100481
0.0157655
0.0214814
0.0271955
0.0329079
0.0386185
0.0443272
0.050034
0.0557387
0.0614415
0.067142
0.0728404
0.0785366
0.0842304
0.0899219
0.0956109
0.101297
0.106981
0.112663
0.118341
0.124017
0.12969
0.13536
0.141027
0.146691
0.152352
0.15801
0.163665
0.169316
0.174964
0.180609
0.18625
0.191887
0.197521
0.203151
0.208777
0.214399
0.220018
0.225633
0.231243
0.236849
0.242451
0.248049
0.253643
0.259232
0.264816
0.270396
0.275972
0.281542
0.287108
0.292669
0.298225
0.303776
0.309323
0.314863
0.320399
0.325929
0.331454
0.336974
0.342488
0.347996
0.353499
0.358996
0.364487
0.369972
0.375451
0.380925
0.386392
0.391852
0.397307
0.402755
0.408197
0.413632
0.419061
0.424483
0.429898
0.435307
0.440708
0.446103
0.45149
0.45687
0.462244
0.467609
0.472968
0.478319
0.483662
0.488998
0.494327
0.499647
0.50496
0.510265
0.515561
0.52085
0.526131
0.531403
0.536667
0.541923
0.54717
0.552409
0.557639
0.56286
0.568073
0.573277
0.578472
0.583658
0.588835
0.594003
0.599162
0.604311
0.609452
0.614582
0.619704
0.624815
0.629917
0.63501
0.640092
0.645165
0.650228
0.655281
0.660324
0.665356
0.670379
0.675391
0.680393
0.685385
0.690366
0.695337
0.700297
0.705246
0.710185
0.715113
0.72003
0.724937
0.729832
0.734716
0.73959
0.744452
0.749303
0.754143
0.758971
0.763788
0.768594
0.773389
0.778171
0.782943
0.787703
0.792451
0.797187
0.801912
0.806625
0.811326
0.816015
0.820692
0.825358
0.830011
0.834653
0.839282
0.843899
0.848504
0.853097
0.857678
0.862246
0.866803
0.871347
0.875878
0.880398
0.884904
0.889399
0.893881
0.898351
0.902808
0.907253
0.911685
0.916105
0.920512
0.924907
0.929289
0.933659
0.938016
0.94236
0.946692
0.951011
0.955318
0.959612
0.963894
0.968163
0.972419
0.976663
0.980894
0.985112
0.989318
0.993512
0.997693
1.00186
1.00602
1.01016
1.01429
1.01841
1.02252
1.02661
1.03069
1.03476
1.03881
1.04286
1.04689
1.05091
1.05492
1.05891
1.06289
1.06686
1.07082
1.07477
1.0787
1.08262
1.08653
1.09043
1.09432
1.09819
1.10205
1.1059
1.10974
1.11357
1.11739
1.12119
1.12498
1.12876
1.13253
1.13629
1.14004
1.14377
1.14749
1.15121
1.15491
1.1586
1.16228
1.16594
1.1696
1.17325
1.17688
1.18051
1.18412
1.18772
1.19132
1.1949
1.19847
1.20203
1.20558
1.20912
1.21265
1.21617
1.21968
1.22318
1.22667
1.23015
1.23361
1.23707
1.24052
1.24396
1.24739
1.25081
1.25422
1.25762
1.26101
1.26439
1.26776
1.27113
1.27448
1.27782
1.28116
1.28448
1.2878
1.2911
1.2944
1.29769
1.30097
1.30424
1.3075
1.31075
1.31399
1.31722
1.32045
1.32367
1.32687
1.33007
1.33326
1.33644
1.33961
1.34278
1.34593
1.34908
1.35221
1.35534
1.35846
1.36157
1.36467
1.36777
1.37085
1.37393
1.377
1.38005
1.3831
1.38614
1.38918
1.3922
1.39521
1.39822
1.40122
1.4042
1.40718
1.41015
1.41312
1.41607
1.41901
1.42194
1.42487
1.42779
1.43069
1.43359
1.43648
1.43936
1.44223
1.44509
1.44794
1.45078
1.45361
1.45643
1.45924
1.46204
1.46483
1.46762
1.47039
1.47315
1.4759
1.47864
1.48137
1.48409
1.4868
1.4895
1.49219
1.49487
1.49754
1.50019
1.50284
1.50547
1.50809
1.5107
1.5133
1.51589
1.51846
1.52103
1.52358
1.52612
1.52865
1.53116
1.53366
1.53615
1.53863
1.5411
1.54355
1.54599
1.54841
1.55083
1.55322
1.55561
1.55798
1.56034
1.56268
1.56501
1.56733
1.56963
1.57192
1.57419
1.57645
1.57869
1.58091
1.58313
1.58532
1.5875
1.58967
1.59182
1.59395
1.59607
1.59817
1.60026
1.60233
1.60438
1.60641
1.60843
1.61043
1.61242
1.61438
1.61633
1.61826
1.62018
1.62207
1.62395
1.62581
1.62765
1.62947
1.63127
1.63305
1.63482
1.63656
1.63829
1.64
1.64168
1.64335
1.645
1.64662
1.64823
1.64981
1.65138
1.65292
1.65445
1.65595
1.65743
1.65889
1.66032
1.66174
1.66313
1.6645
1.66585
1.66718
1.66848
1.66976
1.67102
1.67226
1.67347
1.67466
1.67582
1.67696
1.67808
1.67917
1.68024
1.68128
1.6823
1.6833
1.68427
1.68521
1.68613
1.68702
1.68789
1.68873
1.68955
1.69034
1.6911
1.69184
1.69255
1.69323
1.69389
1.69452
1.69512
1.6957
1.69624
1.69676
1.69725
1.69772
1.69815
1.69856
1.69893
1.69928
1.6996
1.69989
1.70015
1.70038
1.70058
1.70075
1.70089
1.701
1.70108
1.70113
1.70114
1.70113
1.70109
1.70101
1.7009
1.70076
1.70059
1.70038
1.70015
1.69988
1.69958
1.69924
1.69887
1.69847
1.69804
1.69757
1.69707
1.69653
1.69596
1.69536
1.69472
1.69404
1.69334
1.69259
1.69181
1.691
1.69015
1.68927
1.68835
1.68739
1.6864
1.68537
1.68431
1.6832
1.68207
1.68089
1.67968
1.67844
1.67844
1.67715
1.67583
1.67447
1.67308
1.67164
1.67017
1.66866
1.66712
1.66554
1.66392
1.66226
1.66056
1.65883
1.65706
1.65525
1.6534
1.65152
1.6496
1.64764
1.64564
1.64361
1.64153
1.63942
1.63728
1.63509
1.63287
1.63061
1.62832
1.62599
1.62362
1.62121
1.61877
1.61629
1.61378
1.61123
1.60865
1.60603
1.60337
1.60068
1.59796
1.5952
1.59241
1.58959
1.58673
1.58384
1.58092
1.57796
1.57498
1.57196
1.56891
1.56583
1.56272
1.55959
1.55642
1.55322
1.55
1.54675
1.54348
1.54017
1.53685
1.53349
1.53011
1.52671
1.52329
1.51984
1.51637
1.51289
1.50938
1.50585
1.5023
1.49873
1.49514
1.49154
1.48793
1.48429
1.48064
1.47698
1.47331
1.46962
1.46592
1.46221
1.4585
1.45477
1.45103
1.44729
1.44354
1.43978
1.43602
1.43225
1.42848
1.42471
1.42093
1.41716
1.41338
1.40961
1.40583
1.40206
1.39829
1.39452
1.39076
1.38701
1.38326
1.37951
1.37577
1.37204
1.36832
1.36461
1.36091
1.35722
1.35354
1.34987
1.34621
1.34257
1.33893
1.33532
1.33172
1.32813
1.32456
1.321
1.31746
1.31393
1.31043
1.30694
1.30347
1.30001
1.29658
1.29316
1.28976
1.28638
1.28302
1.27968
1.27636
1.27306
1.26978
1.26652
1.26328
1.26006
1.25686
1.25367
1.25051
1.24737
1.24425
1.24115
1.23807
1.235
1.23196
1.22893
1.22593
1.22294
1.21997
1.21702
1.21409
1.21118
1.20828
1.2054
1.20253
1.19969
1.19685
1.19404
1.19124
1.18845
1.18568
1.18292
1.18017
1.17744
1.17472
1.17201
1.16932
1.16663
1.16396
1.16129
1.15864
1.15599
1.15335
1.15072
1.1481
1.14548
1.14287
1.14027
1.13767
1.13507
1.13248
1.1299
1.12731
1.12473
1.12215
1.11957
1.117
1.11442
1.11184
1.10927
1.10669
1.10411
1.10153
1.09894
1.09635
1.09376
1.09117
1.08857
1.08596
1.08335
1.08074
1.07811
1.07549
1.07285
1.07021
1.06755
1.06489
1.06223
1.05955
1.05686
1.05417
1.05146
1.04874
1.04601
1.04328
1.04053
1.03776
1.03499
1.0322
1.02941
1.0266
1.02377
1.02094
1.01809
1.01522
1.01234
1.00945
1.00655
1.00363
1.00069
0.997743
0.994779
0.9918
0.988806
0.985797
0.982773
0.979733
0.976678
0.973607
0.970521
0.967419
0.964301
0.961167
0.958018
0.954852
0.951671
0.948474
0.94526
0.942031
0.938785
0.935524
0.932246
0.928953
0.925643
0.922318
0.918976
0.915619
0.912245
0.908856
0.905451
0.90203
0.898594
0.895141
0.891673
0.88819
0.884691
0.881176
0.877646
0.874101
0.870541
0.866966
0.863375
0.85977
0.856149
0.852514
0.848864
0.845199
0.84152
0.837827
0.834119
0.830397
0.826661
0.82291
0.819146
0.815368
0.811576
0.807771
0.803952
0.800119
0.796273
0.792414
0.788542
0.784657
0.780759
0.776848
0.772924
0.768988
0.765039
0.761078
0.757104
0.753118
0.749121
0.745111
0.741089
0.737055
0.73301
0.728953
0.724884
0.720804
0.716713
0.71261
0.708497
0.704372
0.700236
0.696089
0.691932
0.687763
0.683584
0.679395
0.675195
0.670984
0.666763
0.662532
0.658291
0.654039
0.649778
0.645506
0.641225
0.636934
0.632632
0.628322
0.624001
0.619671
0.615331
0.610982
0.606623
0.602255
0.597877
0.593491
0.589094
0.584689
0.580275
0.575851
0.571418
0.566976
0.562526
0.558066
0.553597
0.549119
0.544633
0.540137
0.535633
0.53112
0.526598
0.522067
0.517528
0.51298
0.508423
0.503857
0.499283
0.4947
0.490109
0.485508
0.4809
0.476282
0.471656
0.467021
0.462378
0.457726
0.453066
0.448397
0.443719
0.439033
0.434338
0.429635
0.424923
0.420203
0.415473
0.410736
0.405989
0.401234
0.396471
0.391699
0.386918
0.382128
0.37733
0.372523
0.367708
0.362884
0.358051
0.353209
0.348359
0.3435
0.338632
0.333755
0.32887
0.323976
0.319073
0.314161
0.30924
0.304311
0.299373
0.294425
0.289469
0.284504
0.27953
0.274548
0.269556
0.264555
0.259545
0.254527
0.249499
0.244462
0.239417
0.234362
0.229298
0.224226
0.219144
0.214053
0.208953
0.203844
0.198726
0.193599
0.188462
0.183317
0.178162
0.172999
0.167826
0.162644
0.157454
0.152254
0.147044
0.141826
0.136599
0.131363
0.126117
0.120863
0.115599
0.110327
0.105045
0.0997544
0.0944547
0.0891461
0.0838285
0.0785019
0.0731664
0.0678219
0.0624686
0.0571064
0.0517354
0.0463556
0.0409669
0.0355695
0.0301634
0.0247486
0.0193251
0.013893
0.00845232
0.00300309
-0.00245464
-0.00792084
-0.0133955
-0.0188784
-0.0243698
-0.0298693
-0.0353772
-0.0408931
-0.0464172
-0.0519494
-0.0574896
-0.0630377
-0.0685937
-0.0741575
-0.0797291
-0.0853084
-0.0908953
-0.0964897
-0.102092
-0.107701
-0.113318
-0.118942
-0.124573
-0.130211
-0.135856
-0.141508
-0.147167
-0.152833
-0.158506
-0.164185
-0.16987
-0.175562
-0.18126
-0.186965
-0.192675
-0.198392
-0.204114
-0.209842
-0.215576
-0.221316
-0.227061
-0.232811
-0.238567
-0.244328
-0.250094
-0.255865
-0.26164
-0.26742
-0.273205
-0.278994
-0.284788
-0.290586
-0.296388
-0.302193
-0.308003
-0.313816
-0.319633
-0.325453
-0.331277
-0.337103
-0.342933
-0.348765
-0.354601
-0.360438
-0.366279
-0.372121
-0.377966
-0.383813
-0.389661
-0.395512
-0.401364
-0.407217
-0.413072
-0.418927
-0.424784
-0.430641
-0.4365
-0.442358
-0.448217
-0.454077
-0.459936
-0.465795
-0.471654
-0.477512
-0.48337
-0.489227
-0.495083
-0.500938
-0.506792
-0.512644
-0.518495
-0.524344
-0.530191
-0.536036
-0.541879
-0.547719
-0.553556
-0.559391
-0.565223
-0.571052
-0.576878
-0.5827
-0.588519
-0.594333
-0.600144
-0.605951
-0.611753
-0.617551
-0.623344
-0.629132
-0.634916
-0.640694
-0.646467
-0.652234
-0.657996
-0.663751
-0.669501
-0.675245
-0.680982
-0.686712
-0.692436
-0.698153
-0.703862
-0.709565
-0.71526
-0.720947
-0.726626
-0.732298
-0.737961
-0.743616
-0.749263
-0.754901
-0.76053
-0.76615
-0.77176
-0.777362
-0.782954
-0.788536
-0.794108
-0.79967
-0.805222
-0.810764
-0.816295
-0.821815
-0.827324
-0.832822
-0.838309
-0.843785
-0.849248
-0.8547
-0.860141
-0.865569
-0.870984
-0.876388
-0.881779
-0.887157
-0.892522
-0.897874
-0.903212
-0.908538
-0.913849
-0.919147
-0.924432
-0.929702
-0.934958
-0.940199
-0.945426
-0.950638
-0.955836
-0.961019
-0.966186
-0.971338
-0.976475
-0.981596
-0.986702
-0.991791
-0.996865
-1.00192
-1.00694
-1.01195
-1.01695
-1.02192
-1.02689
-1.03184
-1.03677
-1.04169
-1.04659
-1.05147
-1.05634
-1.06119
-1.06603
-1.07085
-1.07565
-1.08043
-1.08519
-1.08994
-1.09467
-1.09938
-1.10407
-1.10875
-1.1134
-1.11804
-1.12265
-1.12725
-1.13183
-1.13639
-1.14093
-1.14545
-1.14995
-1.15442
-1.15888
-1.16332
-1.16774
-1.17214
-1.17652
-1.18088
-1.18522
-1.18953
-1.19383
-1.1981
-1.20236
-1.20659
-1.2108
-1.21499
-1.21916
-1.22331
-1.22744
-1.23154
-1.23563
-1.23969
-1.24373
-1.24775
-1.25175
-1.25573
-1.25968
-1.26361
-1.26753
-1.27142
-1.27528
-1.27913
-1.28295
-1.28676
-1.29054
-1.2943
-1.29803
-1.30175
-1.30544
-1.30911
-1.31276
-1.31639
-1.31999
-1.32358
-1.32714
-1.33068
-1.3342
-1.33769
-1.34117
-1.34462
-1.34805
-1.35146
-1.35484
-1.35821
-1.36155
-1.36487
-1.36817
-1.37145
-1.37471
-1.37794
-1.38115
-1.38434
-1.38751
-1.39066
-1.39378
-1.39689
-1.39997
-1.40303
-1.40607
-1.40909
-1.41209
-1.41506
-1.41802
-1.42095
-1.42386
-1.42676
-1.42962
-1.43247
-1.4353
-1.43811
-1.44089
-1.44366
-1.4464
-1.44912
-1.45183
-1.45451
-1.45717
-1.45981
-1.46243
-1.46503
-1.4676
-1.47016
-1.4727
-1.47521
-1.47771
-1.48019
-1.48264
-1.48508
-1.48749
-1.48989
-1.49226
-1.49462
-1.49695
-1.49927
-1.50156
-1.50384
-1.5061
-1.50833
-1.51055
-1.51274
-1.51492
-1.51708
-1.51921
-1.52133
-1.52343
-1.52551
-1.52757
-1.52961
-1.53163
-1.53363
-1.53561
-1.53757
-1.53952
-1.54144
-1.54335
-1.54523
-1.5471
-1.54895
-1.55077
-1.55258
-1.55438
-1.55615
-1.5579
-1.55963
-1.56135
-1.56305
-1.56472
-1.56638
-1.56802
-1.56964
-1.57124
-1.57283
-1.57439
-1.57594
-1.57747
-1.57898
-1.58047
-1.58194
-1.58339
-1.58483
-1.58624
-1.58764
-1.58902
-1.59038
-1.59172
-1.59305
-1.59435
-1.59564
-1.59691
-1.59816
-1.59939
-1.6006
-1.6018
-1.60298
-1.60413
-1.60527
-1.6064
-1.6075
-1.60858
-1.60965
-1.6107
-1.61173
-1.61274
-1.61373
-1.61471
-1.61567
-1.6166
-1.61753
-1.61843
-1.61931
-1.62018
-1.62102
-1.62185
-1.62266
-1.62346
-1.62423
-1.62499
-1.62573
-1.62645
-1.62715
-1.62783
-1.6285
-1.62914
-1.62977
-1.63038
-1.63098
-1.63155
-1.63211
-1.63265
-1.63317
-1.63367
-1.63415
-1.63462
-1.63507
-1.6355
-1.63591
-1.6363
-1.63668
-1.63704
-1.63738
-1.6377
-1.638
-1.63829
-1.63856
-1.63881
-1.63904
-1.63925
-1.63945
-1.63963
-1.63979
-1.63993
-1.64006
-1.64016
-1.64025
-1.64033
-1.64038
-1.64042
-1.64044
-1.64044
-1.64042
-1.64039
-1.64034
-1.64027
-1.64018
-1.64008
-1.63996
-1.63982
-1.63966
-1.63949
-1.6393
-1.63909
-1.63887
-1.63863
-1.63837
-1.63809
-1.6378
-1.63749
-1.63716
-1.63682
-1.63646
-1.63608
-1.63569
-1.63528
-1.63485
-1.6344
-1.63394
-1.63347
-1.63297
-1.63246
-1.63194
-1.63139
-1.63084
-1.63026
-1.62967
-1.62906
-1.62844
-1.6278
-1.62715
-1.62648
-1.62579
-1.62509
-1.62437
-1.62364
-1.62289
-1.62213
-1.62135
-1.62055
-1.61975
-1.61892
-1.61808
-1.61723
-1.61636
-1.61548
-1.61458
-1.61366
-1.61274
-1.61179
-1.61084
-1.60987
-1.60888
-1.60788
-1.60687
-1.60585
-1.6048
-1.60375
-1.60268
-1.6016
-1.60051
-1.5994
-1.59828
-1.59714
-1.59599
-1.59483
-1.59366
-1.59247
-1.59127
-1.59006
-1.58883
-1.5876
-1.58635
-1.58508
-1.58381
-1.58252
-1.58122
-1.57991
-1.57859
-1.57726
-1.57591
-1.57455
-1.57318
-1.5718
-1.57041
-1.56901
-1.56759
-1.56617
-1.56473
-1.56328
-1.56182
-1.56035
-1.55887
-1.55738
-1.55588
-1.55437
-1.55285
-1.55131
-1.54977
-1.54822
-1.54665
-1.54508
-1.5435
-1.5419
-1.5403
-1.53869
-1.53706
-1.53543
-1.53379
-1.53214
-1.53047
-1.5288
-1.52712
-1.52543
-1.52373
-1.52202
-1.5203
-1.51857
-1.51683
-1.51509
-1.51333
-1.51156
-1.50979
-1.508
-1.50621
-1.50441
-1.50259
-1.50077
-1.49894
-1.4971
-1.49525
-1.49339
-1.49152
-1.48964
-1.48775
-1.48585
-1.48395
-1.48203
-1.4801
-1.47817
-1.47622
-1.47426
-1.4723
-1.47032
-1.46833
-1.46634
-1.46433
-1.46231
-1.46029
-1.45825
-1.4562
-1.45414
-1.45207
-1.44999
-1.4479
-1.4458
-1.44368
-1.44156
-1.43942
-1.43727
-1.43511
-1.43294
-1.43076
-1.42856
-1.42635
-1.42413
-1.4219
-1.41965
-1.4174
-1.41513
-1.41284
-1.41054
-1.40823
-1.40591
-1.40357
-1.40122
-1.39885
-1.39647
-1.39407
-1.39166
-1.38924
-1.3868
