0
0.00166666
0.00333331
0.00499992
0.00666647
0.00666649
0.00833295
0.00999933
0.0116656
0.0133318
0.0149978
0.0166636
0.0183292
0.0199947
0.0216599
0.0233249
0.0249896
0.026654
0.0283182
0.029982
0.0316455
0.0333086
0.0349714
0.0366338
0.0382958
0.0399573
0.0416185
0.0432791
0.0449393
0.0465989
0.0482581
0.0499167
0.0515748
0.0532323
0.0548892
0.0565454
0.0582011
0.0598561
0.0615104
0.0631641
0.0648171
0.0664693
0.0681208
0.0697716
0.0714215
0.0730707
0.0747191
0.0763666
0.0780133
0.0796591
0.081304
0.0829481
0.0845912
0.0862333
0.0878746
0.0895148
0.091154
0.0927923
0.0944294
0.0960656
0.0977007
0.0993347
0.100968
0.102599
0.10423
0.105859
0.107488
0.109115
0.110741
0.112365
0.113989
0.115611
0.117232
0.118851
0.12047
0.122086
0.123702
0.125316
0.126929
0.12854
0.13015
0.131759
0.133366
0.134971
0.136575
0.138178
0.139779
0.141378
0.142976
0.144572
0.146167
0.14776
0.149352
0.150941
0.152529
0.154116
0.1557
0.157283
0.158864
0.160444
0.162022
0.163597
0.165171
0.166744
0.168314
0.169882
0.171449
0.173014
0.174576
0.176137
0.177696
0.179253
0.180808
0.182361
0.183911
0.18546
0.187007
0.188552
0.190094
0.191635
0.193173
0.194709
0.196243
0.197775
0.199305
0.200832
0.202357
0.20388
0.205401
0.206919
0.208435
0.209949
0.211461
0.21297
0.214476
0.215981
0.217483
0.218982
0.220479
0.221974
0.223466
0.224956
0.226443
0.227928
0.22941
0.23089
0.232367
0.233841
0.235313
0.236782
0.238249
0.239713
0.241174
0.242633
0.244089
0.245542
0.246992
0.24844
0.249885
0.251327
0.252767
0.254203
0.255637
0.257068
0.258496
0.259921
0.261344
0.262763
0.26418
0.265593
0.267004
0.268411
0.269816
0.271218
0.272616
0.274012
0.275405
0.276794
0.278181
0.279564
0.280944
0.282321
0.283695
0.285066
0.286434
0.287798
0.28916
0.290518
0.291872
0.293224
0.294572
0.295917
0.297259
0.298598
0.299933
0.301265
0.302593
0.303918
0.30524
0.306558
0.307873
0.309185
0.310493
0.311798
0.313099
0.314397
0.315691
0.316981
0.318269
0.319552
0.320832
0.322109
0.323382
0.324651
0.325917
0.327179
0.328437
0.329692
0.330944
0.332191
0.333435
0.334675
0.335911
0.337144
0.338373
0.339598
0.340819
0.342037
0.343251
0.344461
0.345667
0.346869
0.348068
0.349262
0.350453
0.35164
0.352823
0.354002
0.355177
0.356348
0.357515
0.358678
0.359837
0.360992
0.362144
0.363291
0.364434
0.365573
0.366708
0.367839
0.368966
0.370088
0.371207
0.372322
0.373432
0.374538
0.37564
0.376738
0.377832
0.378921
0.380007
0.381088
0.382164
0.383237
0.384305
0.385369
0.386429
0.387485
0.388536
0.389583
0.390625
0.391663
0.392697
0.393727
0.394752
0.395773
0.396789
0.397801
0.398808
0.399811
0.40081
0.401804
0.402794
0.403779
0.40476
0.405736
0.406708
0.407675
0.408638
0.409596
0.410549
0.411498
0.412443
0.413383
0.414318
0.415249
0.416175
0.417096
0.418013
0.418925
0.419833
0.420735
0.421634
0.422527
0.423416
0.4243
0.425179
0.426054
0.426924
0.427789
0.428649
0.429505
0.430356
0.431202
0.432043
0.43288
0.433712
0.434538
0.435361
0.436178
0.43699
0.437798
0.4386
0.439398
0.440191
0.440979
0.441762
0.44254
0.443313
0.444082
0.444845
0.445604
0.446357
0.447106
0.447849
0.448588
0.449322
0.45005
0.450774
0.451492
0.452206
0.452915
0.453618
0.454317
0.45501
0.455699
0.456382
0.45706
0.457733
0.458402
0.459065
0.459722
0.460375
0.461023
0.461666
0.462303
0.462935
0.463562
0.464184
0.464801
0.465413
0.46602
0.466621
0.467217
0.467808
0.468394
0.468974
0.46955
0.47012
0.470685
0.471244
0.471799
0.472348
0.472892
0.473431
0.473964
0.474492
0.475015
0.475533
0.476045
0.476552
0.477054
0.47755
0.478042
0.478527
0.479008
0.479483
0.479953
0.480418
0.480877
0.481331
0.481779
0.482222
0.48266
0.483092
0.48352
0.483941
0.484358
0.484768
0.485174
0.485574
0.485969
0.486358
0.486742
0.487121
0.487494
0.487862
0.488224
0.488581
0.488932
0.489278
0.489619
0.489954
0.490284
0.490608
0.490927
0.49124
0.491548
0.49185
0.492147
0.492439
0.492725
0.493005
0.49328
0.49355
0.493814
0.494073
0.494326
0.494574
0.494816
0.495052
0.495283
0.495509
0.495729
0.495944
0.496153
0.496356
0.496555
0.496747
0.496934
0.497116
0.497292
0.497462
0.497627
0.497787
0.49794
0.498089
0.498232
0.498369
0.498501
0.498627
0.498747
0.498863
0.498972
0.499076
0.499175
0.499268
0.499355
0.499437
0.499513
0.499584
0.499649
0.499709
0.499763
0.499811
0.499854
0.499892
0.499924
0.49995
0.499971
0.499986
0.499996
0.5
0.499998
0.499991
0.499979
0.499961
0.499937
0.499908
0.499873
0.499833
0.499787
0.499735
0.499678
0.499616
0.499548
0.499474
0.499395
0.49931
0.49922
0.499124
0.499023
0.498916
0.498803
0.498685
0.498562
0.498433
0.498298
0.498158
0.498012
0.497861
0.497704
0.497542
0.497374
0.4972
0.497022
0.496837
0.496647
0.496452
0.496251
0.496044
0.495832
0.495615
0.495392
0.495163
0.494929
0.49469
0.494445
0.494194
0.493938
0.493677
0.49341
0.493138
0.49286
0.492576
0.492287
0.491993
0.491693
0.491388
0.491077
0.490761
0.490439
0.490112
0.48978
0.489442
0.489098
0.488749
0.488395
0.488035
0.48767
0.4873
0.486924
0.486542
0.486156
0.485763
0.485366
0.484963
0.484555
0.484141
0.483722
0.483297
0.482867
0.482432
0.481991
0.481546
0.481094
0.480638
0.480176
0.479708
0.479236
0.478758
0.478274
0.477786
0.477292
0.476793
0.476288
0.475778
0.475263
0.474743
0.474217
0.473686
0.47315
0.472609
0.472062
0.47151
0.470953
0.47039
0.469823
0.46925
0.468672
0.468089
0.4675
0.466906
0.466308
0.465703
0.465094
0.46448
0.46386
0.463236
0.462606
0.461971
0.461331
0.460685
0.460035
0.45938
0.458719
0.458053
0.457383
0.456707
0.456026
0.45534
0.454649
0.453953
0.453251
0.452545
0.451834
0.451118
0.450397
0.44967
0.448939
0.448203
0.447462
0.446715
0.445964
0.445208
0.444447
0.443681
0.44291
0.442134
0.441354
0.440568
0.439777
0.438982
0.438182
0.437377
0.436566
0.435752
0.434932
0.434107
0.433278
0.432444
0.431605
0.430761
0.429912
0.429059
0.428201
0.427338
0.42647
0.425598
0.424721
0.423839
0.422952
0.422061
0.421165
0.420265
0.419359
0.418449
0.417535
0.416616
0.415692
0.414763
0.41383
0.412892
0.41195
0.411003
0.410052
0.409096
0.408135
0.40717
0.406201
0.405227
0.404248
0.403265
0.402278
0.401286
0.400289
0.399288
0.398283
0.397273
0.396259
0.39524
0.394217
0.39319
0.392158
0.391122
0.390081
0.389037
0.387987
0.386934
0.385876
0.384814
0.383748
0.382677
0.381603
0.380524
0.37944
0.378353
0.377261
0.376165
0.375065
0.373961
0.372853
0.37174
0.370623
0.369503
0.368378
0.367249
0.366116
0.364979
0.363837
0.362692
0.361543
0.36039
0.359232
0.358071
0.356906
0.355737
0.354564
0.353386
0.352205
0.35102
0.349832
0.348639
0.347442
0.346242
0.345037
0.343829
0.342617
0.341402
0.340182
0.338959
0.337732
0.336501
0.335266
0.334028
0.332786
0.33154
0.330291
0.329038
0.327781
0.32652
0.325256
0.323989
0.322717
0.321443
0.320164
0.318882
0.317597
0.316308
0.315015
0.313719
0.31242
0.311117
0.30981
0.3085
0.307187
0.30587
0.30455
0.303227
0.3019
0.30057
0.299236
0.297899
0.296559
0.295215
0.293869
0.292519
0.291165
0.289809
0.288449
0.287086
0.28572
0.284351
0.282978
0.281602
0.280224
0.278842
0.277457
0.276069
0.274678
0.273284
0.271886
0.270486
0.269083
0.267677
0.266267
0.264855
0.26344
0.262022
0.260601
0.259177
0.257751
0.256321
0.254889
0.253453
0.252015
0.250574
0.249131
0.247684
0.246235
0.244783
0.243329
0.241871
0.240411
0.238949
0.237483
0.236015
0.234545
0.233071
0.231596
0.230117
0.228636
0.227153
0.225667
0.224178
0.222687
0.221194
0.219698
0.2182
0.216699
0.215196
0.21369
0.212182
0.210672
0.209159
0.207644
0.206127
0.204607
0.203085
0.201561
0.200035
0.198506
0.196975
0.195442
0.193907
0.19237
0.19083
0.189289
0.187745
0.1862
0.184652
0.183102
0.18155
0.179996
0.17844
0.176882
0.175322
0.17376
0.172197
0.170631
0.169064
0.167494
0.165923
0.16435
0.162775
0.161198
0.159619
0.158039
0.156457
0.154873
0.153287
0.1517
0.150111
0.148521
0.146928
0.145335
0.143739
0.142142
0.140543
0.138943
0.137341
0.135738
0.134133
0.132527
0.130919
0.12931
0.127699
0.126087
0.124473
0.122859
0.121242
0.119625
0.118006
0.116386
0.114764
0.113141
0.111517
0.109892
0.108265
0.106638
0.105009
0.103379
0.101747
0.100115
0.0984815
0.096847
0.0952113
0.0935746
0.0919369
0.0902981
0.0886584
0.0870176
0.0853759
0.0837333
0.0820897
0.0804452
0.0787998
0.0771535
0.0755064
0.0738584
0.0722096
0.07056
0.0689096
0.0672585
0.0656066
0.063954
0.0623006
0.0606466
0.0589919
0.0573366
0.0556806
0.054024
0.0523668
0.050709
0.0490506
0.0473917
0.0457323
0.0440724
0.042412
0.0407511
0.0390897
0.037428
0.0357658
0.0341032
0.0324402
0.0307769
0.0291132
0.0274492
0.0257849
0.0241203
0.0224554
0.0207903
0.019125
0.0174594
0.0157937
0.0141278
0.0124617
0.0107955
0.00912915
0.00746272
0.0057962
0.00412961
0.00246298
0.000796326
-0.000870339
-0.002537
-0.00420362
-0.00587021
-0.00753672
-0.00920315
-0.0108695
-0.0125357
-0.0142018
-0.0158677
-0.0175334
-0.019199
-0.0208643
-0.0225294
-0.0241942
-0.0258588
-0.0275231
-0.0291871
-0.0308507
-0.032514
-0.034177
-0.0358396
-0.0375018
-0.0391635
-0.0408248
-0.0424857
-0.0441461
-0.045806
-0.0474654
-0.0491243
-0.0507826
-0.0524404
-0.0540976
-0.0557541
-0.0574101
-0.0590654
-0.0607201
-0.0623741
-0.0640274
-0.06568
-0.0673318
-0.0689829
-0.0706333
-0.0722828
-0.0739316
-0.0755795
-0.0772266
-0.0788728
-0.0805182
-0.0821627
-0.0838062
-0.0854488
-0.0870905
-0.0887312
-0.0903709
-0.0920096
-0.0936473
-0.095284
-0.0969196
-0.0985541
-0.100188
-0.10182
-0.103451
-0.105081
-0.10671
-0.108338
-0.109964
-0.111589
-0.113213
-0.114836
-0.116457
-0.118078
-0.119697
-0.121314
-0.12293
-0.124545
-0.126159
-0.127771
-0.129381
-0.13099
-0.132598
-0.134204
-0.135809
-0.137412
-0.139014
-0.140614
-0.142213
-0.14381
-0.145405
-0.146999
-0.148591
-0.150182
-0.151771
-0.153358
-0.154943
-0.156527
-0.158109
-0.159689
-0.161268
-0.162845
-0.16442
-0.165993
-0.167564
-0.169133
-0.170701
-0.172266
-0.17383
-0.175392
-0.176951
-0.178509
-0.180065
-0.181619
-0.183171
-0.18472
-0.186268
-0.187814
-0.189357
-0.190899
-0.192438
-0.193975
-0.195511
-0.197043
-0.198574
-0.200103
-0.201629
-0.203153
-0.204675
-0.206194
-0.207711
-0.209226
-0.210739
-0.212249
-0.213757
-0.215262
-0.216765
-0.218266
-0.219764
-0.22126
-0.222754
-0.224244
-0.225733
-0.227219
-0.228702
-0.230183
-0.231661
-0.233137
-0.23461
-0.236081
-0.237548
-0.239014
-0.240476
-0.241936
-0.243393
-0.244848
-0.2463
-0.247749
-0.249195
-0.250639
-0.252079
-0.253517
-0.254952
-0.256385
-0.257814
-0.259241
-0.260664
-0.262085
-0.263503
-0.264918
-0.26633
-0.267739
-0.269145
-0.270548
-0.271948
-0.273346
-0.27474
-0.276131
-0.277518
-0.278903
-0.280285
-0.281664
-0.283039
-0.284411
-0.285781
-0.287147
-0.288509
-0.289869
-0.291225
-0.292579
-0.293929
-0.295275
-0.296619
-0.297959
-0.299295
-0.300629
-0.301959
-0.303286
-0.304609
-0.305929
-0.307246
-0.308559
-0.309868
-0.311175
-0.312478
-0.313777
-0.315073
-0.316365
-0.317654
-0.318939
-0.320221
-0.321499
-0.322774
-0.324045
-0.325313
-0.326576
-0.327837
-0.329093
-0.330346
-0.331595
-0.332841
-0.334083
-0.335321
-0.336555
-0.337786
-0.339013
-0.340236
-0.341456
-0.342671
-0.343883
-0.345091
-0.346295
-0.347495
-0.348692
-0.349884
-0.351073
-0.352258
-0.353439
-0.354616
-0.355789
-0.356958
-0.358123
-0.359284
-0.360441
-0.361594
-0.362743
-0.363888
-0.365029
-0.366166
-0.367299
-0.368428
-0.369552
-0.370673
-0.37179
-0.372902
-0.37401
-0.375114
-0.376214
-0.37731
-0.378401
-0.379489
-0.380572
-0.38165
-0.382725
-0.383795
-0.384862
-0.385923
-0.386981
-0.388034
-0.389083
-0.390128
-0.391168
-0.392204
-0.393235
-0.394263
-0.395285
-0.396304
-0.397318
-0.398327
-0.399333
-0.400333
-0.40133
-0.402322
-0.403309
-0.404292
-0.40527
-0.406244
-0.407213
-0.408178
-0.409139
-0.410094
-0.411046
-0.411992
-0.412934
-0.413872
-0.414805
-0.415733
-0.416657
-0.417576
-0.41849
-0.4194
-0.420305
-0.421205
-0.422101
-0.422992
-0.423878
-0.42476
-0.425637
-0.426509
-0.427376
-0.428239
-0.429097
-0.42995
-0.430798
-0.431642
-0.432481
-0.433315
-0.434144
-0.434968
-0.435788
-0.436603
-0.437412
-0.438217
-0.439017
-0.439813
-0.440603
-0.441388
-0.442169
-0.442945
-0.443715
-0.444481
-0.445242
-0.445998
-0.446749
-0.447495
-0.448236
-0.448972
-0.449703
-0.450429
-0.45115
-0.451866
-0.452577
-0.453283
-0.453984
-0.45468
-0.45537
-0.456056
-0.456737
-0.457412
-0.458083
-0.458748
-0.459409
-0.460064
-0.460714
-0.461359
-0.461999
-0.462634
-0.463263
-0.463304
-0.463304
-0.463888
-0.464507
-0.465121
-0.46573
-0.466334
-0.466933
-0.467526
-0.468115
-0.468698
-0.469275
-0.469848
-0.470415
-0.470978
-0.471535
-0.472086
-0.472633
-0.473174
-0.47371
-0.474241
-0.474766
-0.475286
-0.475801
-0.476311
-0.476815
-0.477314
-0.477808
-0.478296
-0.478779
-0.479257
-0.479729
-0.480196
-0.480658
-0.481114
-0.481565
-0.482011
-0.482452
-0.482887
-0.483316
-0.48374
-0.484159
-0.484573
-0.484981
-0.485384
-0.485781
-0.486173
-0.486559
-0.486941
-0.487316
-0.487687
-0.488052
-0.488411
-0.488765
-0.489114
-0.489457
-0.489795
-0.490127
-0.490454
-0.490775
-0.491091
-0.491402
-0.491707
-0.492006
-0.4923
-0.492589
-0.492872
-0.49315
-0.493422
-0.493689
-0.49395
-0.494206
-0.494456
-0.494701
-0.49494
-0.495174
-0.495402
-0.495625
-0.495842
-0.496054
-0.49626
-0.496461
-0.496656
-0.496846
-0.49703
-0.497208
-0.497381
-0.497549
-0.497711
-0.497868
-0.498019
-0.498164
-0.498304
-0.498438
-0.498567
-0.498691
-0.498808
-0.498921
-0.499027
-0.499128
-0.499224
-0.499314
-0.499399
-0.499477
-0.499551
-0.499619
-0.499681
-0.499738
-0.499789
-0.499835
-0.499875
-0.499909
-0.499938
-0.499962
-0.499979
-0.499992
-0.499999
-0.5
-0.499995
-0.499986
-0.49997
-0.499949
-0.499922
-0.49989
-0.499853
-0.499809
-0.499761
-0.499706
-0.499646
-0.499581
-0.49951
-0.499433
-0.499351
-0.499264
-0.49917
-0.499072
-0.498967
-0.498858
-0.498742
-0.498621
-0.498495
-0.498363
-0.498225
-0.498082
-0.497934
-0.49778
-0.49762
-0.497455
-0.497284
-0.497108
-0.496926
-0.496739
-0.496546
-0.496348
-0.496144
-0.495934
-0.49572
-0.495499
-0.495273
-0.495042
-0.494805
-0.494563
-0.494315
-0.494061
-0.493803
-0.493538
-0.493268
-0.492993
-0.492712
-0.492426
-0.492134
-0.491837
-0.491534
-0.491226
-0.490913
-0.490594
-0.490269
-0.489939
-0.489604
-0.489263
-0.488917
-0.488565
-0.488208
-0.487845
-0.487478
-0.487104
-0.486725
-0.486341
-0.485952
-0.485557
-0.485156
-0.48475
-0.484339
-0.483923
-0.483501
-0.483073
-0.482641
-0.482203
-0.481759
-0.481311
-0.480856
-0.480397
-0.479932
-0.479462
-0.478987
-0.478506
-0.47802
-0.477528
-0.477032
-0.47653
-0.476023
-0.47551
-0.474992
-0.474469
-0.473941
-0.473407
-0.472868
-0.472324
-0.471774
-0.47122
-0.47066
-0.470095
-0.469524
-0.468949
-0.468368
-0.467782
-0.467191
-0.466594
-0.465993
-0.465386
-0.464774
-0.464157
-0.463535
-0.462907
-0.462275
-0.461637
-0.460994
-0.460346
-0.459693
-0.459035
-0.458372
-0.457704
-0.45703
-0.456352
-0.455668
-0.45498
-0.454286
-0.453587
-0.452883
-0.452175
-0.451461
-0.450742
-0.450018
-0.449289
-0.448555
-0.447816
-0.447073
-0.446324
-0.44557
-0.444811
-0.444048
-0.443279
-0.442506
-0.441727
-0.440944
-0.440156
-0.439363
-0.438565
-0.437762
-0.436954
-0.436142
-0.435324
-0.434502
-0.433675
-0.432843
-0.432006
-0.431165
-0.430318
-0.429467
-0.428611
-0.427751
-0.426885
-0.426015
-0.42514
-0.424261
-0.423377
-0.422488
-0.421594
-0.420695
-0.419792
-0.418885
-0.417972
-0.417055
-0.416134
-0.415207
-0.414277
-0.413341
-0.412401
-0.411456
-0.410507
-0.409553
-0.408595
-0.407632
-0.406665
-0.405693
-0.404716
-0.403735
-0.40275
-0.40176
-0.400766
-0.399767
-0.398764
-0.397756
-0.396744
-0.395727
-0.394706
-0.393681
-0.392651
-0.391617
-0.390579
-0.389536
-0.388489
-0.387438
-0.386382
-0.385322
-0.384258
-0.38319
-0.382117
-0.38104
-0.379958
-0.378873
-0.377783
-0.376689
-0.375591
-0.374489
-0.373383
-0.372272
-0.371157
-0.370039
-0.368916
-0.367789
-0.366658
-0.365522
-0.364383
-0.36324
-0.362093
-0.360941
-0.359786
-0.358626
-0.357463
-0.356296
-0.355125
-0.353949
-0.35277
-0.351587
-0.3504
-0.349209
-0.348014
-0.346816
-0.345613
-0.344407
-0.343197
-0.341983
-0.340765
-0.339544
-0.338318
-0.337089
-0.335856
-0.33462
-0.33338
-0.332136
-0.330888
-0.329637
-0.328382
-0.327123
-0.325861
-0.324595
-0.323325
-0.322052
-0.320776
-0.319495
-0.318212
-0.316924
-0.315633
-0.314339
-0.313041
-0.31174
-0.310435
-0.309127
-0.307815
-0.3065
-0.305181
-0.30386
-0.302534
-0.301206
-0.299874
-0.298538
-0.2972
-0.295858
-0.294513
-0.293164
-0.291812
-0.290457
-0.289099
-0.287738
-0.286373
-0.285005
-0.283634
-0.28226
-0.280883
-0.279502
-0.278119
-0.276732
-0.275343
-0.27395
-0.272554
-0.271156
-0.269754
-0.268349
-0.266941
-0.26553
-0.264117
-0.2627
-0.261281
-0.259858
-0.258433
-0.257005
-0.255573
-0.25414
-0.252703
-0.251263
-0.249821
-0.248376
-0.246928
-0.245477
-0.244024
-0.242568
-0.241109
-0.239648
-0.238184
-0.236717
-0.235248
-0.233776
-0.232301
-0.230824
-0.229344
-0.227862
-0.226377
-0.22489
-0.2234
-0.221908
-0.220413
-0.218916
-0.217416
-0.215914
-0.21441
-0.212903
-0.211394
-0.209882
-0.208368
-0.206852
-0.205333
-0.203813
-0.20229
-0.200764
-0.199237
-0.197707
-0.196175
-0.194641
-0.193105
-0.191566
-0.190026
-0.188483
-0.186938
-0.185391
-0.183843
-0.182292
-0.180739
-0.179184
-0.177627
-0.176068
-0.174507
-0.172944
-0.171379
-0.169813
-0.168244
-0.166674
-0.165102
-0.163527
-0.161951
-0.160374
-0.158794
-0.157213
-0.15563
-0.154045
-0.152459
-0.150871
-0.149281
-0.147689
-0.146096
-0.144502
-0.142905
-0.141307
-0.139708
-0.138107
-0.136504
-0.1349
-0.133294
-0.131687
-0.130079
-0.128469
-0.126857
-0.125244
-0.12363
-0.122015
-0.120398
-0.118779
-0.11716
-0.115539
-0.113917
-0.112293
-0.110669
-0.109043
-0.107415
-0.105787
-0.104158
-0.102527
-0.100895
-0.0992621
-0.0976281
-0.095993
-0.0943568
-0.0927195
-0.0910813
-0.089442
-0.0878017
-0.0861604
-0.0845182
-0.0828751
-0.081231
-0.079586
-0.0779402
-0.0762935
-0.0746459
-0.0729975
-0.0713483
-0.0696983
-0.0680475
-0.066396
-0.0647437
-0.0630907
-0.061437
-0.0597826
-0.0581276
-0.0564719
-0.0548156
-0.0531587
-0.0515011
-0.0498431
-0.0481844
-0.0465253
-0.0448656
-0.0432054
-0.0415447
-0.0398836
-0.038222
-0.03656
-0.0348976
-0.0332348
-0.0315716
-0.0299081
-0.0282443
-0.0265801
-0.0249157
-0.0232509
-0.0215859
-0.0199207
-0.0182553
-0.0165896
-0.0149238
-0.0132578
-0.0115916
-0.00992533
-0.00825894
-0.00659246
-0.00492591
-0.0032593
-0.00159265
7.40131e-05
0.00174068
0.00340732
0.00507393
0.00674048
0.00840695
0.0100733
0.0117396
0.0134057
0.0150717
0.0167376
0.0184032
0.0200686
0.0217338
0.0233988
0.0250635
0.0267279
0.0283921
0.0300559
0.0317194
0.0333825
0.0350453
0.0367076
0.0383696
0.0400311
0.0416922
0.0433528
0.045013
0.0466726
0.0466727
0.0483318
0.0499904
0.0516484
0.0533058
0.0549627
0.056619
0.0582746
0.0599296
0.0615839
0.0632375
0.0648905
0.0665427
0.0681941
0.0698448
0.0714948
0.0731439
0.0747922
0.0764397
0.0780864
0.0797322
0.0813771
0.0830211
0.0846641
0.0863062
0.0879474
0.0895876
0.0912268
0.092865
0.0945021
0.0961382
0.0977733
0.0994072
0.10104
0.102672
0.104302
0.105932
0.10756
0.109187
0.110813
0.112437
0.114061
0.115683
0.117304
0.118923
0.120541
0.122158
0.123774
0.125388
0.127001
0.128612
0.130222
0.13183
0.133437
0.135043
0.136646
0.138249
0.13985
0.141449
0.143047
0.144643
0.146238
0.147831
0.149422
0.151012
0.1526
0.154186
0.155771
0.157354
0.158935
0.160514
0.162092
0.163667
0.165241
0.166813
0.168384
0.169952
0.171518
0.173083
0.174646
0.176206
0.177765
0.179322
0.180877
0.18243
0.18398
0.185529
0.187076
0.18862
0.190163
0.191703
0.193241
0.194777
0.196311
0.197843
0.199373
0.2009
0.202425
0.203948
0.205468
0.206987
0.208503
0.210016
0.211528
0.213037
0.214543
0.216048
0.217549
0.219049
0.220546
0.22204
0.223532
0.225022
0.226509
0.227994
0.229476
0.230955
0.232432
0.233907
0.235378
0.236847
0.238314
0.239778
0.241239
0.242697
0.244153
0.245606
0.247057
0.248504
0.249949
0.251391
0.252831
0.254267
0.255701
0.257131
0.258559
0.259985
0.261407
0.262826
0.264242
0.265656
0.267066
0.268474
0.269878
0.27128
0.272678
0.274074
0.275466
0.276856
0.278242
0.279625
0.281005
0.282382
0.283756
0.285127
0.286494
0.287859
0.28922
0.290578
0.291933
0.293284
0.294632
0.295977
0.297319
0.298657
0.299992
0.301324
0.302652
0.303977
0.305299
0.306617
0.307932
0.309243
0.310551
0.311855
0.313157
0.314454
0.315748
0.317039
0.318326
0.319609
0.320889
0.322165
0.323438
0.324707
0.325973
0.327235
0.328493
0.329748
0.330999
0.332246
0.33349
0.33473
0.335966
0.337199
0.338427
0.339652
0.340874
0.342091
0.343305
0.344514
0.34572
0.346922
0.348121
0.349315
0.350506
0.351692
0.352875
0.354054
0.355229
0.3564
0.357567
0.35873
0.359889
0.361044
0.362195
0.363342
0.364485
0.365623
0.366758
0.367889
0.369016
0.370138
0.371257
0.372371
0.373481
0.374587
0.375689
0.376787
0.37788
0.37897
0.380055
0.381136
0.382212
0.383285
0.384353
0.385417
0.386476
0.387531
0.388582
0.389629
0.390671
0.391709
0.392743
0.393772
0.394797
0.395818
0.396834
0.397846
0.398853
0.399856
0.400854
0.401848
0.402838
0.403823
0.404803
0.405779
0.406751
0.407718
0.40868
0.409638
0.410592
0.41154
0.412485
0.413424
0.414359
0.41529
0.416216
0.417137
0.418054
0.418966
0.419873
0.420775
0.421673
0.422567
0.423455
0.424339
0.425218
0.426093
0.426962
0.427827
0.428688
0.429543
0.430394
0.43124
0.432081
0.432917
0.433748
0.434575
0.435397
0.436214
0.437026
0.437833
0.438636
0.439433
0.440226
0.441014
0.441797
0.442575
0.443348
0.444116
0.444879
0.445637
0.446391
0.447139
0.447882
0.448621
0.449354
0.450082
0.450806
0.451524
0.452238
0.452946
0.453649
0.454348
0.455041
0.455729
0.456412
0.45709
0.457763
0.458431
0.459094
0.459752
0.460404
0.461052
0.461694
0.462331
0.462963
0.46359
0.464212
0.464829
0.46544
0.466046
0.466647
0.467243
0.467834
0.46842
0.469
0.469575
0.470145
0.47071
0.471269
0.471823
0.472372
0.472916
0.473454
0.473988
0.474516
0.475038
0.475556
0.476068
0.476575
0.477076
0.477572
0.478063
0.478549
0.479029
0.479504
0.479974
0.480438
0.480897
0.481351
0.481799
0.482242
0.482679
0.483112
0.483538
0.48396
0.484376
0.484787
0.485192
0.485592
0.485986
0.486375
0.486759
0.487138
0.48751
0.487878
0.48824
0.488597
0.488948
0.489294
0.489634
0.489969
0.490298
0.490622
0.490941
0.491254
0.491562
0.491864
0.49216
0.492452
0.492737
0.493018
0.493293
0.493562
0.493826
0.494084
0.494337
0.494584
0.494826
0.495063
0.495294
0.495519
0.495739
0.495953
0.496162
0.496365
0.496563
0.496756
0.496942
0.497124
0.497299
0.49747
0.497634
0.497793
0.497947
0.498095
0.498238
0.498375
0.498506
0.498632
0.498753
0.498868
0.498977
0.499081
0.499179
0.499272
0.499359
0.49944
0.499516
0.499587
0.499652
0.499711
0.499765
0.499813
0.499856
0.499893
0.499925
0.499951
0.499972
0.499987
0.499996
0.5
0.499998
0.499991
0.499978
0.49996
0.499936
0.499906
0.499871
0.499831
0.499785
0.499733
0.499676
0.499613
0.499545
0.499471
0.499391
0.499306
0.499216
0.49912
0.499018
0.498911
0.498798
0.49868
0.498556
0.498427
0.498292
0.498151
0.498005
0.497854
0.497697
0.497534
0.497366
0.497193
0.497014
0.496829
0.496639
0.496443
0.496242
0.496035
0.495823
0.495605
0.495382
0.495153
0.494919
0.494679
0.494434
0.494183
0.493927
0.493665
0.493398
0.493125
0.492847
0.492563
0.492274
0.49198
0.49168
0.491374
0.491063
0.490747
0.490425
0.490098
0.489765
0.489427
0.489083
0.488734
0.488379
0.488019
0.487654
0.487283
0.486907
0.486525
0.486138
0.485746
0.485348
0.484945
0.484536
0.484122
0.483703
0.483278
0.482848
0.482413
0.481972
0.481526
0.481074
0.480617
0.480155
0.479687
0.479215
0.478736
0.478253
0.477764
0.47727
0.47677
0.476266
0.475756
0.47524
0.47472
0.474194
0.473663
0.473126
0.472584
0.472038
0.471485
0.470928
0.470365
0.469797
0.469224
0.468646
0.468063
0.467474
0.46688
0.466281
0.465677
0.465067
0.464452
0.463833
0.463208
0.462578
0.461942
0.461302
0.460657
0.460006
0.45935
0.45869
0.458024
0.457353
0.456677
0.455995
0.455309
0.454618
0.453922
0.45322
0.452514
0.451802
0.451086
0.450364
0.449638
0.448907
0.44817
0.447429
0.446682
0.445931
0.445175
0.444413
0.443647
0.442876
0.4421
0.441319
0.440533
0.439742
0.438947
0.438146
0.437341
0.43653
0.435715
0.434895
0.434071
0.433241
0.432407
0.431567
0.430723
0.429874
0.429021
0.428163
0.427299
0.426432
0.425559
0.424682
0.4238
0.422913
0.422021
0.421125
0.420225
0.419319
0.418409
0.417494
0.416575
0.415651
0.414722
0.413789
0.412851
0.411908
0.410961
0.41001
0.409053
0.408093
0.407127
0.406158
0.405183
0.404205
0.403221
0.402234
0.401241
0.400245
0.399244
0.398238
0.397228
0.396214
0.395195
0.394172
0.393144
0.392112
0.391076
0.390035
0.38899
0.387941
0.386887
0.385829
0.384767
0.383701
0.38263
0.381555
0.380476
0.379392
0.378304
0.377213
0.376117
0.375016
0.373912
0.372803
0.371691
0.370574
0.369453
0.368328
0.367199
0.366065
0.364928
0.363787
0.362641
0.361492
0.360338
0.359181
0.358019
0.356854
0.355685
0.354511
0.353334
0.352153
0.350968
0.349779
0.348586
0.347389
0.346188
0.344984
0.343776
0.342563
0.341348
0.340128
0.338904
0.337677
0.336446
0.335211
0.333973
0.332731
0.331485
0.330235
0.328982
0.327725
0.326464
0.3252
0.323932
0.322661
0.321386
0.320107
0.318825
0.31754
0.316251
0.314958
0.313662
0.312362
0.311059
0.309752
0.308442
0.307129
0.305812
0.304492
0.303168
0.301841
0.30051
0.299177
0.29784
0.296499
0.295156
0.293809
0.292459
0.291105
0.289748
0.288389
0.287025
0.285659
0.28429
0.282917
0.281541
0.280162
0.27878
0.277395
0.276007
0.274616
0.273222
0.271824
0.270424
0.26902
0.267614
0.266205
0.264793
0.263377
0.261959
0.260538
0.259114
0.257687
0.256258
0.254825
0.25339
0.251951
0.25051
0.249067
0.24762
0.246171
0.244719
0.243264
0.241807
0.240346
0.238884
0.237418
0.23595
0.234479
0.233006
0.23153
0.230052
0.22857
0.227087
0.225601
0.224112
0.222621
0.221127
0.219631
0.218133
0.216632
0.215129
0.213623
0.212115
0.210605
0.209092
0.207577
0.206059
0.20454
0.203018
0.201493
0.199967
0.198438
0.196907
0.195374
0.193839
0.192302
0.190762
0.18922
0.187677
0.186131
0.184583
0.183033
0.181481
0.179927
0.178371
0.176813
0.175253
0.173691
0.172127
0.170561
0.168994
0.167424
0.165853
0.16428
0.162705
0.161128
0.159549
0.157969
0.156387
0.154803
0.153217
0.15163
0.150041
0.14845
0.146858
0.145264
0.143668
0.142071
0.140472
0.138872
0.13727
0.135667
0.134062
0.132455
0.130847
0.129238
0.127627
0.126015
0.124402
0.122787
0.12117
0.119553
0.117934
0.116314
0.114692
0.113069
0.111445
0.10982
0.108193
0.106565
0.104936
0.103306
0.101675
0.100042
0.098409
0.0967743
0.0951387
0.0935019
0.0918641
0.0902253
0.0885855
0.0869447
0.085303
0.0836603
0.0820167
0.0803721
0.0787267
0.0770804
0.0754332
0.0737852
0.0721364
0.0704867
0.0688363
0.0671851
0.0655332
0.0638806
0.0622272
0.0605732
0.0589184
0.0572631
0.055607
0.0539504
0.0522932
0.0506354
0.048977
0.0473181
0.0456586
0.0439987
0.0423382
0.0406773
0.0390159
0.0373541
0.0356919
0.0340293
0.0323663
0.030703
0.0290393
0.0273753
0.025711
0.0240464
0.0223815
0.0207164
0.019051
0.0173855
0.0157197
0.0140538
0.0123877
0.0107215
0.00905515
0.00738871
0.00572219
0.0040556
0.00238897
0.000722313
-0.000944352
-0.00261101
-0.00427763
-0.00594421
-0.00761073
-0.00927715
-0.0109435
-0.0126097
-0.0142757
-0.0159417
-0.0176074
-0.0192729
-0.0209382
-0.0226033
-0.0242681
-0.0259327
-0.027597
-0.029261
-0.0309246
-0.0325879
-0.0342508
-0.0359134
-0.0375756
-0.0392373
-0.0408986
-0.0425595
-0.0442198
-0.0458797
-0.0475391
-0.049198
-0.0508563
-0.052514
-0.0541711
-0.0558277
-0.0574836
-0.0591389
-0.0607936
-0.0624475
-0.0641008
-0.0657533
-0.0674052
-0.0690562
-0.0707065
-0.0723561
-0.0740048
-0.0756527
-0.0772997
-0.0789459
-0.0805913
-0.0822357
-0.0838792
-0.0855218
-0.0871634
-0.088804
-0.0904437
-0.0920824
-0.09372
-0.0953566
-0.0969922
-0.0986266
-0.10026
-0.101892
-0.103523
-0.105153
-0.106782
-0.10841
-0.110036
-0.111661
-0.113285
-0.114908
-0.116529
-0.11815
-0.119768
-0.121386
-0.123002
-0.124617
-0.12623
-0.127842
-0.129453
-0.131062
-0.132669
-0.134276
-0.13588
-0.137483
-0.139085
-0.140685
-0.142284
-0.143881
-0.145476
-0.14707
-0.148662
-0.150252
-0.151841
-0.153428
-0.155014
-0.156597
-0.158179
-0.15976
-0.161338
-0.162915
-0.164489
-0.166062
-0.167634
-0.169203
-0.17077
-0.172336
-0.173899
-0.175461
-0.177021
-0.178578
-0.180134
-0.181688
-0.18324
-0.184789
-0.186337
-0.187882
-0.189426
-0.190967
-0.192507
-0.194044
-0.195579
-0.197111
-0.198642
-0.20017
-0.201697
-0.20322
-0.204742
-0.206262
-0.207779
-0.209293
-0.210806
-0.212316
-0.213824
-0.215329
-0.216832
-0.218333
-0.219831
-0.221327
-0.22282
-0.224311
-0.225799
-0.227285
-0.228768
-0.230249
-0.231727
-0.233202
-0.234675
-0.236146
-0.237614
-0.239079
-0.240541
-0.242001
-0.243458
-0.244912
-0.246364
-0.247813
-0.249259
-0.250703
-0.252143
-0.253581
-0.255016
-0.256448
-0.257878
-0.259304
-0.260728
-0.262148
-0.263566
-0.264981
-0.266393
-0.267802
-0.269208
-0.270611
-0.272011
