-0.168182
33.7929
30.065
26.7335
23.8995
23.753
21.0838
18.6903
16.5414
14.6092
12.8692
11.2995
9.88081
8.59596
7.42976
6.36873
5.40091
4.51572
3.70378
2.95676
2.26729
1.62882
1.03557
0.482389
-0.0352751
-0.521464
-0.979764
-1.41335
-1.82505
-2.21737
-2.59253
-2.9525
-3.29904
-3.6337
-3.95789
-4.27282
-4.57961
-4.87922
-5.17253
-5.46031
-5.74328
-6.02203
-6.29714
-6.56909
-6.83833
-7.10526
-7.37023
-7.63358
-7.89558
-8.15964
-8.42279
-8.68524
-8.94721
-9.20886
-9.47038
-9.73191
-9.99359
-10.2555
-10.5178
-10.7806
-11.0439
-11.3079
-11.5726
-11.8379
-12.1041
-12.3712
-12.6391
-12.9079
-13.1776
-13.4482
-13.7198
-13.9923
-14.2657
-14.5401
-14.8154
-15.0915
-15.3686
-15.6464
-15.9251
-16.2046
-16.4847
-16.7656
-17.0471
-17.3291
-17.6117
-17.8948
-18.1782
-18.4619
-18.746
-19.0302
-19.3144
-19.5988
-19.883
-20.1671
-20.451
-20.7345
-21.0176
-21.3002
-21.5821
-21.8634
-22.1438
-22.4233
-22.7017
-22.979
-23.255
-23.5297
-23.8029
-24.0745
-24.3443
-24.6124
-24.8785
-25.1426
-25.4045
-25.6641
-25.9213
-26.1759
-26.428
-26.6772
-26.9236
-27.167
-27.4073
-27.6443
-27.8781
-28.1083
-28.335
-28.5581
-28.7773
-28.9927
-29.2041
-29.4113
-29.6144
-29.8132
-30.0076
-30.1974
-30.3827
-30.5633
-30.7392
-30.9101
-31.0762
-31.2372
-31.3932
-31.5439
-31.6895
-31.8297
-31.9646
-32.094
-32.218
-32.3364
-32.4492
-32.5563
-32.6578
-32.7536
-32.8436
-32.9278
-33.0061
-33.0787
-33.1453
-33.2061
-33.261
-33.3099
-33.353
-33.3901
-33.4213
-33.4466
-33.466
-33.4794
-33.4871
-33.4888
-33.4847
-33.4748
-33.4592
-33.4378
-33.4107
-33.3779
-33.3395
-33.2955
-33.246
-33.191
-33.1306
-33.0648
-32.9938
-32.9175
-32.836
-32.7494
-32.6579
-32.5613
-32.4599
-32.3537
-32.2427
-32.1271
-32.007
-31.8824
-31.7534
-31.6202
-31.4827
-31.3411
-31.1956
-31.046
-30.8927
-30.7356
-30.5749
-30.4107
-30.243
-30.072
-29.8977
-29.7203
-29.5399
-29.3565
-29.1703
-28.9813
-28.7897
-28.5955
-28.399
-28.2
-27.9988
-27.7955
-27.5901
-27.3828
-27.1736
-26.9626
-26.75
-26.5358
-26.3201
-26.1031
-25.8847
-25.6652
-25.4445
-25.2228
-25.0001
-24.7766
-24.5523
-24.3273
-24.1017
-23.8756
-23.649
-23.4221
-23.1948
-22.9673
-22.7397
-22.512
-22.2843
-22.0566
-21.8291
-21.6017
-21.3746
-21.1479
-20.9215
-20.6955
-20.47
-20.2451
-20.0208
-19.7971
-19.5742
-19.352
-19.1307
-18.9102
-18.6906
-18.4719
-18.2542
-18.0376
-17.8221
-17.6076
-17.3944
-17.1823
-16.9714
-16.7618
-16.5535
-16.3465
-16.1408
-15.9365
-15.7337
-15.5322
-15.3323
-15.1338
-14.9368
-14.7414
-14.5475
-14.3551
-14.1644
-13.9752
-13.7877
-13.6019
-13.4176
-13.2351
-13.0542
-12.875
-12.6975
-12.5218
-12.3477
-12.1754
-12.0048
-11.836
-11.6689
-11.5036
-11.34
-11.1783
-11.0182
-10.86
-10.7035
-10.5489
-10.396
-10.2448
-10.0955
-9.94795
-9.80218
-9.65818
-9.51595
-9.3755
-9.23682
-9.09991
-8.96476
-8.83137
-8.69973
-8.56984
-8.4417
-8.31529
-8.19061
-8.06765
-7.94642
-7.82689
-7.70906
-7.59293
-7.47848
-7.36571
-7.25461
-7.14516
-7.03737
-6.93121
-6.82668
-6.72378
-6.62248
-6.52278
-6.42467
-6.32813
-6.23316
-6.13975
-6.04787
-5.95753
-5.8687
-5.78138
-5.69555
-5.61121
-5.52833
-5.44691
-5.36693
-5.28838
-5.21125
-5.13552
-5.06118
-4.98821
-4.91661
-4.84635
-4.77744
-4.70984
-4.64354
-4.57854
-4.51482
-4.45236
-4.39115
-4.33118
-4.27242
-4.21487
-4.15851
-4.10333
-4.0493
-3.99643
-3.94468
-3.89405
-3.84452
-3.79607
-3.7487
-3.70238
-3.6571
-3.61284
-3.56959
-3.52734
-3.48607
-3.44575
-3.40639
-3.36796
-3.33044
-3.29383
-3.2581
-3.22324
-3.18923
-3.15606
-3.12372
-3.09218
-3.06144
-3.03147
-3.00227
-2.97381
-2.94608
-2.91906
-2.89275
-2.86712
-2.84215
-2.81784
-2.79417
-2.77112
-2.74868
-2.72683
-2.70555
-2.68484
-2.66468
-2.64504
-2.62593
-2.60731
-2.58919
-2.57153
-2.55433
-2.53758
-2.52125
-2.50534
-2.48982
-2.4747
-2.45994
-2.44554
-2.43148
-2.41775
-2.40433
-2.39122
-2.37839
-2.36584
-2.35355
-2.34151
-2.32969
-2.3181
-2.30672
-2.29553
-2.28453
-2.27369
-2.26302
-2.25248
-2.24208
-2.23181
-2.22164
-2.21156
-2.20158
-2.19166
-2.18181
-2.17202
-2.16226
-2.15254
-2.14283
-2.13313
-2.12344
-2.11373
-2.104
-2.09424
-2.08444
-2.0746
-2.06469
-2.05472
-2.04467
-2.03454
-2.02432
-2.01399
-2.00356
-1.99302
-1.98234
-1.97154
-1.9606
-1.94952
-1.93829
-1.9269
-1.91534
-1.90362
-1.89172
-1.87965
-1.86738
-1.85493
-1.84228
-1.82944
-1.81639
-1.80313
-1.78967
-1.77599
-1.76209
-1.74797
-1.73363
-1.71906
-1.70426
-1.68924
-1.67398
-1.6585
-1.64277
-1.62682
-1.61062
-1.5942
-1.57753
-1.56064
-1.5435
-1.52613
-1.50853
-1.4907
-1.47263
-1.45434
-1.43582
-1.41707
-1.39811
-1.37892
-1.35952
-1.3399
-1.32008
-1.30005
-1.27981
-1.25938
-1.23876
-1.21795
-1.19696
-1.1758
-1.15446
-1.13295
-1.11129
-1.08948
-1.06752
-1.04542
-1.02319
-1.00083
-0.97836
-0.95578
-0.933099
-0.910327
-0.887472
-0.864543
-0.841548
-0.818498
-0.795402
-0.77227
-0.749111
-0.725937
-0.702758
-0.679584
-0.656426
-0.633296
-0.610205
-0.587164
-0.564186
-0.541282
-0.518465
-0.495747
-0.473141
-0.450658
-0.428313
-0.406119
-0.384088
-0.362235
-0.340573
-0.319115
-0.297876
-0.27687
-0.256112
-0.235615
-0.215394
-0.195465
-0.175842
-0.156539
-0.137573
-0.118958
-0.100711
-0.082845
-0.0653774
-0.0483235
-0.0316992
-0.0155202
0.000197322
0.0154373
0.0301837
0.0444201
0.0581303
0.0712979
0.0839065
0.0959396
0.107381
0.118213
0.128421
0.137987
0.146894
0.155127
0.162667
0.1695
0.175608
0.180974
0.185582
0.189415
0.192457
0.194691
0.196101
0.19667
0.196382
0.195221
0.193171
0.190215
0.186337
0.181521
0.175753
0.169015
0.161292
0.152569
0.14283
0.132061
0.120246
0.10737
0.0934181
0.0783765
0.0622305
0.0449658
0.0265684
0.00702464
-0.0136792
-0.0355565
-0.0586204
-0.0828838
-0.108359
-0.13506
-0.162997
-0.192182
-0.222628
-0.254346
-0.287347
-0.321641
-0.357239
-0.394151
-0.432387
-0.471957
-0.51287
-0.555134
-0.598759
-0.643752
-0.690121
-0.737873
-0.787016
-0.837557
-0.8895
-0.942854
-0.997622
-1.05381
-1.11142
-1.17047
-1.23094
-1.29285
-1.3562
-1.421
-1.48723
-1.55491
-1.62404
-1.69462
-1.76664
-1.84011
-1.91503
-1.9914
-2.0692
-2.14845
-2.22914
-2.31127
-2.39483
-2.47981
-2.56622
-2.65405
-2.7433
-2.83395
-2.926
-3.01944
-3.11295
-3.20793
-3.30436
-3.40225
-3.50159
-3.60237
-3.70458
-3.8082
-3.91323
-4.01964
-4.12742
-4.23656
-4.34704
-4.45883
-4.57193
-4.6863
-4.80194
-4.91882
-5.03692
-5.15621
-5.27669
-5.39832
-5.52108
-5.64496
-5.76992
-5.89594
-6.02301
-6.15109
-6.28016
-6.4102
-6.54119
-6.67309
-6.80589
-6.93956
-7.07407
-7.20939
-7.34551
-7.48239
-7.62
-7.75833
-7.89734
-8.03701
-8.17731
-8.3182
-8.45968
-8.6017
-8.74423
-8.88726
-9.03075
-9.17467
-9.319
-9.4637
-9.60875
-9.75411
-9.89977
-10.0457
-10.1918
-10.3382
-10.4847
-10.6314
-10.7781
-10.925
-11.0719
-11.2188
-11.3658
-11.5127
-11.6595
-11.8062
-11.9528
-12.0993
-12.2456
-12.3917
-12.5375
-12.6831
-12.8283
-12.9732
-13.1178
-13.262
-13.4058
-13.5491
-13.692
-13.8344
-13.9762
-14.1175
-14.2582
-14.3983
-14.5377
-14.6765
-14.8146
-14.952
-15.0886
-15.2245
-15.3596
-15.4938
-15.6272
-15.7597
-15.8914
-16.0221
-16.1518
-16.2806
-16.4084
-16.5352
-16.6609
-16.7856
-16.9091
-17.0316
-17.1529
-17.2731
-17.3921
-17.5099
-17.6265
-17.7419
-17.856
-17.9688
-18.0803
-18.1906
-18.2994
-18.407
-18.5131
-18.6179
-18.7213
-18.8232
-18.9237
-19.0228
-19.1204
-19.2165
-19.3111
-19.4042
-19.4958
-19.5858
-19.6743
-19.7612
-19.8465
-19.9302
-20.0124
-20.0929
-20.1718
-20.249
-20.3246
-20.3985
-20.4708
-20.5414
-20.6103
-20.6775
-20.743
-20.8068
-20.8688
-20.9292
-20.9878
-21.0446
-21.0997
-21.1531
-21.2046
-21.2545
-21.3025
-21.3488
-21.3933
-21.436
-21.4769
-21.516
-21.5533
-21.5888
-21.6226
-21.6545
-21.6846
-21.7129
-21.7394
-21.764
-21.7869
-21.8079
-21.8272
-21.8446
-21.8602
-21.8739
-21.8859
-21.8961
-21.9044
-21.9109
-21.9156
-21.9185
-21.9196
-21.9189
-21.9164
-21.9121
-21.9059
-21.898
-21.8883
-21.8768
-21.8635
-21.8485
-21.8316
-21.813
-21.7926
-21.7704
-21.7465
-21.7209
-21.6934
-21.6643
-21.6334
-21.6007
-21.5664
-21.5303
-21.4925
-21.4529
-21.4117
-21.3688
-21.3242
-21.2779
-21.23
-21.1803
-21.1291
-21.0761
-21.0216
-20.9653
-20.9075
-20.8481
-20.787
-20.7243
-20.6601
-20.5943
-20.5269
-20.4579
-20.3874
-20.3154
-20.2418
-20.1667
-20.0901
-20.012
-19.9324
-19.8513
-19.7688
-19.6848
-19.5994
-19.5126
-19.4243
-19.3347
-19.2436
-19.1512
-19.0574
-18.9623
-18.8658
-18.768
-18.6689
-18.5685
-18.4669
-18.3639
-18.2597
-18.1543
-18.0477
-17.9399
-17.8308
-17.7206
-17.6093
-17.4968
-17.3832
-17.2685
-17.1527
-17.0359
-16.918
-16.799
-16.6791
-16.5581
-16.4362
-16.3133
-16.1895
-16.0647
-15.9391
-15.8126
-15.6852
-15.557
-15.4279
-15.2981
-15.1675
-15.0361
-14.904
-14.7712
-14.6377
-14.5036
-14.3688
-14.2333
-14.0973
-13.9607
-13.8236
-13.6859
-13.5477
-13.409
-13.2699
-13.1303
-12.9904
-12.85
-12.7093
-12.5683
-12.427
-12.2854
-12.1435
-12.0014
-11.8591
-11.7166
-11.574
-11.4312
-11.2884
-11.1455
-11.0025
-10.8595
-10.7166
-10.5736
-10.4308
-10.288
-10.1454
-10.0029
-9.86054
-9.71843
-9.57654
-9.43492
-9.29358
-9.15256
-9.01188
-8.87157
-8.73166
-8.59218
-8.45315
-8.3146
-8.17657
-8.03907
-7.90214
-7.7658
-7.63007
-7.495
-7.3606
-7.2269
-7.09393
-6.96171
-6.83027
-6.69964
-6.56985
-6.44091
-6.31285
-6.18571
-6.0595
-5.93425
-5.80998
-5.68672
-5.5645
-5.44333
-5.32324
-5.20425
-5.08639
-4.96967
-4.85413
-4.73977
-4.62662
-4.51471
-4.40405
-4.29466
-4.18656
-4.07978
-3.97432
-3.87021
-3.76746
-3.66609
-3.56612
-3.46756
-3.37043
-3.27474
-3.18051
-3.08775
-2.99647
-2.90668
-2.81841
-2.73165
-2.64642
-2.56273
-2.48059
-2.4
-2.32098
-2.24353
-2.16766
-2.09338
-2.02068
-1.94958
-1.88008
-1.81218
-1.74588
-1.68119
-1.6181
-1.55663
-1.49676
-1.4385
-1.38185
-1.3268
-1.27334
-1.22149
-1.17123
-1.12255
-1.07546
-1.02994
-0.985986
-0.943595
-0.902756
-0.86346
-0.825696
-0.789456
-0.754726
-0.721496
-0.689754
-0.659486
-0.630679
-0.603319
-0.57739
-0.552878
-0.529766
-0.508038
-0.487676
-0.468664
-0.450983
-0.434614
-0.419537
-0.405734
-0.393184
-0.381866
-0.371759
-0.362842
-0.355092
-0.348487
-0.343005
-0.338621
-0.335312
-0.333055
-0.331825
-0.331598
-0.332348
-0.33405
-0.336679
-0.340209
-0.344615
-0.349869
-0.355946
-0.362819
-0.370462
-0.378846
-0.387947
-0.397735
-0.408184
-0.419268
-0.430957
-0.443226
-0.456046
-0.469391
-0.483232
-0.497542
-0.512295
-0.527462
-0.543017
-0.558933
-0.575182
-0.591738
-0.608574
-0.625664
-0.642981
-0.6605
-0.678193
-0.696036
-0.714004
-0.73207
-0.750211
-0.768401
-0.786617
-0.804834
-0.823029
-0.841179
-0.85926
-0.877251
-0.895129
-0.912872
-0.930459
-0.947869
-0.965082
-0.982078
-0.998837
-1.01534
-1.03157
-1.04751
-1.06313
-1.07843
-1.09339
-1.10798
-1.1222
-1.13603
-1.14946
-1.16246
-1.17503
-1.18716
-1.19883
-1.21004
-1.22076
-1.23099
-1.24072
-1.24994
-1.25865
-1.26682
-1.27446
-1.28156
-1.28811
-1.2941
-1.29954
-1.30441
-1.30871
-1.31244
-1.31559
-1.31816
-1.32016
-1.32157
-1.3224
-1.32265
-1.32231
-1.32139
-1.31989
-1.31782
-1.31516
-1.31193
-1.30813
-1.30377
-1.29884
-1.29335
-1.28731
-1.28073
-1.2736
-1.26594
-1.25775
-1.24904
-1.23981
-1.23009
-1.21986
-1.20915
-1.19797
-1.18631
-1.1742
-1.16164
-1.14864
-1.13522
-1.12138
-1.10714
-1.0925
-1.07749
-1.06211
-1.04637
-1.03029
-1.01389
-0.997162
-0.980134
-0.962816
-0.945221
-0.927364
-0.909258
-0.890918
-0.872356
-0.853587
-0.834626
-0.815486
-0.796182
-0.776729
-0.75714
-0.73743
-0.717614
-0.697706
-0.677719
-0.65767
-0.637571
-0.617438
-0.597284
-0.577124
-0.556971
-0.536841
-0.516745
-0.4967
-0.476717
-0.456811
-0.436994
-0.417282
-0.397685
-0.378218
-0.358894
-0.339724
-0.320722
-0.301899
-0.283268
-0.264841
-0.246629
-0.228644
-0.210898
-0.1934
-0.176163
-0.159196
-0.14251
-0.126116
-0.110023
-0.09424
-0.0787776
-0.0636444
-0.0488495
-0.0344014
-0.0203085
-0.00657837
0.00678063
0.0197609
0.0323552
0.0445564
0.0563578
0.0677528
0.0787354
0.0892995
0.0994394
0.10915
0.118426
0.127262
0.135654
0.143598
0.15109
0.158125
0.164701
0.170815
0.176462
0.181642
0.18635
0.190586
0.194347
0.197633
0.20044
0.202769
0.204618
0.205988
0.206877
0.207286
0.207215
0.206665
0.260669
0.263946
0.208922
0.202819
0.20049
0.197744
0.194578
0.190989
0.186974
0.182531
0.177658
0.172353
0.166614
0.160443
0.153839
0.146802
0.139334
0.131437
0.123112
0.114362
0.10519
0.0955992
0.0855926
0.0751743
0.0643484
0.0531193
0.0414916
0.0294703
0.0170606
0.00426776
-0.00890254
-0.0224445
-0.0363522
-0.0506194
-0.0652398
-0.0802069
-0.095514
-0.111154
-0.127121
-0.143407
-0.160005
-0.176908
-0.194108
-0.211598
-0.22937
-0.247417
-0.265731
-0.284303
-0.303127
-0.322195
-0.341497
-0.361027
-0.380775
-0.400735
-0.420897
-0.441254
-0.461798
-0.482519
-0.503411
-0.524464
-0.54567
-0.567022
-0.588511
-0.610128
-0.631866
-0.653716
-0.67567
-0.69772
-0.719858
-0.742076
-0.764366
-0.786719
-0.809129
-0.831586
-0.854083
-0.876613
-0.899167
-0.921738
-0.944319
-0.966902
-0.989479
-1.01204
-1.03459
-1.05711
-1.07959
-1.10203
-1.12442
-1.14676
-1.16904
-1.19125
-1.21338
-1.23543
-1.2574
-1.27927
-1.30104
-1.32271
-1.34426
-1.3657
-1.38701
-1.4082
-1.42925
-1.45017
-1.47094
-1.49156
-1.51203
-1.53234
-1.55249
-1.57247
-1.59227
-1.61191
-1.63136
-1.65063
-1.66971
-1.68861
-1.7073
-1.7258
-1.7441
-1.7622
-1.78008
-1.79776
-1.81523
-1.83248
-1.84951
-1.86633
-1.88292
-1.89929
-1.91543
-1.93135
-1.94703
-1.96249
-1.97772
-1.99271
-2.00747
-2.02199
-2.03628
-2.05034
-2.06415
-2.07773
-2.09107
-2.10418
-2.11704
-2.12967
-2.14206
-2.15421
-2.16613
-2.17781
-2.18925
-2.20046
-2.21143
-2.22217
-2.23268
-2.24295
-2.25299
-2.26281
-2.2724
-2.28176
-2.29089
-2.2998
-2.3085
-2.31697
-2.32522
-2.33325
-2.34108
-2.34869
-2.35609
-2.36328
-2.37026
-2.37704
-2.38363
-2.39001
-2.39619
-2.40219
-2.40799
-2.4136
-2.41903
-2.42427
-2.42933
-2.43422
-2.43893
-2.44347
-2.44783
-2.45204
-2.45608
-2.45995
-2.46367
-2.46724
-2.47065
-2.47392
-2.47704
-2.48002
-2.48285
-2.48556
-2.48812
-2.49056
-2.49287
-2.49506
-2.49713
-2.49907
-2.50091
-2.50263
-2.50424
-2.50575
-2.50716
-2.50846
-2.50968
-2.51079
-2.51182
-2.51276
-2.51362
-2.51439
-2.51509
-2.51572
-2.51627
-2.51675
-2.51717
-2.51752
-2.51782
-2.51806
-2.51824
-2.51837
-2.51846
-2.5185
-2.51849
-2.51845
-2.51837
-2.51826
-2.51811
-2.51794
-2.51774
-2.51752
-2.51727
-2.51701
-2.51674
-2.51645
-2.51615
-2.51585
-2.51554
-2.51523
-2.51492
-2.51461
-2.51431
-2.51402
-2.51374
-2.51347
-2.51322
-2.51299
-2.51277
-2.51259
-2.51242
-2.51229
-2.51218
-2.51211
-2.51208
-2.51208
-2.51212
-2.51221
-2.51234
-2.51252
-2.51275
-2.51303
-2.51336
-2.51376
-2.51421
-2.51472
-2.5153
-2.51595
-2.51666
-2.51744
-2.5183
-2.51924
-2.52025
-2.52134
-2.52252
-2.52378
-2.52512
-2.52656
-2.52809
-2.52972
-2.53144
-2.53326
-2.53519
-2.53721
-2.53935
-2.54159
-2.54395
-2.54641
-2.549
-2.5517
-2.55452
-2.55747
-2.56054
-2.56374
-2.56707
-2.57053
-2.57413
-2.57786
-2.58173
-2.58575
-2.58991
-2.59421
-2.59867
-2.60328
-2.60804
-2.61295
-2.61803
-2.62326
-2.62866
-2.63422
-2.63996
-2.64585
-2.65193
-2.65817
-2.66459
-2.67119
-2.67797
-2.68493
-2.69208
-2.69941
-2.70694
-2.71465
-2.72255
-2.73065
-2.73894
-2.74744
-2.75613
-2.76502
-2.77411
-2.78341
-2.79292
-2.80263
-2.81255
-2.82268
-2.83302
-2.84358
-2.85435
-2.86533
-2.87653
-2.88794
-2.89958
-2.91143
-2.92349
-2.93578
-2.94829
-2.96102
-2.97396
-2.98713
-3.00052
-3.01413
-3.02795
-3.042
-3.05627
-3.07075
-3.08546
-3.10038
-3.11551
-3.13086
-3.14643
-3.1622
-3.17819
-3.19438
-3.21079
-3.22739
-3.2442
-3.26121
-3.27842
-3.29583
-3.31342
-3.33121
-3.34918
-3.36734
-3.38567
-3.40418
-3.42286
-3.44171
-3.46072
-3.47988
-3.49921
-3.51868
-3.53829
-3.55804
-3.57793
-3.59794
-3.61807
-3.63831
-3.65867
-3.67912
-3.69967
-3.7203
-3.74102
-3.76181
-3.78266
-3.80356
-3.82452
-3.84551
-3.86654
-3.88758
-3.90864
-3.9297
-3.95075
-3.97179
-3.9928
-4.01377
-4.03469
-4.05555
-4.07635
-4.09706
-4.11767
-4.13818
-4.15857
-4.17883
-4.19895
-4.21891
-4.23871
-4.25832
-4.27773
-4.29693
-4.31591
-4.33465
-4.35314
-4.37136
-4.38929
-4.40693
-4.42425
-4.44125
-4.45789
-4.47418
-4.49008
-4.5056
-4.52069
-4.53537
-4.54959
-4.56335
-4.57663
-4.58941
-4.60167
-4.61339
-4.62456
-4.63516
-4.64517
-4.65456
-4.66333
-4.67144
-4.67889
-4.68564
-4.69169
-4.69701
-4.70157
-4.70537
-4.70838
-4.71057
-4.71194
-4.71245
-4.71208
-4.71083
-4.70865
-4.70553
-4.70146
-4.6964
-4.69034
-4.68325
-4.67512
-4.66591
-4.65562
-4.6442
-4.63165
-4.61794
-4.60305
-4.58696
-4.56963
-4.55106
-4.53121
-4.51007
-4.4876
-4.4638
-4.43863
-4.41207
-4.3841
-4.3547
-4.32384
-4.2915
-4.25766
-4.22229
-4.18537
-4.14688
-4.1068
-4.06509
-4.02175
-3.97674
-3.93004
-3.88164
-3.8315
-3.77961
-3.72594
-3.67047
-3.61318
-3.55404
-3.49304
-3.43014
-3.36534
-3.2986
-3.22991
-3.15924
-3.08658
-3.01189
-2.93517
-2.85638
-2.77551
-2.69254
-2.60745
-2.52021
-2.43081
-2.33922
-2.24543
-2.14942
-2.05117
-1.95065
-1.84786
-1.74277
-1.63536
-1.52562
-1.41353
-1.29907
-1.18223
-1.06298
-0.941312
-0.817211
-0.69066
-0.561645
-0.430149
-0.296159
-0.159661
-0.0206408
0.120915
0.265018
0.411682
0.560918
0.712737
0.86715
1.02417
1.1838
1.34606
1.51095
1.67848
1.84865
2.02149
2.19698
2.37514
2.55598
2.73949
2.92568
3.11456
3.30613
3.50038
3.69732
3.89695
4.09928
4.30428
4.51198
4.72236
4.93541
5.15114
5.36954
5.59061
5.81432
6.04069
6.26969
6.50132
6.73557
6.97242
7.21186
7.45388
7.69846
7.94559
8.19524
8.44741
8.70206
8.95918
9.21875
9.48074
9.74513
10.0119
10.281
10.5524
10.8262
11.1021
11.3803
11.6607
11.9433
12.228
12.5147
12.8035
13.0943
13.3871
13.6818
13.9784
14.2767
14.5769
14.8788
15.1824
15.4876
15.7944
16.1027
16.4125
16.7237
17.0362
17.35
17.6651
17.9813
18.2986
18.6169
18.9361
19.2563
19.5772
19.8989
20.2212
20.5442
20.8676
21.141
21.1915
21.5157
21.8401
22.1648
22.4895
22.8142
23.1389
23.4634
23.7876
24.1114
24.4348
24.7576
25.0798
25.4013
25.7219
26.0415
26.3601
26.6776
26.9938
27.3086
27.622
27.9338
28.2439
28.5522
28.8587
29.1631
29.4654
29.7655
30.0633
30.3586
30.6514
30.9414
31.2287
31.5131
31.7945
32.0728
32.3478
32.6195
32.8877
33.1524
33.4134
33.6705
33.9238
34.1731
34.4183
34.6592
34.8958
35.1279
35.3556
35.5785
35.7968
36.0102
36.2186
36.422
36.6203
36.8133
37.0011
37.1834
37.3602
37.5315
37.6971
37.8569
38.011
38.1591
38.3013
38.4374
38.5675
38.6914
38.809
38.9204
39.0255
39.1241
39.2164
39.3021
39.3814
39.4541
39.5202
39.5797
39.6325
39.6787
39.7182
39.751
39.7771
39.7964
39.8091
39.815
39.8142
39.8066
39.7924
39.7715
39.7439
39.7097
39.6688
39.6214
39.5674
39.5068
39.4398
39.3664
39.2866
39.2004
39.1079
39.0093
38.9045
38.7935
38.6766
38.5537
38.4249
38.2903
38.1499
38.004
37.8525
37.6955
37.5331
37.3654
37.1926
37.0146
36.8317
36.6438
36.4512
36.2539
36.0519
35.8456
35.6348
35.4198
35.2006
34.9774
34.7503
34.5194
34.2848
34.0466
33.8049
33.5599
33.3117
33.0604
32.806
32.5488
32.2888
32.0262
31.761
31.4934
31.2235
30.9514
30.6772
30.4011
30.1231
29.8434
29.562
29.2791
28.9948
28.7092
28.4224
28.1345
27.8455
27.5557
27.2651
26.9738
26.6819
26.3895
26.0966
25.8035
25.5101
25.2165
24.9229
24.6293
24.3359
24.0426
23.7495
23.4569
23.1646
22.8728
22.5816
22.2911
22.0012
21.7121
21.424
21.1367
20.8504
20.5651
20.2809
19.9978
19.7159
19.4352
19.1558
18.8777
18.6011
18.3258
18.052
17.7797
17.509
17.2399
16.9724
16.7065
16.4424
16.18
15.9194
15.6606
15.4036
15.1484
14.8952
14.6438
14.3944
14.147
13.9015
13.658
13.4165
13.1771
12.9397
12.7044
12.4712
12.24
12.011
11.7841
11.5594
11.3367
11.1163
10.898
10.6818
10.4679
10.2561
10.0465
9.83915
9.63397
9.43098
9.2302
9.03163
8.83527
8.64111
8.44916
8.25943
8.0719
7.88657
7.70346
7.52254
7.34383
7.16731
6.99299
6.82085
6.6509
6.48313
6.31753
6.1541
5.99284
5.83372
5.67676
5.52194
5.36926
5.2187
5.07026
4.92393
4.7797
4.63757
4.49752
4.35955
4.22364
4.08978
3.95798
3.8282
3.70046
3.57473
3.451
3.32926
3.20951
3.09172
2.9759
2.86202
2.75007
2.64005
2.53195
2.42574
2.32141
2.21896
2.11837
2.01963
1.92273
1.82765
1.73438
1.6429
1.5532
1.46528
1.37911
1.29468
1.21198
1.13099
1.0517
0.974099
0.898167
0.823892
0.75126
0.680255
0.610863
0.54307
0.47686
0.412218
0.34913
0.28758
0.227553
0.169033
0.112006
0.0564559
0.00236685
-0.0502767
-0.101491
-0.15129
-0.199692
-0.246712
-0.292366
-0.336671
-0.379642
-0.421296
-0.46165
-0.500719
-0.538521
-0.575073
-0.61039
-0.64449
-0.67739
-0.709107
-0.739658
-0.76906
-0.797331
-0.824487
-0.850546
-0.875525
-0.899443
-0.922317
-0.944164
-0.965002
-0.984849
-1.00372
-1.02164
-1.03862
-1.05469
-1.06985
-1.08413
-1.09754
-1.11011
-1.12185
-1.13279
-1.14293
-1.1523
-1.16091
-1.16879
-1.17596
-1.18242
-1.18821
-1.19334
-1.19783
-1.20169
-1.20495
-1.20763
-1.20974
-1.2113
-1.21234
-1.21287
-1.2129
-1.21247
-1.21158
-1.21026
-1.20853
-1.2064
-1.2039
-1.20104
-1.19784
-1.19432
-1.1905
-1.1864
-1.18203
-1.17742
-1.17259
-1.16755
-1.16232
-1.15692
-1.15137
-1.14568
-1.13989
-1.13399
-1.12802
-1.12198
-1.11591
-1.10981
-1.1037
-1.09761
-1.09154
-1.08552
-1.07956
-1.07369
-1.06791
-1.06224
-1.05671
-1.05133
-1.04611
-1.04107
-1.03623
-1.0316
-1.0272
-1.02304
-1.01915
-1.01553
-1.0122
-1.00918
-1.00647
-1.0041
-1.00208
-1.00042
-0.99914
-0.998248
-0.99776
-0.997688
-0.998045
-0.998844
-1.0001
-1.00182
-1.00401
-1.0067
-1.00989
-1.01359
-1.01781
-1.02257
-1.02787
-1.03372
-1.04013
-1.04712
-1.05468
-1.06284
-1.07159
-1.08095
-1.09092
-1.10151
-1.11273
-1.12458
-1.13707
-1.15021
-1.164
-1.17845
-1.19356
-1.20933
-1.22577
-1.24289
-1.26069
-1.27916
-1.29832
-1.31817
-1.3387
-1.35992
-1.38183
-1.40444
-1.42773
-1.45171
-1.47639
-1.50175
-1.52781
-1.55455
-1.58198
-1.61009
-1.63888
-1.66835
-1.6985
-1.72931
-1.76079
-1.79293
-1.82573
-1.85917
-1.89327
-1.928
-1.96336
-1.99935
-2.03595
-2.07317
-2.11098
-2.14939
-2.18839
-2.22795
-2.26809
-2.30877
-2.35001
-2.39177
-2.43406
-2.47686
-2.52016
-2.56394
-2.6082
-2.65292
-2.69809
-2.74369
-2.7897
-2.83613
-2.88294
-2.93013
-2.97768
-3.02558
-3.0738
-3.12233
-3.17116
-3.22027
-3.26963
-3.31924
-3.36908
-3.41912
-3.46934
-3.51974
-3.57029
-3.62096
-3.67175
-3.72263
-3.77358
-3.82457
-3.8756
-3.92664
-3.97766
-4.02865
-4.07958
-4.13043
-4.18119
-4.23182
-4.28231
-4.33263
-4.38276
-4.43267
-4.48235
-4.53177
-4.58091
-4.62973
-4.67823
-4.72637
-4.77413
-4.82148
-4.86841
-4.91488
-4.96088
-5.00637
-5.05133
-5.09574
-5.13958
-5.18281
-5.22541
-5.26736
-5.30863
-5.34919
-5.38902
-5.4281
-5.4664
-5.50389
-5.54055
-5.57635
-5.61127
-5.64528
-5.67835
-5.71047
-5.7416
-5.77172
-5.8008
-5.82882
-5.85575
-5.88157
-5.90626
-5.92978
-5.95211
-5.97324
-5.99312
-6.01174
-6.02908
-6.04511
-6.0598
-6.07313
-6.08508
-6.09562
-6.10474
-6.11239
-6.11857
-6.12326
-6.12641
-6.12803
-6.12807
-6.12652
-6.12336
-6.11857
-6.11212
-6.10399
-6.09417
-6.08263
-6.06934
-6.0543
-6.03748
-6.01886
-5.99842
-5.97615
-5.95202
-5.92601
-5.89811
-5.86831
-5.83657
-5.8029
-5.76726
-5.72965
-5.69004
-5.64843
-5.60479
-5.55912
-5.51139
-5.4616
-5.40973
-5.35577
-5.2997
-5.24152
-5.18121
-5.11877
-5.05417
-4.98741
-4.91849
-4.84738
-4.77409
-4.6986
-4.6209
-4.541
-4.45888
-4.37453
-4.28795
-4.19914
-4.10809
-4.01479
-3.91925
-3.82145
-3.7214
-3.61909
-3.51453
-3.4077
-3.29862
-3.18728
-3.07368
-2.95782
-2.83971
-2.71934
-2.59673
-2.47186
-2.34476
-2.21541
-2.08384
-1.95003
-1.81401
-1.67615
-1.5361
-1.39386
-1.24942
-1.10279
-0.953971
-0.802966
-0.649783
-0.494428
-0.336913
-0.177248
-0.0154452
0.148482
0.314519
0.482652
0.652862
0.825135
0.999452
1.17579
1.35414
1.53448
1.71678
1.90103
2.08721
2.27529
2.46525
2.65706
2.85072
3.04618
3.24343
3.44245
3.6432
3.84567
4.04982
4.25564
4.46309
4.67215
4.88279
5.09498
5.3087
5.52392
5.74061
5.95874
6.17829
6.39921
6.62149
6.8451
7.07
7.29616
7.52356
7.75215
7.98192
8.21284
8.44486
8.67796
8.9121
9.14726
9.3834
9.62049
9.8585
10.0974
10.3371
10.5777
10.8191
11.0612
11.304
11.5475
11.7917
12.0365
12.2819
12.5278
12.7743
13.0212
13.2686
13.5164
13.7646
14.0132
14.2621
14.5113
14.7607
15.0103
15.2602
15.5102
15.7603
16.0105
16.2607
16.511
16.7613
17.0115
17.2617
17.5117
17.7617
18.0114
18.2609
18.5103
18.7593
19.008
19.2565
19.5045
19.7522
19.9995
20.2463
20.4926
20.7384
20.9837
21.2284
21.4725
21.716
21.9589
22.201
22.4425
22.6832
22.9232
23.1623
23.4007
23.6382
23.8748
24.1105
24.3453
24.5792
24.8121
25.0439
25.2748
25.5046
25.7334
25.961
26.1876
26.4129
26.6372
26.8602
27.0821
27.3027
27.522
27.7401
27.9569
28.1724
28.3866
28.5994
28.8108
29.0208
29.2295
29.4367
29.6424
29.8467
30.0495
30.2508
30.4506
30.6489
30.8456
31.0407
31.2343
31.4262
31.6166
31.8053
31.9924
32.1778
32.3616
32.5436
32.724
32.9026
33.0795
33.2547
33.4281
33.5998
33.7697
33.9378
34.1041
34.2686
34.4312
34.592
34.751
34.9081
35.0633
35.2167
35.3682
35.5178
35.6654
35.8112
35.955
36.0969
36.2368
36.3748
36.5108
36.6448
36.7769
36.9069
37.035
37.1611
37.2851
37.4071
37.5271
37.6451
37.761
37.8748
37.9866
38.0963
38.204
38.3096
38.413
38.5144
38.6137
38.7109
38.8059
38.8989
38.9897
39.0783
39.1649
39.2493
39.3315
39.4116
39.4895
39.5652
39.6388
39.7102
39.7794
39.8464
39.9112
39.9738
40.0342
40.0924
40.1484
40.2021
40.2536
40.3029
40.35
40.3948
40.4373
40.4776
40.5157
40.5514
40.5849
40.6162
40.6451
40.6718
40.6962
40.7183
40.7381
40.7556
40.7709
40.7838
40.7944
40.8026
40.8086
40.8123
40.8136
40.8126
40.8092
40.8036
40.7956
40.7852
40.7725
40.7575
40.7401
40.7203
40.6983
40.6738
40.647
40.6178
40.5863
40.5524
40.5161
40.4775
40.4365
40.3932
40.3474
40.2993
40.2488
40.196
40.1408
40.0832
40.0232
39.9609
39.8962
39.8291
39.7596
39.6878
39.6136
39.5371
39.4582
39.3769
39.2933
39.2073
39.1189
39.0283
38.9352
38.8399
38.7422
38.6421
38.5398
38.4351
38.3281
38.2188
38.1072
37.9932
37.877
37.7586
37.6378
37.5148
37.3895
37.262
37.1322
37.0002
36.866
36.7295
36.5909
36.45
36.307
36.1619
36.0146
35.8651
35.7135
35.5598
35.404
35.2461
35.0862
34.9242
34.7601
34.5941
34.426
34.2559
34.0839
33.9099
33.734
33.5562
33.3765
33.1949
33.0115
32.8262
32.6391
32.4503
32.2597
32.0673
31.8732
31.6774
31.48
31.2809
31.0802
30.8779
30.674
30.4686
30.2617
30.0533
29.8435
29.6322
29.4195
29.2054
28.9901
28.7734
28.5554
28.3362
28.1157
27.8941
27.6713
27.4474
27.2225
26.9964
26.7694
26.5413
26.3124
26.0825
25.8517
25.6201
25.3877
25.1545
24.9205
24.6859
24.4506
24.2147
23.9782
23.7412
23.5036
23.2656
23.0271
22.7882
22.549
22.3094
22.0696
21.8295
21.5892
21.3488
21.1082
20.8675
20.6268
20.3861
20.1454
19.9048
19.6643
19.4239
19.1837
18.9437
18.704
18.4646
18.2256
17.9869
17.7486
17.5108
17.2735
17.0367
16.8005
16.5649
16.3299
16.0956
15.862
15.6292
15.3971
15.1659
14.9355
14.706
14.4775
14.2499
14.0233
13.7977
13.5732
13.3497
13.1274
12.9063
12.6863
12.4676
12.25
12.0338
11.8189
11.6053
11.393
11.1822
10.9727
10.7647
10.5581
10.3531
10.1495
9.94752
9.74707
9.54819
9.35092
9.15527
8.96127
8.76893
8.57827
8.38931
8.20207
8.01656
7.83281
7.65082
7.47062
7.29221
7.11561
6.94084
6.7679
6.59681
6.42757
