0.000454545
0.000825622
0.00120594
0.0015945
0.00159451
0.00199046
0.00239302
0.00280151
0.00321533
0.00363392
0.00405683
0.00448361
0.00491391
0.00534738
0.00578373
0.0062227
0.00666405
0.00710759
0.00755313
0.00800051
0.00844958
0.00890021
0.0093523
0.00980575
0.0102605
0.0107163
0.0111734
0.0116314
0.0120905
0.0125505
0.0130114
0.0134732
0.0139358
0.0143992
0.0148634
0.0153284
0.0157941
0.0162605
0.0167276
0.0171953
0.0176638
0.0181329
0.0186026
0.019073
0.019544
0.0200157
0.0204879
0.0209608
0.0214343
0.0219084
0.0223831
0.0228584
0.0233343
0.0238109
0.024288
0.0247657
0.0252441
0.025723
0.0262025
0.0266827
0.0271634
0.0276447
0.0281267
0.0286092
0.0290924
0.0295761
0.0300605
0.0305454
0.031031
0.0315172
0.032004
0.0324914
0.0329794
0.0334681
0.0339574
0.0344472
0.0349377
0.0354289
0.0359206
0.036413
0.036906
0.0373996
0.0378938
0.0383887
0.0388842
0.0393803
0.039877
0.0403744
0.0408724
0.041371
0.0418703
0.0423701
0.0428706
0.0433717
0.0438735
0.0443758
0.0448788
0.0453823
0.0458865
0.0463913
0.0468967
0.0474027
0.0479093
0.0484165
0.0489243
0.0494327
0.0499416
0.0504511
0.0509612
0.0514719
0.0519831
0.0524949
0.0530072
0.0535201
0.0540335
0.0545474
0.0550619
0.0555769
0.0560923
0.0566083
0.0571247
0.0576417
0.0581591
0.0586769
0.0591953
0.059714
0.0602332
0.0607528
0.0612728
0.0617932
0.062314
0.0628352
0.0633568
0.0638787
0.0644009
0.0649235
0.0654464
0.0659696
0.0664931
0.0670168
0.0675409
0.0680651
0.0685897
0.0691144
0.0696394
0.0701645
0.0706898
0.0712153
0.071741
0.0722668
0.0727927
0.0733187
0.0738449
0.0743711
0.0748974
0.0754237
0.0759501
0.0764764
0.0770028
0.0775292
0.0780556
0.0785819
0.0791082
0.0796344
0.0801605
0.0806865
0.0812124
0.0817382
0.0822639
0.0827893
0.0833147
0.0838398
0.0843647
0.0848894
0.0854139
0.0859382
0.0864622
0.0869859
0.0875093
0.0880325
0.0885553
0.0890778
0.0896
0.0901218
0.0906433
0.0911644
0.0916851
0.0922054
0.0927253
0.0932448
0.0937638
0.0942825
0.0948006
0.0953183
0.0958356
0.0963523
0.0968685
0.0973843
0.0978995
0.0984142
0.0989284
0.0994421
0.0999552
0.100468
0.10098
0.101491
0.102002
0.102512
0.103022
0.103531
0.104039
0.104547
0.105054
0.105561
0.106067
0.106572
0.107077
0.107581
0.108084
0.108587
0.109089
0.109591
0.110091
0.110591
0.111091
0.11159
0.112088
0.112585
0.113082
0.113578
0.114073
0.114568
0.115062
0.115555
0.116048
0.11654
0.117031
0.117522
0.118011
0.118501
0.118989
0.119477
0.119964
0.12045
0.120936
0.121421
0.121905
0.122389
0.122872
0.123354
0.123836
0.124317
0.124797
0.125277
0.125756
0.126234
0.126712
0.127189
0.127665
0.12814
0.128615
0.12909
0.129563
0.130036
0.130509
0.13098
0.131451
0.131922
0.132392
0.132861
0.133329
0.133797
0.134265
0.134731
0.135198
0.135663
0.136128
0.136592
0.137056
0.137519
0.137982
0.138443
0.138905
0.139366
0.139826
0.140286
0.140745
0.141203
0.141661
0.142119
0.142576
0.143032
0.143488
0.143943
0.144398
0.144852
0.145306
0.145759
0.146212
0.146664
0.147116
0.147567
0.148018
0.148468
0.148918
0.149367
0.149816
0.150264
0.150712
0.151159
0.151606
0.152053
0.152499
0.152944
0.15339
0.153834
0.154279
0.154723
0.155166
0.155609
0.156052
0.156494
0.156936
0.157377
0.157818
0.158259
0.158699
0.159139
0.159578
0.160017
0.160456
0.160894
0.161332
0.16177
0.162207
0.162644
0.163081
0.163517
0.163953
0.164388
0.164823
0.165258
0.165693
0.166127
0.166561
0.166994
0.167427
0.16786
0.168293
0.168725
0.169157
0.169589
0.17002
0.170451
0.170882
0.171313
0.171743
0.172173
0.172602
0.173032
0.173461
0.17389
0.174318
0.174746
0.175174
0.175602
0.17603
0.176457
0.176884
0.177311
0.177737
0.178163
0.178589
0.179015
0.17944
0.179866
0.180291
0.180715
0.18114
0.181564
0.181988
0.182412
0.182836
0.183259
0.183683
0.184106
0.184528
0.184951
0.185373
0.185795
0.186217
0.186639
0.18706
0.187482
0.187903
0.188324
0.188744
0.189165
0.189585
0.190005
0.190425
0.190845
0.191264
0.191684
0.192103
0.192522
0.19294
0.193359
0.193777
0.194195
0.194613
0.195031
0.195449
0.195866
0.196283
0.196701
0.197117
0.197534
0.197951
0.198367
0.198783
0.199199
0.199615
0.20003
0.200446
0.200861
0.201276
0.201691
0.202106
0.20252
0.202935
0.203349
0.203763
0.204177
0.20459
0.205004
0.205417
0.20583
0.206243
0.206656
0.207068
0.207481
0.207893
0.208305
0.208717
0.209128
0.20954
0.209951
0.210362
0.210773
0.211184
0.211595
0.212005
0.212415
0.212825
0.213235
0.213645
0.214054
0.214463
0.214872
0.215281
0.21569
0.216099
0.216507
0.216915
0.217323
0.217731
0.218138
0.218546
0.218953
0.21936
0.219767
0.220173
0.22058
0.220986
0.221392
0.221798
0.222203
0.222609
0.223014
0.223419
0.223824
0.224229
0.224633
0.225037
0.225441
0.225845
0.226248
0.226652
0.227055
0.227458
0.227861
0.228263
0.228665
0.229067
0.229469
0.229871
0.230272
0.230674
0.231075
0.231475
0.231876
0.232276
0.232676
0.233076
0.233476
0.233875
0.234274
0.234673
0.235072
0.235471
0.235869
0.236267
0.236665
0.237062
0.23746
0.237857
0.238254
0.23865
0.239047
0.239443
0.239839
0.240235
0.24063
0.241026
0.241421
0.241815
0.24221
0.242604
0.242998
0.243392
0.243786
0.244179
0.244572
0.244965
0.245357
0.24575
0.246142
0.246534
0.246926
0.247317
0.247708
0.248099
0.24849
0.24888
0.24927
0.24966
0.25005
0.25044
0.250829
0.251218
0.251607
0.251995
0.252383
0.252771
0.253159
0.253547
0.253934
0.254321
0.254708
0.255095
0.255481
0.255867
0.256253
0.256639
0.257024
0.257409
0.257794
0.258179
0.258564
0.258948
0.259332
0.259716
0.260099
0.260483
0.260866
0.261249
0.261632
0.262014
0.262396
0.262779
0.26316
0.263542
0.263923
0.264305
0.264686
0.265067
0.265447
0.265828
0.266208
0.266588
0.266968
0.267347
0.267727
0.268106
0.268485
0.268864
0.269242
0.269621
0.269999
0.270377
0.270755
0.271133
0.27151
0.271888
0.272265
0.272642
0.273019
0.273396
0.273772
0.274149
0.274525
0.274901
0.275277
0.275653
0.276029
0.276404
0.27678
0.277155
0.27753
0.277905
0.27828
0.278655
0.279029
0.279404
0.279778
0.280153
0.280527
0.280901
0.281275
0.281649
0.282022
0.282396
0.28277
0.283143
0.283516
0.28389
0.284263
0.284636
0.285009
0.285382
0.285755
0.286128
0.286501
0.286874
0.287246
0.287619
0.287992
0.288364
0.288737
0.289109
0.289482
0.289854
0.290226
0.290599
0.290971
0.291343
0.291715
0.292088
0.29246
0.292832
0.293204
0.293577
0.293949
0.294321
0.294693
0.295065
0.295438
0.29581
0.296182
0.296554
0.296927
0.297299
0.297671
0.298044
0.298416
0.298789
0.299161
0.299533
0.299906
0.300279
0.300651
0.301024
0.301397
0.301769
0.302142
0.302515
0.302888
0.303261
0.303634
0.304007
0.304381
0.304754
0.305127
0.305501
0.305874
0.306248
0.306621
0.306995
0.307369
0.307743
0.308117
0.308491
0.308865
0.309239
0.309614
0.309988
0.310363
0.310737
0.311112
0.311487
0.311862
0.312236
0.312612
0.312987
0.313362
0.313737
0.314113
0.314488
0.314864
0.31524
0.315616
0.315991
0.316367
0.316744
0.31712
0.317496
0.317872
0.318249
0.318625
0.319002
0.319379
0.319756
0.320133
0.32051
0.320887
0.321264
0.321641
0.322019
0.322396
0.322774
0.323151
0.323529
0.323907
0.324284
0.324662
0.32504
0.325418
0.325796
0.326174
0.326553
0.326931
0.327309
0.327688
0.328066
0.328444
0.328823
0.329201
0.32958
0.329959
0.330337
0.330716
0.331095
0.331474
0.331852
0.332231
0.33261
0.332989
0.333368
0.333747
0.334125
0.334504
0.334883
0.335262
0.335641
0.33602
0.336399
0.336777
0.337156
0.337535
0.337914
0.338292
0.338671
0.33905
0.339428
0.339807
0.340185
0.340563
0.340942
0.34132
0.341698
0.342076
0.342454
0.342832
0.34321
0.343588
0.343966
0.344343
0.344721
0.345098
0.345475
0.345852
0.346229
0.346606
0.346983
0.34736
0.347736
0.348112
0.348489
0.348865
0.34924
0.349616
0.349992
0.350367
0.350742
0.351117
0.351492
0.351867
0.352241
0.352615
0.352989
0.353363
0.353737
0.35411
0.354483
0.354856
0.355229
0.355601
0.355973
0.356345
0.356717
0.357088
0.357459
0.35783
0.358201
0.358571
0.358941
0.359311
0.35968
0.36005
0.360418
0.360787
0.361155
0.361523
0.361891
0.362258
0.362625
0.362992
0.363358
0.363724
0.36409
0.364455
0.36482
0.365184
0.365548
0.365912
0.366276
0.366639
0.367001
0.367364
0.367726
0.368087
0.368448
0.368809
0.369169
0.369529
0.369888
0.370247
0.370606
0.370964
0.371322
0.371679
0.372036
0.372392
0.372748
0.373103
0.373458
0.373813
0.374167
0.37452
0.374874
0.375226
0.375578
0.37593
0.376281
0.376632
0.376982
0.377331
0.377681
0.378029
0.378377
0.378725
0.379072
0.379418
0.379764
0.38011
0.380455
0.380799
0.381143
0.381486
0.381829
0.382171
0.382512
0.382853
0.383194
0.383534
0.383873
0.384212
0.38455
0.384888
0.385225
0.385561
0.385897
0.386232
0.386567
0.386901
0.387234
0.387567
0.387899
0.388231
0.388561
0.388892
0.389222
0.389551
0.389879
0.390207
0.390534
0.390861
0.391187
0.391512
0.391837
0.392161
0.392484
0.392807
0.393129
0.39345
0.393771
0.394091
0.394411
0.39473
0.395048
0.395365
0.395682
0.395998
0.396314
0.396629
0.396943
0.397257
0.397569
0.397882
0.398193
0.398504
0.398814
0.399124
0.399433
0.399741
0.400048
0.400355
0.400661
0.400967
0.401272
0.401576
0.401879
0.402182
0.402484
0.402785
0.403086
0.403386
0.403685
0.403984
0.404282
0.404579
0.404876
0.405172
0.405467
0.405762
0.406056
0.406349
0.406642
0.406934
0.407225
0.407516
0.407805
0.408095
0.408383
0.408671
0.408958
0.409245
0.409531
0.409816
0.410101
0.410385
0.410668
0.410951
0.411233
0.411514
0.411795
0.412075
0.412354
0.412633
0.412911
0.413189
0.413465
0.413742
0.414017
0.414292
0.414566
0.41484
0.415113
0.415386
0.415658
0.415929
0.4162
0.41647
0.416739
0.417008
0.417276
0.417544
0.417811
0.418077
0.418343
0.418608
0.418873
0.419137
0.419401
0.419664
0.419926
0.420188
0.42045
0.42071
0.420971
0.42123
0.42149
0.421748
0.422006
0.422264
0.422521
0.422777
0.423033
0.423289
0.423544
0.423798
0.424052
0.424306
0.424559
0.424811
0.425063
0.425315
0.425566
0.425816
0.426066
0.426316
0.426565
0.426814
0.427062
0.42731
0.427557
0.427804
0.42805
0.428296
0.428542
0.428787
0.429032
0.429276
0.42952
0.429763
0.430007
0.430249
0.430491
0.430733
0.430975
0.431216
0.431456
0.431697
0.431936
0.432176
0.432415
0.432654
0.432892
0.43313
0.433368
0.433605
0.433842
0.434078
0.434315
0.43455
0.434786
0.435021
0.435256
0.43549
0.435724
0.435958
0.436192
0.436425
0.436657
0.43689
0.437122
0.437354
0.437585
0.437816
0.438047
0.438278
0.438508
0.438738
0.438967
0.439197
0.439426
0.439654
0.439883
0.440111
0.440338
0.440566
0.440793
0.44102
0.441246
0.441473
0.441698
0.441924
0.442149
0.442374
0.442599
0.442824
0.443048
0.443272
0.443495
0.443718
0.443941
0.444164
0.444386
0.444608
0.44483
0.445052
0.445273
0.445494
0.445714
0.445935
0.446155
0.446374
0.446594
0.446813
0.447032
0.44725
0.447468
0.447686
0.447904
0.448121
0.448338
0.448555
0.448771
0.448987
0.449203
0.449418
0.449633
0.449848
0.450063
0.450277
0.450491
0.450704
0.450917
0.45113
0.451343
0.451555
0.451767
0.451979
0.45219
0.452401
0.452611
0.452822
0.453031
0.453241
0.45345
0.453659
0.453868
0.454076
0.454284
0.454491
0.454698
0.454905
0.455112
0.455318
0.455524
0.455729
0.455934
0.456139
0.456343
0.456547
0.456751
0.456954
0.457157
0.457359
0.457561
0.457763
0.457964
0.458165
0.458366
0.458566
0.458766
0.458966
0.459165
0.459363
0.459562
0.45976
0.459957
0.460154
0.460351
0.460547
0.460743
0.460939
0.461134
0.461329
0.461523
0.461717
0.461911
0.462104
0.462297
0.462489
0.462681
0.462873
0.463064
0.463255
0.463445
0.463635
0.463825
0.464014
0.464203
0.464391
0.464579
0.464767
0.464954
0.465141
0.465327
0.465513
0.465698
0.465884
0.466068
0.466252
0.466436
0.46662
0.466803
0.466985
0.467168
0.46735
0.467531
0.467712
0.467893
0.468073
0.468252
0.468432
0.468611
0.468789
0.468967
0.469145
0.469323
0.469499
0.469676
0.469852
0.470028
0.470203
0.470378
0.470552
0.470727
0.4709
0.471074
0.471246
0.471419
0.471591
0.471763
0.471934
0.472105
0.472275
0.472446
0.472615
0.472785
0.472953
0.473122
0.47329
0.473458
0.473625
0.473792
0.473959
0.474125
0.474291
0.474456
0.474621
0.474786
0.47495
0.475114
0.475278
0.475441
0.475604
0.475766
0.475928
0.47609
0.476251
0.476412
0.476573
0.476733
0.476893
0.477052
0.477062
0.477062
0.477211
0.47737
0.477528
0.477686
0.477844
0.478001
0.478158
0.478314
0.478471
0.478626
0.478782
0.478937
0.479092
0.479246
0.4794
0.479554
0.479707
0.47986
0.480013
0.480165
0.480317
0.480469
0.48062
0.480771
0.480922
0.481072
0.481222
0.481371
0.48152
0.481669
0.481818
0.481966
0.482114
0.482261
0.482409
0.482555
0.482702
0.482848
0.482994
0.483139
0.483284
0.483429
0.483574
0.483718
0.483862
0.484005
0.484148
0.484291
0.484434
0.484576
0.484718
0.484859
0.485001
0.485141
0.485282
0.485422
0.485562
0.485702
0.485841
0.48598
0.486118
0.486257
0.486394
0.486532
0.486669
0.486806
0.486943
0.487079
0.487215
0.487351
0.487486
0.487621
0.487756
0.48789
0.488024
0.488158
0.488291
0.488424
0.488557
0.488689
0.488821
0.488953
0.489084
0.489215
0.489346
0.489477
0.489607
0.489736
0.489866
0.489995
0.490124
0.490252
0.49038
0.490508
0.490635
0.490762
0.490889
0.491016
0.491142
0.491267
0.491393
0.491518
0.491643
0.491767
0.491891
0.492015
0.492138
0.492261
0.492384
0.492506
0.492628
0.49275
0.492871
0.492993
0.493113
0.493233
0.493353
0.493473
0.493592
0.493711
0.49383
0.493948
0.494066
0.494184
0.494301
0.494418
0.494534
0.49465
0.494766
0.494881
0.494997
0.495111
0.495226
0.49534
0.495453
0.495567
0.495679
0.495792
0.495904
0.496016
0.496128
0.496239
0.496349
0.49646
0.49657
0.49668
0.496789
0.496898
0.497006
0.497115
0.497222
0.49733
0.497437
0.497544
0.49765
0.497756
0.497862
0.497967
0.498072
0.498176
0.49828
0.498384
0.498487
0.49859
0.498693
0.498795
0.498897
0.498998
0.499099
0.4992
0.4993
0.4994
0.4995
0.499599
0.499698
0.499796
0.499894
0.499992
0.500089
0.500186
0.500282
0.500378
0.500474
0.500569
0.500664
0.500759
0.500853
0.500947
0.50104
0.501133
0.501226
0.501318
0.50141
0.501501
0.501592
0.501683
0.501773
0.501863
0.501952
0.502041
0.50213
0.502218
0.502306
0.502393
0.50248
0.502567
0.502653
0.502739
0.502824
0.502909
0.502994
0.503078
0.503162
0.503246
0.503329
0.503411
0.503494
0.503575
0.503657
0.503738
0.503819
0.503899
0.503979
0.504058
0.504137
0.504216
0.504294
0.504372
0.50445
0.504527
0.504603
0.504679
0.504755
0.504831
0.504906
0.50498
0.505055
0.505129
0.505202
0.505275
0.505348
0.50542
0.505492
0.505563
0.505634
0.505705
0.505775
0.505845
0.505914
0.505983
0.506052
0.50612
0.506188
0.506255
0.506322
0.506389
0.506455
0.506521
0.506586
0.506651
0.506716
0.50678
0.506843
0.506907
0.50697
0.507032
0.507095
0.507156
0.507218
0.507279
0.507339
0.507399
0.507459
0.507518
0.507577
0.507636
0.507694
0.507752
0.507809
0.507866
0.507923
0.507979
0.508035
0.50809
0.508145
0.5082
0.508254
0.508308
0.508361
0.508414
0.508466
0.508519
0.50857
0.508622
0.508673
0.508723
0.508774
0.508823
0.508873
0.508922
0.50897
0.509019
0.509067
0.509114
0.509161
0.509208
0.509254
0.5093
0.509345
0.50939
0.509435
0.509479
0.509523
0.509567
0.50961
0.509653
0.509695
0.509737
0.509779
0.50982
0.509861
0.509901
0.509941
0.509981
0.51002
0.510059
0.510098
0.510136
0.510173
0.510211
0.510248
0.510284
0.510321
0.510356
0.510392
0.510427
0.510462
0.510496
0.51053
0.510564
0.510597
0.51063
0.510662
0.510694
0.510726
0.510757
0.510788
0.510819
0.510849
0.510879
0.510908
0.510937
0.510966
0.510994
0.511022
0.51105
0.511077
0.511104
0.51113
0.511156
0.511182
0.511207
0.511232
0.511257
0.511281
0.511305
0.511329
0.511352
0.511375
0.511397
0.511419
0.511441
0.511462
0.511483
0.511504
0.511524
0.511544
0.511564
0.511583
0.511602
0.51162
0.511638
0.511656
0.511673
0.51169
0.511707
0.511723
0.511739
0.511755
0.51177
0.511785
0.511799
0.511814
0.511827
0.511841
0.511854
0.511866
0.511879
0.511891
0.511902
0.511914
0.511925
0.511935
0.511945
0.511955
0.511965
0.511974
0.511982
0.511991
0.511999
0.512006
0.512014
0.512021
0.512027
0.512033
0.512039
0.512044
0.51205
0.512054
0.512059
0.512063
0.512066
0.512069
0.512072
0.512075
0.512077
0.512079
0.51208
0.512081
0.512081
0.512082
0.512082
0.512081
0.51208
0.512079
0.512077
0.512075
0.512072
0.51207
0.512066
0.512063
0.512058
0.512054
0.512049
0.512044
0.512038
0.512032
0.512026
0.512019
0.512011
0.512004
0.511996
0.511987
0.511978
0.511969
0.511959
0.511949
0.511938
0.511927
0.511915
0.511903
0.511891
0.511878
0.511864
0.511851
0.511836
0.511822
0.511807
0.511791
0.511775
0.511758
0.511741
0.511724
0.511706
0.511687
0.511669
0.511649
0.511629
0.511609
0.511588
0.511567
0.511545
0.511522
0.511499
0.511476
0.511452
0.511427
0.511402
0.511377
0.511351
0.511324
0.511297
0.511269
0.511241
0.511212
0.511182
0.511152
0.511122
0.511091
0.511059
0.511027
0.510994
0.51096
0.510926
0.510891
0.510856
0.51082
0.510783
0.510746
0.510708
0.51067
0.510631
0.510591
0.510551
0.51051
0.510468
0.510425
0.510382
0.510339
0.510294
0.510249
0.510203
0.510157
0.510109
0.510061
0.510013
0.509963
0.509913
0.509862
0.509811
0.509758
0.509705
0.509651
0.509596
0.509541
0.509485
0.509428
0.50937
0.509311
0.509252
0.509192
0.509131
0.509069
0.509006
0.508943
0.508878
0.508813
0.508747
0.50868
0.508613
0.508544
0.508474
0.508404
0.508333
0.50826
0.508187
0.508113
0.508038
0.507963
0.507886
0.507808
0.50773
0.50765
0.50757
0.507488
0.507406
0.507322
0.507238
0.507152
0.507066
0.506979
0.50689
0.506801
0.506711
0.506619
0.506527
0.506434
0.506339
0.506244
0.506147
0.50605
0.505951
0.505852
0.505751
0.505649
0.505546
0.505442
0.505337
0.505231
0.505124
0.505016
0.504907
0.504796
0.504685
0.504572
0.504458
0.504343
0.504227
0.50411
0.503992
0.503873
0.503752
0.503631
0.503508
0.503384
0.503259
0.503133
0.503005
0.502877
0.502747
0.502617
0.502485
0.502352
0.502218
0.502082
0.502082
0.501946
0.501808
0.501669
0.50153
0.501388
0.501246
0.501103
0.500958
0.500813
0.500666
0.500518
0.500369
0.500219
0.500067
0.499915
0.499761
0.499607
0.499451
0.499294
0.499136
0.498977
0.498816
0.498655
0.498492
0.498329
0.498164
0.497998
0.497832
0.497664
0.497495
0.497325
0.497154
0.496982
0.496809
0.496635
0.49646
0.496283
0.496106
0.495928
0.495749
0.495569
0.495388
0.495206
0.495023
0.494839
0.494655
0.494469
0.494283
0.494095
0.493907
0.493718
0.493528
0.493337
0.493145
0.492953
0.49276
0.492566
0.492371
0.492176
0.491979
0.491782
0.491585
0.491386
0.491187
0.490988
0.490787
0.490586
0.490385
0.490182
0.48998
0.489776
0.489572
0.489368
0.489163
0.488957
0.488751
0.488545
0.488338
0.488131
0.487923
0.487715
0.487506
0.487297
0.487088
0.486878
0.486668
0.486458
0.486248
0.486037
0.485826
0.485614
0.485403
0.485191
0.484979
0.484767
0.484554
0.484342
0.484129
0.483917
0.483704
0.483491
0.483278
0.483065
0.482852
0.482639
0.482426
0.482213
0.482
0.481787
0.481574
0.481361
0.481148
0.480935
0.480722
0.48051
0.480297
0.480085
0.479873
0.479661
0.479449
0.479237
0.479026
0.478815
0.478604
0.478393
0.478182
0.477972
0.477762
0.477552
0.477342
0.477133
0.476924
0.476715
0.476507
0.476298
0.476091
0.475883
0.475676
0.475469
0.475262
0.475056
0.47485
0.474645
0.474439
0.474235
0.47403
0.473826
0.473622
0.473419
0.473216
0.473013
0.472811
0.472609
0.472407
0.472206
0.472005
0.471805
0.471605
0.471405
0.471206
0.471007
0.470809
0.470611
0.470413
0.470216
0.470019
0.469822
0.469626
0.46943
0.469234
0.469039
0.468845
0.46865
0.468456
0.468263
0.468069
0.467876
0.467684
0.467492
0.4673
0.467108
0.466917
0.466726
0.466536
0.466346
0.466156
0.465966
0.465777
0.465588
0.465399
0.465211
0.465023
0.464835
0.464648
0.464461
0.464274
0.464087
0.463901
0.463715
0.463529
0.463343
0.463158
0.462973
0.462788
0.462604
0.462419
0.462235
0.462051
0.461867
0.461684
0.4615
0.461317
0.461134
0.460952
0.460769
0.460587
0.460404
0.460222
0.46004
0.459858
0.459677
0.459495
0.459314
0.459133
0.458951
0.45877
0.458589
0.458409
0.458228
0.458047
0.457867
0.457686
0.457506
0.457325
0.457145
0.456965
0.456785
0.456604
0.456424
0.456244
0.456064
0.455884
0.455704
0.455524
0.455344
0.455164
0.454984
0.454804
0.454624
0.454444
0.454264
0.454084
0.453904
0.453724
0.453543
0.453363
0.453183
0.453002
0.452822
0.452641
0.452461
0.45228
0.452099
0.451918
0.451737
0.451556
0.451375
0.451194
0.451012
0.450831
0.450649
0.450467
0.450285
0.450103
0.449921
0.449738
0.449556
0.449373
0.44919
0.449007
0.448824
0.448641
0.448457
0.448273
0.448089
0.447905
0.447721
0.447536
0.447352
0.447167
0.446982
0.446796
0.446611
0.446425
0.446239
0.446052
0.445866
0.445679
0.445492
0.445305
0.445117
0.44493
0.444742
0.444553
0.444365
0.444176
0.443987
0.443798
0.443608
0.443418
0.443228
0.443037
0.442847
0.442656
0.442464
0.442273
0.442081
0.441888
0.441696
0.441503
0.44131
0.441116
0.440923
0.440729
0.440534
0.440339
0.440144
0.439949
0.439753
0.439557
0.439361
0.439164
0.438967
0.438769
0.438572
0.438373
0.438175
0.437976
0.437777
0.437577
0.437378
0.437177
0.436977
0.436776
0.436575
0.436373
0.436171
0.435968
0.435766
0.435563
0.435359
0.435155
0.434951
0.434746
0.434541
0.434336
0.43413
0.433924
0.433718
0.433511
0.433304
0.433096
0.432888
0.43268
0.432471
0.432262
0.432052
0.431842
0.431632
0.431422
0.43121
0.430999
0.430787
0.430575
0.430362
0.43015
0.429936
0.429722
0.429508
0.429294
0.429079
0.428864
0.428648
0.428432
0.428216
0.427999
0.427782
0.427564
0.427346
0.427128
0.426909
0.42669
0.426471
0.426251
0.426031
0.42581
0.425589
0.425368
0.425146
0.424924
0.424702
0.424479
0.424256
0.424033
0.423809
0.423584
0.42336
0.423135
0.42291
0.422684
0.422458
0.422231
0.422005
0.421777
0.42155
0.421322
0.421094
0.420865
0.420637
0.420407
0.420178
0.419948
0.419718
0.419487
0.419256
0.419025
0.418793
0.418561
0.418329
0.418097
0.417864
0.41763
0.417397
0.417163
0.416929
0.416694
0.416459
0.416224
0.415989
0.415753
0.415517
0.415281
0.415044
0.414807
0.41457
0.414332
0.414094
0.413856
0.413618
0.413379
0.41314
0.4129
0.412661
0.412421
0.412181
0.41194
0.411699
0.411458
0.411217
0.410975
0.410734
0.410491
0.410249
0.410006
0.409763
0.40952
0.409277
0.409033
0.408789
0.408545
0.4083
0.408055
0.40781
0.407565
0.40732
0.407074
0.406828
0.406582
0.406335
0.406089
0.405842
0.405594
0.405347
0.405099
0.404851
0.404603
0.404355
0.404106
0.403857
0.403608
0.403359
0.403109
0.402859
0.402609
0.402359
0.402109
0.401858
0.401607
0.401356
0.401105
0.400853
0.400601
0.400349
0.400097
0.399845
0.399592
0.399339
0.399086
0.398832
0.398579
0.398325
0.398071
0.397817
0.397562
0.397308
0.397053
0.396797
0.396542
0.396287
0.396031
0.395775
0.395518
0.395262
0.395005
0.394748
0.394491
0.394234
0.393976
0.393718
0.39346
0.393202
0.392943
0.392684
0.392425
0.392166
0.391907
0.391647
0.391387
0.391127
0.390866
0.390605
0.390344
0.390083
0.389822
0.38956
0.389298
0.389036
0.388773
0.38851
0.388247
0.387984
0.38772
0.387456
0.387192
0.386928
0.386663
0.386398
0.386133
0.385867
0.385601
0.385335
0.385069
0.384802
0.384535
0.384268
0.384
0.383732
0.383464
0.383195
0.382926
0.382657
0.382387
0.382117
0.381847
0.381576
0.381305
0.381034
0.380762
0.38049
0.380217
0.379945
0.379671
0.379398
0.379124
0.37885
0.378575
0.3783
0.378024
0.377748
0.377472
0.377196
0.376918
0.376641
0.376363
0.376085
0.375806
0.375526
0.375247
0.374967
0.374686
0.374405
0.374124
0.373842
0.373559
0.373276
0.372993
0.372709
0.372425
0.37214
0.371854
0.371569
0.371282
0.370995
0.370708
0.37042
0.370132
0.369843
0.369553
0.369263
0.368972
0.368681
0.36839
0.368097
0.367804
0.367511
0.367217
0.366922
0.366627
0.366331
0.366035
0.365738
0.36544
0.365142
0.364843
0.364544
0.364244
0.363943
0.363642
0.36334
0.363037
0.362734
0.36243
0.362125
0.36182
0.361514
0.361207
0.3609
0.360592
0.360283
0.359974
0.359664
0.359353
0.359042
0.358729
0.358416
0.358103
0.357788
0.357473
0.357157
0.356841
0.356523
0.356205
0.355887
0.355567
0.355247
0.354925
0.354604
0.354281
0.353958
0.353633
0.353308
0.352983
0.352656
0.352329
0.352
0.351671
0.351342
0.351011
0.35068
0.350348
0.350015
0.349681
0.349346
0.349011
0.348674
0.348337
0.347999
0.34766
0.347321
0.34698
0.346639
0.346297
0.345954
0.34561
0.345265
0.34492
0.344574
0.344226
0.343878
0.343529
0.34318
0.342829
0.342477
0.342125
0.341772
0.341418
0.341063
0.340707
0.34035
0.339993
0.339634
0.339275
0.338915
0.338554
0.338192
0.337829
0.337466
0.337101
0.336736
0.33637
0.336003
0.335635
0.335266
0.334896
0.334526
0.334155
0.333782
0.333409
0.333035
0.33266
0.332285
0.331908
0.331531
0.331153
0.330774
0.330394
0.330013
0.329631
0.329249
0.328865
0.328481
0.328096
0.32771
0.327324
0.326936
0.326548
0.326159
0.325769
0.325378
0.324986
0.324594
0.324201
0.323807
0.323412
0.323016
0.322619
0.322222
0.321824
0.321425
0.321025
0.320625
0.320224
0.319822
0.319419
0.319015
0.318611
0.318206
0.3178
0.317393
0.316986
0.316577
0.316169
0.315759
0.315348
0.314937
0.314525
0.314113
0.313699
0.313285
0.312871
0.312455
0.312039
0.311622
0.311204
0.310786
0.310367
0.309947
0.309527
0.309106
0.308684
0.308262
0.307839
0.307415
0.306991
0.306565
0.30614
0.305713
0.305287
0.304859
0.304431
0.304002
0.303572
0.303142
0.302712
0.30228
0.301849
0.301416
0.300983
0.300549
0.300115
0.29968
0.299245
0.298809
0.298373
0.297936
0.297498
0.29706
0.296621
0.296182
0.295742
0.295302
0.294862
0.29442
0.293979
0.293536
0.293094
0.29265
0.292207
0.291763
0.291318
0.290873
0.290427
0.289981
0.289535
0.289088
0.288641
0.288193
0.287745
0.287296
0.286847
0.286398
0.285948
0.285497
0.285047
0.284596
0.284144
0.283693
0.283241
0.282788
0.282335
0.281882
0.281428
0.280974
0.28052
0.280066
0.279611
0.279156
0.2787
0.278244
0.277788
0.277332
0.276875
0.276418
0.275961
0.275503
0.275046
0.274588
0.274129
0.273671
0.273212
0.272753
0.272294
0.271834
0.271374
0.270915
0.270454
0.269994
0.269534
0.269073
0.268612
0.268151
0.26769
0.267228
0.266767
0.266305
0.265843
0.265381
0.264919
0.264457
0.263995
0.263532
0.26307
0.262607
0.262144
0.261681
0.261218
0.260755
0.260292
0.259829
0.259366
0.258902
0.258439
0.257976
0.257512
0.257049
0.256585
0.256122
0.255658
0.255194
0.254731
0.254267
0.253804
0.25334
0.252877
0.252413
0.25195
0.251487
0.251023
0.25056
0.250097
0.249633
0.24917
0.248707
0.248244
0.247781
0.247319
0.246856
0.246393
0.245931
0.245468
0.245006
0.244544
0.244082
0.24362
0.243159
0.242697
0.242236
0.241774
0.241313
0.240852
0.240392
0.239931
0.239471
0.23901
0.23855
0.238091
0.237631
0.237172
0.236713
0.236254
0.235795
0.235337
0.234878
0.23442
0.233963
0.233505
0.233048
0.232591
0.232134
0.231678
0.231222
0.230766
0.23031
0.229855
0.2294
0.228945
0.228491
0.228037
0.227583
0.22713
0.226677
0.226224
0.225771
0.225319
0.224867
0.224416
0.223965
0.223514
0.223064
0.222614
0.222164
0.221715
0.221266
0.220817
0.220369
0.219921
0.219474
0.219027
0.21858
0.218133
0.217688
0.217242
0.216797
0.216352
0.215908
0.215464
0.21502
0.214577
0.214134
0.213692
0.21325
0.212809
0.212368
0.211927
0.211487
0.211047
0.210608
0.210169
0.20973
0.209292
0.208854
0.208417
0.20798
0.207544
0.207108
0.206672
0.206237
0.205802
0.205368
0.204934
0.204501
0.204068
0.203635
0.203203
0.202771
0.20234
0.201909
0.201479
0.201049
0.200619
0.20019
0.199761
0.199333
0.198905
0.198478
0.198051
0.197624
0.197198
0.196772
0.196347
0.195922
0.195497
0.195073
0.194649
0.194226
0.193803
0.19338
0.192958
0.192536
0.192115
0.191694
0.191273
0.190853
0.190433
0.190014
0.189595
0.189176
0.188757
0.188339
0.187922
0.187504
0.187087
0.186671
0.186255
0.185839
0.185423
0.185008
0.184593
0.184178
0.183764
0.18335
0.182936
0.182523
0.18211
0.181697
0.181285
0.180873
0.180461
0.180049
0.179638
0.179227
0.178816
0.178406
0.177996
0.177586
0.177176
0.176767
0.176357
