0.576923
0.576923
0.576922
0.57692
0.576917
0.576917
0.576913
0.576909
0.576904
0.576898
0.576892
0.576885
0.576877
0.576868
0.576858
0.576848
0.576837
0.576825
0.576812
0.576799
0.576784
0.576769
0.576754
0.576737
0.57672
0.576702
0.576683
0.576663
0.576643
0.576622
0.5766
0.576577
0.576554
0.57653
0.576505
0.576479
0.576453
0.576425
0.576397
0.576369
0.576339
0.576309
0.576278
0.576246
0.576213
0.57618
0.576146
0.576111
0.576075
0.576038
0.576001
0.575963
0.575924
0.575885
0.575845
0.575804
0.575762
0.575719
0.575676
0.575632
0.575587
0.575541
0.575495
0.575447
0.575399
0.575351
0.575301
0.575251
0.5752
0.575148
0.575096
0.575042
0.574988
0.574933
0.574878
0.574821
0.574764
0.574706
0.574648
0.574588
0.574528
0.574467
0.574405
0.574343
0.574279
0.574215
0.574151
0.574085
0.574019
0.573952
0.573884
0.573815
0.573746
0.573676
0.573605
0.573533
0.573461
0.573387
0.573313
0.573239
0.573163
0.573087
0.57301
0.572932
0.572854
0.572774
0.572694
0.572613
0.572532
0.572449
0.572366
0.572282
0.572198
0.572112
0.572026
0.571939
0.571852
0.571763
0.571674
0.571584
0.571493
0.571402
0.571309
0.571216
0.571123
0.571028
0.570933
0.570837
0.57074
0.570642
0.570544
0.570445
0.570345
0.570244
0.570143
0.570041
0.569938
0.569834
0.56973
0.569625
0.569519
0.569412
0.569305
0.569196
0.569088
0.568978
0.568867
0.568756
0.568644
0.568531
0.568418
0.568304
0.568189
0.568073
0.567956
0.567839
0.567721
0.567602
0.567483
0.567362
0.567241
0.567119
0.566997
0.566873
0.566749
0.566625
0.566499
0.566373
0.566246
0.566118
0.565989
0.56586
0.56573
0.565599
0.565467
0.565335
0.565202
0.565068
0.564933
0.564798
0.564662
0.564525
0.564387
0.564249
0.564109
0.56397
0.563829
0.563688
0.563545
0.563402
0.563259
0.563114
0.562969
0.562823
0.562677
0.562529
0.562381
0.562232
0.562083
0.561932
0.561781
0.561629
0.561477
0.561323
0.561169
0.561014
0.560859
0.560702
0.560545
0.560387
0.560229
0.560069
0.559909
0.559748
0.559587
0.559424
0.559261
0.559098
0.558933
0.558768
0.558602
0.558435
0.558267
0.558099
0.55793
0.55776
0.55759
0.557418
0.557246
0.557074
0.5569
0.556726
0.556551
0.556375
0.556199
0.556022
0.555844
0.555665
0.555486
0.555306
0.555125
0.554943
0.554761
0.554578
0.554394
0.554209
0.554024
0.553838
0.553651
0.553463
0.553275
0.553086
0.552896
0.552706
0.552515
0.552323
0.55213
0.551937
0.551743
0.551548
0.551352
0.551156
0.550959
0.550761
0.550562
0.550363
0.550163
0.549962
0.549761
0.549558
0.549355
0.549152
0.548947
0.548742
0.548536
0.54833
0.548122
0.547914
0.547706
0.547496
0.547286
0.547075
0.546863
0.546651
0.546438
0.546224
0.546009
0.545794
0.545578
0.545361
0.545143
0.544925
0.544706
0.544486
0.544266
0.544045
0.543823
0.5436
0.543377
0.543153
0.542928
0.542703
0.542476
0.54225
0.542022
0.541793
0.541564
0.541335
0.541104
0.540873
0.540641
0.540408
0.540175
0.53994
0.539706
0.53947
0.539234
0.538997
0.538759
0.538521
0.538281
0.538041
0.537801
0.53756
0.537318
0.537075
0.536831
0.536587
0.536342
0.536097
0.53585
0.535603
0.535356
0.535107
0.534858
0.534608
0.534357
0.534106
0.533854
0.533601
0.533348
0.533094
0.532839
0.532583
0.532327
0.53207
0.531812
0.531554
0.531295
0.531035
0.530775
0.530513
0.530251
0.529989
0.529725
0.529461
0.529197
0.528931
0.528665
0.528398
0.52813
0.527862
0.527593
0.527324
0.527053
0.526782
0.52651
0.526238
0.525965
0.525691
0.525416
0.525141
0.524865
0.524588
0.524311
0.524033
0.523754
0.523474
0.523194
0.522913
0.522632
0.52235
0.522067
0.521783
0.521499
0.521214
0.520928
0.520641
0.520354
0.520066
0.519778
0.519489
0.519199
0.518908
0.518617
0.518325
0.518032
0.517739
0.517445
0.51715
0.516855
0.516559
0.516262
0.515964
0.515666
0.515367
0.515068
0.514768
0.514467
0.514165
0.513863
0.51356
0.513256
0.512952
0.512647
0.512341
0.512035
0.511728
0.51142
0.511112
0.510803
0.510493
0.510182
0.509871
0.509559
0.509247
0.508934
0.50862
0.508305
0.50799
0.507674
0.507358
0.50704
0.506723
0.506404
0.506085
0.505765
0.505444
0.505123
0.504801
0.504478
0.504155
0.503831
0.503506
0.503181
0.502855
0.502529
0.502201
0.501873
0.501545
0.501215
0.500885
0.500555
0.500223
0.499891
0.499559
0.499225
0.498891
0.498557
0.498221
0.497885
0.497549
0.497212
0.496874
0.496535
0.496196
0.495856
0.495515
0.495174
0.494832
0.494489
0.494146
0.493802
0.493458
0.493112
0.492767
0.49242
0.492073
0.491725
0.491377
0.491027
0.490678
0.490327
0.489976
0.489624
0.489272
0.488919
0.488565
0.488211
0.487856
0.4875
0.487144
0.486787
0.486429
0.486071
0.485712
0.485353
0.484992
0.484632
0.48427
0.483908
0.483545
0.483182
0.482818
0.482453
0.482088
0.481722
0.481355
0.480988
0.48062
0.480251
0.479882
0.479512
0.479142
0.478771
0.478399
0.478027
0.477654
0.47728
0.476906
0.476531
0.476155
0.475779
0.475402
0.475025
0.474647
0.474268
0.473889
0.473509
0.473128
0.472747
0.472365
0.471982
0.471599
0.471215
0.470831
0.470446
0.47006
0.469674
0.469287
0.4689
0.468512
0.468123
0.467733
0.467343
0.466953
0.466562
0.46617
0.465777
0.465384
0.46499
0.464596
0.464201
0.463805
0.463409
0.463012
0.462615
0.462217
0.461818
0.461419
0.461019
0.460619
0.460217
0.459816
0.459413
0.45901
0.458607
0.458203
0.457798
0.457392
0.456986
0.45658
0.456173
0.455765
0.455356
0.454947
0.454538
0.454127
0.453716
0.453305
0.452893
0.45248
0.452067
0.451653
0.451239
0.450824
0.450408
0.449992
0.449575
0.449157
0.448739
0.44832
0.447901
0.447481
0.447061
0.44664
0.446218
0.445796
0.445373
0.44495
0.444526
0.444101
0.443676
0.44325
0.442824
0.442397
0.441969
0.441541
0.441112
0.440683
0.440253
0.439822
0.439391
0.43896
0.438527
0.438094
0.437661
0.437227
0.436792
0.436357
0.435922
0.435485
0.435048
0.434611
0.434173
0.433734
0.433295
0.432855
0.432415
0.431974
0.431532
0.43109
0.430647
0.430204
0.42976
0.429316
0.428871
0.428425
0.427979
0.427533
0.427085
0.426638
0.426189
0.42574
0.425291
0.424841
0.42439
0.423939
0.423487
0.423035
0.422582
0.422128
0.421674
0.42122
0.420764
0.420309
0.419852
0.419396
0.418938
0.41848
0.418022
0.417563
0.417103
0.416643
0.416182
0.415721
0.415259
0.414797
0.414334
0.41387
0.413406
0.412942
0.412476
0.412011
0.411544
0.411078
0.41061
0.410142
0.409674
0.409205
0.408735
0.408265
0.407795
0.407324
0.406852
0.40638
0.405907
0.405434
0.40496
0.404485
0.40401
0.403535
0.403059
0.402582
0.402105
0.401628
0.40115
0.400671
0.400192
0.399712
0.399232
0.398751
0.398269
0.397788
0.397305
0.396822
0.396339
0.395855
0.39537
0.394885
0.3944
0.393914
0.393427
0.39294
0.392452
0.391964
0.391475
0.390986
0.390496
0.390006
0.389515
0.389024
0.388532
0.38804
0.387547
0.387053
0.386559
0.386065
0.38557
0.385075
0.384579
0.384082
0.383585
0.383088
0.38259
0.382091
0.381592
0.381093
0.380593
0.380092
0.379591
0.37909
0.378588
0.378085
0.377582
0.377078
0.376574
0.37607
0.375565
0.375059
0.374553
0.374047
0.373539
0.373032
0.372524
0.372015
0.371506
0.370997
0.370487
0.369976
0.369465
0.368954
0.368442
0.367929
0.367416
0.366903
0.366389
0.365874
0.365359
0.364844
0.364328
0.363812
0.363295
0.362777
0.36226
0.361741
0.361222
0.360703
0.360183
0.359663
0.359142
0.358621
0.358099
0.357577
0.357055
0.356532
0.356008
0.355484
0.354959
0.354434
0.353909
0.353383
0.352857
0.35233
0.351802
0.351274
0.350746
0.350217
0.349688
0.349158
0.348628
0.348098
0.347567
0.347035
0.346503
0.345971
0.345438
0.344904
0.34437
0.343836
0.343301
0.342766
0.34223
0.341694
0.341158
0.340621
0.340083
0.339545
0.339007
0.338468
0.337929
0.337389
0.336849
0.336308
0.335767
0.335225
0.334683
0.334141
0.333598
0.333055
0.332511
0.331967
0.331422
0.330877
0.330331
0.329785
0.329239
0.328692
0.328145
0.327597
0.327049
0.3265
0.325951
0.325402
0.324852
0.324302
0.323751
0.3232
0.322648
0.322096
0.321543
0.320991
0.320437
0.319883
0.319329
0.318775
0.31822
0.317664
0.317108
0.316552
0.315995
0.315438
0.31488
0.314322
0.313764
0.313205
0.312646
0.312086
0.311526
0.310966
0.310405
0.309843
0.309282
0.30872
0.308157
0.307594
0.307031
0.306467
0.305903
0.305338
0.304773
0.304208
0.303642
0.303076
0.302509
0.301942
0.301374
0.300807
0.300238
0.29967
0.299101
0.298531
0.297961
0.297391
0.296821
0.29625
0.295678
0.295106
0.294534
0.293962
0.293389
0.292815
0.292241
0.291667
0.291093
0.290518
0.289943
0.289367
0.288791
0.288214
0.287637
0.28706
0.286483
0.285905
0.285326
0.284747
0.284168
0.283589
0.283009
0.282429
0.281848
0.281267
0.280686
0.280104
0.279522
0.278939
0.278356
0.277773
0.277189
0.276605
0.276021
0.275436
0.274851
0.274266
0.27368
0.273094
0.272507
0.27192
0.271333
0.270745
0.270157
0.269569
0.26898
0.268391
0.267802
0.267212
0.266622
0.266031
0.26544
0.264849
0.264258
0.263666
0.263073
0.262481
0.261888
0.261294
0.260701
0.260107
0.259512
0.258918
0.258323
0.257727
0.257132
0.256535
0.255939
0.255342
0.254745
0.254148
0.25355
0.252952
0.252353
0.251755
0.251156
0.250556
0.249956
0.249356
0.248756
0.248155
0.247554
0.246952
0.246351
0.245748
0.245146
0.244543
0.24394
0.243337
0.242733
0.242129
0.241525
0.24092
0.240315
0.23971
0.239104
0.238498
0.237892
0.237285
0.236678
0.236071
0.235463
0.234855
0.234247
0.233639
0.23303
0.232421
0.231811
0.231202
0.230592
0.229981
0.229371
0.22876
0.228148
0.227537
0.226925
0.226313
0.2257
0.225088
0.224474
0.223861
0.223247
0.222633
0.222019
0.221405
0.22079
0.220175
0.219559
0.218943
0.218327
0.217711
0.217094
0.216478
0.21586
0.215243
0.214625
0.214007
0.213389
0.21277
0.212151
0.211532
0.210913
0.210293
0.209673
0.209053
0.208432
0.207811
0.20719
0.206569
0.205947
0.205325
0.204703
0.20408
0.203457
0.202834
0.202211
0.201587
0.200964
0.200339
0.199715
0.19909
0.198466
0.19784
0.197215
0.196589
0.195963
0.195337
0.19471
0.194084
0.193457
0.192829
0.192202
0.191574
0.190946
0.190318
0.189689
0.18906
0.188431
0.187802
0.187173
0.186543
0.185913
0.185282
0.184652
0.184021
0.18339
0.182759
0.182127
0.181496
0.180864
0.180231
0.179599
0.178966
0.178333
0.1777
0.177067
0.176433
0.175799
0.175165
0.17453
0.173896
0.173261
0.172626
0.171991
0.171355
0.170719
0.170083
0.169447
0.168811
0.168174
0.167537
0.1669
0.166263
0.165625
0.164987
0.164349
0.163711
0.163073
0.162434
0.161795
0.161156
0.160517
0.159877
0.159238
0.158598
0.157958
0.157317
0.156677
0.156036
0.155395
0.154754
0.154112
0.153471
0.152829
0.152187
0.151545
0.150902
0.15026
0.149617
0.148974
0.148331
0.147687
0.147044
0.1464
0.145756
0.145112
0.144467
0.143823
0.143178
0.142533
0.141888
0.141243
0.140597
0.139952
0.139306
0.13866
0.138013
0.137367
0.13672
0.136073
0.135426
0.134779
0.134132
0.133484
0.132837
0.132189
0.131541
0.130892
0.130244
0.129595
0.128947
0.128298
0.127649
0.126999
0.12635
0.1257
0.125051
0.124401
0.123751
0.1231
0.12245
0.121799
0.121149
0.120498
0.119847
0.119195
0.118544
0.117892
0.117241
0.116589
0.115937
0.115285
0.114632
0.11398
0.113327
0.112674
0.112021
0.111368
0.110715
0.110062
0.109408
0.108754
0.108101
0.107447
0.106793
0.106138
0.105484
0.104829
0.104175
0.10352
0.102865
0.10221
0.101555
0.100899
0.100244
0.0995883
0.0989325
0.0982766
0.0976206
0.0969645
0.0963082
0.0956518
0.0949953
0.0943386
0.0936818
0.0930249
0.0923679
0.0917107
0.0910534
0.090396
0.0897385
0.0890809
0.0884231
0.0877653
0.0871073
0.0864492
0.0857909
0.0851326
0.0844742
0.0838156
0.0831569
0.0824981
0.0818392
0.0811802
0.0805211
0.0798619
0.0792026
0.0785431
0.0778836
0.077224
0.0765642
0.0759044
0.0752444
0.0745844
0.0739243
0.073264
0.0726037
0.0719432
0.0712827
0.0706221
0.0699614
0.0693005
0.0686396
0.0679786
0.0673176
0.0666564
0.0659951
0.0653338
0.0646723
0.0640108
0.0633492
0.0626875
0.0620257
0.0613638
0.0607019
0.0600399
0.0593778
0.0587156
0.0580533
0.057391
0.0567286
0.0560661
0.0554035
0.0547409
0.0540781
0.0534154
0.0527525
0.0520896
0.0514266
0.0507635
0.0501004
0.0494372
0.0487739
0.0481106
0.0474472
0.0467837
0.0461202
0.0454566
0.044793
0.0441293
0.0434655
0.0428017
0.0421378
0.0420947
0.0420947
0.0414739
0.0408099
0.0401459
0.0394818
0.0388176
0.0381534
0.0374892
0.0368249
0.0361606
0.0354962
0.0348317
0.0341672
0.0335027
0.0328381
0.0321735
0.0315088
0.0308441
0.0301794
0.0295146
0.0288497
0.0281849
0.02752
0.026855
0.0261901
0.025525
0.02486
0.0241949
0.0235298
0.0228647
0.0221995
0.0215343
0.0208691
0.0202038
0.0195385
0.0188732
0.0182079
0.0175425
0.0168771
0.0162117
0.0155463
0.0148808
0.0142154
0.0135499
0.0128844
0.0122189
0.0115533
0.0108878
0.0102222
0.00955662
0.00889102
0.00822541
0.00755979
0.00689417
0.00622853
0.00556288
0.00489723
0.00423157
0.00356591
0.00290024
0.00223456
0.00156888
0.000903206
0.000237526
-0.000428155
-0.00109383
-0.00175951
-0.00242519
-0.00309086
-0.00375653
-0.00442219
-0.00508785
-0.0057535
-0.00641915
-0.00708478
-0.00775041
-0.00841602
-0.00908163
-0.00974722
-0.0104128
-0.0110784
-0.0117439
-0.0124094
-0.013075
-0.0137405
-0.0144059
-0.0150714
-0.0157369
-0.0164023
-0.0170677
-0.0177331
-0.0183984
-0.0190637
-0.019729
-0.0203943
-0.0210596
-0.0217248
-0.02239
-0.0230551
-0.0237203
-0.0243854
-0.0250505
-0.0257155
-0.0263805
-0.0270455
-0.0277104
-0.0283753
-0.0290401
-0.029705
-0.0303697
-0.0310345
-0.0316992
-0.0323638
-0.0330284
-0.033693
-0.0343575
-0.035022
-0.0356864
-0.0363508
-0.0370151
-0.0376794
-0.0383437
-0.0390078
-0.039672
-0.040336
-0.0410001
-0.041664
-0.042328
-0.0429918
-0.0436556
-0.0443194
-0.044983
-0.0456467
-0.0463102
-0.0469737
-0.0476372
-0.0483005
-0.0489639
-0.0496271
-0.0502903
-0.0509534
-0.0516164
-0.0522794
-0.0529423
-0.0536052
-0.0542679
-0.0549306
-0.0555932
-0.0562558
-0.0569183
-0.0575806
-0.058243
-0.0589052
-0.0595674
-0.0602295
-0.0608915
-0.0615534
-0.0622152
-0.062877
-0.0635386
-0.0642002
-0.0648617
-0.0655232
-0.0661845
-0.0668457
-0.0675069
-0.0681679
-0.0688289
-0.0694898
-0.0701506
-0.0708113
-0.0714719
-0.0721324
-0.0727928
-0.0734531
-0.0741133
-0.0747734
-0.0754334
-0.0760934
-0.0767532
-0.0774129
-0.0780725
-0.078732
-0.0793914
-0.0800507
-0.0807099
-0.081369
-0.0820279
-0.0826868
-0.0833455
-0.0840042
-0.0846627
-0.0853211
-0.0859794
-0.0866376
-0.0872957
-0.0879537
-0.0886115
-0.0892692
-0.0899268
-0.0905843
-0.0912417
-0.0918989
-0.092556
-0.093213
-0.0938699
-0.0945267
-0.0951833
-0.0958398
-0.0964961
-0.0971524
-0.0978085
-0.0984645
-0.0991203
-0.099776
-0.100432
-0.101087
-0.101742
-0.102398
-0.103053
-0.103708
-0.104362
-0.105017
-0.105671
-0.106326
-0.10698
-0.107634
-0.108288
-0.108942
-0.109595
-0.110249
-0.110902
-0.111555
-0.112208
-0.112861
-0.113514
-0.114167
-0.114819
-0.115471
-0.116123
-0.116775
-0.117427
-0.118079
-0.11873
-0.119382
-0.120033
-0.120684
-0.121335
-0.121986
-0.122636
-0.123287
-0.123937
-0.124587
-0.125237
-0.125886
-0.126536
-0.127185
-0.127835
-0.128484
-0.129133
-0.129781
-0.13043
-0.131078
-0.131726
-0.132374
-0.133022
-0.13367
-0.134317
-0.134965
-0.135612
-0.136259
-0.136905
-0.137552
-0.138198
-0.138845
-0.139491
-0.140136
-0.140782
-0.141428
-0.142073
-0.142718
-0.143363
-0.144008
-0.144652
-0.145296
-0.14594
-0.146584
-0.147228
-0.147872
-0.148515
-0.149158
-0.149801
-0.150444
-0.151086
-0.151729
-0.152371
-0.153013
-0.153655
-0.154296
-0.154937
-0.155579
-0.156219
-0.15686
-0.157501
-0.158141
-0.158781
-0.159421
-0.160061
-0.1607
-0.161339
-0.161978
-0.162617
-0.163256
-0.163894
-0.164532
-0.16517
-0.165808
-0.166445
-0.167083
-0.16772
-0.168356
-0.168993
-0.169629
-0.170265
-0.170901
-0.171537
-0.172173
-0.172808
-0.173443
-0.174078
-0.174712
-0.175346
-0.17598
-0.176614
-0.177248
-0.177881
-0.178514
-0.179147
-0.17978
-0.180412
-0.181045
-0.181676
-0.182308
-0.18294
-0.183571
-0.184202
-0.184833
-0.185463
-0.186093
-0.186723
-0.187353
-0.187982
-0.188612
-0.189241
-0.189869
-0.190498
-0.191126
-0.191754
-0.192382
-0.193009
-0.193636
-0.194263
-0.19489
-0.195516
-0.196142
-0.196768
-0.197394
-0.198019
-0.198645
-0.199269
-0.199894
-0.200518
-0.201142
-0.201766
-0.20239
-0.203013
-0.203636
-0.204258
-0.204881
-0.205503
-0.206125
-0.206747
-0.207368
-0.207989
-0.20861
-0.20923
-0.20985
-0.21047
-0.21109
-0.211709
-0.212329
-0.212947
-0.213566
-0.214184
-0.214802
-0.21542
-0.216037
-0.216654
-0.217271
-0.217888
-0.218504
-0.21912
-0.219735
-0.220351
-0.220966
-0.221581
-0.222195
-0.222809
-0.223423
-0.224037
-0.22465
-0.225263
-0.225876
-0.226488
-0.2271
-0.227712
-0.228323
-0.228935
-0.229546
-0.230156
-0.230766
-0.231376
-0.231986
-0.232595
-0.233204
-0.233813
-0.234421
-0.23503
-0.235637
-0.236245
-0.236852
-0.237459
-0.238065
-0.238671
-0.239277
-0.239883
-0.240488
-0.241093
-0.241698
-0.242302
-0.242906
-0.24351
-0.244113
-0.244716
-0.245319
-0.245921
-0.246523
-0.247125
-0.247726
-0.248327
-0.248928
-0.249528
-0.250128
-0.250728
-0.251327
-0.251926
-0.252525
-0.253123
-0.253721
-0.254319
-0.254916
-0.255513
-0.25611
-0.256706
-0.257302
-0.257898
-0.258493
-0.259088
-0.259683
-0.260277
-0.260871
-0.261464
-0.262058
-0.262651
-0.263243
-0.263835
-0.264427
-0.265018
-0.26561
-0.2662
-0.266791
-0.267381
-0.267971
-0.26856
-0.269149
-0.269737
-0.270326
-0.270914
-0.271501
-0.272088
-0.272675
-0.273262
-0.273848
-0.274433
-0.275019
-0.275604
-0.276188
-0.276773
-0.277357
-0.27794
-0.278523
-0.279106
-0.279688
-0.28027
-0.280852
-0.281433
-0.282014
-0.282595
-0.283175
-0.283755
-0.284334
-0.284913
-0.285492
-0.28607
-0.286648
-0.287226
-0.287803
-0.288379
-0.288956
-0.289532
-0.290107
-0.290683
-0.291257
-0.291832
-0.292406
-0.292979
-0.293553
-0.294126
-0.294698
-0.29527
-0.295842
-0.296413
-0.296984
-0.297555
-0.298125
-0.298694
-0.299264
-0.299833
-0.300401
-0.300969
-0.301537
-0.302104
-0.302671
-0.303238
-0.303804
-0.30437
-0.304935
-0.3055
-0.306064
-0.306628
-0.307192
-0.307755
-0.308318
-0.308881
-0.309443
-0.310004
-0.310565
-0.311126
-0.311687
-0.312247
-0.312806
-0.313365
-0.313924
-0.314482
-0.31504
-0.315598
-0.316155
-0.316711
-0.317267
-0.317823
-0.318379
-0.318933
-0.319488
-0.320042
-0.320596
-0.321149
-0.321702
-0.322254
-0.322806
-0.323357
-0.323909
-0.324459
-0.325009
-0.325559
-0.326109
-0.326657
-0.327206
-0.327754
-0.328302
-0.328849
-0.329395
-0.329942
-0.330488
-0.331033
-0.331578
-0.332123
-0.332667
-0.33321
-0.333754
-0.334296
-0.334839
-0.33538
-0.335922
-0.336463
-0.337003
-0.337543
-0.338083
-0.338622
-0.339161
-0.339699
-0.340237
-0.340774
-0.341311
-0.341848
-0.342384
-0.342919
-0.342919
-0.343454
-0.343989
-0.344523
-0.345057
-0.34559
-0.346123
-0.346655
-0.347187
-0.347719
-0.34825
-0.34878
-0.34931
-0.34984
-0.350369
-0.350897
-0.351426
-0.351953
-0.352481
-0.353007
-0.353534
-0.354059
-0.354585
-0.35511
-0.355634
-0.356158
-0.356681
-0.357204
-0.357727
-0.358249
-0.35877
-0.359292
-0.359812
-0.360332
-0.360852
-0.361371
-0.36189
-0.362408
-0.362926
-0.363443
-0.36396
-0.364476
-0.364992
-0.365507
-0.366022
-0.366536
-0.36705
-0.367563
-0.368076
-0.368588
-0.3691
-0.369612
-0.370122
-0.370633
-0.371143
-0.371652
-0.372161
-0.372669
-0.373177
-0.373685
-0.374192
-0.374698
-0.375204
-0.375709
-0.376214
-0.376719
-0.377223
-0.377726
-0.378229
-0.378731
-0.379233
-0.379735
-0.380236
-0.380736
-0.381236
-0.381735
-0.382234
-0.382733
-0.38323
-0.383728
-0.384225
-0.384721
-0.385217
-0.385712
-0.386207
-0.386701
-0.387195
-0.387688
-0.388181
-0.388673
-0.389165
-0.389656
-0.390146
-0.390636
-0.391126
-0.391615
-0.392104
-0.392592
-0.393079
-0.393566
-0.394053
-0.394539
-0.395024
-0.395509
-0.395993
-0.396477
-0.396961
-0.397443
-0.397926
-0.398407
-0.398889
-0.399369
-0.399849
-0.400329
-0.400808
-0.401287
-0.401765
-0.402242
-0.402719
-0.403195
-0.403671
-0.404147
-0.404621
-0.405096
-0.405569
-0.406042
-0.406515
-0.406987
-0.407459
-0.40793
-0.4084
-0.40887
-0.409339
-0.409808
-0.410276
-0.410744
-0.411211
-0.411678
-0.412144
-0.41261
-0.413075
-0.413539
-0.414003
-0.414466
-0.414929
-0.415391
-0.415853
-0.416314
-0.416775
-0.417235
-0.417694
-0.418153
-0.418611
-0.419069
-0.419526
-0.419983
-0.420439
-0.420895
-0.42135
-0.421804
-0.422258
-0.422711
-0.423164
-0.423616
-0.424068
-0.424519
-0.42497
-0.425419
-0.425869
-0.426318
-0.426766
-0.427213
-0.427661
-0.428107
-0.428553
-0.428998
-0.429443
-0.429887
-0.430331
-0.430774
-0.431217
-0.431659
-0.4321
-0.432541
-0.432981
-0.433421
-0.43386
-0.434298
-0.434736
-0.435173
-0.43561
-0.436046
-0.436482
-0.436917
-0.437351
-0.437785
-0.438219
-0.438651
-0.439083
-0.439515
-0.439946
-0.440376
-0.440806
-0.441235
-0.441664
-0.442092
-0.442519
-0.442946
-0.443372
-0.443798
-0.444223
-0.444647
-0.445071
-0.445494
-0.445917
-0.446339
-0.44676
-0.447181
-0.447602
-0.448021
-0.44844
-0.448859
-0.449277
-0.449694
-0.450111
-0.450527
-0.450942
-0.451357
-0.451772
-0.452185
-0.452598
-0.453011
-0.453423
-0.453834
-0.454245
-0.454655
-0.455064
-0.455473
-0.455882
-0.456289
-0.456696
-0.457103
-0.457509
-0.457914
-0.458318
-0.458722
-0.459126
-0.459529
-0.459931
-0.460332
-0.460733
-0.461134
-0.461533
-0.461933
-0.462331
-0.462729
-0.463126
-0.463523
-0.463919
-0.464314
-0.464709
-0.465103
-0.465497
-0.46589
-0.466282
-0.466674
-0.467065
-0.467455
-0.467845
-0.468234
-0.468623
-0.469011
-0.469398
-0.469785
-0.470171
-0.470556
-0.470941
-0.471325
-0.471709
-0.472092
-0.472474
-0.472856
-0.473237
-0.473617
-0.473997
-0.474376
-0.474755
-0.475133
-0.47551
-0.475887
-0.476263
-0.476638
-0.477013
-0.477387
-0.47776
-0.478133
-0.478505
-0.478877
-0.479248
-0.479618
-0.479988
-0.480357
-0.480725
-0.481093
-0.48146
-0.481827
-0.482192
-0.482557
-0.482922
-0.483286
-0.483649
-0.484012
-0.484374
-0.484735
-0.485096
-0.485456
-0.485815
-0.486174
-0.486532
-0.486889
-0.487246
-0.487602
-0.487958
-0.488312
-0.488667
-0.48902
-0.489373
-0.489725
-0.490077
-0.490428
-0.490778
-0.491127
-0.491476
-0.491825
-0.492172
-0.492519
-0.492866
-0.493211
-0.493556
-0.493901
-0.494244
-0.494588
-0.49493
-0.495272
-0.495613
-0.495953
-0.496293
-0.496632
-0.49697
-0.497308
-0.497645
-0.497982
-0.498318
-0.498653
-0.498987
-0.499321
-0.499654
-0.499986
-0.500318
-0.500649
-0.50098
-0.50131
-0.501639
-0.501967
-0.502295
-0.502622
-0.502949
-0.503274
-0.503599
-0.503924
-0.504248
-0.504571
-0.504893
-0.505215
-0.505536
-0.505856
-0.506176
-0.506495
-0.506814
-0.507131
-0.507448
-0.507765
-0.50808
-0.508395
-0.50871
-0.509023
-0.509336
-0.509649
-0.50996
-0.510271
-0.510582
-0.510891
-0.5112
-0.511508
-0.511816
-0.512123
-0.512429
-0.512734
-0.513039
-0.513343
-0.513647
-0.51395
-0.514252
-0.514553
-0.514854
-0.515154
-0.515453
-0.515752
-0.51605
-0.516347
-0.516644
-0.516939
-0.517235
-0.517529
-0.517823
-0.518116
-0.518409
-0.5187
-0.518992
-0.519282
-0.519572
-0.519861
-0.520149
-0.520437
-0.520723
-0.52101
-0.521295
-0.52158
-0.521864
-0.522148
-0.52243
-0.522713
-0.522994
-0.523275
-0.523555
-0.523834
-0.524112
-0.52439
-0.524667
-0.524944
-0.52522
-0.525495
-0.525769
-0.526043
-0.526316
-0.526588
-0.52686
-0.527131
-0.527401
-0.52767
-0.527939
-0.528207
-0.528475
-0.528741
-0.529007
-0.529272
-0.529537
-0.529801
-0.530064
-0.530326
-0.530588
-0.530849
-0.53111
-0.531369
-0.531628
-0.531886
-0.532144
-0.532401
-0.532657
-0.532912
-0.533167
-0.533421
-0.533674
-0.533926
-0.534178
-0.534429
-0.53468
-0.534929
-0.535178
-0.535427
-0.535674
-0.535921
-0.536167
-0.536412
-0.536657
-0.536901
-0.537144
-0.537387
-0.537629
-0.53787
-0.53811
-0.53835
-0.538589
-0.538827
-0.539065
-0.539301
-0.539538
-0.539773
-0.540008
-0.540242
-0.540475
-0.540707
-0.540939
-0.54117
-0.5414
-0.54163
-0.541859
-0.542087
-0.542315
-0.542541
-0.542767
-0.542993
-0.543217
-0.543441
-0.543664
-0.543886
-0.544108
-0.544329
-0.544549
-0.544769
-0.544988
-0.545206
-0.545423
-0.54564
-0.545855
-0.546071
-0.546285
-0.546499
-0.546712
-0.546924
-0.547135
-0.547346
-0.547556
-0.547765
-0.547974
-0.548182
-0.548389
-0.548595
-0.548801
-0.549006
-0.54921
-0.549414
-0.549616
-0.549818
-0.55002
-0.55022
-0.55042
-0.550619
-0.550817
-0.551015
-0.551212
-0.551408
-0.551604
-0.551798
-0.551992
-0.552185
-0.552378
-0.55257
-0.552761
-0.552951
-0.55314
-0.553329
-0.553517
-0.553705
-0.553891
-0.554077
-0.554262
-0.554446
-0.55463
-0.554813
-0.554995
-0.555177
-0.555357
-0.555537
-0.555716
-0.555895
-0.556072
-0.556249
-0.556426
-0.556601
-0.556776
-0.55695
-0.557123
-0.557296
-0.557468
-0.557639
-0.557809
-0.557978
-0.558147
-0.558315
-0.558483
-0.558649
-0.558815
-0.55898
-0.559145
-0.559308
-0.559471
-0.559633
-0.559795
-0.559955
-0.560115
-0.560274
-0.560433
-0.56059
-0.560747
-0.560903
-0.561059
-0.561213
-0.561367
-0.56152
-0.561673
-0.561825
-0.561975
-0.562126
-0.562275
-0.562424
-0.562572
-0.562719
-0.562865
-0.563011
-0.563156
-0.5633
-0.563443
-0.563586
-0.563728
-0.563869
-0.56401
-0.564149
-0.564288
-0.564426
-0.564564
-0.564701
-0.564837
-0.564972
-0.565106
-0.56524
-0.565373
-0.565505
-0.565636
-0.565767
-0.565897
-0.566026
-0.566154
-0.566282
-0.566409
-0.566535
-0.56666
-0.566785
-0.566909
-0.567032
-0.567154
-0.567276
-0.567397
-0.567517
-0.567636
-0.567755
-0.567873
-0.56799
-0.568106
-0.568222
-0.568336
-0.56845
-0.568564
-0.568676
-0.568788
-0.568899
-0.569009
-0.569119
-0.569228
-0.569336
-0.569443
-0.569549
-0.569655
-0.56976
-0.569864
-0.569968
-0.57007
-0.570172
-0.570273
-0.570374
-0.570473
-0.570572
-0.57067
-0.570768
-0.570864
-0.57096
-0.571055
-0.57115
-0.571243
-0.571336
-0.571428
-0.571519
-0.57161
-0.571699
-0.571788
-0.571877
-0.571964
-0.572051
-0.572137
-0.572222
-0.572306
-0.57239
-0.572473
-0.572555
-0.572637
-0.572717
-0.572797
-0.572876
-0.572954
-0.573032
-0.573109
-0.573185
-0.57326
-0.573335
-0.573408
-0.573481
-0.573554
-0.573625
-0.573696
-0.573766
-0.573835
-0.573903
-0.573971
-0.574038
-0.574104
-0.574169
-0.574234
-0.574298
-0.574361
-0.574423
-0.574484
-0.574545
-0.574605
-0.574664
-0.574723
-0.574781
-0.574838
-0.574894
-0.574949
-0.575004
-0.575058
-0.575111
-0.575163
-0.575215
-0.575265
-0.575315
-0.575365
-0.575413
-0.575461
-0.575508
-0.575554
-0.5756
-0.575644
-0.575688
-0.575731
-0.575774
-0.575815
-0.575856
-0.575896
-0.575936
-0.575974
-0.576012
-0.576049
-0.576085
-0.576121
-0.576155
-0.576189
-0.576223
-0.576255
-0.576287
-0.576317
-0.576348
-0.576377
-0.576406
-0.576433
-0.57646
-0.576487
-0.576512
-0.576537
-0.576561
-0.576584
-0.576606
-0.576628
-0.576649
-0.576669
-0.576689
-0.576707
-0.576725
-0.576742
-0.576758
-0.576774
-0.576789
-0.576803
-0.576816
-0.576828
-0.57684
-0.576851
-0.576861
-0.57687
-0.576879
-0.576887
-0.576894
-0.5769
-0.576906
-0.576911
-0.576915
-0.576918
-0.57692
-0.576922
-0.576923
-0.576923
-0.576922
-0.576921
-0.576919
-0.576916
-0.576912
-0.576908
-0.576903
-0.576897
-0.57689
-0.576882
-0.576874
-0.576865
-0.576855
-0.576845
-0.576833
-0.576821
-0.576808
-0.576795
-0.57678
-0.576765
-0.576749
-0.576732
-0.576715
-0.576697
-0.576678
-0.576658
-0.576637
-0.576616
-0.576594
-0.576571
-0.576547
-0.576523
-0.576498
-0.576472
-0.576445
-0.576417
-0.576389
-0.57636
-0.57633
-0.5763
-0.576269
-0.576236
-0.576204
-0.57617
-0.576136
-0.5761
-0.576065
-0.576028
-0.57599
-0.575952
-0.575913
-0.575873
-0.575833
-0.575792
-0.57575
-0.575707
-0.575663
-0.575619
-0.575574
-0.575528
-0.575481
-0.575434
-0.575386
-0.575337
-0.575287
-0.575236
-0.575185
-0.575133
-0.57508
-0.575027
-0.574973
-0.574917
-0.574862
-0.574805
-0.574748
-0.57469
-0.574631
-0.574571
-0.574511
-0.574449
-0.574387
-0.574325
-0.574261
-0.574197
-0.574132
-0.574066
-0.574
-0.573932
-0.573864
-0.573795
-0.573726
-0.573655
-0.573584
-0.573512
-0.57344
-0.573366
-0.573292
-0.573217
-0.573141
-0.573065
-0.572988
-0.57291
-0.572831
-0.572751
-0.572671
-0.57259
-0.572508
-0.572426
-0.572342
-0.572258
-0.572173
-0.572088
-0.572001
-0.571914
-0.571826
-0.571738
-0.571648
-0.571558
-0.571467
-0.571375
-0.571283
-0.57119
-0.571096
-0.571001
-0.570905
-0.570809
-0.570712
-0.570614
-0.570516
-0.570416
-0.570316
-0.570215
-0.570114
-0.570011
-0.569908
-0.569804
-0.5697
-0.569594
-0.569488
-0.569381
-0.569274
-0.569165
-0.569056
-0.568946
-0.568836
-0.568724
-0.568612
-0.568499
-0.568385
-0.568271
-0.568155
-0.568039
-0.567923
-0.567805
-0.567687
-0.567568
-0.567448
-0.567328
-0.567206
-0.567084
-0.566962
-0.566838
-0.566714
-0.566589
-0.566463
-0.566336
-0.566209
-0.566081
-0.565952
-0.565822
-0.565692
-0.565561
-0.565429
-0.565297
-0.565163
-0.565029
-0.564894
-0.564759
-0.564622
-0.564485
-0.564347
-0.564209
-0.564069
-0.563929
-0.563789
-0.563647
-0.563505
-0.563361
-0.563218
-0.563073
-0.562928
-0.562781
-0.562635
-0.562487
-0.562339
-0.56219
-0.56204
-0.561889
-0.561738
-0.561586
-0.561433
-0.561279
-0.561125
-0.56097
-0.560814
-0.560657
-0.5605
-0.560342
-0.560183
-0.560024
-0.559863
-0.559702
-0.55954
-0.559378
-0.559215
-0.559051
-0.558886
-0.55872
-0.558554
-0.558387
-0.558219
-0.558051
-0.557881
-0.557711
-0.557541
-0.557369
-0.557197
-0.557024
-0.55685
-0.556676
-0.556501
-0.556325
-0.556148
-0.555971
-0.555793
-0.555614
-0.555434
-0.555254
-0.555073
-0.554891
-0.554708
-0.554525
-0.554341
-0.554156
-0.553971
-0.553784
-0.553597
-0.55341
-0.553221
-0.553032
-0.552842
-0.552651
-0.55246
-0.552268
-0.552075
-0.551881
-0.551687
-0.551492
-0.551296
-0.551099
-0.550902
-0.550704
-0.550505
-0.550306
-0.550105
-0.549905
-0.549703
-0.5495
-0.549297
-0.549093
-0.548889
-0.548683
-0.548477
-0.54827
-0.548063
-0.547855
-0.547646
