0
0.000576923
0.00115385
0.00173077
0.00230768
0.00230769
0.0028846
0.00346151
0.00403842
0.00461532
0.00519221
0.0057691
0.00634598
0.00692286
0.00749972
0.00807657
0.00865341
0.00923024
0.00980706
0.0103839
0.0109607
0.0115374
0.0121142
0.0126909
0.0132677
0.0138444
0.0144211
0.0149978
0.0155744
0.016151
0.0167276
0.0173042
0.0178808
0.0184573
0.0190339
0.0196104
0.0201868
0.0207633
0.0213397
0.0219161
0.0224924
0.0230687
0.023645
0.0242213
0.0247975
0.0253737
0.0259499
0.026526
0.0271021
0.0276782
0.0282542
0.0288302
0.0294061
0.029982
0.0305579
0.0311337
0.0317095
0.0322852
0.0328609
0.0334366
0.0340122
0.0345877
0.0351633
0.0357387
0.0363142
0.0368895
0.0374649
0.0380401
0.0386154
0.0391905
0.0397657
0.0403407
0.0409157
0.0414907
0.0420656
0.0426405
0.0432152
0.04379
0.0443647
0.0449393
0.0455138
0.0460883
0.0466628
0.0472371
0.0478115
0.0483857
0.0489599
0.049534
0.0501081
0.050682
0.051256
0.0518298
0.0524036
0.0529773
0.0535509
0.0541245
0.054698
0.0552714
0.0558448
0.0564181
0.0569913
0.0575644
0.0581374
0.0587104
0.0592833
0.0598561
0.0604288
0.0610015
0.0615741
0.0621466
0.062719
0.0632913
0.0638635
0.0644357
0.0650078
0.0655797
0.0661516
0.0667234
0.0672952
0.0678668
0.0684383
0.0690098
0.0695811
0.0701524
0.0707236
0.0712946
0.0718656
0.0724365
0.0730073
0.073578
0.0741486
0.0747191
0.0752895
0.0758598
0.0764299
0.077
0.07757
0.0781399
0.0787097
0.0792794
0.0798489
0.0804184
0.0809878
0.081557
0.0821262
0.0826952
0.0832641
0.0838329
0.0844016
0.0849702
0.0855387
0.0861071
0.0866753
0.0872434
0.0878114
0.0883793
0.0889471
0.0895148
0.0900823
0.0906498
0.0912171
0.0917842
0.0923513
0.0929182
0.093485
0.0940517
0.0946183
0.0951847
0.095751
0.0963172
0.0968833
0.0974492
0.098015
0.0985807
0.0991462
0.0997116
0.100277
0.100842
0.101407
0.101972
0.102537
0.103101
0.103666
0.10423
0.104794
0.105358
0.105922
0.106486
0.107049
0.107613
0.108176
0.108739
0.109302
0.109865
0.110428
0.110991
0.111553
0.112115
0.112678
0.11324
0.113802
0.114363
0.114925
0.115486
0.116047
0.116609
0.117169
0.11773
0.118291
0.118851
0.119412
0.119972
0.120532
0.121092
0.121651
0.122211
0.12277
0.123329
0.123888
0.124447
0.125006
0.125564
0.126123
0.126681
0.127239
0.127797
0.128354
0.128912
0.129469
0.130026
0.130583
0.13114
0.131697
0.132253
0.13281
0.133366
0.133922
0.134477
0.135033
0.135588
0.136144
0.136699
0.137253
0.137808
0.138363
0.138917
0.139471
0.140025
0.140579
0.141132
0.141686
0.142239
0.142792
0.143345
0.143897
0.14445
0.145002
0.145554
0.146106
0.146657
0.147209
0.14776
0.148311
0.148862
0.149413
0.149963
0.150513
0.151063
0.151613
0.152163
0.152712
0.153262
0.153811
0.15436
0.154908
0.155457
0.156005
0.156553
0.157101
0.157648
0.158196
0.158743
0.15929
0.159837
0.160383
0.160929
0.161476
0.162022
0.162567
0.163113
0.163658
0.164203
0.164748
0.165292
0.165837
0.166381
0.166925
0.167469
0.168012
0.168555
0.169098
0.169641
0.170184
0.170726
0.171268
0.17181
0.172352
0.172893
0.173434
0.173975
0.174516
0.175057
0.175597
0.176137
0.176677
0.177217
0.177756
0.178295
0.178834
0.179373
0.179911
0.180449
0.180987
0.181525
0.182062
0.182599
0.183136
0.183673
0.184209
0.184746
0.185282
0.185817
0.186353
0.186888
0.187423
0.187958
0.188492
0.189026
0.18956
0.190094
0.190628
0.191161
0.191694
0.192227
0.192759
0.193291
0.193823
0.194355
0.194886
0.195417
0.195948
0.196479
0.197009
0.19754
0.198069
0.198599
0.199128
0.199657
0.200186
0.200715
0.201243
0.201771
0.202299
0.202826
0.203353
0.20388
0.204407
0.204933
0.205459
0.205985
0.206511
0.207036
0.207561
0.208086
0.20861
0.209134
0.209658
0.210182
0.210705
0.211228
0.211751
0.212274
0.212796
0.213318
0.213839
0.214361
0.214882
0.215403
0.215923
0.216443
0.216963
0.217483
0.218002
0.218521
0.21904
0.219558
0.220077
0.220594
0.221112
0.221629
0.222146
0.222663
0.223179
0.223696
0.224211
0.224727
0.225242
0.225757
0.226272
0.226786
0.2273
0.227814
0.228327
0.22884
0.229353
0.229866
0.230378
0.23089
0.231401
0.231912
0.232423
0.232934
0.233444
0.233954
0.234464
0.234974
0.235483
0.235991
0.2365
0.237008
0.237516
0.238023
0.238531
0.239037
0.239544
0.24005
0.240556
0.241062
0.241567
0.242072
0.242577
0.243081
0.243585
0.244089
0.244592
0.245095
0.245598
0.2461
0.246602
0.247104
0.247605
0.248106
0.248607
0.249107
0.249607
0.250107
0.250607
0.251106
0.251604
0.252103
0.252601
0.253098
0.253596
0.254093
0.25459
0.255086
0.255582
0.256078
0.256573
0.257068
0.257563
0.258057
0.258551
0.259045
0.259538
0.260031
0.260523
0.261016
0.261508
0.261999
0.26249
0.262981
0.263472
0.263962
0.264452
0.264941
0.26543
0.265919
0.266407
0.266895
0.267383
0.26787
0.268357
0.268844
0.26933
0.269816
0.270302
0.270787
0.271272
0.271756
0.27224
0.272724
0.273207
0.27369
0.274173
0.274655
0.275137
0.275619
0.2761
0.27658
0.277061
0.277541
0.278021
0.2785
0.278979
0.279458
0.279936
0.280414
0.280891
0.281368
0.281845
0.282321
0.282797
0.283273
0.283748
0.284223
0.284697
0.285171
0.285645
0.286118
0.286591
0.287064
0.287536
0.288008
0.288479
0.28895
0.289421
0.289891
0.290361
0.290831
0.2913
0.291768
0.292237
0.292705
0.293172
0.293639
0.294106
0.294572
0.295038
0.295504
0.295969
0.296434
0.296898
0.297362
0.297826
0.298289
0.298752
0.299214
0.299676
0.300138
0.300599
0.30106
0.30152
0.30198
0.30244
0.302899
0.303358
0.303817
0.304275
0.304732
0.305189
0.305646
0.306102
0.306558
0.307014
0.307469
0.307924
0.308378
0.308832
0.309286
0.309739
0.310191
0.310644
0.311096
0.311547
0.311998
0.312449
0.312899
0.313349
0.313798
0.314247
0.314695
0.315144
0.315591
0.316039
0.316485
0.316932
0.317378
0.317823
0.318269
0.318713
0.319158
0.319602
0.320045
0.320488
0.320931
0.321373
0.321815
0.322256
0.322697
0.323137
0.323577
0.324017
0.324456
0.324895
0.325333
0.325771
0.326208
0.326645
0.327082
0.327518
0.327954
0.328389
0.328824
0.329258
0.329692
0.330126
0.330559
0.330992
0.331424
0.331856
0.332287
0.332718
0.333148
0.333578
0.334008
0.334437
0.334865
0.335294
0.335721
0.336149
0.336576
0.337002
0.337428
0.337853
0.338278
0.338703
0.339127
0.339551
0.339974
0.340397
0.340819
0.341241
0.341663
0.342084
0.342504
0.342924
0.343344
0.343763
0.344182
0.3446
0.345018
0.345435
0.345852
0.346268
0.346684
0.3471
0.347515
0.34793
0.348344
0.348757
0.34917
0.349583
0.349995
0.350407
0.350818
0.351229
0.35164
0.35205
0.352459
0.352868
0.353277
0.353685
0.354092
0.354499
0.354906
0.355312
0.355718
0.356123
0.356528
0.356932
0.357336
0.357739
0.358142
0.358544
0.358946
0.359347
0.359748
0.360149
0.360549
0.360948
0.361347
0.361746
0.362144
0.362541
0.362938
0.363335
0.363731
0.364126
0.364522
0.364916
0.36531
0.365704
0.366097
0.36649
0.366882
0.367274
0.367665
0.368056
0.368446
0.368836
0.369225
0.369614
0.370002
0.37039
0.370777
0.371164
0.37155
0.371936
0.372322
0.372706
0.373091
0.373475
0.373858
0.374241
0.374623
0.375005
0.375386
0.375767
0.376147
0.376527
0.376907
0.377285
0.377664
0.378042
0.378419
0.378796
0.379172
0.379548
0.379923
0.380298
0.380672
0.381046
0.381419
0.381792
0.382164
0.382536
0.382907
0.383278
0.383648
0.384018
0.384387
0.384756
0.385124
0.385492
0.385859
0.386226
0.386592
0.386957
0.387323
0.387687
0.388051
0.388415
0.388778
0.38914
0.389502
0.389864
0.390225
0.390585
0.390945
0.391305
0.391663
0.392022
0.39238
0.392737
0.393094
0.39345
0.393806
0.394161
0.394516
0.39487
0.395224
0.395577
0.395929
0.396281
0.396633
0.396984
0.397334
0.397684
0.398034
0.398383
0.398731
0.399079
0.399426
0.399773
0.400119
0.400465
0.40081
0.401155
0.401499
0.401842
0.402185
0.402528
0.40287
0.403211
0.403552
0.403892
0.404232
0.404572
0.40491
0.405248
0.405586
0.405923
0.40626
0.406596
0.406931
0.407266
0.407601
0.407935
0.408268
0.408601
0.408933
0.409265
0.409596
0.409926
0.410256
0.410586
0.410915
0.411243
0.411571
0.411899
0.412225
0.412552
0.412877
0.413202
0.413527
0.413851
0.414174
0.414497
0.41482
0.415142
0.415463
0.415784
0.416104
0.416423
0.416742
0.417061
0.417379
0.417696
0.418013
0.418329
0.418645
0.41896
0.419275
0.419589
0.419902
0.420215
0.420528
0.420839
0.421151
0.421461
0.421771
0.422081
0.42239
0.422698
0.423006
0.423314
0.42362
0.423927
0.424232
0.424537
0.424842
0.425146
0.425449
0.425752
0.426054
0.426356
0.426657
0.426957
0.427257
0.427557
0.427855
0.428154
0.428451
0.428748
0.429045
0.429341
0.429636
0.429931
0.430225
0.430519
0.430812
0.431105
0.431397
0.431688
0.431979
0.432269
0.432559
0.432848
0.433136
0.433424
0.433712
0.433998
0.434285
0.43457
0.434855
0.43514
0.435424
0.435707
0.43599
0.436272
0.436553
0.436834
0.437115
0.437394
0.437674
0.437952
0.43823
0.438508
0.438785
0.439061
0.439337
0.439612
0.439887
0.440161
0.440434
0.440707
0.440979
0.441251
0.441522
0.441792
0.442062
0.442331
0.4426
0.442868
0.443135
0.443402
0.443669
0.443934
0.4442
0.444464
0.444728
0.444991
0.445254
0.445516
0.445778
0.446039
0.446299
0.446559
0.446818
0.447077
0.447335
0.447593
0.447849
0.448106
0.448361
0.448616
0.448871
0.449125
0.449378
0.44963
0.449883
0.450134
0.450385
0.450635
0.450885
0.451134
0.451382
0.45163
0.451877
0.452124
0.45237
0.452616
0.45286
0.453105
0.453348
0.453591
0.453834
0.454076
0.454317
0.454557
0.454797
0.455037
0.455276
0.455514
0.455751
0.455988
0.456225
0.45646
0.456696
0.45693
0.457164
0.457397
0.45763
0.457862
0.458094
0.458325
0.458555
0.458785
0.459014
0.459242
0.45947
0.459697
0.459924
0.46015
0.460375
0.4606
0.460824
0.461048
0.461271
0.461493
0.461715
0.461936
0.462156
0.462376
0.462595
0.462814
0.463032
0.46325
0.463466
0.463682
0.463898
0.464113
0.464327
0.464541
0.464754
0.464967
0.465178
0.46539
0.4656
0.46581
0.46602
0.466228
0.466436
0.466644
0.466851
0.467057
0.467263
0.467468
0.467672
0.467876
0.468079
0.468282
0.468483
0.468685
0.468885
0.469085
0.469285
0.469484
0.469682
0.469879
0.470076
0.470272
0.470468
0.470663
0.470857
0.471051
0.471244
0.471437
0.471629
0.47182
0.472011
0.472201
0.47239
0.472579
0.472767
0.472954
0.473141
0.473328
0.473513
0.473698
0.473882
0.474066
0.474249
0.474432
0.474613
0.474795
0.474975
0.475155
0.475334
0.475513
0.475691
0.475868
0.476045
0.476221
0.476397
0.476572
0.476746
0.476919
0.477092
0.477265
0.477436
0.477607
0.477778
0.477948
0.478117
0.478285
0.478453
0.47862
0.478787
0.478953
0.479118
0.479283
0.479447
0.47961
0.479773
0.479935
0.480096
0.480257
0.480418
0.480577
0.480736
0.480894
0.481052
0.481209
0.481365
0.481521
0.481676
0.48183
0.481984
0.482137
0.48229
0.482442
0.482593
0.482744
0.482894
0.483043
0.483192
0.48334
0.483487
0.483634
0.48378
0.483925
0.48407
0.484214
0.484358
0.4845
0.484643
0.484784
0.484925
0.485065
0.485205
0.485344
0.485482
0.48562
0.485757
0.485893
0.486029
0.486164
0.486299
0.486433
0.486566
0.486698
0.48683
0.486961
0.487092
0.487222
0.487351
0.48748
0.487608
0.487735
0.487862
0.487988
0.488113
0.488238
0.488362
0.488485
0.488608
0.48873
0.488852
0.488973
0.489093
0.489212
0.489331
0.489449
0.489567
0.489684
0.4898
0.489916
0.490031
0.490145
0.490259
0.490372
0.490484
0.490596
0.490707
0.490817
0.490927
0.491036
0.491144
0.491252
0.491359
0.491466
0.491571
0.491677
0.491781
0.491885
0.491988
0.492091
0.492193
0.492294
0.492394
0.492494
0.492594
0.492692
0.49279
0.492887
0.492984
0.49308
0.493175
0.49327
0.493364
0.493457
0.49355
0.493642
0.493733
0.493824
0.493914
0.494004
0.494092
0.494181
0.494268
0.494355
0.494441
0.494526
0.494611
0.494695
0.494779
0.494862
0.494944
0.495025
0.495106
0.495186
0.495266
0.495345
0.495423
0.4955
0.495577
0.495654
0.495729
0.495804
0.495878
0.495952
0.496025
0.496097
0.496169
0.49624
0.49631
0.49638
0.496449
0.496517
0.496585
0.496652
0.496718
0.496784
0.496849
0.496913
0.496977
0.49704
0.497102
0.497164
0.497225
0.497285
0.497345
0.497404
0.497462
0.49752
0.497577
0.497633
0.497689
0.497744
0.497799
0.497852
0.497905
0.497958
0.49801
0.498061
0.498111
0.498161
0.49821
0.498258
0.498306
0.498353
0.4984
0.498446
0.498491
0.498535
0.498579
0.498622
0.498665
0.498667
0.498667
0.498706
0.498747
0.498788
0.498828
0.498867
0.498905
0.498943
0.49898
0.499017
0.499053
0.499088
0.499122
0.499156
0.499189
0.499222
0.499254
0.499285
0.499315
0.499345
0.499374
0.499403
0.499431
0.499458
0.499485
0.49951
0.499536
0.49956
0.499584
0.499607
0.49963
0.499652
0.499673
0.499693
0.499713
0.499732
0.499751
0.499769
0.499786
0.499803
0.499818
0.499834
0.499848
0.499862
0.499875
0.499888
0.4999
0.499911
0.499922
0.499931
0.499941
0.499949
0.499957
0.499964
0.499971
0.499977
0.499982
0.499987
0.49999
0.499994
0.499996
0.499998
0.499999
0.5
0.5
0.499999
0.499998
0.499996
0.499993
0.499989
0.499985
0.499981
0.499975
0.499969
0.499962
0.499955
0.499947
0.499938
0.499929
0.499919
0.499908
0.499896
0.499884
0.499872
0.499858
0.499844
0.499829
0.499814
0.499798
0.499781
0.499764
0.499746
0.499727
0.499708
0.499687
0.499667
0.499645
0.499623
0.499601
0.499577
0.499553
0.499528
0.499503
0.499477
0.49945
0.499423
0.499395
0.499366
0.499337
0.499307
0.499276
0.499245
0.499213
0.49918
0.499147
0.499113
0.499078
0.499043
0.499007
0.49897
0.498932
0.498894
0.498856
0.498816
0.498776
0.498736
0.498694
0.498652
0.49861
0.498566
0.498522
0.498478
0.498433
0.498387
0.49834
0.498293
0.498245
0.498196
0.498147
0.498097
0.498046
0.497995
0.497943
0.49789
0.497837
0.497783
0.497728
0.497673
0.497617
0.497561
0.497503
0.497446
0.497387
0.497328
0.497268
0.497207
0.497146
0.497084
0.497022
0.496958
0.496895
0.49683
0.496765
0.496699
0.496632
0.496565
0.496497
0.496429
0.49636
0.49629
0.496219
0.496148
0.496077
0.496004
0.495931
0.495857
0.495783
0.495708
0.495632
0.495555
0.495478
0.495401
0.495322
0.495243
0.495163
0.495083
0.495002
0.49492
0.494838
0.494755
0.494671
0.494587
0.494502
0.494416
0.49433
0.494243
0.494155
0.494067
0.493978
0.493889
0.493798
0.493707
0.493616
0.493524
0.493431
0.493337
0.493243
0.493148
0.493053
0.492956
0.49286
0.492762
0.492664
0.492565
0.492466
0.492366
0.492265
0.492163
0.492061
0.491959
0.491855
0.491751
0.491647
0.491541
0.491435
0.491329
0.491221
0.491113
0.491005
0.490895
0.490785
0.490675
0.490564
0.490452
0.490339
0.490226
0.490112
0.489998
0.489883
0.489767
0.48965
0.489533
0.489415
0.489297
0.489178
0.489058
0.488938
0.488817
0.488695
0.488573
0.48845
0.488326
0.488202
0.488077
0.487952
0.487825
0.487699
0.487571
0.487443
0.487314
0.487185
0.487055
0.486924
0.486792
0.48666
0.486528
0.486394
0.48626
0.486126
0.48599
0.485854
0.485718
0.485581
0.485443
0.485304
0.485165
0.485025
0.484885
0.484744
0.484602
0.48446
0.484317
0.484173
0.484029
0.483884
0.483738
0.483592
0.483445
0.483297
0.483149
0.483
0.482851
0.482701
0.48255
0.482398
0.482246
0.482094
0.48194
0.481786
0.481632
0.481476
0.481321
0.481164
0.481007
0.480849
0.480691
0.480531
0.480372
0.480211
0.48005
0.479889
0.479726
0.479563
0.4794
0.479236
0.479071
0.478905
0.478739
0.478572
0.478405
0.478237
0.478068
0.477899
0.477729
0.477558
0.477387
0.477215
0.477043
0.47687
0.476696
0.476522
0.476347
0.476171
0.475995
0.475818
0.47564
0.475462
0.475283
0.475104
0.474924
0.474743
0.474561
0.474379
0.474197
0.474014
0.47383
0.473645
0.47346
0.473274
0.473088
0.472901
0.472713
0.472525
0.472336
0.472146
0.471956
0.471765
0.471574
0.471382
0.471189
0.470996
0.470802
0.470607
0.470412
0.470216
0.47002
0.469823
0.469625
0.469427
0.469228
0.469028
0.468828
0.468627
0.468426
0.468224
0.468021
0.467818
0.467614
0.467409
0.467204
0.466998
0.466792
0.466585
0.466377
0.466169
0.46596
0.46575
0.46554
0.465329
0.465118
0.464906
0.464693
0.46448
0.464266
0.464051
0.463836
0.463621
0.463404
0.463187
0.46297
0.462752
0.462533
0.462313
0.462093
0.461873
0.461651
0.461429
0.461207
0.460984
0.46076
0.460536
0.460311
0.460085
0.459859
0.459632
0.459405
0.459177
0.458948
0.458719
0.458489
0.458259
0.458028
0.457796
0.457564
0.457331
0.457097
0.456863
0.456628
0.456393
0.456157
0.455921
0.455683
0.455446
0.455207
0.454968
0.454729
0.454489
0.454248
0.454006
0.453764
0.453522
0.453279
0.453035
0.45279
0.452545
0.4523
0.452053
0.451807
0.451559
0.451311
0.451063
0.450813
0.450563
0.450313
0.450062
0.44981
0.449558
0.449305
0.449052
0.448798
0.448543
0.448288
0.448032
0.447776
0.447519
0.447261
0.447003
0.446744
0.446485
0.446225
0.445964
0.445703
0.445441
0.445179
0.444916
0.444653
0.444388
0.444124
0.443858
0.443592
0.443326
0.443059
0.442791
0.442523
0.442254
0.441985
0.441715
0.441444
0.441173
0.440901
0.440629
0.440356
0.440082
0.439808
0.439533
0.439258
0.438982
0.438706
0.438428
0.438151
0.437873
0.437594
0.437314
0.437034
0.436754
0.436473
0.436191
0.435909
0.435626
0.435342
0.435058
0.434774
0.434488
0.434203
0.433916
0.433629
0.433342
0.433054
0.432765
0.432476
0.432186
0.431896
0.431605
0.431313
0.431021
0.430728
0.430435
0.430141
0.429847
0.429552
0.429256
0.42896
0.428663
0.428366
0.428068
0.42777
0.427471
0.427171
0.426871
0.426571
0.426269
0.425968
0.425665
0.425362
0.425059
0.424755
0.42445
0.424145
0.423839
0.423533
0.423226
0.422918
0.42261
0.422302
0.421992
0.421683
0.421372
0.421062
0.42075
0.420438
0.420126
0.419813
0.419499
0.419185
0.41887
0.418555
0.418239
0.417922
0.417605
0.417288
0.41697
0.416651
0.416332
0.416012
0.415692
0.415371
0.415049
0.414727
0.414405
0.414082
0.413758
0.413434
0.413109
0.412784
0.412458
0.412132
0.411805
0.411477
0.411149
0.410821
0.410492
0.410162
0.409832
0.409501
0.40917
0.408838
0.408505
0.408173
0.407839
0.407505
0.40717
0.406835
0.4065
0.406163
0.405827
0.405489
0.405152
0.404813
0.404474
0.404135
0.403795
0.403455
0.403113
0.402772
0.40243
0.402087
0.402087
0.401744
0.4014
0.401056
0.400711
0.400366
0.40002
0.399674
0.399327
0.398979
0.398631
0.398283
0.397934
0.397584
0.397234
0.396883
0.396532
0.396181
0.395828
0.395476
0.395122
0.394768
0.394414
0.394059
0.393704
0.393348
0.392992
0.392635
0.392277
0.391919
0.391561
0.391202
0.390842
0.390482
0.390121
0.38976
0.389399
0.389037
0.388674
0.388311
0.387947
0.387583
0.387218
0.386853
0.386487
0.386121
0.385754
0.385387
0.385019
0.384651
0.384282
0.383912
0.383542
0.383172
0.382801
0.38243
0.382058
0.381685
0.381313
0.380939
0.380565
0.380191
0.379816
0.37944
0.379064
0.378688
0.378311
0.377933
0.377556
0.377177
0.376798
0.376419
0.376039
0.375658
0.375277
0.374896
0.374514
0.374131
0.373748
0.373365
0.372981
0.372596
0.372211
0.371826
0.37144
0.371053
0.370666
0.370279
0.369891
0.369503
0.369114
0.368724
0.368334
0.367944
0.367553
0.367162
0.36677
0.366378
0.365985
0.365591
0.365198
0.364803
0.364409
0.364013
0.363617
0.363221
0.362825
0.362427
0.36203
0.361631
0.361233
0.360834
0.360434
0.360034
0.359633
0.359232
0.358831
0.358429
0.358026
0.357623
0.35722
0.356816
0.356412
0.356007
0.355602
0.355196
0.354789
0.354383
0.353975
0.353568
0.35316
0.352751
0.352342
0.351932
0.351522
0.351112
0.350701
0.350289
0.349877
0.349465
0.349052
0.348639
0.348225
0.347811
0.347396
0.346981
0.346565
0.346149
0.345733
0.345316
0.344898
0.34448
0.344062
0.343643
0.343224
0.342804
0.342384
0.341963
0.341542
0.341121
0.340698
0.340276
0.339853
0.33943
0.339006
0.338582
0.338157
0.337732
0.337306
0.33688
0.336453
0.336026
0.335599
0.335171
0.334743
0.334314
0.333885
0.333455
0.333025
0.332594
0.332163
0.331732
0.3313
0.330868
0.330435
0.330002
0.329568
0.329134
0.3287
0.328265
0.327829
0.327393
0.326957
0.32652
0.326083
0.325646
0.325208
0.324769
0.32433
0.323891
0.323451
0.323011
0.322571
0.32213
0.321688
0.321246
0.320804
0.320361
0.319918
0.319474
0.31903
0.318586
0.318141
0.317696
0.31725
0.316804
0.316357
0.315911
0.315463
0.315015
0.314567
0.314118
0.313669
0.31322
0.31277
0.31232
0.311869
0.311418
0.310966
0.310514
0.310062
0.309609
0.309156
0.308702
0.308248
0.307794
0.307339
0.306884
0.306428
0.305972
0.305515
0.305058
0.304601
0.304143
0.303685
0.303227
0.302768
0.302309
0.301849
0.301389
0.300928
0.300467
0.300006
0.299544
0.299082
0.298619
0.298157
0.297693
0.297229
0.296765
0.296301
0.295836
0.295371
0.294905
0.294439
0.293972
0.293506
0.293038
0.292571
0.292103
0.291634
0.291165
0.290696
0.290227
0.289757
0.289286
0.288815
0.288344
0.287873
0.287401
0.286929
0.286456
0.285983
0.285509
0.285036
0.284561
0.284087
0.283612
0.283137
0.282661
0.282185
0.281708
0.281232
0.280754
0.280277
0.279799
0.279321
0.278842
0.278363
0.277883
0.277404
0.276923
0.276443
0.275962
0.275481
0.274999
0.274517
0.274035
0.273552
0.273069
0.272585
0.272101
0.271617
0.271133
0.270648
0.270163
0.269677
0.269191
0.268705
0.268218
0.267731
0.267243
0.266756
0.266267
0.265779
0.26529
0.264801
0.264311
0.263821
0.263331
0.262841
0.26235
0.261858
0.261367
0.260875
0.260382
0.25989
0.259397
0.258903
0.25841
0.257915
0.257421
0.256926
0.256431
0.255936
0.25544
0.254944
0.254447
0.253951
0.253453
0.252956
0.252458
0.25196
0.251462
0.250963
0.250464
0.249964
0.249464
0.248964
0.248464
0.247963
0.247462
0.24696
0.246458
0.245956
0.245454
0.244951
0.244448
0.243944
0.243441
0.242937
0.242432
0.241927
0.241422
0.240917
0.240411
0.239905
0.239399
0.238892
0.238385
0.237878
0.23737
0.236863
0.236354
0.235846
0.235337
0.234828
0.234318
0.233808
0.233298
0.232788
0.232277
0.231766
0.231255
0.230743
0.230231
0.229719
0.229206
0.228693
0.22818
0.227667
0.227153
0.226639
0.226124
0.22561
0.225095
0.224579
0.224064
0.223548
0.223032
0.222515
0.221998
0.221481
0.220964
0.220446
0.219928
0.21941
0.218891
0.218373
0.217853
0.217334
0.216814
0.216294
0.215774
0.215253
0.214733
0.214211
0.21369
0.213168
0.212646
0.212124
0.211601
0.211078
0.210555
0.210032
0.209508
0.208984
0.20846
0.207936
0.207411
0.206886
0.20636
0.205835
0.205309
0.204783
0.204256
0.203729
0.203202
0.202675
0.202148
0.20162
0.201092
0.200563
0.200035
0.199506
0.198977
0.198447
0.197918
0.197388
0.196858
0.196327
0.195796
0.195265
0.194734
0.194203
0.193671
0.193139
0.192607
0.192074
0.191541
0.191008
0.190475
0.189941
0.189408
0.188874
0.188339
0.187805
0.18727
0.186735
0.1862
0.185664
0.185128
0.184592
0.184056
0.183519
0.182983
0.182446
0.181908
0.181371
0.180833
0.180295
0.179757
0.179218
0.17868
0.178141
0.177601
0.177062
0.176522
0.175982
0.175442
0.174902
0.174361
0.173821
0.17328
0.172738
0.172197
0.171655
0.171113
0.170571
0.170028
0.169486
0.168943
0.1684
0.167856
0.167313
0.166769
0.166225
0.165681
0.165136
0.164592
0.164047
0.163502
0.162956
0.162411
0.161865
0.161319
0.160773
0.160227
0.15968
0.159133
0.158586
0.158039
0.157492
0.156944
0.156396
0.155848
0.1553
0.154751
0.154202
0.153654
0.153104
0.152555
0.152006
0.151456
0.150906
0.150356
0.149806
0.149255
0.148704
0.148153
0.147602
0.147051
0.146499
0.145948
0.145396
0.144844
0.144291
0.143739
0.143186
0.142633
0.14208
0.141527
0.140974
0.14042
0.139866
0.139312
0.138758
0.138204
0.137649
0.137095
0.13654
0.135985
0.135429
0.134874
0.134318
0.133762
0.133206
0.13265
0.132094
0.131537
0.130981
0.130424
0.129867
0.12931
0.128752
0.128195
0.127637
0.127079
0.126521
0.125963
0.125404
0.124846
0.124287
0.123728
0.123169
0.12261
0.122051
0.121491
0.120931
0.120371
0.119811
0.119251
0.118691
0.11813
0.11757
0.117009
0.116448
0.115887
0.115325
0.114764
0.114202
0.113641
0.113079
0.112517
0.111954
0.111392
0.11083
0.110267
0.109704
0.109141
0.108578
0.108015
0.107452
0.106888
0.106324
0.105761
0.105197
0.104633
0.104068
0.103504
0.10294
0.102375
0.10181
0.101245
0.10068
0.100115
0.0995497
0.0989842
0.0984187
0.097853
0.0972871
0.0967212
0.0961551
0.0955889
0.0950225
0.0944561
0.0938895
0.0933227
0.0927559
0.0921889
0.0916218
0.0910546
0.0904873
0.0899198
0.0893522
0.0887845
0.0882167
0.0876488
0.0870808
0.0865126
0.0859443
0.0853759
0.0848074
0.0842388
0.0836701
0.0831012
0.0825323
0.0819632
0.081394
0.0808247
0.0802553
0.0796859
0.0791163
0.0785465
0.0779767
0.0774068
0.0768368
0.0762667
0.0756965
0.0751261
0.0745557
0.0739852
0.0734146
0.0728438
0.072273
0.0717021
0.0711311
0.07056
0.0699888
0.0694175
0.0688461
0.0682747
0.0677031
0.0671314
0.0665597
0.0659879
0.0654159
0.0648439
0.0642718
0.0636997
0.0631274
0.0625551
0.0619826
0.0614101
0.0608375
0.0602648
0.0596921
0.0591192
0.0585463
0.0579733
0.0574003
0.0568271
0.0562539
0.0556806
0.0551072
0.0545338
0.0539603
0.0533867
0.052813
0.0522393
0.0516655
0.0510916
0.0505177
0.0499437
0.0493696
0.0487955
0.0482213
0.047647
0.0470727
0.0464983
0.0459238
0.0453493
0.0447747
0.0442001
0.0436254
0.0430506
0.0424758
0.041901
0.0413261
0.0407511
0.040176
0.039601
0.0390258
0.0384506
0.0378754
0.0373001
0.0367248
0.0361494
0.0355739
0.0349985
0.0344229
0.0338473
0.0332717
0.0326961
0.0321203
0.0315446
0.0309688
0.030393
0.0298171
0.0292412
0.0286652
0.0280892
0.0275132
0.0269371
0.026361
0.0257849
0.0252087
0.0246325
0.0240563
0.02348
0.0229037
0.0223274
0.021751
0.0211746
0.0205982
0.0200217
0.0194453
0.0188688
0.0182922
0.0177157
0.0171391
0.0165625
0.0159859
0.0154093
0.0148326
0.0142559
0.0136792
0.0131025
0.0125258
0.011949
0.0113723
0.0107955
0.0102187
0.00964188
0.00906506
0.00848823
0.00791138
0.00733453
0.00675766
0.00618078
0.0056039
0.00502701
0.00445011
0.00387321
0.0032963
0.00271939
0.00214247
0.00156556
0.000988634
0.000411711
-0.000165212
-0.000742134
-0.00131906
-0.00189598
-0.00247289
-0.00304981
-0.00362672
-0.00420362
-0.00478052
-0.00535742
-0.0059343
-0.00651118
-0.00708805
-0.00766491
-0.00824176
-0.0088186
-0.00939543
-0.00997224
-0.010549
-0.0111258
-0.0117026
-0.0122794
-0.0128561
-0.0134328
-0.0140095
-0.0145862
-0.0151629
-0.0157395
-0.0163162
-0.0168928
-0.0174693
-0.0180459
-0.0186224
-0.019199
-0.0197754
-0.0203519
-0.0209283
-0.0215047
-0.0220811
-0.0226575
-0.0232338
-0.02381
-0.0243863
-0.0249625
-0.0255387
-0.0261149
-0.026691
-0.0272671
-0.0278431
-0.0284191
-0.0289951
-0.029571
-0.0301469
-0.0307228
-0.0312986
-0.0318744
-0.0324501
-0.0330258
-0.0336014
-0.034177
-0.0347526
-0.0353281
-0.0359035
-0.0364789
-0.0370543
-0.0376296
-0.0382049
-0.0387801
-0.0393552
-0.0399303
-0.0405054
-0.0410804
-0.0416553
-0.0422302
-0.0428051
-0.0433798
-0.0439546
-0.0445292
-0.0451038
-0.0456784
-0.0462528
-0.0468273
-0.0474016
-0.0479759
-0.0485501
-0.0491243
-0.0496984
-0.0502724
-0.0508464
-0.0514203
-0.0519941
-0.0525679
-0.0531416
-0.0537152
-0.0542887
-0.0548622
-0.0554356
-0.056009
-0.0565822
-0.0571554
-0.0577285
-0.0583015
-0.0588745
-0.0594473
-0.0600201
-0.0605928
-0.0611655
-0.061738
-0.0623105
-0.0628829
-0.0634552
-0.0640274
-0.0645995
-0.0651716
-0.0657435
-0.0663154
-0.0668872
-0.0674589
-0.0680305
-0.068602
-0.0691734
-0.0697447
-0.070316
-0.0708871
-0.0714582
-0.0720291
-0.0726
-0.0731707
-0.0737414
-0.074312
-0.0748824
-0.0754528
-0.0760231
-0.0765932
-0.0771633
-0.0777332
-0.0783031
-0.0788728
-0.0794425
-0.080012
-0.0805815
-0.0811508
-0.08172
-0.0822891
-0.0828581
-0.083427
-0.0839958
-0.0845645
-0.085133
-0.0857015
-0.0862698
-0.086838
-0.0874061
-0.0879741
-0.088542
-0.0891097
-0.0896773
-0.0902448
-0.0908122
-0.0913795
-0.0919466
-0.0925137
-0.0930806
-0.0936473
-0.094214
-0.0947805
-0.0953469
-0.0959132
-0.0964793
-0.0970453
-0.0976112
-0.098177
-0.0987426
-0.0993081
-0.0998735
-0.100439
-0.101004
-0.101569
-0.102134
-0.102698
-0.103263
-0.103827
-0.104392
-0.104956
-0.10552
-0.106084
-0.106647
-0.107211
-0.107774
-0.108338
-0.108901
-0.109464
-0.110027
-0.110589
-0.111152
-0.111714
-0.112276
-0.112839
-0.113401
-0.113962
-0.114524
-0.115086
-0.115647
-0.116208
-0.116769
-0.11733
-0.117891
-0.118451
-0.119012
-0.119572
-0.120132
-0.120692
-0.121252
-0.121811
-0.122371
-0.12293
-0.123489
-0.124048
-0.124607
-0.125166
-0.125724
-0.126283
-0.126841
-0.127399
-0.127956
-0.128514
-0.129072
-0.129629
-0.130186
-0.130743
-0.1313
-0.131856
-0.132413
-0.132969
-0.133525
-0.134081
-0.134637
-0.135192
-0.135747
-0.136303
-0.136858
-0.137412
-0.137967
-0.138521
-0.139076
-0.13963
-0.140184
-0.140737
-0.141291
-0.141844
-0.142397
-0.14295
-0.143503
-0.144055
-0.144608
-0.14516
-0.145712
-0.146264
-0.146815
-0.147367
-0.147918
-0.148469
-0.14902
-0.14957
-0.150121
-0.150671
-0.151221
-0.151771
-0.15232
-0.15287
-0.153419
-0.153968
-0.154517
-0.155065
-0.155614
-0.156162
-0.15671
-0.157258
