0.025
0.0499761
0.0749292
0.099858
0.124765
0.14966
0.174557
0.199483
0.224468
0.224468
0.249547
0.274763
0.30016
0.325789
0.351699
0.377942
0.404562
0.431595
0.459058
0.486941
0.515191
0.543695
0.572271
0.600643
0.628444
0.655222
0.656053
0.656053
0.679726
0.702471
0.723097
0.741322
0.756939
0.769845
0.780035
0.787595
0.792677
0.795474
0.796198
0.795058
0.792248
0.787935
0.782261
0.775336
0.767243
0.758041
0.747764
0.736432
0.724049
0.710613
0.696111
0.68053
0.663857
0.646077
0.627179
0.607155
0.586001
0.563715
0.540303
0.515773
0.490138
0.463417
0.435635
0.40682
0.377008
0.346239
0.314558
0.282015
0.248662
0.214555
0.179752
0.144312
0.108293
0.071752
0.0347452
-0.00267527
-0.0404605
-0.0785658
-0.116951
-0.155582
-0.194428
-0.233464
-0.272669
-0.312023
-0.351507
-0.391096
-0.430759
-0.430759
-0.430759
-0.470446
-0.510084
-0.549564
-0.588733
-0.627385
-0.665255
-0.702027
-0.73735
-0.77086
-0.802219
-0.831147
-0.857444
-0.880999
-0.901774
-0.919775
-0.93501
-0.947456
-0.95703
-0.963592
-0.966956
-0.966934
-0.963377
-0.956212
-0.945459
-0.93123
-0.913704
-0.893099
-0.869649
-0.843578
-0.8151
-0.784409
-0.751684
-0.717094
-0.680801
-0.642958
-0.603715
-0.563215
-0.521592
-0.478976
-0.435483
-0.391224
-0.346297
-0.300792
-0.254789
-0.208358
-0.16156
-0.114447
-0.0670632
-0.0194427
0.0283864
0.0764029
0.12459
0.172935
0.221424
0.270038
0.318751
0.318751
0.36752
0.416276
0.46492
0.513305
0.561232
0.608441
0.654606
0.69934
0.742208
0.782753
0.820521
0.855096
0.886129
0.913357
0.936606
0.955798
0.97093
0.982069
0.989336
0.992889
0.992916
0.989623
0.983221
0.973922
0.961932
0.947447
0.930651
0.911715
0.890798
0.868045
0.843593
0.817567
0.790084
0.761256
0.731184
0.699967
0.667698
0.634463
0.600348
0.565433
0.529793
0.493504
0.456636
0.419256
0.381429
0.343217
0.304677
0.265863
0.226824
0.187603
0.148238
0.108758
0.0691833
0.0295243
-0.0102219
-0.0500724
-0.0900608
-0.130239
-0.170677
-0.211463
-0.252703
-0.294504
-0.294504
-0.336964
-0.380139
-0.424
-0.468365
-0.512832
-0.556707
-0.598993
-0.638477
-0.673917
-0.704321
-0.729174
-0.72923
-0.72923
-0.747567
-0.761583
-0.771878
-0.779082
-0.783749
-0.786334
-0.787203
-0.786638
-0.784855
-0.782017
-0.778241
-0.773616
-0.7682
-0.762035
-0.755148
-0.747553
-0.739254
-0.730248
-0.720525
-0.710067
-0.698852
-0.686853
-0.674037
-0.660369
-0.645808
-0.630315
-0.613848
-0.596366
-0.577832
-0.558211
-0.537477
-0.515607
-0.492589
-0.46842
-0.443106
-0.416662
-0.389113
-0.360493
-0.330845
-0.300215
-0.268659
-0.236234
-0.203003
-0.169027
-0.134372
-0.0991006
-0.0632741
-0.0269523
0.00980866
0.0469563
0.0844427
0.122224
0.160263
0.198526
0.236983
0.27561
0.314384
0.353282
0.392279
0.431343
0.470427
0.470427
0.509465
0.54836
0.586978
0.625135
0.662598
0.699079
0.734253
0.76777
0.799291
0.82851
0.855188
0.879154
0.900303
0.918576
0.933924
0.946287
0.955567
0.961639
0.964357
0.963588
0.959242
0.951294
0.939794
0.924859
0.906656
0.885382
0.861246
