0
-0.000244918
-7.48603e-05
-0.000190767
-0.000109496
0.000247639
-0.000164028
-0.000124856
-0.000150143
-0.000130857
-0.000142138
-0.000132183
-0.000136684
-0.000131028
-0.000132167
-0.000128404
-0.000127788
-0.00012476
-0.000123139
-0.000120279
-0.000117992
-0.000115016
-0.000112209
-0.000108967
-0.000105692
-0.000102095
-9.83623e-05
-9.43524e-05
-9.01501e-05
-8.56837e-05
-8.09896e-05
-7.60298e-05
-7.08172e-05
-6.53299e-05
-5.95699e-05
-5.35226e-05
-4.7185e-05
-4.0546e-05
-3.36001e-05
-2.6338e-05
-1.8753e-05
-1.08365e-05
-2.58135e-06
6.02059e-06
1.49768e-05
2.42952e-05
3.39835e-05
4.40493e-05
5.45003e-05
6.53368e-05
7.65789e-05
8.82255e-05
0.00010029
0.000112777
0.000125695
0.000139052
0.000152854
0.00016711
0.000181827
0.000197013
0.000212675
0.00022882
0.000245455
0.000262589
0.000280229
0.000298381
0.000317054
0.000336254
0.000355989
0.000376266
0.000397092
0.000418474
0.00044042
0.000462936
0.00048603
0.000509709
0.00053398
0.00055885
0.000584325
0.000610413
0.000637121
0.000664455
0.000692423
0.000721031
0.000750286
0.000780195
0.000810764
0.000842001
0.000873911
0.000906502
0.000939779
0.000973751
0.00100842
0.0010438
0.00107989
0.0011167
0.00115424
0.00119251
0.00123152
0.00127127
0.00131177
0.00135303
0.00139506
0.00143785
0.00148142
0.00152577
0.00157091
0.00161685
0.00166358
0.00171112
0.00175947
0.00180864
0.00185863
0.00190945
0.0019611
0.0020136
0.00206694
0.00212113
0.00217619
0.0022321
0.00228888
0.00234653
0.00240507
0.00246449
0.0025248
0.002586
0.0026481
0.00271111
0.00277503
0.00283987
0.00290563
0.00297231
0.00303993
0.00310848
0.00317797
0.0032484
0.00331979
0.00339214
0.00346544
0.00353971
0.00361495
0.00369116
0.00376835
0.00384653
0.00392569
0.00400585
0.004087
0.00416915
0.00425231
0.00433648
0.00442167
0.00450787
0.0045951
0.00468335
0.00477263
0.00486295
0.00495431
0.00504671
0.00514015
0.00523465
0.00533021
0.00542682
0.00552449
0.00562323
0.00572304
0.00582392
0.00592588
0.00602892
0.00613305
0.00623826
0.00634457
0.00645196
0.00656046
0.00667006
0.00678076
0.00689257
0.00700549
0.00711952
0.00723468
0.00735095
0.00746834
0.00758687
0.00770652
0.0078273
0.00794922
0.00807228
0.00819648
0.00832182
0.0084483
0.00857594
0.00870473
0.00883467
0.00896577
0.00909803
0.00923145
0.00936604
0.00950179
0.00963871
0.00977681
0.00991607
0.0100565
0.0101981
0.0103409
0.0104849
0.0106301
0.0107764
0.010924
0.0110727
0.0112227
0.0113738
0.0115261
0.0116796
0.0118343
0.0119902
0.0121474
0.0123057
0.0124652
0.012626
0.0127879
0.0129511
0.0131155
0.0132811
0.0134479
0.0136159
0.0137851
0.0139556
0.0141273
0.0143002
0.0144743
0.0146497
0.0148262
0.015004
0.0151831
0.0153633
0.0155448
0.0157275
0.0159115
0.0160967
0.0162831
0.0164707
0.0166596
0.0168497
0.0170411
0.0172337
0.0174275
0.0176226
0.0178189
0.0180164
0.0182152
0.0184152
0.0186164
0.0188189
0.0190226
0.0192276
0.0194338
0.0196413
0.01985
0.0200599
0.020271
0.0204834
0.0206971
0.020912
0.0211281
0.0213454
0.021564
0.0217839
0.0220049
0.0222272
0.0224508
0.0226756
0.0229016
0.0231288
0.0233573
0.023587
0.023818
0.0240502
0.0242836
0.0245182
0.0247541
0.0249912
0.0252295
0.0254691
0.0257098
0.0259518
0.0261951
0.0264395
0.0266852
0.0269321
0.0271802
0.0274295
0.02768
0.0279318
0.0281848
0.0284389
0.0286943
0.0289509
0.0292087
0.0294677
0.0297279
0.0299894
0.030252
0.0305158
0.0307808
0.031047
0.0313144
0.031583
0.0318527
0.0321237
0.0323958
0.0326691
0.0329436
0.0332193
0.0334962
0.0337742
0.0340534
0.0343337
0.0346153
0.034898
0.0351818
0.0354668
0.035753
0.0360403
0.0363288
0.0366184
0.0369091
0.037201
0.0374941
0.0377882
0.0380835
0.03838
0.0386775
0.0389762
0.039276
0.039577
0.039879
0.0401822
0.0404864
0.0407918
0.0410983
0.0414058
0.0417145
0.0420243
0.0423351
0.042647
0.04296
0.0432741
0.0435893
0.0439055
0.0442228
0.0445412
0.0448606
0.0451811
0.0455026
0.0458252
0.0461488
0.0464735
0.0467992
0.0471259
0.0474536
0.0477824
0.0481122
0.048443
0.0487749
0.0491077
0.0494415
0.0497764
0.0501122
0.050449
0.0507868
0.0511256
0.0514654
0.0518061
0.0521478
0.0524905
0.0528341
0.0531787
0.0535242
0.0538707
0.0542181
0.0545665
0.0549158
0.055266
0.0556171
0.0559691
0.0563221
0.056676
0.0570307
0.0573864
0.0577429
0.0581004
0.0584587
0.0588179
0.0591779
0.0595389
0.0599006
0.0602633
0.0606268
0.0609911
0.0613563
0.0617223
0.0620891
0.0624568
0.0628253
0.0631945
0.0635646
0.0639355
0.0643072
0.0646797
0.0650529
0.065427
0.0658018
0.0661774
0.0665537
0.0669308
0.0673086
0.0676872
0.0680665
0.0684466
0.0688274
0.0692089
0.0695911
0.069974
0.0703576
0.0707419
0.0711269
0.0715126
0.071899
0.072286
0.0726737
0.073062
0.0734511
0.0738407
0.074231
0.0746219
0.0750135
0.0754056
0.0757984
0.0761918
0.0765858
0.0769804
0.0773756
0.0777714
0.0781677
0.0785646
0.0789621
0.0793601
0.0797587
0.0801578
0.0805574
0.0809576
0.0813583
0.0817595
0.0821612
0.0825635
0.0829662
0.0833694
0.0837731
0.0841772
0.0845819
0.084987
0.0853925
0.0857985
0.0862049
0.0866118
0.0870191
0.0874268
0.0878349
0.0882435
0.0886524
0.0890617
0.0894714
0.0898815
0.0902919
0.0907027
0.0911139
0.0915254
0.0919373
0.0923495
0.092762
0.0931748
0.0935879
0.0940014
0.0944151
0.0948292
0.0952435
0.0956581
0.0960729
0.096488
0.0969034
0.097319
0.0977349
0.098151
0.0985673
0.0989838
0.0994005
0.0998174
0.100235
0.100652
0.101069
0.101487
0.101905
0.102323
0.102741
0.103159
0.103578
0.103996
0.104415
0.104834
0.105252
0.105671
0.10609
0.106509
0.106929
0.107348
0.107767
0.108187
0.108606
0.109025
0.109445
0.109864
0.110284
0.110703
0.111123
0.111542
0.111962
0.112381
0.1128
0.11322
0.113639
0.114058
0.114477
0.114896
0.115315
0.115734
0.116153
0.116572
0.11699
0.117409
0.117827
0.118245
0.118663
0.119081
0.119499
0.119916
0.120334
0.120751
0.121168
0.121585
0.122001
0.122417
0.122834
0.123249
0.123665
0.124081
0.124496
0.124911
0.125325
0.125739
0.126153
0.126567
0.126981
0.127394
0.127807
0.128219
0.128631
0.129043
0.129454
0.129865
0.130276
0.130686
0.131096
0.131506
0.131915
0.132324
0.132732
0.13314
0.133547
0.133954
0.134361
0.134767
0.135173
0.135578
0.135983
0.136387
0.136791
0.137194
0.137596
0.137999
0.1384
0.138801
0.139202
0.139602
0.140002
0.1404
0.140799
0.141197
0.141594
0.14199
0.142386
0.142782
0.143176
0.14357
0.143964
0.144357
0.144749
0.14514
0.145531
0.145921
0.146311
0.1467
0.147088
0.147475
0.147862
0.148248
0.148633
0.149018
0.149401
0.149784
0.150167
0.150548
0.150929
0.151309
0.151688
0.152066
0.152444
0.152821
0.153197
0.153572
0.153946
0.154319
0.154692
0.155064
0.155435
0.155805
0.156174
0.156542
0.156909
0.157276
0.157641
0.158006
0.15837
0.158732
0.159094
0.159455
0.159815
0.160174
0.160532
0.160889
0.161245
0.1616
0.161954
0.162308
0.16266
0.163011
0.163361
0.16371
0.164058
0.164405
0.164751
0.165095
0.165439
0.165782
0.166124
0.166464
0.166804
0.167142
0.167479
0.167815
0.168151
0.168484
0.168817
0.169149
0.169479
0.169809
0.170137
0.170464
0.17079
0.171115
0.171438
0.17176
0.172082
0.172402
0.17272
0.173038
0.173354
0.173669
0.173983
0.174296
0.174607
0.174917
0.175226
0.175533
0.17584
0.176145
0.176448
0.176751
0.177052
0.177352
0.17765
0.177948
0.178244
0.178538
0.178831
0.179123
0.179414
0.179703
0.179991
0.180278
0.180563
0.180847
0.181129
0.18141
0.18169
0.181968
0.182245
0.18252
0.182794
0.183067
0.183338
0.183608
0.183876
0.184143
0.184409
0.184673
0.184935
0.185196
0.185456
0.185714
0.185971
0.186226
0.18648
0.186732
0.186983
0.187232
0.18748
0.187726
0.187971
0.188214
0.188456
0.188696
0.188934
0.189172
0.189407
0.189641
0.189874
0.190104
0.190334
0.190562
0.190788
0.191012
0.191236
0.191457
0.191677
0.191895
0.192112
0.192327
0.192541
0.192752
0.192963
0.193171
0.193378
0.193584
0.193788
0.19399
0.19419
0.194389
0.194587
0.194782
0.194976
0.195168
0.195359
0.195548
0.195735
0.195921
0.196105
0.196287
0.196468
0.196647
0.196824
0.197
0.197174
0.197346
0.197516
0.197685
0.197852
0.198018
0.198181
0.198343
0.198503
0.198662
0.198819
0.198974
0.199127
0.199279
0.199428
0.199577
0.199723
0.199868
0.20001
0.200152
0.200291
0.200429
0.200564
0.200699
0.200831
0.200961
0.20109
0.201217
0.201343
0.201466
0.201588
0.201708
0.201826
0.201942
0.202057
0.20217
0.202281
0.20239
0.202498
0.202603
0.202707
0.202809
0.202909
0.203008
0.203105
0.203199
0.203293
0.203384
0.203473
0.203561
0.203647
0.203731
0.203813
0.203893
0.203972
0.204049
0.204124
0.204197
0.204268
0.204337
0.204405
0.204471
0.204535
0.204597
0.204658
0.204716
0.204773
0.204828
0.204881
0.204932
0.204981
0.205029
0.205075
0.205118
0.20516
0.205201
0.205239
0.205276
0.20531
0.205343
0.205374
0.205404
0.205431
0.205456
0.20548
0.205502
0.205522
0.20554
0.205557
0.205571
0.205584
0.205595
0.205604
0.205611
0.205616
0.20562
0.205622
0.205622
0.20562
0.205616
0.20561
0.205603
0.205593
0.205582
0.205569
0.205555
0.205538
0.20552
0.205499
0.205477
0.205454
0.205428
0.2054
0.205371
0.20534
0.205307
0.205272
0.205236
0.205197
0.205157
0.205115
0.205071
0.205025
0.204978
0.204929
0.204878
0.204825
0.20477
0.204714
0.204656
0.204596
0.204534
0.20447
0.204405
0.204338
0.204269
0.204198
0.204125
0.204051
0.203975
0.203897
0.203817
0.203736
0.203653
0.203568
0.203481
0.203393
0.203303
0.203211
0.203117
0.203022
0.202924
0.202826
0.202725
0.202622
0.202518
0.202412
0.202305
0.202195
0.202084
0.201972
0.201857
0.201741
0.201623
0.201503
0.201382
0.201259
0.201134
0.201008
0.20088
0.20075
0.200618
0.200485
0.20035
0.200214
0.200076
0.199936
0.199794
0.199651
0.199506
0.19936
0.199212
0.199062
0.19891
0.198757
0.198602
0.198446
0.198288
0.198129
0.197967
0.197805
0.19764
0.197474
0.197306
0.197137
0.196966
0.196794
0.19662
0.196444
0.196267
0.196089
0.195908
0.195726
0.195543
0.195358
0.195172
0.194983
0.194794
0.194603
0.19441
0.194216
0.19402
0.193823
0.193624
0.193424
0.193222
0.193019
0.192814
0.192608
0.192401
0.192191
0.191981
0.191769
0.191555
0.19134
0.191124
0.190906
0.190687
0.190466
0.190244
0.19002
0.189795
0.189569
0.189341
0.189111
0.188881
0.188649
0.188415
0.188181
0.187944
0.187707
0.187468
0.187228
0.186986
0.186743
0.186499
0.186254
0.186007
0.185758
0.185509
0.185258
0.185006
0.184752
0.184498
0.184242
0.183984
0.183726
0.183466
0.183205
0.182943
0.182679
0.182414
0.182148
0.181881
0.181613
0.181343
0.181072
0.1808
0.180527
0.180252
0.179977
0.1797
0.179422
0.179143
0.178862
0.178581
0.178298
0.178015
0.17773
0.177444
0.177157
0.176869
0.176579
0.176289
0.175998
0.175705
0.175412
0.175117
0.174821
0.174525
0.174227
0.173928
0.173628
0.173327
0.173025
0.172723
0.172419
0.172114
0.171808
0.171501
0.171193
0.170885
0.170575
0.170264
0.169953
0.16964
0.169327
0.169012
0.168697
0.168381
0.168064
0.167746
0.167427
0.167107
0.166787
0.166466
0.166143
0.16582
0.165496
0.165172
0.164846
0.16452
0.164192
0.163864
0.163536
0.163206
0.162876
0.162545
0.162213
0.161881
0.161547
0.161213
0.160878
0.160543
0.160207
0.15987
0.159533
0.159194
0.158855
0.158516
0.158176
0.157835
0.157493
0.157151
0.156808
0.156465
0.156121
0.155776
0.155431
0.155085
0.154739
0.154392
0.154045
0.153697
0.153348
0.152999
0.152649
0.152299
0.151949
0.151598
0.151246
0.150894
0.150541
0.150188
0.149835
0.149481
0.149126
0.148771
0.148416
0.14806
0.147704
0.147348
0.146991
0.146634
0.146276
0.145918
0.14556
0.145201
0.144842
0.144483
0.144123
0.143763
0.143403
0.143042
0.142681
0.14232
0.141958
0.141597
0.141235
0.140872
0.14051
0.140147
0.139784
0.139421
0.139058
0.138694
0.13833
0.137967
0.137602
0.137238
0.136874
0.136509
0.136145
0.13578
0.135415
0.13505
0.134685
0.13432
0.133954
0.133589
0.133223
0.132858
0.132492
0.132127
0.131761
0.131395
0.13103
0.130664
0.130298
0.129933
0.129567
0.129201
0.128836
0.12847
0.128105
0.127739
0.127374
0.127009
0.126643
0.126278
0.125913
0.125548
0.125183
0.124819
0.124454
0.12409
0.123726
0.123361
0.122998
0.122634
0.12227
0.121907
0.121544
0.121181
0.120818
0.120456
0.120093
0.119731
0.11937
0.119008
0.118647
0.118286
0.117925
0.117565
0.117205
0.116845
0.116485
0.116126
0.115768
0.115409
0.115051
0.114693
0.114336
0.113979
0.113622
0.113266
0.11291
0.112555
0.1122
0.111845
0.111491
0.111137
0.110784
0.110431
0.110079
0.109727
0.109376
0.109025
0.108674
0.108324
0.107975
0.107626
0.107278
0.10693
0.106583
0.106236
0.10589
0.105544
0.105199
0.104855
0.104511
0.104167
0.103825
0.103483
0.103141
0.1028
0.10246
0.102121
0.101782
0.101443
0.101106
0.100769
0.100433
0.100097
0.0997623
0.0994282
0.0990947
0.098762
0.09843
0.0980987
0.0977682
0.0974384
0.0971093
0.096781
0.0964535
0.0961268
0.0958008
0.0954756
0.0951512
0.0948276
0.0945048
0.0941829
0.0938617
0.0935414
0.0932219
0.0929033
0.0925855
0.0922685
0.0919525
0.0916373
0.091323
0.0910095
0.090697
0.0903853
0.0900746
0.0897648
0.0894559
0.0891479
0.0888408
0.0885347
0.0882295
0.0879253
0.087622
0.0873197
0.0870184
0.086718
0.0864186
0.0861203
0.0858229
0.0855265
0.0852311
0.0849367
0.0846434
0.0843511
0.0840598
0.0837695
0.0834803
0.0831922
0.0829051
0.082619
0.0823341
0.0820502
0.0817674
0.0814857
0.081205
0.0809255
0.0806471
0.0803698
0.0800936
0.0798185
0.0795445
0.0792717
0.079
0.0787295
0.0784601
0.0781919
0.0779248
0.0776589
0.0773942
0.0771306
0.0768682
0.076607
0.076347
0.0760882
0.0758306
0.0755742
0.0753191
0.0750651
0.0748124
0.0745609
0.0743106
0.0740616
0.0738138
0.0735673
0.073322
0.0730779
0.0728352
0.0725937
0.0723535
0.0721145
0.0718768
0.0716405
0.0714054
0.0711716
0.0709391
0.0707079
0.070478
0.0702495
0.0700222
0.0697963
0.0695717
0.0693485
0.0691265
0.068906
0.0686867
0.0684688
0.0682523
0.0680371
0.0678233
0.0676108
0.0673997
0.06719
0.0669816
0.0667747
0.0665691
0.0663649
0.0661621
0.0659607
0.0657607
0.0655621
0.0653649
0.0651691
0.0649747
0.0647817
0.0645902
0.0644001
0.0642114
0.0640241
0.0638383
0.0636539
0.0634709
0.0632894
0.0631093
0.0629307
0.0627536
0.0625779
0.0624036
0.0622308
0.0620595
0.0618896
0.0617212
0.0615543
0.0613889
0.0612249
0.0610624
0.0609014
0.0607419
0.0605839
0.0604273
0.0602723
0.0601187
0.0599667
0.0598161
0.0596671
0.0595196
0.0593735
0.059229
0.059086
0.0589445
0.0588045
0.058666
0.0585291
0.0583936
0.0582597
0.0581274
0.0579965
0.0578672
0.0577394
0.0576131
0.0574884
0.0573652
0.0572436
0.0571235
0.0570049
0.0568879
0.0567724
0.0566584
0.056546
0.0564352
0.0563259
0.0562181
0.0561119
0.0560073
0.0559042
0.0558026
0.0557026
0.0556042
0.0555073
0.055412
0.0553183
0.0552261
0.0551354
0.0550463
0.0549588
0.0548729
0.0547885
0.0547057
0.0546244
0.0545447
0.0544666
0.05439
0.054315
0.0542416
0.0541697
0.0540994
0.0540306
0.0539635
0.0538979
0.0538338
0.0537713
0.0537104
0.0536511
0.0535933
0.0535371
0.0534825
0.0534294
0.0533779
0.053328
0.0532796
0.0532328
0.0531875
0.0531438
0.0531017
0.0530612
0.0530222
0.0529847
0.0529488
0.0529145
0.0528818
0.0528506
0.0528209
0.0527929
0.0527663
0.0527414
0.0527179
0.0526961
0.0526757
0.052657
0.0526398
0.0526241
0.05261
0.0525974
0.0525864
0.0525769
0.0525689
0.0525625
0.0525577
0.0525543
0.0525525
0.0525523
0.0525535
0.0525563
0.0525606
0.0525665
0.0525739
0.0525828
0.0525932
0.0526051
0.0526186
0.0526336
0.0526501
0.052668
0.0526875
0.0527086
0.0527311
0.0527551
0.0527806
0.0528076
0.0528361
0.0528661
0.0528976
0.0529306
0.0529651
0.053001
0.0530384
0.0530773
0.0531177
0.0531596
0.0532029
0.0532477
0.0532939
0.0533416
0.0533908
0.0534414
0.0534935
0.053547
0.0536019
0.0536583
0.0537162
0.0537755
0.0538362
0.0538983
0.0539619
0.0540269
0.0540933
0.0541611
0.0542303
0.054301
0.054373
0.0544465
0.0545213
0.0545976
0.0546752
0.0547542
0.0548346
0.0549164
0.0549996
0.0550841
0.05517
0.0552572
0.0553459
0.0554358
0.0555272
0.0556198
0.0557139
0.0558092
0.0559059
0.0560039
0.0561033
0.056204
0.056306
0.0564093
0.0565139
0.0566198
0.056727
0.0568356
0.0569454
0.0570565
0.0571688
0.0572825
0.0573974
0.0575136
0.0576311
0.0577498
0.0578698
0.057991
0.0581135
0.0582372
0.0583621
0.0584883
0.0586157
0.0587443
0.0588741
0.0590051
0.0591374
0.0592708
0.0594055
0.0595413
0.0596783
0.0598165
0.0599558
0.0600963
0.060238
0.0603809
0.0605249
0.06067
0.0608163
0.0609637
0.0611123
0.0612619
0.0614127
0.0615646
0.0617176
0.0618717
0.0620269
0.0621832
0.0623406
0.062499
0.0626586
0.0628191
0.0629808
0.0631435
0.0633073
0.0634721
0.0636379
0.0638047
0.0639726
0.0641415
0.0643115
0.0644824
0.0646543
0.0648272
0.0650011
0.065176
0.0653519
0.0655287
0.0657065
0.0658852
0.0660649
0.0662456
0.0664272
0.0666097
0.0667931
0.0669774
0.0671627
0.0673489
0.0675359
0.0677239
0.0679127
0.0681024
0.068293
0.0684845
0.0686768
0.0688699
0.0690639
0.0692588
0.0694544
0.0696509
0.0698482
0.0700464
0.0702453
0.070445
0.0706455
0.0708468
0.0710489
0.0712517
0.0714553
0.0716597
0.0718648
0.0720706
0.0722772
0.0724845
0.0726925
0.0729012
0.0731107
0.0733208
0.0735316
0.0737431
0.0739553
0.0741682
0.0743817
0.0745958
0.0748107
0.0750261
0.0752422
0.0754589
0.0756762
0.0758941
0.0761127
0.0763318
0.0765515
0.0767718
0.0769927
0.0772141
0.0774361
0.0776586
0.0778817
0.0781053
0.0783295
0.0785542
0.0787793
0.079005
0.0792312
0.0794578
0.079685
0.0799126
0.0801407
0.0803692
0.0805982
0.0808276
0.0810575
0.0812878
0.0815185
0.0817496
0.0819812
0.0822131
0.0824454
0.0826781
0.0829112
0.0831446
0.0833784
0.0836125
0.083847
0.0840818
0.0843169
0.0845524
0.0847881
0.0850242
0.0852605
0.0854972
0.0857341
0.0859712
0.0862087
0.0864464
0.0866843
0.0869225
0.0871609
0.0873995
0.0876384
0.0878774
0.0881166
0.0883561
0.0885957
0.0888354
0.0890754
0.0893155
0.0895557
0.0897961
0.0900366
0.0902773
0.090518
0.0907589
0.0909999
0.0912409
0.0914821
0.0917233
0.0919646
0.0922059
0.0924473
0.0926887
0.0929302
0.0931717
0.0934132
0.0936547
0.0938962
0.0941377
0.0943792
0.0946207
0.0948621
0.0951035
0.0953449
0.0955862
0.0958274
0.0960686
0.0963096
0.0965506
0.0967915
0.0970323
0.097273
0.0975135
0.097754
0.0979942
0.0982344
0.0984744
0.0987142
0.0989538
0.0991933
0.0994326
0.0996717
0.0999105
0.100149
0.100388
0.100626
0.100864
0.101102
0.101339
0.101576
0.101813
0.10205
0.102286
0.102522
0.102758
0.102994
0.103229
0.103464
0.103698
0.103932
0.104166
0.1044
0.104633
0.104866
0.105098
0.10533
0.105561
0.105793
0.106023
0.106254
0.106484
0.106713
0.106942
0.10717
0.107399
0.107626
0.107853
0.10808
0.108306
0.108532
0.108757
0.108981
0.109206
0.109429
0.109652
0.109875
0.110097
0.110318
0.110539
0.110759
0.110978
0.111197
0.111416
0.111634
0.111851
0.112067
0.112283
0.112499
0.112713
0.112927
0.11314
0.113353
0.113565
0.113776
0.113987
0.114197
0.114406
0.114614
0.114822
0.115029
0.115235
0.11544
0.115645
0.115849
0.116052
0.116255
0.116456
0.116657
0.116857
0.117056
0.117255
0.117452
0.117649
0.117845
0.11804
0.118234
0.118428
0.11862
0.118812
0.119002
0.119192
0.119381
0.119569
0.119756
0.119943
0.120128
0.120312
0.120496
0.120678
0.12086
0.12104
0.12122
0.121398
0.121576
0.121753
0.121928
0.122103
0.122277
0.12245
0.122621
0.122792
0.122961
0.12313
0.123297
0.123464
0.123629
0.123794
0.123957
0.124119
0.12428
0.12444
0.124599
0.124757
0.124914
0.125069
0.125224
0.125377
0.125529
0.12568
0.12583
0.125979
0.126126
0.126273
0.126418
0.126562
0.126705
0.126847
0.126987
0.127127
0.127265
0.127402
0.127537
0.127672
0.127805
0.127937
0.128067
0.128197
0.128325
0.128452
0.128578
0.128702
0.128825
0.128947
0.129068
0.129187
0.129305
0.129421
0.129537
0.129651
0.129763
0.129875
0.129985
0.130093
0.130201
0.130307
0.130411
0.130515
0.130617
0.130717
0.130816
0.130914
0.131011
0.131106
0.131199
0.131291
0.131382
0.131472
0.13156
0.131646
0.131731
0.131815
0.131897
0.131978
0.132057
0.132135
0.132212
0.132287
0.132361
0.132433
0.132503
0.132572
0.13264
0.132706
0.132771
0.132834
0.132896
0.132956
0.133015
0.133072
0.133128
0.133182
0.133235
0.133286
0.133336
0.133384
0.13343
0.133475
0.133519
0.133561
0.133601
0.13364
0.133677
0.133713
0.133747
0.13378
0.133811
0.13384
0.133868
0.133894
0.133919
0.133942
0.133963
0.133983
0.134002
0.134018
0.134034
0.134047
0.134059
0.134069
0.134078
0.134085
0.134091
0.134094
0.134097
0.134097
0.134096
0.134093
0.134089
0.134083
0.134076
0.134066
0.134055
0.134043
0.134029
0.134013
0.133995
0.133976
0.133955
0.133933
0.133909
0.133883
0.133856
0.133827
0.133796
0.133763
0.133729
0.133694
0.133656
0.133617
0.133576
0.133534
0.133489
0.133444
0.133396
0.133347
0.133296
0.133243
0.133189
0.133133
0.133075
0.133016
0.132955
0.132892
0.132828
0.132761
0.132694
0.132624
0.132553
0.13248
0.132405
0.132329
0.132251
0.132171
0.13209
0.132007
0.131922
0.131835
0.131747
0.131657
0.131565
0.131472
0.131377
0.13128
0.131181
0.131081
0.130979
0.130876
0.13077
0.130663
0.130555
0.130444
0.130332
0.130218
0.130103
0.129985
0.129866
0.129746
0.129623
0.129499
0.129373
0.129246
0.129117
0.128986
0.128853
0.128719
0.128583
0.128445
0.128306
0.128165
0.128022
0.127878
0.127731
0.127584
0.127434
0.127283
0.12713
0.126975
0.126819
0.126661
0.126501
0.12634
0.126177
0.126012
0.125846
0.125678
0.125508
0.125337
0.125164
0.124989
0.124813
0.124634
0.124455
0.124273
0.12409
0.123906
0.123719
0.123531
0.123341
0.12315
0.122957
0.122763
0.122566
0.122368
0.122169
0.121968
0.121765
0.12156
0.121354
0.121147
0.120937
0.120726
0.120514
0.1203
0.120084
0.119866
0.119647
0.119427
0.119204
0.118981
0.118755
0.118528
0.1183
0.118069
0.117838
0.117604
0.117369
0.117133
0.116895
0.116655
0.116414
0.116171
0.115927
0.115681
0.115433
0.115184
0.114934
0.114682
0.114428
0.114173
0.113916
0.113658
0.113398
0.113137
0.112874
0.11261
0.112344
0.112077
0.111808
0.111538
0.111266
0.110993
0.110718
0.110442
0.110164
0.109885
0.109605
0.109322
0.109039
0.108754
0.108467
0.10818
0.10789
0.107599
0.107307
0.107014
0.106719
0.106422
0.106124
0.105825
0.105524
0.105222
0.104919
0.104614
0.104308
0.104
0.103691
0.103381
0.103069
0.102756
0.102441
0.102125
0.101808
0.10149
0.10117
0.100849
0.100526
0.100203
0.0998775
0.0995511
0.0992234
0.0988944
0.0985642
0.0982326
0.0978997
0.0975656
0.0972302
0.0968936
0.0965557
0.0962165
0.0958761
0.0955345
0.0951916
0.0948475
0.0945022
0.0941557
0.0938079
0.093459
0.0931088
0.0927575
0.092405
0.0920513
0.0916964
0.0913403
0.0909831
0.0906248
0.0902652
0.0899046
0.0895428
0.0891799
0.0888158
0.0884506
0.0880844
0.087717
0.0873485
0.0869789
0.0866083
0.0862365
0.0858637
0.0854898
0.0851149
0.0847389
0.0843618
0.0839838
0.0836047
0.0832245
0.0828434
0.0824612
0.082078
0.0816938
0.0813086
0.0809225
0.0805354
0.0801472
0.0797582
0.0793681
0.0789771
0.0785852
0.0781924
0.0777986
0.0774038
0.0770082
0.0766116
0.0762142
0.0758159
0.0754166
0.0750165
0.0746155
0.0742137
0.073811
0.0734074
0.073003
0.0725978
0.0721917
0.0717848
0.0713771
0.0709686
0.0705592
0.0701491
0.0697382
0.0693265
0.0689141
0.0685009
0.0680869
0.0676722
0.0672568
0.0668406
0.0664237
0.066006
0.0655877
0.0651687
0.0647489
0.0643285
0.0639074
0.0634856
0.0630632
0.0626401
0.0622163
0.061792
0.0613669
0.0609413
0.060515
0.0600882
0.0596607
0.0592326
0.058804
0.0583748
0.057945
0.0575146
0.0570837
0.0566522
0.0562202
0.0557877
0.0553546
0.0549211
0.054487
0.0540524
0.0536174
0.0531818
0.0527458
0.0523093
0.0518724
0.051435
0.0509971
0.0505589
0.0501202
0.0496811
0.0492415
0.0488016
0.0483613
0.0479206
0.0474795
0.0470381
0.0465963
0.0461541
0.0457116
0.0452688
0.0448256
0.0443821
0.0439383
0.0434942
0.0430498
0.0426051
0.0421602
0.0417149
0.0412695
0.0408237
0.0403777
0.0399315
0.039485
0.0390384
0.0385915
0.0381444
0.0376971
0.0372496
0.036802
0.0363541
0.0359062
0.035458
0.0350097
0.0345613
0.0341128
0.0336641
0.0332153
0.0327664
0.0323175
0.0318684
0.0314192
0.03097
0.0305208
0.0300714
0.029622
0.0291726
0.0287232
0.0282737
0.0278243
0.0273748
0.0269253
0.0264759
0.0260264
0.025577
0.0251277
0.0246784
0.0242291
0.0237799
0.0233308
0.0228817
0.0224328
0.0219839
0.0215352
0.0210865
0.020638
0.0201896
0.0197414
0.0192933
0.0188453
0.0183975
0.0179499
0.0175025
0.0170553
0.0166082
0.0161614
0.0157148
0.0152684
0.0148222
0.0143763
0.0139306
0.0134851
0.01304
0.0125951
0.0121505
0.0117061
0.0112621
0.0108184
0.010375
0.00993187
0.00948911
0.00904668
0.0086046
0.00816287
0.0077215
0.0072805
0.00683988
0.00639965
0.00595981
0.00552037
0.00508135
0.00464274
0.00420456
0.00376681
0.00332951
0.00289265
0.00245626
0.00202033
0.00158488
0.00114991
0.000715431
0.000281451
-0.000152023
-0.000584982
-0.00101742
-0.00144932
-0.00188069
-0.00231151
-0.00274178
-0.00317149
-0.00360062
-0.00402918
-0.00445715
-0.00488453
-0.00531131
-0.00573747
-0.00616303
-0.00658795
-0.00701225
-0.0074359
-0.00785891
-0.00828127
-0.00870296
-0.00912397
-0.00954432
-0.00996397
-0.0103829
-0.0108012
-0.0112187
-0.0116356
-0.0120517
-0.0124671
-0.0128817
-0.0132956
-0.0137088
-0.0141211
-0.0145328
-0.0149436
-0.0153537
-0.0157629
-0.0161714
-0.016579
-0.0169859
-0.0173919
-0.0177971
-0.0182015
-0.018605
-0.0190077
-0.0194095
-0.0198105
-0.0202106
-0.0206098
-0.0210081
-0.0214055
-0.0218021
-0.0221977
-0.0225924
-0.0229862
-0.0233791
-0.023771
-0.024162
-0.0245521
-0.0249412
-0.0253293
-0.0257165
-0.0261027
-0.0264879
-0.0268721
-0.0272553
-0.0276376
-0.0280188
-0.028399
-0.0287782
-0.0291564
-0.0295335
-0.0299096
-0.0302846
-0.0306586
-0.0310315
-0.0314034
-0.0317742
-0.0321439
-0.0325125
-0.0328801
-0.0332465
-0.0336118
-0.033976
-0.0343391
-0.0347011
-0.035062
-0.0354217
-0.0357803
-0.0361377
-0.0364939
-0.0368491
-0.037203
-0.0375558
-0.0379074
-0.0382578
-0.038607
-0.038955
-0.0393019
-0.0396475
-0.0399919
-0.0403351
-0.040677
-0.0410178
-0.0413573
-0.0416955
-0.0420325
-0.0423683
-0.0427028
-0.043036
-0.043368
-0.0436987
-0.0440281
-0.0443563
-0.0446831
-0.0450087
-0.0453329
-0.0456558
-0.0459775
-0.0462978
-0.0466168
-0.0469345
-0.0472508
-0.0475658
-0.0478794
-0.0481918
-0.0485027
-0.0488123
-0.0491206
-0.0494275
-0.049733
-0.0500371
-0.0503398
-0.0506412
-0.0509412
-0.0512398
-0.051537
-0.0518327
-0.0521271
-0.0524201
-0.0527116
-0.0530018
-0.0532905
-0.0535777
-0.0538636
-0.054148
-0.0544309
-0.0547125
-0.0549925
-0.0552711
-0.0555483
-0.055824
-0.0560982
-0.0563709
-0.0566422
-0.056912
-0.0571803
-0.0574471
-0.0577125
-0.0579763
-0.0582387
-0.0584995
-0.0587589
-0.0590167
-0.059273
-0.0595278
-0.0597811
-0.0600329
-0.0602831
-0.0605318
-0.060779
-0.0610246
-0.0612687
-0.0615113
-0.0617523
-0.0619918
-0.0622297
-0.0624661
-0.0627009
-0.0629341
-0.0631658
-0.0633959
-0.0636245
-0.0638515
-0.0640769
-0.0643007
-0.0645229
-0.0647436
-0.0649627
-0.0651802
-0.0653961
-0.0656104
-0.0658231
-0.0660342
-0.0662437
-0.0664516
-0.0666579
-0.0668626
-0.0670657
-0.0672672
-0.0674671
-0.0676653
-0.067862
-0.068057
-0.0682504
-0.0684422
-0.0686323
-0.0688208
-0.0690077
-0.069193
-0.0693766
-0.0695586
-0.069739
-0.0699177
-0.0700948
-0.0702702
-0.070444
-0.0706162
-0.0707867
-0.0709556
-0.0711228
-0.0712884
-0.0714523
-0.0716146
-0.0717752
-0.0719341
-0.0720915
-0.0722471
-0.0724011
-0.0725535
-0.0727042
-0.0728532
-0.0730006
-0.0731463
-0.0732903
-0.0734327
-0.0735735
-0.0737125
-0.0738499
-0.0739857
-0.0741197
-0.0742521
-0.0743829
-0.074512
-0.0746394
-0.0747651
-0.0748892
-0.0750116
-0.0751324
-0.0752515
-0.0753689
-0.0754846
-0.0755987
-0.0757111
-0.0758219
-0.075931
-0.0760384
-0.0761442
-0.0762482
-0.0763507
-0.0764514
-0.0765505
-0.076648
-0.0767437
-0.0768378
-0.0769303
-0.0770211
-0.0771102
-0.0771977
-0.0772835
-0.0773676
-0.0774501
-0.0775309
-0.0776101
-0.0776876
-0.0777635
-0.0778377
-0.0779103
-0.0779812
-0.0780504
-0.0781181
-0.078184
-0.0782483
-0.078311
-0.0783721
-0.0784315
-0.0784892
-0.0785453
-0.0785998
-0.0786526
-0.0787039
-0.0787534
-0.0788014
-0.0788477
-0.0788924
-0.0789355
-0.0789769
-0.0790167
-0.0790549
-0.0790915
-0.0791265
-0.0791599
-0.0791916
-0.0792217
-0.0792503
-0.0792772
-0.0793025
-0.0793262
-0.0793484
-0.0793689
-0.0793879
-0.0794052
-0.079421
-0.0794351
-0.0794477
-0.0794588
-0.0794682
-0.0794761
-0.0794823
-0.0794871
-0.0794902
-0.0794918
-0.0794919
-0.0794903
-0.0794873
-0.0794826
-0.0794764
-0.0794687
-0.0794595
-0.0794487
-0.0794363
-0.0794224
-0.079407
-0.0793901
-0.0793717
-0.0793517
-0.0793302
-0.0793072
-0.0792827
-0.0792567
-0.0792292
-0.0792002
-0.0791697
-0.0791377
-0.0791042
-0.0790693
-0.0790328
-0.0789949
-0.0789555
-0.0789147
-0.0788724
-0.0788286
-0.0787834
-0.0787367
-0.0786886
-0.078639
-0.078588
-0.0785355
-0.0784817
-0.0784264
-0.0783696
-0.0783115
-0.078252
-0.078191
-0.0781286
-0.0780649
-0.0779997
-0.0779332
-0.0778652
-0.0777959
-0.0777252
-0.0776532
-0.0775797
-0.077505
-0.0774288
-0.0773513
-0.0772725
-0.0771923
-0.0771107
-0.0770279
-0.0769437
-0.0768582
-0.0767714
-0.0766832
-0.0765938
-0.076503
-0.076411
-0.0763177
-0.076223
-0.0761271
-0.07603
-0.0759315
-0.0758318
-0.0757308
-0.0756286
-0.0755251
-0.0754204
-0.0753145
-0.0752073
-0.0750989
-0.0749892
-0.0748784
-0.0747663
-0.0746531
-0.0745386
-0.074423
-0.0743061
-0.0741881
-0.0740689
-0.0739486
-0.0738271
-0.0737044
-0.0735806
-0.0734556
-0.0733295
-0.0732023
-0.0730739
-0.0729444
-0.0728138
-0.0726821
-0.0725493
-0.0724154
-0.0722805
-0.0721444
-0.0720072
-0.071869
-0.0717298
-0.0715894
-0.071448
-0.0713056
-0.0711622
-0.0710177
-0.0708721
-0.0707256
-0.0705781
-0.0704295
-0.07028
-0.0701294
-0.0699779
-0.0698254
-0.0696719
-0.0695175
-0.0693621
-0.0692057
-0.0690485
-0.0688902
-0.0687311
-0.068571
-0.06841
-0.0682481
-0.0680853
-0.0679216
-0.067757
-0.0675915
-0.0674252
-0.067258
-0.0670899
-0.066921
-0.0667512
-0.0665806
-0.0664092
-0.0662369
-0.0660638
-0.0658899
-0.0657152
-0.0655397
-0.0653634
-0.0651864
-0.0650086
-0.06483
-0.0646506
-0.0644705
-0.0642896
-0.064108
-0.0639257
-0.0637427
-0.0635589
-0.0633745
-0.0631893
-0.0630035
-0.0628169
-0.0626297
-0.0624418
-0.0622533
-0.0620641
-0.0618742
-0.0616837
-0.0614926
-0.0613009
-0.0611085
-0.0609156
-0.060722
-0.0605278
-0.0603331
-0.0601378
-0.0599419
-0.0597454
