-0.000454545
-0.000371076
-0.000296845
-0.000230869
0.000223668
-0.000172272
-0.000120302
-7.42548e-05
-3.35309e-05
2.40736e-06
3.40365e-05
6.17791e-05
8.60099e-05
0.000107061
0.000125227
0.000140768
0.000153917
0.000164879
0.000173835
0.000180948
0.000186359
0.000190197
0.000192573
0.000193587
0.000193329
0.000191876
0.000189298
0.000185657
0.000181007
0.000175398
0.000168872
0.000161468
0.000153218
0.000144154
0.000134301
0.000123684
0.000112322
0.000100235
8.74373e-05
7.39446e-05
5.97688e-05
4.49211e-05
2.94108e-05
1.32465e-05
-3.56474e-06
-2.10165e-05
-3.91035e-05
-5.78211e-05
-7.71654e-05
-9.71409e-05
-0.000117745
-0.000138975
-0.000160829
-0.000183307
-0.000206407
-0.000230128
-0.00025447
-0.000279434
-0.00030502
-0.000331229
-0.00035806
-0.000385516
-0.000413597
-0.000442304
-0.000471639
-0.000501604
-0.0005322
-0.000563429
-0.000595291
-0.00062779
-0.000660927
-0.000694703
-0.00072912
-0.00076418
-0.000799884
-0.000836235
-0.000873233
-0.00091088
-0.000949178
-0.000988127
-0.00102773
-0.00106799
-0.0011089
-0.00115047
-0.00119269
-0.00123557
-0.00127911
-0.00132331
-0.00136816
-0.00141367
-0.00145984
-0.00150667
-0.00155415
-0.00160228
-0.00165107
-0.00170051
-0.00175061
-0.00180135
-0.00185274
-0.00190477
-0.00195744
-0.00201076
-0.0020647
-0.00211929
-0.00217449
-0.00223033
-0.00228678
-0.00234385
-0.00240154
-0.00245982
-0.00251871
-0.0025782
-0.00263827
-0.00269893
-0.00276016
-0.00282196
-0.00288433
-0.00294725
-0.00301072
-0.00307473
-0.00313928
-0.00320434
-0.00326993
-0.00333601
-0.0034026
-0.00346967
-0.00353722
-0.00360524
-0.00367371
-0.00374264
-0.00381199
-0.00388178
-0.00395198
-0.00402258
-0.00409357
-0.00416494
-0.00423667
-0.00430877
-0.0043812
-0.00445397
-0.00452705
-0.00460043
-0.00467411
-0.00474806
-0.00482228
-0.00489675
-0.00497145
-0.00504638
-0.00512152
-0.00519685
-0.00527236
-0.00534804
-0.00542387
-0.00549984
-0.00557593
-0.00565213
-0.00572843
-0.0058048
-0.00588124
-0.00595773
-0.00603426
-0.00611081
-0.00618737
-0.00626391
-0.00634044
-0.00641693
-0.00649337
-0.00656974
-0.00664603
-0.00672223
-0.00679832
-0.00687429
-0.00695012
-0.00702581
-0.00710133
-0.00717667
-0.00725182
-0.00732677
-0.0074015
-0.007476
-0.00755026
-0.00762427
-0.00769801
-0.00777146
-0.00784463
-0.00791749
-0.00799003
-0.00806225
-0.00813413
-0.00820566
-0.00827683
-0.00834763
-0.00841804
-0.00848807
-0.00855769
-0.0086269
-0.00869569
-0.00876405
-0.00883197
-0.00889945
-0.00896646
-0.00903302
-0.00909909
-0.00916469
-0.0092298
-0.00929442
-0.00935853
-0.00942213
-0.00948522
-0.00954779
-0.00960982
-0.00967133
-0.00973229
-0.00979271
-0.00985258
-0.0099119
-0.00997065
-0.0100288
-0.0100865
-0.0101435
-0.0102
-0.0102559
-0.0103112
-0.010366
-0.0104201
-0.0104737
-0.0105267
-0.010579
-0.0106308
-0.010682
-0.0107326
-0.0107826
-0.010832
-0.0108808
-0.0109289
-0.0109765
-0.0110235
-0.0110699
-0.0111157
-0.0111608
-0.0112054
-0.0112494
-0.0112928
-0.0113355
-0.0113777
-0.0114193
-0.0114603
-0.0115007
-0.0115405
-0.0115797
-0.0116184
-0.0116564
-0.0116939
-0.0117307
-0.0117671
-0.0118028
-0.0118379
-0.0118725
-0.0119065
-0.01194
-0.0119729
-0.0120052
-0.012037
-0.0120683
-0.0120989
-0.0121291
-0.0121587
-0.0121878
-0.0122163
-0.0122443
-0.0122718
-0.0122988
-0.0123252
-0.0123512
-0.0123766
-0.0124015
-0.0124259
-0.0124499
-0.0124733
-0.0124963
-0.0125187
-0.0125407
-0.0125622
-0.0125833
-0.0126039
-0.012624
-0.0126437
-0.0126629
-0.0126817
-0.0127
-0.0127179
-0.0127354
-0.0127525
-0.0127691
-0.0127853
-0.0128011
-0.0128165
-0.0128314
-0.012846
-0.0128602
-0.012874
-0.0128874
-0.0129005
-0.0129131
-0.0129254
-0.0129374
-0.0129489
-0.0129601
-0.012971
-0.0129815
-0.0129917
-0.0130015
-0.013011
-0.0130202
-0.013029
-0.0130376
-0.0130458
-0.0130537
-0.0130613
-0.0130686
-0.0130756
-0.0130823
-0.0130887
-0.0130949
-0.0131007
-0.0131063
-0.0131116
-0.0131167
-0.0131215
-0.013126
-0.0131303
-0.0131343
-0.0131381
-0.0131416
-0.013145
-0.013148
-0.0131509
-0.0131535
-0.0131559
-0.0131581
-0.0131601
-0.0131618
-0.0131634
-0.0131647
-0.0131659
-0.0131668
-0.0131676
-0.0131682
-0.0131686
-0.0131688
-0.0131689
-0.0131687
-0.0131684
-0.013168
-0.0131673
-0.0131666
-0.0131656
-0.0131645
-0.0131633
-0.0131619
-0.0131603
-0.0131587
-0.0131569
-0.0131549
-0.0131528
-0.0131506
-0.0131483
-0.0131458
-0.0131433
-0.0131406
-0.0131378
-0.0131349
-0.0131318
-0.0131287
-0.0131255
-0.0131221
-0.0131187
-0.0131152
-0.0131115
-0.0131078
-0.013104
-0.0131001
-0.0130962
-0.0130921
-0.013088
-0.0130838
-0.0130795
-0.0130751
-0.0130707
-0.0130662
-0.0130616
-0.0130569
-0.0130522
-0.0130475
-0.0130426
-0.0130378
-0.0130328
-0.0130278
-0.0130228
-0.0130177
-0.0130125
-0.0130073
-0.013002
-0.0129967
-0.0129914
-0.012986
-0.0129806
-0.0129751
-0.0129696
-0.0129641
-0.0129585
-0.0129528
-0.0129472
-0.0129415
-0.0129358
-0.01293
-0.0129242
-0.0129184
-0.0129126
-0.0129067
-0.0129008
-0.0128948
-0.0128889
-0.0128829
-0.0128769
-0.0128709
-0.0128648
-0.0128587
-0.0128526
-0.0128465
-0.0128404
-0.0128342
-0.012828
-0.0128218
-0.0128156
-0.0128093
-0.012803
-0.0127968
-0.0127905
-0.0127841
-0.0127778
-0.0127714
-0.012765
-0.0127586
-0.0127522
-0.0127458
-0.0127393
-0.0127329
-0.0127264
-0.0127199
-0.0127133
-0.0127068
-0.0127002
-0.0126937
-0.0126871
-0.0126804
-0.0126738
-0.0126671
-0.0126605
-0.0126538
-0.012647
-0.0126403
-0.0126335
-0.0126268
-0.01262
-0.0126131
-0.0126063
-0.0125994
-0.0125925
-0.0125856
-0.0125787
-0.0125717
-0.0125647
-0.0125577
-0.0125507
-0.0125436
-0.0125365
-0.0125294
-0.0125222
-0.012515
-0.0125078
-0.0125006
-0.0124933
-0.012486
-0.0124787
-0.0124713
-0.012464
-0.0124565
-0.0124491
-0.0124416
-0.0124341
-0.0124265
-0.0124189
-0.0124113
-0.0124036
-0.0123959
-0.0123882
-0.0123804
-0.0123726
-0.0123647
-0.0123568
-0.0123489
-0.0123409
-0.0123329
-0.0123248
-0.0123167
-0.0123085
-0.0123004
-0.0122921
-0.0122838
-0.0122755
-0.0122672
-0.0122587
-0.0122503
-0.0122418
-0.0122332
-0.0122246
-0.012216
-0.0122073
-0.0121986
-0.0121898
-0.012181
-0.0121721
-0.0121632
-0.0121542
-0.0121452
-0.0121361
-0.012127
-0.0121178
-0.0121086
-0.0120993
-0.01209
-0.0120807
-0.0120712
-0.0120618
-0.0120523
-0.0120427
-0.0120331
-0.0120235
-0.0120138
-0.012004
-0.0119942
-0.0119844
-0.0119745
-0.0119646
-0.0119546
-0.0119445
-0.0119345
-0.0119244
-0.0119142
-0.011904
-0.0118938
-0.0118835
-0.0118731
-0.0118628
-0.0118524
-0.0118419
-0.0118314
-0.0118209
-0.0118104
-0.0117998
-0.0117891
-0.0117785
-0.0117678
-0.0117571
-0.0117463
-0.0117355
-0.0117247
-0.0117139
-0.011703
-0.0116921
-0.0116812
-0.0116703
-0.0116593
-0.0116484
-0.0116374
-0.0116264
-0.0116154
-0.0116043
-0.0115933
-0.0115823
-0.0115712
-0.0115601
-0.0115491
-0.011538
-0.011527
-0.0115159
-0.0115048
-0.0114938
-0.0114827
-0.0114717
-0.0114607
-0.0114497
-0.0114387
-0.0114277
-0.0114168
-0.0114059
-0.011395
-0.0113841
-0.0113733
-0.0113625
-0.0113517
-0.011341
-0.0113303
-0.0113197
-0.0113091
-0.0112985
-0.011288
-0.0112776
-0.0112672
-0.0112569
-0.0112466
-0.0112364
-0.0112263
-0.0112163
-0.0112063
-0.0111964
-0.0111866
-0.0111768
-0.0111672
-0.0111576
-0.0111482
-0.0111388
-0.0111295
-0.0111204
-0.0111113
-0.0111023
-0.0110935
-0.0110848
-0.0110762
-0.0110677
-0.0110593
-0.0110511
-0.011043
-0.011035
-0.0110272
-0.0110195
-0.0110119
-0.0110045
-0.0109973
-0.0109902
-0.0109833
-0.0109765
-0.0109699
-0.0109635
-0.0109572
-0.0109511
-0.0109452
-0.0109395
-0.010934
-0.0109286
-0.0109234
-0.0109185
-0.0109137
-0.0109092
-0.0109048
-0.0109007
-0.0108967
-0.010893
-0.0108895
-0.0108862
-0.0108832
-0.0108804
-0.0108778
-0.0108754
-0.0108733
-0.0108714
-0.0108698
-0.0108684
-0.0108672
-0.0108663
-0.0108657
-0.0108653
-0.0108652
-0.0108653
-0.0108657
-0.0108664
-0.0108674
-0.0108686
-0.0108701
-0.0108719
-0.010874
-0.0108764
-0.010879
-0.010882
-0.0108852
-0.0108888
-0.0108926
-0.0108968
-0.0109013
-0.010906
-0.0109111
-0.0109165
-0.0109222
-0.0109282
-0.0109346
-0.0109412
-0.0109482
-0.0109555
-0.0109632
-0.0109711
-0.0109794
-0.010988
-0.010997
-0.0110063
-0.0110159
-0.0110259
-0.0110361
-0.0110468
-0.0110578
-0.0110691
-0.0110807
-0.0110927
-0.011105
-0.0111177
-0.0111308
-0.0111441
-0.0111578
-0.0111719
-0.0111863
-0.0112011
-0.0112162
-0.0112316
-0.0112474
-0.0112635
-0.01128
-0.0112968
-0.011314
-0.0113315
-0.0113494
-0.0113676
-0.0113862
-0.011405
-0.0114243
-0.0114439
-0.0114638
-0.011484
-0.0115046
-0.0115256
-0.0115469
-0.0115685
-0.0115904
-0.0116127
-0.0116353
-0.0116583
-0.0116815
-0.0117051
-0.011729
-0.0117533
-0.0117779
-0.0118028
-0.011828
-0.0118535
-0.0118793
-0.0119055
-0.0119319
-0.0119587
-0.0119858
-0.0120132
-0.0120408
-0.0120688
-0.0120971
-0.0121257
-0.0121545
-0.0121837
-0.0122131
-0.0122428
-0.0122728
-0.012303
-0.0123336
-0.0123644
-0.0123955
-0.0124268
-0.0124584
-0.0124903
-0.0125224
-0.0125548
-0.0125874
-0.0126202
-0.0126533
-0.0126867
-0.0127202
-0.012754
-0.0127881
-0.0128223
-0.0128568
-0.0128915
-0.0129263
-0.0129615
-0.0129968
-0.0130323
-0.013068
-0.0131039
-0.01314
-0.0131762
-0.0132127
-0.0132493
-0.0132861
-0.0133231
-0.0133602
-0.0133975
-0.0134349
-0.0134725
-0.0135103
-0.0135482
-0.0135862
-0.0136244
-0.0136627
-0.0137011
-0.0137396
-0.0137783
-0.013817
-0.0138559
-0.0138949
-0.013934
-0.0139732
-0.0140124
-0.0140518
-0.0140912
-0.0141308
-0.0141703
-0.01421
-0.0142497
-0.0142895
-0.0143293
-0.0143692
-0.0144092
-0.0144492
-0.0144892
-0.0145292
-0.0145693
-0.0146094
-0.0146495
-0.0146897
-0.0147298
-0.0147699
-0.0148101
-0.0148503
-0.0148904
-0.0149305
-0.0149706
-0.0150107
-0.0150508
-0.0150909
-0.0151309
-0.0151708
-0.0152108
-0.0152506
-0.0152905
-0.0153302
-0.0153699
-0.0154096
-0.0154492
-0.0154887
-0.0155281
-0.0155675
-0.0156067
-0.0156459
-0.015685
-0.0157239
-0.0157628
-0.0158016
-0.0158402
-0.0158788
-0.0159172
-0.0159555
-0.0159937
-0.0160317
-0.0160696
-0.0161074
-0.016145
-0.0161824
-0.0162198
-0.0162569
-0.0162939
-0.0163307
-0.0163674
-0.0164039
-0.0164402
-0.0164764
-0.0165123
-0.0165481
-0.0165837
-0.0166191
-0.0166543
-0.0166892
-0.016724
-0.0167586
-0.016793
-0.0168271
-0.016861
-0.0168947
-0.0169282
-0.0169615
-0.0169945
-0.0170273
-0.0170598
-0.0170921
-0.0171241
-0.0171559
-0.0171875
-0.0172188
-0.0172498
-0.0172806
-0.0173111
-0.0173413
-0.0173713
-0.0174009
-0.0174304
-0.0174595
-0.0174883
-0.0175169
-0.0175452
-0.0175732
-0.0176009
-0.0176283
-0.0176554
-0.0176821
-0.0177086
-0.0177348
-0.0177607
-0.0177863
-0.0178115
-0.0178365
-0.0178611
-0.0178854
-0.0179094
-0.017933
-0.0179563
-0.0179793
-0.018002
-0.0180243
-0.0180464
-0.018068
-0.0180894
-0.0181104
-0.018131
-0.0181513
-0.0181713
-0.0181909
-0.0182102
-0.0182291
-0.0182477
-0.0182659
-0.0182838
-0.0183013
-0.0183185
-0.0183353
-0.0183518
-0.0183679
-0.0183837
-0.0183991
-0.0184141
-0.0184288
-0.0184431
-0.0184571
-0.0184707
-0.0184839
-0.0184968
-0.0185093
-0.0185215
-0.0185333
-0.0185447
-0.0185558
-0.0185665
-0.0185768
-0.0185868
-0.0185965
-0.0186057
-0.0186146
-0.0186232
-0.0186314
-0.0186392
-0.0186467
-0.0186538
-0.0186606
-0.018667
-0.018673
-0.0186787
-0.0186841
-0.0186891
-0.0186937
-0.018698
-0.018702
-0.0187056
-0.0187088
-0.0187118
-0.0187143
-0.0187166
-0.0187185
-0.0187201
-0.0187213
-0.0187222
-0.0187228
-0.018723
-0.0187229
-0.0187225
-0.0187218
-0.0187208
-0.0187194
-0.0187178
-0.0187158
-0.0187135
-0.0187109
-0.018708
-0.0187048
-0.0187013
-0.0186975
-0.0186934
-0.018689
-0.0186844
-0.0186795
-0.0186742
-0.0186687
-0.018663
-0.0186569
-0.0186506
-0.018644
-0.0186372
-0.0186301
-0.0186228
-0.0186152
-0.0186074
-0.0185993
-0.018591
-0.0185824
-0.0185736
-0.0185646
-0.0185554
-0.018546
-0.0185363
-0.0185264
-0.0185163
-0.018506
-0.0184955
-0.0184849
-0.018474
-0.0184629
-0.0184517
-0.0184402
-0.0184286
-0.0184168
-0.0184049
-0.0183928
-0.0183805
-0.0183681
-0.0183555
-0.0183428
-0.0183299
-0.0183169
-0.0183037
-0.0182905
-0.0182771
-0.0182635
-0.0182499
-0.0182361
-0.0182222
-0.0182083
-0.0181942
-0.01818
-0.0181657
-0.0181513
-0.0181369
-0.0181223
-0.0181077
-0.018093
-0.0180783
-0.0180634
-0.0180485
-0.0180336
-0.0180185
-0.0180035
-0.0179883
-0.0179732
-0.017958
-0.0179427
-0.0179274
-0.0179121
-0.0178967
-0.0178814
-0.017866
-0.0178505
-0.0178351
-0.0178196
-0.0178042
-0.0177887
-0.0177732
-0.0177578
-0.0177423
-0.0177268
-0.0177113
-0.0176959
-0.0176804
-0.017665
-0.0176496
-0.0176342
-0.0176188
-0.0176034
-0.0175881
-0.0175728
-0.0175575
-0.0175423
-0.017527
-0.0175119
-0.0174967
-0.0174816
-0.0174665
-0.0174515
-0.0174365
-0.0174216
-0.0174067
-0.0173918
-0.017377
-0.0173623
-0.0173476
-0.0173329
-0.0173183
-0.0173038
-0.0172893
-0.0172748
-0.0172604
-0.0172461
-0.0172318
-0.0172176
-0.0172034
-0.0171893
-0.0171753
-0.0171613
-0.0171473
-0.0171335
-0.0171196
-0.0171059
-0.0170922
-0.0170785
-0.0170649
-0.0170514
-0.0170379
-0.0170245
-0.0170111
-0.0169978
-0.0169845
-0.0169713
-0.0169581
-0.016945
-0.016932
-0.016919
-0.016906
-0.0168931
-0.0168803
-0.0168675
-0.0168547
-0.016842
-0.0168293
-0.0168167
-0.0168041
-0.0167916
-0.0167791
-0.0167666
-0.0167542
-0.0167418
-0.0167294
-0.0167171
-0.0167048
-0.0166926
-0.0166803
-0.0166681
-0.016656
-0.0166438
-0.0166317
-0.0166196
-0.0166075
-0.0165955
-0.0165834
-0.0165714
-0.0165594
-0.0165474
-0.0165354
-0.0165235
-0.0165115
-0.0164996
-0.0164876
-0.0164757
-0.0164638
-0.0164518
-0.0164399
-0.016428
-0.016416
-0.0164041
-0.0163922
-0.0163802
-0.0163683
-0.0163563
-0.0163444
-0.0163324
-0.0163204
-0.0163084
-0.0162964
-0.0162844
-0.0162723
-0.0162602
-0.0162482
-0.0162361
-0.0162239
-0.0162118
-0.0161996
-0.0161874
-0.0161752
-0.016163
-0.0161507
-0.0161384
-0.0161261
-0.0161137
-0.0161013
-0.0160889
-0.0160765
-0.016064
-0.0160515
-0.0160389
-0.0160263
-0.0160137
-0.0160011
-0.0159884
-0.0159757
-0.0159629
-0.0159501
-0.0159373
-0.0159244
-0.0159115
-0.0158986
-0.0158856
-0.0158726
-0.0158595
-0.0158464
-0.0158333
-0.0158201
-0.0158069
-0.0157937
-0.0157804
-0.0157671
-0.0157538
-0.0157404
-0.0157269
-0.0157135
-0.0157
-0.0156864
-0.0156729
-0.0156593
-0.0156456
-0.015632
-0.0156182
-0.0156045
-0.0155907
-0.0155769
-0.0155631
-0.0155492
-0.0155353
-0.0155214
-0.0155075
-0.0154935
-0.0154795
-0.0154654
-0.0154514
-0.0154373
-0.0154232
-0.0154091
-0.0153949
-0.0153807
-0.0153666
-0.0153523
-0.0153381
-0.0153239
-0.0153096
-0.0152953
-0.015281
-0.0152667
-0.0152524
-0.0152381
-0.0152237
-0.0152094
-0.015195
-0.0151807
-0.0151663
-0.015152
-0.0151376
-0.0151232
-0.0151088
-0.0150944
-0.0150801
-0.0150657
-0.0150513
-0.015037
-0.0150226
-0.0150083
-0.0149939
-0.0149796
-0.0149653
-0.014951
-0.0149367
-0.0149224
-0.0147594
-0.0147481
-0.0148968
-0.0148938
-0.0148796
-0.0148654
-0.0148512
-0.0148371
-0.0148229
-0.0148088
-0.0147947
-0.0147806
-0.0147666
-0.0147526
-0.0147386
-0.0147246
-0.0147107
-0.0146968
-0.014683
-0.0146691
-0.0146553
-0.0146416
-0.0146279
-0.0146142
-0.0146005
-0.0145869
-0.0145734
-0.0145599
-0.0145464
-0.014533
-0.0145196
-0.0145062
-0.0144929
-0.0144797
-0.0144665
-0.0144533
-0.0144402
-0.0144272
-0.0144142
-0.0144012
-0.0143883
-0.0143755
-0.0143627
-0.01435
-0.0143373
-0.0143247
-0.0143121
-0.0142996
-0.0142871
-0.0142747
-0.0142624
-0.0142501
-0.0142379
-0.0142258
-0.0142137
-0.0142016
-0.0141897
-0.0141777
-0.0141659
-0.0141541
-0.0141424
-0.0141307
-0.0141191
-0.0141076
-0.0140961
-0.0140847
-0.0140734
-0.0140621
-0.0140509
-0.0140397
-0.0140286
-0.0140176
-0.0140067
-0.0139958
-0.0139849
-0.0139742
-0.0139635
-0.0139529
-0.0139423
-0.0139318
-0.0139214
-0.013911
-0.0139007
-0.0138905
-0.0138803
-0.0138702
-0.0138601
-0.0138501
-0.0138402
-0.0138304
-0.0138206
-0.0138109
-0.0138012
-0.0137916
-0.013782
-0.0137726
-0.0137632
-0.0137538
-0.0137445
-0.0137353
-0.0137261
-0.013717
-0.0137079
-0.0136989
-0.01369
-0.0136811
-0.0136723
-0.0136635
-0.0136548
-0.0136462
-0.0136376
-0.013629
-0.0136205
-0.0136121
-0.0136037
-0.0135954
-0.0135871
-0.0135789
-0.0135707
-0.0135626
-0.0135545
-0.0135465
-0.0135385
-0.0135306
-0.0135227
-0.0135149
-0.0135071
-0.0134994
-0.0134917
-0.0134841
-0.0134765
-0.0134689
-0.0134614
-0.0134539
-0.0134465
-0.0134391
-0.0134318
-0.0134244
-0.0134172
-0.0134099
-0.0134028
-0.0133956
-0.0133885
-0.0133814
-0.0133744
-0.0133674
-0.0133604
-0.0133534
-0.0133465
-0.0133397
-0.0133328
-0.013326
-0.0133192
-0.0133125
-0.0133057
-0.0132991
-0.0132924
-0.0132858
-0.0132791
-0.0132726
-0.013266
-0.0132595
-0.013253
-0.0132465
-0.01324
-0.0132336
-0.0132272
-0.0132208
-0.0132145
-0.0132081
-0.0132018
-0.0131955
-0.0131892
-0.0131829
-0.0131767
-0.0131705
-0.0131643
-0.0131581
-0.0131519
-0.0131457
-0.0131396
-0.0131335
-0.0131274
-0.0131213
-0.0131152
-0.0131091
-0.0131031
-0.0130971
-0.013091
-0.013085
-0.013079
-0.013073
-0.0130671
-0.0130611
-0.0130551
-0.0130492
-0.0130433
-0.0130373
-0.0130314
-0.0130255
-0.0130196
-0.0130138
-0.0130079
-0.013002
-0.0129962
-0.0129903
-0.0129845
-0.0129786
-0.0129728
-0.012967
-0.0129612
-0.0129554
-0.0129496
-0.0129438
-0.012938
-0.0129322
-0.0129264
-0.0129207
-0.0129149
-0.0129092
-0.0129034
-0.0128977
-0.0128919
-0.0128862
-0.0128804
-0.0128747
-0.012869
-0.0128633
-0.0128576
-0.0128519
-0.0128462
-0.0128405
-0.0128348
-0.0128291
-0.0128234
-0.0128177
-0.012812
-0.0128064
-0.0128007
-0.012795
-0.0127894
-0.0127837
-0.0127781
-0.0127724
-0.0127668
-0.0127611
-0.0127555
-0.0127499
-0.0127443
-0.0127386
-0.012733
-0.0127274
-0.0127218
-0.0127162
-0.0127106
-0.012705
-0.0126994
-0.0126939
-0.0126883
-0.0126827
-0.0126772
-0.0126716
-0.0126661
-0.0126605
-0.012655
-0.0126495
-0.0126439
-0.0126384
-0.0126329
-0.0126274
-0.0126219
-0.0126164
-0.012611
-0.0126055
-0.0126
-0.0125946
-0.0125891
-0.0125837
-0.0125783
-0.0125729
-0.0125675
-0.0125621
-0.0125567
-0.0125513
-0.0125459
-0.0125406
-0.0125352
-0.0125299
-0.0125246
-0.0125193
-0.012514
-0.0125087
-0.0125034
-0.0124982
-0.0124929
-0.0124877
-0.0124825
-0.0124773
-0.0124721
-0.0124669
-0.0124618
-0.0124566
-0.0124515
-0.0124464
-0.0124413
-0.0124362
-0.0124312
-0.0124261
-0.0124211
-0.0124161
-0.0124111
-0.0124062
-0.0124012
-0.0123963
-0.0123914
-0.0123866
-0.0123817
-0.0123769
-0.0123721
-0.0123673
-0.0123625
-0.0123578
-0.0123531
-0.0123484
-0.0123437
-0.0123391
-0.0123345
-0.0123299
-0.0123253
-0.0123208
-0.0123163
-0.0123119
-0.0123074
-0.012303
-0.0122986
-0.0122943
-0.01229
-0.0122857
-0.0122814
-0.0122772
-0.012273
-0.0122689
-0.0122648
-0.0122607
-0.0122566
-0.0122526
-0.0122487
-0.0122447
-0.0122408
-0.012237
-0.0122331
-0.0122293
-0.0122256
-0.0122219
-0.0122182
-0.0122146
-0.012211
-0.0122075
-0.012204
-0.0122005
-0.0121971
-0.0121938
-0.0121905
-0.0121872
-0.0121839
-0.0121808
-0.0121776
-0.0121745
-0.0121715
-0.0121685
-0.0121655
-0.0121626
-0.0121598
-0.012157
-0.0121542
-0.0121515
-0.0121489
-0.0121462
-0.0121437
-0.0121412
-0.0121387
-0.0121363
-0.012134
-0.0121317
-0.0121294
-0.0121272
-0.0121251
-0.012123
-0.012121
-0.012119
-0.0121171
-0.0121152
-0.0121134
-0.0121116
-0.0121099
-0.0121082
-0.0121066
-0.012105
-0.0121035
-0.0121021
-0.0121007
-0.0120993
-0.0120981
-0.0120968
-0.0120956
-0.0120945
-0.0120934
-0.0120924
-0.0120914
-0.0120905
-0.0120896
-0.0120887
-0.012088
-0.0120872
-0.0120865
-0.0120859
-0.0120853
-0.0120848
-0.0120843
-0.0120838
-0.0120834
-0.0120831
-0.0120827
-0.0120825
-0.0120822
-0.012082
-0.0120819
-0.0120817
-0.0120817
-0.0120816
-0.0120816
-0.0120816
-0.0120817
-0.0120818
-0.0120819
-0.012082
-0.0120822
-0.0120824
-0.0120826
-0.0120829
-0.0120831
-0.0120834
-0.0120837
-0.012084
-0.0120844
-0.0120847
-0.0120851
-0.0120855
-0.0120858
-0.0120862
-0.0120866
-0.012087
-0.0120874
-0.0120877
-0.0120881
-0.0120885
-0.0120888
-0.0120892
-0.0120895
-0.0120898
-0.0120901
-0.0120904
-0.0120906
-0.0120908
-0.012091
-0.0120912
-0.0120913
-0.0120914
-0.0120914
-0.0120914
-0.0120913
-0.0120912
-0.012091
-0.0120908
-0.0120905
-0.0120901
-0.0120897
-0.0120892
-0.0120886
-0.012088
-0.0120872
-0.0120864
-0.0120855
-0.0120845
-0.0120834
-0.0120822
-0.0120809
-0.0120795
-0.0120779
-0.0120763
-0.0120745
-0.0120726
-0.0120706
-0.0120684
-0.0120661
-0.0120637
-0.0120611
-0.0120584
-0.0120555
-0.0120524
-0.0120492
-0.0120458
-0.0120422
-0.0120384
-0.0120345
-0.0120304
-0.0120261
-0.0120215
-0.0120168
-0.0120119
-0.0120067
-0.0120013
-0.0119957
-0.0119899
-0.0119838
-0.0119775
-0.011971
-0.0119642
-0.0119571
-0.0119498
-0.0119422
-0.0119343
-0.0119261
-0.0119177
-0.011909
-0.0118999
-0.0118906
-0.011881
-0.011871
-0.0118607
-0.0118501
-0.0118392
-0.0118279
-0.0118163
-0.0118044
-0.011792
-0.0117794
-0.0117663
-0.0117529
-0.0117391
-0.0117249
-0.0117103
-0.0116953
-0.01168
-0.0116642
-0.011648
-0.0116313
-0.0116143
-0.0115968
-0.0115788
-0.0115604
-0.0115416
-0.0115223
-0.0115025
-0.0114823
-0.0114615
-0.0114403
-0.0114186
-0.0113964
-0.0113737
-0.0113505
-0.0113268
-0.0113026
-0.0112778
-0.0112525
-0.0112266
-0.0112002
-0.0111733
-0.0111458
-0.0111177
-0.0110891
-0.0110599
-0.0110301
-0.0109997
-0.0109687
-0.0109372
-0.010905
-0.0108722
-0.0108388
-0.0108048
-0.0107702
-0.0107349
-0.010699
-0.0106625
-0.0106253
-0.0105874
-0.010549
-0.0105098
-0.01047
-0.0104295
-0.0103883
-0.0103465
-0.010304
-0.0102608
-0.0102169
-0.0101723
-0.010127
-0.0100811
-0.0100344
-0.00998697
-0.00993886
-0.00989005
-0.00984051
-0.00979025
-0.00973927
-0.00968757
-0.00963514
-0.00958198
-0.00952809
-0.00947346
-0.0094181
-0.00936201
-0.00930517
-0.0092476
-0.00918929
-0.00913024
-0.00907044
-0.00914637
-0.00900991
-0.00894863
-0.00888661
-0.00882385
-0.00876034
-0.0086961
-0.00863112
-0.0085654
-0.00849894
-0.00843175
-0.00836382
-0.00829517
-0.00822578
-0.00815566
-0.00808483
-0.00801327
-0.00794099
-0.007868
-0.00779429
-0.00771988
-0.00764477
-0.00756896
-0.00749246
-0.00741527
-0.00733739
-0.00725884
-0.00717962
-0.00709973
-0.00701918
-0.00693798
-0.00685613
-0.00677365
-0.00669053
-0.00660679
-0.00652244
-0.00643748
-0.00635192
-0.00626577
-0.00617903
-0.00609173
-0.00600387
-0.00591545
-0.00582649
-0.005737
-0.00564699
-0.00555647
-0.00546544
-0.00537394
-0.00528195
-0.0051895
-0.0050966
-0.00500326
-0.00490949
-0.0048153
-0.00472072
-0.00462574
-0.0045304
-0.00443469
-0.00433863
-0.00424224
-0.00414553
-0.00404851
-0.0039512
-0.00385362
-0.00375578
-0.00365769
-0.00355938
-0.00346084
-0.00336211
-0.00326319
-0.00316411
-0.00306487
-0.0029655
-0.002866
-0.00276641
-0.00266672
-0.00256696
-0.00246715
-0.0023673
-0.00226742
-0.00216754
-0.00206767
-0.00196783
-0.00186802
-0.00176828
-0.00166862
-0.00156905
-0.00146958
-0.00137024
-0.00127105
-0.00117201
-0.00107315
-0.000974473
-0.000876006
-0.000777762
-0.000679755
-0.000582003
-0.000484519
-0.000387321
-0.000290423
-0.00019384
-9.7588e-05
-1.68098e-06
9.38662e-05
0.000189039
0.000283823
0.000378204
0.000472169
0.000565703
0.000658794
0.000751427
0.00084359
0.00093527
0.00102645
0.00111713
0.00120729
0.00129691
0.001386
0.00147452
0.00156249
0.00164987
0.00173667
0.00182287
0.00190847
0.00199345
0.0020778
0.00216152
0.00224459
0.00232701
0.00240877
0.00248987
0.00257028
0.00265002
0.00272906
0.00280741
0.00288505
0.00296198
0.0030382
0.0031137
0.00318847
0.0032625
0.00333581
0.00340837
0.00348019
0.00355125
0.00362157
0.00369113
0.00375993
0.00382798
0.00389525
0.00396176
0.00402751
0.00409248
0.00415668
0.00422011
0.00428276
0.00434464
0.00440575
0.00446608
0.00452563
0.00458441
0.00464242
0.00469965
0.0047561
0.00481179
0.0048667
0.00492084
0.00497421
0.00502682
0.00507866
0.00512974
0.00518006
0.00522961
0.00527842
0.00532647
0.00537377
0.00542032
0.00546614
0.00551121
0.00555554
0.00559914
0.00564201
0.00568416
0.00572558
0.00576629
0.00580628
0.00584556
0.00588414
0.00592202
0.0059592
0.00599569
0.00603149
0.00606661
0.00610106
0.00613483
0.00616793
0.00620038
0.00623217
0.0062633
0.00629379
0.00632364
0.00635285
0.00638144
0.0064094
0.00643674
0.00646346
0.00648958
0.0065151
0.00654002
0.00656435
0.00658809
0.00661126
0.00663385
0.00665587
0.00667733
0.00669824
0.00671859
0.0067384
0.00675768
0.00677642
0.00679463
0.00681232
0.0068295
0.00684617
0.00686233
0.006878
0.00689317
0.00690786
0.00692207
0.00693581
0.00694908
0.00696188
0.00697423
0.00698613
0.00699759
0.0070086
0.00701918
0.00702934
0.00703907
0.00704839
0.0070573
0.0070658
0.0070739
0.00708161
0.00708894
0.00709588
0.00710244
0.00710863
0.00711446
0.00711993
0.00712504
0.00712981
0.00713423
0.00713831
0.00714206
0.00714549
0.00714859
0.00715137
0.00715385
0.00715601
0.00715788
0.00715945
0.00716072
0.00716171
0.00716243
0.00716286
0.00716303
0.00716292
0.00716256
0.00716194
0.00716107
0.00715996
0.0071586
0.007157
0.00715517
0.00715312
0.00715084
0.00714834
0.00714563
0.00714271
0.00713959
0.00713626
0.00713274
0.00712903
0.00712512
0.00712104
0.00711678
0.00711234
0.00710773
0.00710296
0.00709802
0.00709292
0.00708768
0.00708228
0.00707673
0.00707104
0.00706521
0.00705925
0.00705315
0.00704693
0.00704059
0.00703412
0.00702754
0.00702085
0.00701404
0.00700713
0.00700012
0.006993
0.0069858
0.00697849
0.0069711
0.00696363
0.00695607
0.00694843
0.00694071
0.00693292
0.00692506
0.00691713
0.00690913
0.00690107
0.00689296
0.00688478
0.00687655
0.00686827
0.00685995
0.00685157
0.00684315
0.0068347
0.0068262
0.00681766
0.00680909
0.00680049
0.00679186
0.00678321
0.00677453
0.00676582
0.00675709
0.00674835
0.00673959
0.00673081
0.00672202
0.00671322
0.0067044
0.00669558
0.00668676
0.00667793
0.00666909
0.00666026
0.00665142
0.00664259
0.00663376
0.00662493
0.00661611
0.00660729
0.00659848
0.00658969
0.0065809
0.00657212
0.00656336
0.0065546
0.00654587
0.00653714
0.00652844
0.00651974
0.00651107
0.00650241
0.00649378
0.00648516
0.00647656
0.00646798
0.00645942
0.00645089
0.00644237
0.00643388
0.00642541
0.00641696
0.00640853
0.00640012
0.00639174
0.00638338
0.00637504
0.00636673
0.00635843
0.00635016
0.00634191
0.00633369
0.00632548
0.0063173
0.00630914
0.00630099
0.00629287
0.00628477
0.00627669
0.00626862
0.00626057
0.00625254
0.00624453
0.00623654
0.00622855
0.00622059
0.00621264
0.0062047
0.00619677
0.00618885
0.00618095
0.00617305
0.00616516
0.00615728
0.0061494
0.00614153
0.00613367
0.0061258
0.00611794
0.00611008
0.00610222
0.00609436
0.00608649
0.00607862
0.00607074
0.00606285
0.00605496
0.00604706
0.00603914
0.00603121
0.00602327
0.00601531
0.00600733
0.00599934
0.00599132
0.00598329
0.00597523
0.00596714
0.00595903
0.00595089
0.00594272
0.00593451
0.00592628
0.00591801
0.0059097
0.00590136
0.00589298
0.00588455
0.00587608
0.00586757
0.00585901
0.00585041
0.00584175
0.00583304
0.00582428
0.00581547
0.0058066
0.00579767
0.00578868
0.00577963
0.00577052
0.00576135
0.00575211
0.0057428
0.00573342
0.00572397
0.00571445
0.00570486
0.00569519
0.00568544
0.00567562
0.00566571
0.00565573
0.00564566
0.00563551
0.00562527
0.00561495
0.00560454
0.00559404
0.00558345
0.00557276
0.00556199
0.00555112
0.00554015
0.00552909
0.00551793
0.00550667
0.00549531
0.00548386
0.00547229
0.00546063
0.00544886
0.00543699
0.00542502
0.00541293
0.00540074
0.00538845
0.00537604
0.00536353
0.0053509
0.00533817
0.00532532
0.00531237
0.0052993
0.00528612
0.00527283
0.00525943
0.00524592
0.00523229
0.00521855
0.0052047
0.00519073
0.00517665
0.00516246
0.00514816
0.00513374
0.00511921
0.00510457
0.00508982
0.00507496
0.00505998
0.0050449
0.0050297
0.0050144
0.00499899
0.00498347
0.00496785
0.00495211
0.00493628
0.00492034
0.0049043
0.00488815
0.0048719
0.00485556
0.00483911
0.00482257
0.00480594
0.00478921
0.00477238
0.00475547
0.00473847
0.00472138
0.0047042
0.00468694
0.00466959
0.00465217
0.00463467
0.00461709
0.00459943
0.00458171
0.00456391
0.00454605
0.00452812
0.00451013
0.00449208
0.00447397
0.00445581
0.00443759
0.00441933
0.00440101
0.00438266
0.00436426
0.00434582
0.00432735
0.00430885
0.00429031
0.00427176
0.00425317
0.00423457
0.00421596
0.00419733
0.00417869
0.00416004
0.0041414
0.00412275
0.00410412
0.00408549
0.00406687
0.00404827
0.00402969
0.00401113
0.00399261
0.00397411
0.00395566
0.00393724
0.00391887
0.00390054
0.00388228
0.00386406
0.00384592
0.00382783
0.00380982
0.00379189
0.00377403
0.00375626
0.00373858
0.00372099
0.0037035
0.00368612
0.00366884
0.00365168
0.00363463
0.0036177
0.00360091
0.00358424
0.00356772
0.00355133
0.0035351
0.00351901
0.00350308
0.00348732
0.00347172
0.0034563
0.00344105
0.00342599
0.00341112
0.00339644
0.00338195
0.00336768
0.00335361
0.00333975
0.00332612
0.00331271
0.00329953
0.00328659
0.00327388
0.00326143
0.00324922
0.00323727
0.00322559
0.00321417
0.00320302
0.00319216
0.00318157
0.00317128
0.00316128
0.00315158
0.00314218
0.00313309
0.00312432
0.00311587
0.00310774
0.00309994
0.00309248
0.00308536
0.00307859
0.00307217
0.0030661
0.00306039
0.00305505
0.00305007
0.00304548
0.00304126
0.00303743
0.00303399
0.00303094
0.0030283
0.00302606
0.00302423
0.00302282
0.00302182
0.00302125
0.00302111
0.0030214
0.00302213
0.0030233
0.00302492
0.00302699
0.00302952
0.0030325
0.00303595
0.00303987
0.00304426
0.00304912
0.00305447
0.0030603
0.00306662
0.00307343
0.00308073
0.00308854
0.00309685
0.00310566
0.00311498
0.00312482
0.00313517
0.00314604
0.00315744
0.00316936
0.0031818
0.00319478
0.0032083
0.00322235
0.00323694
0.00325207
0.00326775
0.00328398
0.00330076
0.00331808
0.00333597
0.00335441
0.0033734
0.00339296
0.00341308
0.00343377
0.00345502
0.00347684
0.00349922
0.00352218
0.00354571
0.00356982
0.0035945
0.00361975
0.00364558
0.00367199
0.00369898
0.00372655
0.0037547
0.00378343
0.00381274
0.00384264
0.00387312
0.00390418
0.00393582
0.00396805
0.00400086
0.00403425
0.00406823
0.00410279
0.00413794
0.00417367
0.00420998
0.00424687
0.00428434
0.00432239
0.00436103
0.00440024
0.00444003
0.0044804
0.00452135
0.00456287
0.00460497
0.00464763
0.00469087
0.00473469
0.00477906
0.00482401
0.00486952
0.0049156
0.00496224
0.00500943
0.00505719
0.0051055
0.00515437
0.00520379
0.00525376
0.00530428
0.00535534
0.00540695
0.00545909
0.00551178
0.005565
0.00561875
0.00567304
0.00572785
0.00578319
0.00583905
0.00589542
0.00595232
0.00600972
0.00606764
0.00612606
0.00618499
0.00624442
0.00630434
0.00636476
0.00642567
0.00648706
0.00654894
0.00661129
0.00667413
0.00673743
0.00680121
0.00686545
0.00693015
0.0069953
0.00706091
0.00712697
0.00719348
0.00726043
0.00732781
0.00739563
0.00746387
0.00753255
0.00760164
0.00767115
0.00774107
0.0078114
0.00788214
0.00795327
0.0080248
0.00809671
0.00816902
0.00824171
0.00831477
0.0083882
0.00846201
0.00853618
0.0086107
0.00868558
0.00876081
0.00883638
0.0089123
0.00898854
0.00906512
0.00914203
0.00921925
0.00929679
0.00937464
0.0094528
0.00953126
0.00961001
0.00968906
0.00976839
0.009848
0.00992789
0.0100081
0.0100885
0.0101692
0.0102501
0.0103313
0.0104127
0.0104944
0.0105763
0.0106585
0.0107409
0.0108234
0.0109063
0.0109893
0.0110725
0.0111559
0.0112395
0.0113233
0.0114073
0.0114915
0.0115758
0.0116603
0.011745
0.0118298
0.0119147
0.0119999
0.0120851
0.0121705
0.012256
0.0123417
0.0124274
0.0125133
0.0125993
0.0126854
0.0127716
0.0128579
0.0129442
0.0130307
0.0131172
0.0132038
0.0132904
0.0133771
0.0134639
0.0135507
0.0136376
0.0137244
0.0138114
0.0138983
0.0139853
0.0140723
0.0141592
0.0142462
0.0143332
0.0144202
0.0145072
0.0145941
0.014681
0.0147679
0.0148548
0.0149416
0.0150284
0.0151151
0.0152017
0.0152883
0.0153749
0.0154613
0.0155477
0.015634
0.0157201
0.0158062
0.0158922
0.0159781
0.0160638
0.0161495
0.016235
0.0163204
0.0164056
0.0164907
0.0165757
0.0166604
0.0167451
0.0168295
0.0169138
0.016998
0.0170819
0.0171656
0.0172492
0.0173325
0.0174157
0.0174986
0.0175813
0.0176638
0.0177461
0.0178281
0.0179099
0.0179915
0.0180727
0.0181538
0.0182346
0.0183151
0.0183953
0.0184753
0.0185549
0.0186343
0.0187134
0.0187922
0.0188707
0.0189488
0.0190267
0.0191042
0.0191814
0.0192583
0.0193348
0.019411
0.0194869
0.0195623
0.0196375
0.0197122
0.0197866
0.0198606
0.0199342
0.0200075
0.0200803
0.0201528
0.0202248
0.0202965
0.0203677
0.0204385
0.0205089
0.0205789
0.0206485
0.0207176
0.0207862
0.0208544
0.0209222
0.0209895
0.0210564
0.0211228
0.0211887
0.0212541
0.0213191
0.0213836
0.0214476
0.0215111
0.0215741
0.0216366
0.0216987
0.0217602
0.0218212
0.0218816
0.0219416
0.022001
0.0220599
0.0221183
0.0221762
0.0222335
0.0222902
0.0223465
0.0224021
0.0224573
0.0225118
0.0225658
0.0226193
0.0226721
0.0227245
0.0227762
0.0228274
0.022878
0.022928
0.0229774
0.0230263
0.0230745
0.0231222
0.0231693
0.0232158
0.0232617
0.023307
0.0233517
0.0233958
0.0234392
0.0234821
0.0235244
0.0235661
0.0236072
0.0236476
0.0236874
0.0237267
0.0237653
0.0238033
0.0238407
0.0238774
0.0239136
0.0239491
0.023984
0.0240183
0.024052
0.0240851
0.0241175
0.0241493
0.0241805
0.0242111
0.024241
0.0242704
0.0242991
0.0243272
0.0243547
0.0243816
0.0244078
0.0244334
0.0244585
0.0244829
0.0245067
0.0245299
0.0245524
0.0245744
0.0245958
0.0246165
0.0246367
0.0246563
0.0246752
0.0246936
0.0247114
0.0247285
0.0247451
0.0247611
0.0247766
0.0247914
0.0248056
0.0248193
0.0248324
0.0248449
0.0248569
0.0248683
0.0248791
0.0248894
0.0248991
0.0249083
0.0249169
0.024925
0.0249325
0.0249395
0.024946
0.0249519
0.0249573
0.0249622
0.0249665
0.0249704
0.0249737
0.0249765
0.0249788
0.0249807
0.024982
0.0249828
0.0249832
0.024983
0.0249824
0.0249813
0.0249798
0.0249778
0.0249753
0.0249724
0.024969
0.0249652
0.0249609
0.0249562
0.0249511
0.0249456
0.0249396
0.0249332
0.0249264
