0
0.345628
0.29378
0.24878
0.209719
0.209718
0.175808
0.146365
0.120796
0.0985864
0.0792905
0.0625211
0.0479427
0.0352643
0.0242335
0.0146316
0.00626884
-0.00101939
-0.00737569
-0.0129238
-0.0177709
-0.0220099
-0.0257217
-0.0289759
-0.0318332
-0.0343461
-0.0365601
-0.0385147
-0.0402441
-0.0417779
-0.0431419
-0.0443581
-0.0454461
-0.0464223
-0.0473014
-0.0480958
-0.0488164
-0.0494725
-0.0500724
-0.0506229
-0.0511303
-0.0515998
-0.0520358
-0.0524424
-0.052823
-0.0531804
-0.0535172
-0.0538356
-0.0541375
-0.0544651
-0.0547747
-0.0550682
-0.0553471
-0.0556127
-0.0558661
-0.0561082
-0.05634
-0.0565621
-0.056775
-0.0569795
-0.0571757
-0.0573642
-0.0575453
-0.0577192
-0.0578861
-0.0580462
-0.0581997
-0.0583467
-0.0584873
-0.0586215
-0.0587495
-0.0588713
-0.0589868
-0.0590963
-0.0591996
-0.0592968
-0.0593879
-0.0594729
-0.0595517
-0.0596245
-0.0596911
-0.0597516
-0.0598059
-0.0598541
-0.0598962
-0.059932
-0.0599617
-0.0599852
-0.0600025
-0.0600135
-0.0600184
-0.0600171
-0.0600095
-0.0599958
-0.0599759
-0.0599497
-0.0599174
-0.0598789
-0.0598342
-0.0597834
-0.0597265
-0.0596634
-0.0595943
-0.0595192
-0.059438
-0.0593509
-0.0592578
-0.0591588
-0.059054
-0.0589433
-0.0588269
-0.0587048
-0.058577
-0.0584436
-0.0583047
-0.0581603
-0.0580105
-0.0578554
-0.057695
-0.0575294
-0.0573587
-0.057183
-0.0570023
-0.0568168
-0.0566265
-0.0564316
-0.056232
-0.056028
-0.0558196
-0.0556068
-0.0553899
-0.055169
-0.054944
-0.0547151
-0.0544825
-0.0542463
-0.0540065
-0.0537633
-0.0535168
-0.0532671
-0.0530143
-0.0527585
-0.0524999
-0.0522386
-0.0519747
-0.0517084
-0.0514396
-0.0511687
-0.0508956
-0.0506205
-0.0503436
-0.0500649
-0.0497846
-0.0495027
-0.0492195
-0.048935
-0.0486494
-0.0483627
-0.0480751
-0.0477867
-0.0474975
-0.0472078
-0.0469177
-0.0466271
-0.0463363
-0.0460453
-0.0457543
-0.0454633
-0.0451724
-0.0448818
-0.0445915
-0.0443016
-0.0440123
-0.0437235
-0.0434353
-0.0431479
-0.0428614
-0.0425757
-0.042291
-0.0420073
-0.0417248
-0.0414433
-0.0411631
-0.0408842
-0.0406066
-0.0403303
-0.0400555
-0.0397821
-0.0395102
-0.0392398
-0.038971
-0.0387038
-0.0384382
-0.0381742
-0.0379119
-0.0376512
-0.0373923
-0.037135
-0.0368794
-0.0366255
-0.0363733
-0.0361228
-0.035874
-0.0356269
-0.0353815
-0.0351378
-0.0348957
-0.0346552
-0.0344163
-0.0341791
-0.0339434
-0.0337092
-0.0334766
-0.0332454
-0.0330157
-0.0327874
-0.0325605
-0.0323349
-0.0321107
-0.0318877
-0.0316659
-0.0314453
-0.0312259
-0.0310075
-0.0307902
-0.0305739
-0.0303586
-0.0301442
-0.0299306
-0.0297179
-0.0295059
-0.0292946
-0.029084
-0.0288741
-0.0286647
-0.0284558
-0.0282475
-0.0280395
-0.0278319
-0.0276247
-0.0274177
-0.027211
-0.0270045
-0.0267981
-0.0265918
-0.0263856
-0.0261794
-0.0259732
-0.0257669
-0.0255605
-0.025354
-0.0251472
-0.0249403
-0.0247331
-0.0245256
-0.0243178
-0.0241096
-0.023901
-0.023692
-0.0234826
-0.0232726
-0.0230622
-0.0228512
-0.0226397
-0.0224277
-0.022215
-0.0220017
-0.0217878
-0.0215732
-0.021358
-0.0211421
-0.0209255
-0.0207082
-0.0204901
-0.0202714
-0.0200519
-0.0198317
-0.0196108
-0.0193891
-0.0191667
-0.0189435
-0.0187196
-0.0184949
-0.0182695
-0.0180434
-0.0178165
-0.0175889
-0.0173605
-0.0171315
-0.0169017
-0.0166713
-0.0164402
-0.0162084
-0.0159759
-0.0157429
-0.0155091
-0.0152748
-0.0150399
-0.0148044
-0.0145683
-0.0143317
-0.0140946
-0.013857
-0.0136189
-0.0133804
-0.0131414
-0.012902
-0.0126622
-0.0124221
-0.0121816
-0.0119408
-0.0116997
-0.0114584
-0.0112169
-0.0109751
-0.0107331
-0.010491
-0.0102488
-0.0100065
-0.00976415
-0.00952174
-0.00927933
-0.00903694
-0.00879461
-0.00855236
-0.00831022
-0.00806824
-0.00782642
-0.00758482
-0.00734345
-0.00710235
-0.00686155
-0.00662108
-0.00638097
-0.00614126
-0.00590196
-0.00566313
-0.00542478
-0.00518694
-0.00494966
-0.00471295
-0.00447685
-0.0042414
-0.00400661
-0.00377253
-0.00353918
-0.0033066
-0.0030748
-0.00284383
-0.00261372
-0.00238449
-0.00215617
-0.00192879
-0.00170238
-0.00147698
-0.00125261
-0.00102929
-0.00080706
-0.000585946
-0.000365976
-0.000147177
7.04233e-05
0.000286797
0.000501918
0.000715759
0.000928292
0.00113949
0.00134933
0.00155779
0.00176484
0.00197045
0.0021746
0.00237726
0.00257842
0.00277804
0.0029761
0.00317258
0.00336745
0.0035607
0.00375229
0.00394221
0.00413044
0.00431694
0.00450171
0.00468472
0.00486594
0.00504537
0.00522297
0.00539873
0.00557262
0.00574464
0.00591475
0.00608294
0.0062492
0.0064135
0.00657582
0.00673615
0.00689447
0.00705076
0.00720502
0.00735721
0.00750732
0.00765534
0.00780126
0.00794505
0.00808671
0.00822621
0.00836355
0.00849871
0.00863167
0.00876243
0.00889096
0.00901727
0.00914133
0.00926313
0.00938266
0.00949991
0.00961486
0.00972752
0.00983786
0.00994587
0.0100516
0.0101549
0.0102559
0.0103545
0.0104508
0.0105446
0.0106361
0.0107252
0.0108119
0.0108962
0.010978
0.0110574
0.0111344
0.011209
0.0112811
0.0113508
0.011418
0.0114828
0.0115451
0.0116049
0.0116623
0.0117171
0.0117695
0.0118195
0.0118669
0.0119119
0.0119543
0.0119943
0.0120317
0.0120667
0.0120992
0.0121292
0.0121567
0.0121817
0.0122041
0.0122241
0.0122416
0.0122566
0.0122691
0.0122791
0.0122866
0.0122917
0.0122942
0.0122942
0.0122918
0.0122869
0.0122795
0.0122696
0.0122573
0.0122425
0.0122252
0.0122055
0.0121834
0.0121587
0.0121317
0.0121022
0.0120703
0.0120359
0.0119992
0.01196
0.0119185
0.0118745
0.0118281
0.0117794
0.0117283
0.0116748
0.011619
0.0115609
0.0115004
0.0114375
0.0113724
0.0113049
0.0112352
0.0111631
0.0110888
0.0110122
0.0109334
0.0108523
0.010769
0.0106835
0.0105957
0.0105058
0.0104136
0.0103193
0.0102229
0.0101242
0.0100235
0.00992062
0.00981564
0.00970857
0.00959942
0.00948821
0.00937494
0.00925964
0.00914231
0.00902298
0.00890165
0.00877835
0.00865308
0.00852587
0.00839673
0.00826567
0.00813271
0.00799788
0.00786117
0.00772262
0.00758223
0.00744003
0.00729603
0.00715024
0.0070027
0.0068534
0.00670238
0.00654964
0.00639521
0.0062391
0.00608133
0.00592193
0.0057609
0.00559826
0.00543404
0.00526826
0.00510093
0.00493206
0.00476169
0.00458982
0.00441648
0.00424169
0.00406546
0.00388782
0.00370878
0.00352836
0.00334659
0.00316348
0.00297904
0.00279331
0.0026063
0.00241803
0.00222852
0.00203779
0.00184586
0.00165274
0.00145847
0.00126305
0.00106651
0.000868872
0.000670148
0.000470361
0.000269532
6.76798e-05
-0.000135176
-0.000339015
-0.000543818
-0.000749565
-0.000956237
-0.00116381
-0.00137227
-0.0015816
-0.00179177
-0.00200277
-0.00221458
-0.00242718
-0.00264054
-0.00285465
-0.00306949
-0.00328504
-0.00350129
-0.0037182
-0.00393577
-0.00415398
-0.0043728
-0.00459221
-0.00481221
-0.00503277
-0.00525386
-0.00547549
-0.00569761
-0.00592023
-0.00614331
-0.00636684
-0.00659081
-0.00681519
-0.00703997
-0.00726513
-0.00749065
-0.00771652
-0.00794272
-0.00816923
-0.00839604
-0.00862312
-0.00885047
-0.00907806
-0.00930588
-0.00953391
-0.00976214
-0.00999056
-0.0102191
-0.0104479
-0.0106767
-0.0109057
-0.0111348
-0.011364
-0.0115932
-0.0118225
-0.0120518
-0.0122812
-0.0125106
-0.01274
-0.0129694
-0.0131987
-0.0134281
-0.0136573
-0.0138865
-0.0141156
-0.0143446
-0.0145735
-0.0148023
-0.015031
-0.0152595
-0.0154878
-0.015716
-0.015944
-0.0161718
-0.0163994
-0.0166267
-0.0168539
-0.0170808
-0.0173074
-0.0175338
-0.0177598
-0.0179856
-0.0182111
-0.0184363
-0.0186612
-0.0188857
-0.0191099
-0.0193337
-0.0195571
-0.0197802
-0.0200028
-0.0202251
-0.0204469
-0.0206684
-0.0209013
-0.0211313
-0.0213588
-0.0215841
-0.0218074
-0.022029
-0.0222491
-0.0224678
-0.0226852
-0.0229015
-0.0231168
-0.0233311
-0.0235445
-0.0237571
-0.0239689
-0.0241799
-0.0243902
-0.0245998
-0.0248087
-0.0250169
-0.0252244
-0.0254313
-0.0256375
-0.0258431
-0.0260479
-0.0262521
-0.0264557
-0.0266585
-0.0268607
-0.0270621
-0.0272629
-0.0274629
-0.0276622
-0.0278608
-0.0280585
-0.0282555
-0.0284518
-0.0286472
-0.0288418
-0.0290355
-0.0292284
-0.0294205
-0.0296116
-0.0298019
-0.0299912
-0.0301796
-0.0303671
-0.0305535
-0.030739
-0.0309235
-0.0311069
-0.0312893
-0.0314706
-0.0316508
-0.0318299
-0.0320079
-0.0321847
-0.0323604
-0.0325349
-0.0327081
-0.0328801
-0.0330509
-0.0332204
-0.0333885
-0.0335554
-0.0337209
-0.033885
-0.0340478
-0.0342091
-0.034369
-0.0345274
-0.0346843
-0.0348397
-0.0349936
-0.0351459
-0.0352967
-0.0354458
-0.0355933
-0.0357391
-0.0358833
-0.0360257
-0.0361665
-0.0363054
-0.0364426
-0.036578
-0.0367115
-0.0368432
-0.036973
-0.0371008
-0.0372268
-0.0373508
-0.0374728
-0.0375928
-0.0377107
-0.0378266
-0.0379404
-0.038052
-0.0381616
-0.0382689
-0.0383741
-0.0384771
-0.0385778
-0.0386762
-0.0387723
-0.0388662
-0.0389576
-0.0390468
-0.0391335
-0.0392178
-0.0392996
-0.039379
-0.0394559
-0.0395303
-0.0396021
-0.0396714
-0.0397381
-0.0398022
-0.0398636
-0.0399224
-0.0399785
-0.0400319
-0.0400826
-0.0401305
-0.0401757
-0.0402181
-0.0402577
-0.0402945
-0.0403284
-0.0403594
-0.0403876
-0.0404128
-0.0404352
-0.0404546
-0.040471
-0.0404845
-0.0404949
-0.0405024
-0.0405068
-0.0405082
-0.0405065
-0.0405018
-0.0404939
-0.040483
-0.0404689
-0.0404518
-0.0404314
-0.040408
-0.0403813
-0.0403515
-0.0403185
-0.0402824
-0.040243
-0.0402004
-0.0401546
-0.0401055
-0.0400532
-0.0399977
-0.0399389
-0.0398769
-0.0398116
-0.0397431
-0.0396712
-0.0395962
-0.0395178
-0.0394362
-0.0393512
-0.039263
-0.0391716
-0.0390768
-0.0389788
-0.0388775
-0.0387729
-0.0386651
-0.0385539
-0.0384396
-0.0383219
-0.038201
-0.0380769
-0.0379495
-0.0378189
-0.037685
-0.037548
-0.0374077
-0.0372642
-0.0371175
-0.0369677
-0.0368146
-0.0366584
-0.0364991
-0.0363366
-0.0361711
-0.0360024
-0.0358306
-0.0356557
-0.0354778
-0.0352968
-0.0351129
-0.0349259
-0.0347359
-0.0345429
-0.034347
-0.0341482
-0.0339464
-0.0337418
-0.0335343
-0.0333239
-0.0331107
-0.0328947
-0.032676
-0.0324544
-0.0322302
-0.0320032
-0.0317736
-0.0315413
-0.0313064
-0.0310689
-0.0308289
-0.0305863
-0.0303411
-0.0300935
-0.0298435
-0.029591
-0.0293361
-0.0290789
-0.0288193
-0.0285574
-0.0282933
-0.028027
-0.0277584
-0.0274876
-0.0272148
-0.0269398
-0.0266628
-0.0263837
-0.0261026
-0.0258196
-0.0255347
-0.0252479
-0.0249592
-0.0246687
-0.0243764
-0.0240824
-0.0237867
-0.0234893
-0.0231903
-0.0228897
-0.0225875
-0.0222839
-0.0219788
-0.0216722
-0.0213643
-0.021055
-0.0207443
-0.0204325
-0.0201193
-0.019805
-0.0194895
-0.019173
-0.0188553
-0.0185366
-0.018217
-0.0178963
-0.0175748
-0.0172524
-0.0169292
-0.0166052
-0.0162804
-0.0159549
-0.0156288
-0.0153021
-0.0149747
-0.0146469
-0.0143185
-0.0139897
-0.0136605
-0.0133308
-0.0130009
-0.0126706
-0.0123401
-0.0120094
-0.0116785
-0.0113475
-0.0110163
-0.0106852
-0.010354
-0.0100228
-0.00969166
-0.00936065
-0.00902977
-0.00869907
-0.00836858
-0.00803835
-0.00770841
-0.0073788
-0.00704955
-0.00672071
-0.0063923
-0.00606437
-0.00573695
-0.00541008
-0.00508379
-0.00475811
-0.00443309
-0.00410875
-0.00378513
-0.00346226
-0.00314018
-0.00281892
-0.00249851
-0.00217898
-0.00186037
-0.0015427
-0.00122601
-0.000910331
-0.000595688
-0.000282112
3.03677e-05
0.000341722
0.000651921
0.000960939
0.00126875
0.00157532
0.00188062
0.00218464
0.00248734
0.0027887
0.00308869
0.00338729
0.00368447
0.00398022
0.00427449
0.00456729
0.00485857
0.00514832
0.00543652
0.00572314
0.00600816
0.00629157
0.00657333
0.00685344
0.00713187
0.00740861
0.00768362
0.0079569
0.00822843
0.00849818
0.00876614
0.0090323
0.00929662
0.00955911
0.00981974
0.0100785
0.0103353
0.0105903
0.0108433
0.0110944
0.0113435
0.0115907
0.0118359
0.012079
0.0123202
0.0125593
0.0127964
0.0130314
0.0132643
0.0134951
0.0137239
0.0139505
0.014175
0.0143973
0.0146175
0.0148355
0.0150513
0.0152648
0.0154762
0.0156853
0.0158922
0.0160968
0.0162991
0.0164991
0.0166969
0.0168922
0.0170853
0.0172759
0.0174642
0.0176501
0.0178336
0.0180146
0.0181932
0.0183694
0.018543
0.0187142
0.0188828
0.0190489
0.0192124
0.0193734
0.0195317
0.0196875
0.0198406
0.019991
0.0201388
0.0202839
0.0204262
0.0205658
0.0207026
0.0208367
0.0209679
0.0210963
0.0212218
0.0213445
0.0214642
0.021581
0.0216949
0.0218057
0.0219136
0.0220184
0.0221201
0.0222188
0.0223144
0.0224068
0.022496
0.0225821
0.0226649
0.0227445
0.0228208
0.0228938
0.0229635
0.0230298
0.0230927
0.0231522
0.0232082
0.0232608
0.0233099
0.0233554
0.0233974
0.0234358
0.0234706
0.0235018
0.0235293
0.0235531
0.0235732
0.0235895
0.023602
0.0236108
0.0236157
0.0236168
0.023614
0.0236073
0.0235967
0.0235821
0.0235636
0.0235411
0.0235145
0.023484
0.0234493
0.0234106
0.0233679
0.0233209
0.0232699
0.0232147
0.0231554
0.0230919
0.0230241
0.0229522
0.0228761
0.0227957
0.0227111
0.0226222
0.0225291
0.0224317
0.0223301
0.0222241
0.0221139
0.0219994
0.0218806
0.0217575
0.0216301
0.0214984
0.0213625
0.0212222
0.0210777
0.0209289
0.0207758
0.0206185
0.0204569
0.0202911
0.0201211
0.0199468
0.0197683
0.0195857
0.0193989
0.0192079
0.0190128
0.0188136
0.0186103
0.0184029
0.0181915
0.0179761
0.0177567
0.0175333
0.017306
0.0170748
0.0168397
0.0166008
0.016358
0.0161115
0.0158612
0.0156073
0.0153497
0.0150884
0.0148236
0.0145552
0.0142833
0.0140079
0.0137292
0.013447
0.0131616
0.0128728
0.0125808
0.0122856
0.0119873
0.0116859
0.0113814
0.011074
0.0107636
0.0104503
0.0101342
0.00981535
0.00949374
0.00916945
0.00884255
0.00851309
0.00818113
0.00784671
0.0075099
0.00717076
0.00682934
0.0064857
0.00613989
0.00579199
0.00544204
0.00509011
0.00473625
0.00438052
0.00402299
0.0036637
0.00330274
0.00294014
0.00257598
0.00221031
0.00184319
0.00147469
0.00110485
0.000733752
0.000361444
-1.20117e-05
-0.000386556
-0.000762129
-0.00113867
-0.00151612
-0.00189443
-0.00227353
-0.00265336
-0.00303386
-0.00341499
-0.00379667
-0.00417885
-0.00456148
-0.0049445
-0.00532785
-0.00571148
-0.00609532
-0.00647933
-0.00686345
-0.00724762
-0.0076318
-0.00801592
-0.00839993
-0.00878378
-0.00916741
-0.00955079
-0.00993384
-0.0103165
-0.0106988
-0.0110806
-0.0114619
-0.0118426
-0.0122227
-0.0126021
-0.0129808
-0.0133588
-0.0137359
-0.0141122
-0.0144876
-0.014862
-0.0152355
-0.0156079
-0.0159792
-0.0163494
-0.0167185
-0.0170863
-0.0174529
-0.0178182
-0.0181822
-0.0185448
-0.018906
-0.0192657
-0.019624
-0.0199807
-0.0203359
-0.0206895
-0.0210414
-0.0213916
-0.0217402
-0.022087
-0.022432
-0.0227752
-0.0231166
-0.023456
-0.0237936
-0.0241292
-0.0244629
-0.0247945
-0.0251242
-0.0254517
-0.0257771
-0.0261005
-0.0264216
-0.0267406
-0.0270574
-0.0273719
-0.0276842
-0.0279942
-0.0283018
-0.0286072
-0.0289101
-0.0289348
-0.0289348
-0.0292156
-0.0295081
-0.0297993
-0.0300889
-0.0303768
-0.0306629
-0.030947
-0.0312291
-0.0315089
-0.0317865
-0.0320618
-0.0323347
-0.0326051
-0.032873
-0.0331384
-0.0334011
-0.0336612
-0.0339186
-0.0341733
-0.0344252
-0.0346744
-0.0349208
-0.0351644
-0.0354051
-0.035643
-0.035878
-0.0361101
-0.0363393
-0.0365656
-0.0367889
-0.0370093
-0.0372267
-0.0374411
-0.0376525
-0.0378609
-0.0380663
-0.0382687
-0.0384681
-0.0386644
-0.0388576
-0.0390478
-0.0392349
-0.0394189
-0.0395999
-0.0397778
-0.0399525
-0.0401242
-0.0402928
-0.0404582
-0.0406205
-0.0407797
-0.0409358
-0.0410888
-0.0412386
-0.0413852
-0.0415288
-0.0416691
-0.0418064
-0.0419404
-0.0420714
-0.0421991
-0.0423237
-0.0424452
-0.0425635
-0.0426786
-0.0427906
-0.0428994
-0.043005
-0.0431075
-0.0432068
-0.043303
-0.043396
-0.0434858
-0.0435725
-0.043656
-0.0437364
-0.0438136
-0.0438877
-0.0439586
-0.0440264
-0.044091
-0.0441525
-0.0442108
-0.044266
-0.0443181
-0.0443671
-0.0444129
-0.0444556
-0.0444952
-0.0445316
-0.044565
-0.0445953
-0.0446224
-0.0446465
-0.0446675
-0.0446854
-0.0447002
-0.0447119
-0.0447206
-0.0447262
-0.0447287
-0.0447282
-0.0447247
-0.0447181
-0.0447084
-0.0446958
-0.0446801
-0.0446614
-0.0446397
-0.044615
-0.0445873
-0.0445567
-0.044523
-0.0444864
-0.0444468
-0.0444042
-0.0443587
-0.0443102
-0.0442589
-0.0442045
-0.0441473
-0.0440871
-0.0440241
-0.0439581
-0.0438892
-0.0438175
-0.0437429
-0.0436654
-0.0435851
-0.0435019
-0.0434159
-0.043327
-0.0432353
-0.0431408
-0.0430435
-0.0429434
-0.0428405
-0.0427348
-0.0426263
-0.0425151
-0.0424011
-0.0422843
-0.0421649
-0.0420426
-0.0419177
-0.0417901
-0.0416597
-0.0415267
-0.0413909
-0.0412525
-0.0411114
-0.0409677
-0.0408213
-0.0406723
-0.0405206
-0.0403664
-0.0402095
-0.04005
-0.0398879
-0.0397232
-0.039556
-0.0393862
-0.0392138
-0.0390389
-0.0388615
-0.0386815
-0.0384991
-0.0383141
-0.0381266
-0.0379367
-0.0377442
-0.0375494
-0.037352
-0.0371522
-0.03695
-0.0367454
-0.0365384
-0.0363289
-0.0361171
-0.0359029
-0.0356863
-0.0354674
-0.0352461
-0.0350226
-0.0347966
-0.0345684
-0.0343379
-0.0341051
-0.03387
-0.0336327
-0.0333931
-0.0331513
-0.0329073
-0.0326611
-0.0324126
-0.032162
-0.0319092
-0.0316543
-0.0313972
-0.0311379
-0.0308766
-0.0306132
-0.0303476
-0.03008
-0.0298103
-0.0295386
-0.0292649
-0.0289891
-0.0287113
-0.0284316
-0.0281498
-0.0278661
-0.0275805
-0.0272929
-0.0270035
-0.0267121
-0.0264188
-0.0261237
-0.0258268
-0.025528
-0.0252274
-0.024925
-0.0246209
-0.0243149
-0.0240073
-0.0236979
-0.0233868
-0.023074
-0.0227596
-0.0224435
-0.0221257
-0.0218064
-0.0214854
-0.0211629
-0.0208389
-0.0205133
-0.0201862
-0.0198576
-0.0195275
-0.019196
-0.0188631
-0.0185287
-0.018193
-0.0178559
-0.0175174
-0.0171777
-0.0168366
-0.0164943
-0.0161507
-0.0158059
-0.0154599
-0.0151127
-0.0147644
-0.0144149
-0.0140644
-0.0137127
-0.01336
-0.0130063
-0.0126515
-0.0122958
-0.0119391
-0.0115815
-0.011223
-0.0108637
-0.0105034
-0.0101424
-0.00978059
-0.00941801
-0.00905469
-0.00869068
-0.00832598
-0.00796064
-0.00759469
-0.00722814
-0.00686104
-0.00649341
-0.00612529
-0.0057567
-0.00538767
-0.00501824
-0.00464843
-0.00427829
-0.00390783
-0.0035371
-0.00316613
-0.00279494
-0.00242358
-0.00205207
-0.00168044
-0.00130874
-0.000937
-0.000565247
-0.000193518
0.000178151
0.000549725
0.000921169
0.00129245
0.00166353
0.00203437
0.00240493
0.00277519
0.0031451
0.00351463
0.00388373
0.00425238
0.00462054
0.00498816
0.00535521
0.00572165
0.00608744
0.00645254
0.00681692
0.00718054
0.00754335
0.00790532
0.00826641
0.00862658
0.00898578
0.00934399
0.00970115
0.0100572
0.0104122
0.010766
0.0111186
0.0114699
0.01182
0.0121687
0.0125161
0.012862
0.0132065
0.0135495
0.013891
0.0142309
0.0145692
0.0149058
0.0152407
0.0155739
0.0159053
0.0162349
0.0165626
0.0168883
0.0172122
0.017534
0.0178538
0.0181715
0.0184871
0.0188006
0.0191118
0.0194208
0.0197275
0.0200318
0.0203338
0.0206334
0.0209305
0.0212252
0.0215172
0.0218068
0.0220936
0.0223779
0.0226594
0.0229382
0.0232142
0.0234874
0.0237577
0.0240251
0.0242896
0.0245511
0.0248096
0.0250651
0.0253174
0.0255666
0.0258126
0.0260554
0.026295
0.0265313
0.0267643
0.0269939
0.0272201
0.0274429
0.0276623
0.0278781
0.0280904
0.0282991
0.0285043
0.0287058
0.0289036
0.0290978
0.0292882
0.0294749
0.0296577
0.0298368
0.030012
0.0301833
0.0303507
0.0305141
0.0306736
0.0308291
0.0309806
0.031128
0.0312714
0.0314107
0.0315458
0.0316768
0.0318036
0.0319262
0.0320447
0.0321588
0.0322687
0.0323744
0.0324757
0.0325728
0.0326654
0.0327538
0.0328377
0.0329173
0.0329925
0.0330632
0.0331296
0.0331914
0.0332489
0.0333018
0.0333503
0.0333942
0.0334337
0.0334686
0.033499
0.0335249
0.0335463
0.0335631
0.0335753
0.033583
0.0335861
0.0335847
0.0335787
0.0335681
0.0335529
0.0335332
0.0335089
0.03348
0.0334466
0.0334085
0.0333659
0.0333188
0.033267
0.0332108
0.0331499
0.0330845
0.0330146
0.0329402
0.0328612
0.0327777
0.0326898
0.0325973
0.0325003
0.0323989
0.032293
0.0321827
0.032068
0.0319488
0.0318253
0.0316974
0.0315651
0.0314284
0.0312875
0.0311422
0.0309927
0.0308389
0.0306809
0.0305186
0.0303522
0.0301815
0.0300068
0.0298279
0.0296449
0.0294578
0.0292667
0.0290716
0.0288725
0.0286695
0.0284625
0.0282516
0.0280369
0.0278183
0.027596
0.0273699
0.02714
0.0269065
0.0266693
0.0264284
0.026184
0.0259361
0.0256846
0.0254297
0.0251713
0.0249096
0.0246445
0.0243761
0.0241044
0.0238295
0.0235514
0.0232702
0.0229859
0.0226986
0.0224082
0.022115
0.0218188
0.0215197
0.0212179
0.0209133
0.020606
0.020296
0.0199834
0.0196683
0.0193506
0.0190306
0.0187081
0.0183833
0.0180562
0.0177269
0.0173954
0.0170617
0.0167261
0.0163884
0.0160488
0.0157073
0.0153639
0.0150188
0.014672
0.0143236
0.0139736
0.013622
0.0132691
0.0129147
0.012559
0.012202
0.0118438
0.0114845
0.0111242
0.0107628
0.0104005
0.0100374
0.00967343
0.00930876
0.00894344
0.00857753
0.0082111
0.00784424
0.007477
0.00710946
0.00674169
0.00637377
0.00600577
0.00563776
0.00526981
0.00490201
0.00453443
0.00416713
0.0038002
0.00343372
0.00306776
0.00270239
0.0023377
0.00197376
0.00161065
0.00124845
0.000887232
0.000527083
0.000168079
-0.0001897
-0.000546176
-0.000901268
-0.0012549
-0.00160698
-0.00195744
-0.0023062
-0.00265317
-0.00299828
-0.00334143
-0.00368256
-0.00402159
-0.00435842
-0.00469298
-0.0050252
-0.00535498
-0.00568224
-0.00600692
-0.00632892
-0.00664817
-0.00696458
-0.00727809
-0.00758859
-0.00789603
-0.00820032
-0.00850137
-0.00879912
-0.00909349
-0.00938439
-0.00967175
-0.0099555
-0.0102356
-0.0105119
-0.0107843
-0.0110528
-0.0113174
-0.0115779
-0.0118343
-0.0120864
-0.0123344
-0.0125779
-0.0128171
-0.0130518
-0.013282
-0.0135075
-0.0137284
-0.0139446
-0.0139446
-0.014156
-0.0143626
-0.0145643
-0.014761
-0.0149527
-0.0151394
-0.015321
-0.0154974
-0.0156686
-0.0158345
-0.0159952
-0.0161505
-0.0163005
-0.016445
-0.0165841
-0.0167177
-0.0168458
-0.0169684
-0.0170854
-0.0171969
-0.0173027
-0.0174029
-0.0174975
-0.0175864
-0.0176696
-0.0177471
-0.017819
-0.0178852
-0.0179457
-0.0180005
-0.0180497
-0.0180932
-0.018131
-0.0181632
-0.0181897
-0.0182107
-0.018226
-0.0182359
-0.0182402
-0.018239
-0.0182323
-0.0182203
-0.0182029
-0.0181801
-0.0181521
-0.0181188
-0.0180804
-0.0180369
-0.0179883
-0.0179348
-0.0178763
-0.0178129
-0.0177449
-0.0176721
-0.0175947
-0.0175127
-0.0174263
-0.0173356
-0.0172406
-0.0171414
-0.0170382
-0.016931
-0.0168199
-0.016705
-0.0165865
-0.0164644
-0.0163388
-0.01621
-0.0160779
-0.0159428
-0.0158046
-0.0156636
-0.0155199
-0.0153735
-0.0152247
-0.0150735
-0.0149201
-0.0147645
-0.014607
-0.0144477
-0.0142866
-0.0141239
-0.0139598
-0.0137944
-0.0136278
-0.0134601
-0.0132914
-0.013122
-0.0129519
-0.0127812
-0.0126101
-0.0124388
-0.0122672
-0.0120957
-0.0119242
-0.0117529
-0.0115819
-0.0114113
-0.0112413
-0.011072
-0.0109035
-0.0107358
-0.0105691
-0.0104035
-0.0102391
-0.010076
-0.00991421
-0.00975393
-0.00959521
-0.00943813
-0.00928277
-0.0091292
-0.00897751
-0.00882776
-0.00868001
-0.00853433
-0.00839078
-0.00824941
-0.00811027
-0.00797342
-0.00783888
-0.0077067
-0.00757692
-0.00744956
-0.00732465
-0.00720222
-0.00708228
-0.00696484
-0.00684993
-0.00673754
-0.00662767
-0.00652033
-0.00641551
-0.00631319
-0.00621338
-0.00611604
-0.00602117
-0.00592873
-0.0058387
-0.00575105
-0.00566575
-0.00558275
-0.00550202
-0.00542351
-0.00534718
-0.00527298
-0.00520086
-0.00513075
-0.0050626
-0.00499635
-0.00493195
-0.00486932
-0.0048084
-0.00474913
-0.00469143
-0.00463523
-0.00458047
-0.00452706
-0.00447493
-0.00442401
-0.00437421
-0.00432547
-0.00427769
-0.0042308
-0.00418472
-0.00413937
-0.00409467
-0.00405053
-0.00400688
-0.00396363
-0.0039207
-0.00387801
-0.00383548
-0.00379285
-0.00375024
-0.00370755
-0.00366472
-0.00362165
-0.00357829
-0.00353453
-0.00349032
-0.00344558
-0.00340023
-0.00335421
-0.00330743
-0.00325984
-0.00321137
-0.00316195
-0.00311151
-0.00306
-0.00300735
-0.00295351
-0.00289842
-0.00284201
-0.00278425
-0.00272508
-0.00266444
-0.00260229
-0.00253858
-0.00247328
-0.00240633
-0.0023377
-0.00226734
-0.00219523
-0.00212133
-0.0020456
-0.00196802
-0.00188855
-0.00180717
-0.00172386
-0.00163858
-0.00155133
-0.00146208
-0.00137082
-0.00127752
-0.00118218
-0.00108478
-0.000985319
-0.00088378
-0.00078016
-0.000674455
-0.000566659
-0.000456773
-0.000344797
-0.00023073
-0.000114578
3.65558e-06
0.000123965
0.000246342
0.000370777
0.000497262
0.000625783
0.000756328
0.000888883
0.00102343
0.00115996
0.00129845
0.00143887
0.00158122
0.00172547
0.0018716
0.00201958
0.00216939
0.00232101
0.00247441
0.00262956
0.00278644
0.00294501
0.00310526
0.00326714
0.00343064
0.00359571
0.00376233
0.00393047
0.00410009
0.00427116
0.00444364
0.0046175
0.00479272
0.00496924
0.00514704
0.00532608
0.00550633
0.00568775
0.0058703
0.00605394
0.00623865
0.00642437
0.00661108
0.00679874
0.00698731
0.00717674
0.00736701
0.00755808
0.0077499
0.00794244
0.00813567
0.00832953
0.008524
0.00871904
0.0089146
0.00911066
0.00930717
0.00950409
0.0097014
0.00989904
0.010097
0.0102952
0.0104936
0.0106922
0.010891
0.0110899
0.0112889
0.0114879
0.0116869
0.0118859
0.0120848
0.0122837
0.0124823
0.0126809
0.0128792
0.0130772
0.013275
0.0134725
0.0136696
0.0138664
0.0140628
0.0142587
0.0144541
0.014649
0.0148434
0.0150372
0.0152304
0.0154229
0.0156148
0.015806
0.0159965
0.0161862
0.0163751
0.0165632
0.0167504
0.0169368
0.0171223
0.0173068
0.0174903
0.0176729
0.0178544
0.0180349
0.0182144
0.0183927
0.0185699
0.018746
0.0189208
0.0190945
0.0192669
0.0194381
0.019608
0.0197767
0.0199439
0.0201099
0.0202745
0.0204376
0.0205994
0.0207597
0.0209186
0.0210759
0.0212318
0.0213861
0.0215389
0.0216902
0.0218398
0.0219879
0.0221343
0.022279
0.0224222
0.0225636
0.0227033
0.0228413
0.0229776
0.0231121
0.0232448
0.0233758
0.0235049
0.0236323
0.0237578
0.0238814
0.0240032
0.0241231
0.0242411
0.0243572
0.0244713
0.0245835
0.0246938
0.0248021
0.0249084
0.0250127
0.0251151
0.0252154
0.0253136
0.0254098
0.025504
0.0255961
0.0256862
0.0257741
0.0258599
0.0259437
0.0260253
0.0261048
0.0261822
0.0262574
0.0263304
0.0264013
0.0264701
0.0265366
0.026601
0.0266632
0.0267231
0.0267809
0.0268365
0.0268898
0.0269409
0.0269898
0.0270364
0.0270808
0.0271229
0.0271628
0.0272004
0.0272358
0.0272689
0.0272997
0.0273283
0.0273546
0.0273786
0.0274003
0.0274197
0.0274368
0.0274517
0.0274642
0.0274745
0.0274824
0.0274881
0.0274915
0.0274926
0.0274913
0.0274878
0.027482
0.0274739
0.0274634
0.0274507
0.0274357
0.0274184
0.0273988
0.0273769
0.0273527
0.0273263
0.0272975
0.0272665
0.0272332
0.0271976
0.0271597
0.0271196
0.0270772
0.0270326
0.0269857
0.0269365
0.0268851
0.0268315
0.0267756
0.0267175
0.0266571
0.0265946
0.0265298
0.0264628
0.0263936
0.0263223
0.0262487
0.026173
0.0260951
0.026015
0.0259327
0.0258484
0.0257618
0.0256732
0.0255824
0.0254895
0.0253945
0.0252974
0.0251982
0.0250969
0.0249936
0.0248882
0.0247808
0.0246713
0.0245598
0.0244463
0.0243307
0.0242132
0.0240937
0.0239722
0.0238488
0.0237234
0.0235961
0.0234668
0.0233356
0.0232026
0.0230676
0.0229308
0.0227921
0.0226515
0.0225091
0.0223649
0.0222189
0.0220711
0.0219215
0.0217701
0.021617
0.0214621
0.0213055
0.0211472
0.0209872
0.0208255
0.0206621
0.0204971
0.0203305
0.0201622
0.0199923
0.0198208
0.0196478
0.0194731
0.019297
0.0191193
0.01894
0.0187593
0.0185771
0.0183934
0.0182083
0.0180217
0.0178338
0.0176444
0.0174536
0.0172615
0.017068
0.0168731
0.016677
0.0164795
0.0162808
0.0160807
0.0158795
0.015677
0.0154732
0.0152683
0.0150622
0.0148549
0.0146465
0.0144369
0.0142262
0.0140144
0.0138015
0.0135876
0.0133726
0.0131566
0.0129396
0.0127216
0.0125026
0.0122826
0.0120617
0.0118399
0.0116171
0.0113935
0.011169
0.0109436
0.0107174
0.0104904
0.0102626
0.0100339
0.00980455
0.00957441
0.00934353
0.00911192
0.00887962
0.00864663
0.00841297
0.00817866
0.00794372
0.00770815
0.00747199
0.00723524
0.00699793
0.00676006
0.00652166
0.00628274
0.00604332
0.00580341
0.00556304
0.00532222
0.00508095
0.00483927
0.00459718
0.00435471
0.00411186
0.00386866
0.00362512
0.00338125
0.00313707
0.0028926
0.00264785
0.00240284
0.00215758
0.00191209
0.00166638
0.00142047
0.00117437
0.000928098
0.000681669
0.000435096
0.000188394
-5.84215e-05
-0.000305337
-0.000552338
-0.00079941
-0.00104654
-0.00129371
-0.00154091
-0.00178813
-0.00203534
-0.00228255
-0.00252973
-0.00277687
-0.00302395
-0.00327097
-0.00351791
-0.00376475
-0.00401149
-0.00425811
-0.0045046
-0.00475094
-0.00499712
-0.00524313
-0.00548896
-0.00573459
-0.00598
-0.0062252
-0.00647016
-0.00671487
-0.00695933
-0.0072035
-0.0074474
-0.00769099
-0.00793428
-0.00817724
-0.00841987
-0.00866215
-0.00890407
-0.00914562
-0.00938678
-0.00962754
-0.0098679
-0.0101078
-0.0103529
-0.0105964
-0.0108383
-0.011079
-0.0113185
-0.0115569
-0.0117943
-0.0120307
-0.0122664
-0.0125011
-0.0127351
-0.0129684
-0.0132009
-0.0134327
-0.0136638
-0.0138943
-0.014124
-0.014353
-0.0145814
-0.0148091
-0.0150361
-0.0152624
-0.0154879
-0.0157128
-0.015937
-0.0161604
-0.016383
-0.0166049
-0.0168261
-0.0170464
-0.017266
-0.0174847
-0.0177026
-0.0179196
-0.0181358
-0.0183511
-0.0185655
-0.018779
-0.0189916
-0.0192032
-0.0194139
-0.0196236
-0.0198323
-0.0200399
-0.0202466
-0.0204521
-0.0206567
-0.0208601
-0.0210624
-0.0212635
-0.0214635
-0.0216624
-0.02186
-0.0220565
-0.0222517
-0.0224456
-0.0226383
-0.0228297
-0.0230198
-0.0232085
-0.0233959
-0.0235819
-0.0237664
-0.0239496
-0.0241313
-0.0243116
-0.0244903
-0.0246676
-0.0248433
-0.0250174
-0.02519
-0.0253609
-0.0255302
-0.0256979
-0.0258639
-0.0260282
-0.0261907
-0.0263515
-0.0265106
-0.0266678
-0.0268232
-0.0269768
-0.0271285
-0.0272783
-0.0274262
-0.0275722
-0.0277162
-0.0278582
-0.0279981
-0.0281361
-0.028272
-0.0284057
-0.0285374
-0.0286669
-0.0287943
-0.0289195
-0.0290425
-0.0291632
-0.0292817
-0.0293979
-0.0295118
-0.0296233
-0.0297325
-0.0298393
-0.0299438
-0.0300457
-0.0301453
-0.0302423
-0.0303369
-0.030429
-0.0305185
-0.0306054
-0.0306898
-0.0307715
-0.0308507
-0.0309271
-0.0310009
-0.031072
-0.0311404
-0.031206
-0.0312689
-0.031329
-0.0313864
-0.0314409
-0.0314925
-0.0315413
-0.0315873
-0.0316303
-0.0316704
-0.0317076
-0.0317419
-0.0317732
-0.0318015
-0.0318268
-0.0318491
-0.0318684
-0.0318847
-0.0318979
-0.031908
-0.031915
-0.031919
-0.0319198
-0.0319175
-0.0319121
-0.0319035
-0.0318918
-0.0318769
-0.0318589
-0.0318376
-0.0318132
-0.0317855
-0.0317547
-0.0317206
-0.0316833
-0.0316427
-0.0315989
-0.0315519
-0.0315016
-0.0314481
-0.0313913
-0.0313313
-0.0312679
-0.0312014
-0.0311315
-0.0310584
-0.030982
-0.0309023
-0.0308194
-0.0307331
-0.0306437
-0.0305509
-0.0304549
-0.0303556
-0.0302531
-0.0301473
-0.0300383
-0.029926
-0.0298105
-0.0296918
-0.0295698
-0.0294446
-0.0293162
-0.0291847
-0.0290499
-0.0289119
-0.0287708
-0.0286265
-0.0284791
-0.0283286
-0.0281749
-0.0280181
-0.0278582
-0.0276953
-0.0275293
-0.0273602
-0.0271881
-0.027013
-0.0268349
-0.0266538
-0.0264697
-0.0262827
-0.0260928
-0.0259
-0.0257043
-0.0255057
-0.0253043
-0.0251001
-0.024893
-0.0246832
-0.0244707
-0.0242554
-0.0240374
-0.0238168
-0.0235935
-0.0233675
-0.023139
-0.0229079
-0.0226742
-0.022438
-0.0221994
-0.0219582
-0.0217147
-0.0214687
-0.0212204
-0.0209697
-0.0207167
-0.0204614
-0.0202038
-0.0199441
-0.0196821
-0.0194181
-0.0191518
-0.0188835
-0.0186132
-0.0183408
-0.0180664
-0.0177901
-0.0175118
-0.0172317
-0.0169498
-0.016666
-0.0163804
-0.0160931
-0.0158041
-0.0155135
-0.0152212
-0.0149273
-0.0146318
-0.0143349
-0.0140365
-0.0137366
-0.0134353
-0.0131327
-0.0128287
-0.0125235
-0.012217
-0.0119093
-0.0116005
-0.0112905
-0.0109794
-0.0106673
-0.0103541
-0.01004
-0.00972502
-0.00940911
-0.00909235
-0.00877479
-0.00845646
-0.0081374
-0.00781766
-0.00749727
-0.00717628
-0.00685472
-0.00653265
-0.00621008
-0.00588708
-0.00556367
-0.00523991
-0.00491582
-0.00459145
-0.00426684
-0.00394203
-0.00361706
-0.00329197
-0.0029668
-0.00264159
-0.00231638
-0.00199121
-0.00166612
-0.00134114
-0.00101632
-0.000691695
-0.000367305
-4.31882e-05
0.000280617
0.000604072
0.00092714
0.00124978
0.00157196
0.00189364
0.00221478
0.00253534
0.00285529
0.0031746
0.00349322
0.00381112
0.00412826
0.00444461
0.00476014
0.0050748
0.00538856
0.0057014
0.00601327
0.00632414
0.00663398
0.00694275
0.00725043
0.00755697
0.00786235
0.00816653
0.00846949
0.00877119
0.0090716
0.00937069
0.00966843
0.00996479
0.0102597
0.0105533
0.0108453
0.0111358
0.0114249
0.0117123
0.0119982
0.0122825
0.0125651
0.0128461
0.0131254
0.0134029
0.0136788
0.0139528
0.0142251
0.0144955
0.0147641
0.0150309
0.0152957
0.0155586
0.0158196
0.0160786
0.0163357
0.0165907
0.0168437
0.0170946
0.0173435
0.0175903
0.0178349
0.0180774
0.0183178
0.018556
0.0187919
0.0190256
0.0192571
0.0194864
0.0197133
0.0199379
0.0201602
0.0203802
0.0205978
0.020813
0.0210258
0.0212361
0.0214441
0.0216495
0.0218525
0.022053
0.022251
0.0224464
0.0226393
0.0228296
0.0230173
0.0232023
0.0233848
0.0235646
0.0237417
0.0239161
0.0240879
0.0242569
0.0244231
0.0245866
0.0247473
0.0249052
0.0250603
0.0252126
0.0253619
0.0255084
0.0256521
0.0257927
0.0259305
0.0260653
0.0261971
0.0263259
0.0264517
0.0265745
0.0266942
0.0268108
0.0269243
0.0270348
0.0271421
0.0272462
0.0273471
0.0274449
0.0275394
0.0276307
0.0277188
0.0278035
0.027885
0.0279632
0.028038
0.0281094
0.0281775
0.0282421
0.0283034
0.0283612
0.0284155
0.0284664
0.0285137
0.0285575
0.0285978
0.0286345
0.0286677
0.0286972
0.0287231
0.0287454
0.028764
0.0287789
0.0287901
0.0287976
0.0288014
0.0288014
0.0287977
0.0287902
0.0287788
0.0287637
0.0287447
0.0287218
0.0286951
0.0286645
0.0286301
0.0285917
0.0285493
