0
0.00105995
0.00199125
0.00281037
2.10088
0.00352414
0.0041374
0.00465238
0.00507018
0.00539123
0.00561562
0.0057432
0.00577375
0.00570707
0.00554295
0.0052813
0.00492209
0.00446541
0.00391145
0.00326053
0.00251306
0.00166956
0.000730655
-0.000302937
-0.0014304
-0.00265085
-0.00396331
-0.00536674
-0.00686004
-0.00844202
-0.0101115
-0.0118671
-0.0137077
-0.0156318
-0.017638
-0.0197249
-0.0218911
-0.0241352
-0.0264555
-0.0288506
-0.0313189
-0.033859
-0.0364693
-0.0391481
-0.041894
-0.0447053
-0.0475805
-0.050518
-0.0535163
-0.056602
-0.059746
-0.0629468
-0.0662027
-0.0695122
-0.0728738
-0.0762857
-0.0797465
-0.0832547
-0.0868086
-0.0904068
-0.0940476
-0.0977297
-0.101451
-0.105211
-0.109008
-0.112839
-0.116705
-0.120602
-0.124531
-0.128488
-0.132474
-0.136486
-0.140522
-0.144583
-0.148665
-0.152769
-0.156891
-0.161032
-0.165189
-0.169361
-0.173548
-0.177747
-0.181957
-0.186176
-0.190405
-0.19464
-0.198882
-0.203128
-0.207378
-0.211629
-0.215881
-0.220133
-0.224383
-0.22863
-0.232873
-0.23711
-0.24134
-0.245563
-0.249776
-0.25398
-0.258171
-0.26235
-0.266515
-0.270666
-0.274799
-0.278916
-0.283014
-0.287093
-0.291151
-0.295187
-0.299201
-0.30319
-0.307155
-0.311094
-0.315005
-0.318888
-0.322743
-0.326567
-0.33036
-0.334121
-0.337849
-0.341544
-0.345203
-0.348827
-0.352413
-0.355963
-0.359474
-0.362945
-0.366377
-0.369768
-0.373117
-0.376423
-0.379687
-0.382906
-0.386081
-0.389211
-0.392294
-0.395331
-0.398321
-0.401263
-0.404156
-0.407
-0.409795
-0.41254
-0.415234
-0.417878
-0.420469
-0.423009
-0.425497
-0.427932
-0.430314
-0.432643
-0.434918
-0.43714
-0.439307
-0.44142
-0.443479
-0.445483
-0.447432
-0.449326
-0.451166
-0.45295
-0.45468
-0.456354
-0.457973
-0.459538
-0.461047
-0.462502
-0.463902
-0.465247
-0.466539
-0.467776
-0.468959
-0.470088
-0.471165
-0.472188
-0.473158
-0.474076
-0.474941
-0.475756
-0.476518
-0.47723
-0.477892
-0.478504
-0.479066
-0.479579
-0.480044
-0.480462
-0.480831
-0.481155
-0.481432
-0.481663
-0.48185
-0.481992
-0.482091
-0.482147
-0.482161
-0.482133
-0.482065
-0.481956
-0.481807
-0.481621
-0.481396
-0.481134
-0.480835
-0.480501
-0.480132
-0.479728
-0.479291
-0.478822
-0.478321
-0.477788
-0.477226
-0.476634
-0.476013
-0.475364
-0.474688
-0.473985
-0.473257
-0.472504
-0.471728
-0.470927
-0.470104
-0.46926
-0.468394
-0.467508
-0.466603
-0.465678
-0.464736
-0.463776
-0.462799
-0.461807
-0.460799
-0.459776
-0.45874
-0.45769
-0.456628
-0.455553
-0.454468
-0.453371
-0.452264
-0.451148
-0.450023
-0.448889
-0.447748
-0.446599
-0.445443
-0.444282
-0.443114
-0.441941
-0.440764
-0.439582
-0.438396
-0.437207
-0.436015
-0.43482
-0.433623
-0.432425
-0.431225
-0.430024
-0.428822
-0.42762
-0.426418
-0.425216
-0.424014
-0.422814
-0.421615
-0.420417
-0.41922
-0.418026
-0.416834
-0.415643
-0.414456
-0.413271
-0.412089
-0.41091
-0.409734
-0.408562
-0.407393
-0.406227
-0.405065
-0.403907
-0.402753
-0.401602
-0.400456
-0.399314
-0.398176
-0.397041
-0.395912
-0.394786
-0.393664
-0.392547
-0.391434
-0.390325
-0.389221
-0.38812
-0.387024
-0.385932
-0.384844
-0.383759
-0.382679
-0.381603
-0.38053
-0.379461
-0.378396
-0.377334
-0.376276
-0.375221
-0.37417
-0.373121
-0.372076
-0.371033
-0.369994
-0.368957
-0.367922
-0.36689
-0.365861
-0.364833
-0.363808
-0.362784
-0.361762
-0.360742
-0.359723
-0.358705
-0.357689
-0.356674
-0.355659
-0.354645
-0.353632
-0.352618
-0.351605
-0.350593
-0.34958
-0.348566
-0.347552
-0.346538
-0.345523
-0.344506
-0.343489
-0.34247
-0.34145
-0.340428
-0.339405
-0.338379
-0.337351
-0.336321
-0.335289
-0.334254
-0.333216
-0.332175
-0.331131
-0.330084
-0.329033
-0.327979
-0.326921
-0.325859
-0.324793
-0.323722
-0.322648
-0.321569
-0.320485
-0.319396
-0.318303
-0.317204
-0.3161
-0.314991
-0.313876
-0.312755
-0.311629
-0.310496
-0.309358
-0.308214
-0.307063
-0.305905
-0.304741
-0.303571
-0.302393
-0.301209
-0.300018
-0.298819
-0.297613
-0.2964
-0.295179
-0.293951
-0.292715
-0.291471
-0.290219
-0.28896
-0.287692
-0.286416
-0.285132
-0.283839
-0.282538
-0.281229
-0.279911
-0.278584
-0.277248
-0.275904
-0.274551
-0.273189
-0.271818
-0.270437
-0.269048
-0.26765
-0.266242
-0.264825
-0.263398
-0.261962
-0.260517
-0.259062
-0.257598
-0.256124
-0.254641
-0.253147
-0.251645
-0.250132
-0.24861
-0.247078
-0.245536
-0.243984
-0.242423
-0.240852
-0.23927
-0.237679
-0.236078
-0.234468
-0.232847
-0.231216
-0.229576
-0.227925
-0.226265
-0.224595
-0.222914
-0.221224
-0.219524
-0.217814
-0.216095
-0.214365
-0.212626
-0.210877
-0.209118
-0.207349
-0.20557
-0.203782
-0.201984
-0.200177
-0.198359
-0.196532
-0.194696
-0.19285
-0.190995
-0.18913
-0.187255
-0.185371
-0.183478
-0.181576
-0.179664
-0.177743
-0.175813
-0.173874
-0.171926
-0.169968
-0.168002
-0.166027
-0.164043
-0.16205
-0.160048
-0.158038
-0.156019
-0.153992
-0.151956
-0.149911
-0.147858
-0.145797
-0.143728
-0.14165
-0.139564
-0.137471
-0.135369
-0.133259
-0.131141
-0.129016
-0.126883
-0.124742
-0.122594
-0.120438
-0.118275
-0.116105
-0.113927
-0.111742
-0.10955
-0.107351
-0.105144
-0.102931
-0.100712
-0.0984851
-0.0962519
-0.0940121
-0.0917659
-0.0895133
-0.0872543
-0.0849891
-0.0827178
-0.0804403
-0.0781569
-0.0758676
-0.0735724
-0.0712715
-0.068965
-0.0666528
-0.0643352
-0.0620122
-0.0596839
-0.0573504
-0.0550117
-0.052668
-0.0503193
-0.0479657
-0.0456073
-0.0432443
-0.0408766
-0.0385045
-0.0361279
-0.0337469
-0.0313617
-0.0289724
-0.026579
-0.0241816
-0.0217804
-0.0193753
-0.0169666
-0.0145543
-0.0121384
-0.00971916
-0.00729658
-0.00487078
-0.00244185
-9.89358e-06
0.002425
0.00486274
0.00730322
0.00974634
0.012192
0.0146401
0.0170906
0.0195433
0.0219982
0.0244551
0.026914
0.0293747
0.0318371
0.0343012
0.0367669
0.039234
0.0417024
0.044172
0.0466428
0.0491145
0.0515872
0.0540607
0.0565348
0.0590096
0.0614848
0.0639604
0.0664363
0.0689122
0.0713883
0.0738642
0.0763399
0.0788154
0.0812904
0.0837648
0.0862387
0.0887117
0.0911838
0.093655
0.096125
0.0985938
0.101061
0.103527
0.105991
0.108454
0.110915
0.113373
0.11583
0.118284
0.120736
0.123186
0.125633
0.128077
0.130518
0.132957
0.135392
0.137824
0.140252
0.142677
0.145099
0.147516
0.14993
0.152339
0.154745
0.157146
0.159542
0.161934
0.164322
0.166704
0.169081
0.171454
0.17382
0.176182
0.178538
0.180888
0.183232
0.185571
0.187903
0.190229
0.192548
0.194861
0.197168
0.199467
0.20176
0.204045
0.206323
0.208594
0.210857
0.213113
0.21536
0.2176
0.219832
0.222055
0.22427
0.226477
0.228675
0.230864
0.233045
0.235216
0.237378
0.239531
0.241674
0.243808
0.245932
0.248047
0.250151
0.252246
0.25433
0.256404
0.258467
0.26052
0.262562
0.264593
0.266614
0.268624
0.270622
0.272609
0.274585
0.276549
0.278502
0.280443
0.282373
0.28429
0.286196
0.288089
0.238375
0.29194
0.293864
0.295773
0.297665
0.299542
0.301402
0.303247
0.305075
0.306888
0.308684
0.310465
0.31223
0.313979
0.315713
0.317431
0.319133
0.320819
0.32249
0.324146
0.325786
0.327411
0.329021
0.330615
0.332194
0.333759
0.335308
0.336842
0.338361
0.339866
0.341355
0.34283
0.344291
0.345737
0.347168
0.348586
0.349989
0.351377
0.352752
0.354113
0.35546
0.356793
0.358112
0.359418
0.36071
0.361989
0.363255
0.364507
0.365747
0.366973
0.368187
0.369388
0.370576
0.371752
0.372916
0.374067
0.375206
0.376334
0.377449
0.378553
0.379645
0.380726
0.381795
0.382854
0.383901
0.384938
0.385964
0.386979
0.387984
0.388979
0.389964
0.390939
0.391904
0.392859
0.393805
0.394742
0.39567
0.396589
0.397499
0.398401
0.399294
0.400179
0.401056
0.401925
0.402786
0.40364
0.404486
0.405326
0.406158
0.406984
0.407803
0.408616
0.409422
0.410223
0.411017
0.411806
0.41259
0.413368
0.414141
0.41491
0.415673
0.416432
0.417187
0.417938
0.418684
0.419427
0.420167
0.420903
0.421635
0.422365
0.423092
0.423817
0.424539
0.425258
0.425976
0.426692
0.427406
0.428119
0.42883
0.42954
0.430249
0.430957
0.431665
0.432372
0.433079
0.433786
0.434493
0.4352
0.435908
0.436616
0.437325
0.438035
0.438746
0.439458
0.440171
0.440886
0.441602
0.44232
0.443041
0.443763
0.444487
0.445214
0.445944
0.446676
0.44741
0.448148
0.448889
0.449632
0.450379
0.45113
0.451883
0.452641
0.453402
0.454166
0.454935
0.455708
0.456485
0.457265
0.458051
0.45884
0.459634
0.460432
0.461235
0.462043
0.462855
0.463672
0.464494
0.465321
0.466152
0.466989
0.467831
0.468678
0.469529
0.470387
0.471249
0.472116
0.472989
0.473867
0.47475
0.475639
0.476533
0.477432
0.478337
0.479246
0.480162
0.481082
0.482008
0.482939
0.483876
0.484817
0.485764
0.486717
0.487674
0.488636
0.489604
0.490577
0.491554
0.492537
0.493525
0.494517
0.495515
0.496517
0.497524
0.498535
0.499551
0.500571
0.501596
0.502625
0.503659
0.504696
0.505738
0.506783
0.507832
0.508886
0.509942
0.511003
0.512066
0.513133
0.514203
0.515277
0.516353
0.517432
0.518513
0.519597
0.520684
0.521773
0.522864
0.523956
0.525051
0.526147
0.527245
0.528344
0.529445
0.530546
0.531648
0.532751
0.533854
0.534958
0.536061
0.537165
0.538268
0.539371
0.540474
0.541575
0.542675
0.543774
0.544872
0.545968
0.547062
0.548154
0.549244
0.550331
0.551416
0.552497
0.553576
0.55465
0.555721
0.556789
0.557852
0.558911
0.559965
0.561014
0.562058
0.563096
0.564129
0.565157
0.566177
0.567192
0.5682
0.569201
0.570194
0.57118
0.572159
0.573129
0.574091
0.575045
0.575989
0.576924
0.57785
0.578766
0.579672
0.580568
0.581453
0.582327
0.58319
0.584042
0.584881
0.585709
0.586524
0.587326
0.588115
0.588891
0.589653
0.590401
0.591135
0.591854
0.592559
0.593248
0.593921
0.594579
0.59522
0.595845
0.596453
0.597044
0.597618
0.598173
0.598711
0.599229
0.59973
0.600211
0.600672
0.601114
0.601536
0.601937
0.602318
0.602677
0.603016
0.603332
0.603627
0.603899
0.604148
0.604374
0.604578
0.604757
0.604913
0.605044
0.605151
0.605233
0.605289
0.605321
0.605326
0.605306
0.605259
0.605185
0.605084
0.604956
0.6048
0.604617
0.604405
0.604165
0.603897
0.603599
0.603272
0.602916
0.60253
0.602113
0.601667
0.60119
0.600682
0.600143
0.599573
0.598971
0.598338
0.597673
0.596976
0.596246
0.595483
0.594688
0.59386
0.592999
0.592104
0.591176
0.590215
0.589219
0.58819
0.587126
0.586028
0.584895
0.583728
0.582527
0.58129
0.580019
0.578713
0.577371
0.575995
0.574583
0.573136
0.571654
0.570136
0.568582
0.566994
0.565369
0.563709
0.562014
0.560283
0.558516
0.556715
0.554877
0.553004
0.551096
0.549152
0.547173
0.545159
0.54311
0.541025
0.538906
0.536752
0.534563
0.532339
0.530081
0.527789
0.525463
0.523102
0.520708
0.51828
0.515819
0.513324
0.510797
0.508237
0.505644
0.503018
0.500361
0.497672
0.494951
0.492199
0.489416
0.486602
0.483757
0.480883
0.477979
0.475045
0.472082
0.46909
0.46607
0.463022
0.459946
0.456842
0.453711
0.450554
0.447371
0.444161
0.440926
0.437667
0.434382
0.431073
0.427741
0.424385
0.421006
0.417605
0.414182
0.410737
0.407271
0.403784
0.400277
0.39675
0.393204
0.38964
0.386056
0.382456
0.378837
0.375202
0.371551
0.367883
0.364201
0.360503
0.356791
0.353065
0.349326
0.345573
0.341809
0.338032
0.334244
0.330445
0.326636
0.322817
0.318988
0.315151
0.311305
0.307451
0.30359
0.299721
0.295847
0.291966
0.28808
0.284188
0.280293
0.276393
0.272489
0.268583
0.264674
0.260762
0.256849
0.252934
0.249019
0.245103
0.241187
0.237271
0.233357
0.229443
0.225532
0.221622
0.217715
0.21381
0.209909
0.206012
0.202118
0.198229
0.194345
0.190466
0.186592
0.182724
0.178862
0.175007
0.171158
0.167316
0.163482
0.159655
0.155836
0.152026
0.148224
0.14443
0.140646
0.136871
0.133106
0.12935
0.125604
0.121868
0.118143
0.114428
0.110724
0.107031
0.10335
0.0996791
0.09602
0.0923726
0.088737
0.0851132
0.0815015
0.077902
0.0743147
0.0707399
0.0671775
0.0636277
0.0600905
0.0565661
0.0530546
0.0495559
0.0460701
0.0425974
0.0391377
0.0356911
0.0322575
0.0288372
0.0254299
0.0220359
0.018655
0.0152873
0.0119328
0.0085914
0.00526319
0.0019481
-0.00135388
-0.00464278
-0.00791865
-0.0111815
-0.0144314
-0.0176684
-0.0208926
-0.024104
-0.0273026
-0.0304886
-0.033662
-0.0368228
-0.0399712
-0.0431072
-0.046231
-0.0493425
-0.052442
-0.0555294
-0.0586049
-0.0616685
-0.0647204
-0.0677607
-0.0707895
-0.0738068
-0.0768128
-0.0798075
-0.0827912
-0.0857639
-0.0887257
-0.0916767
-0.094617
-0.0975467
-0.100466
-0.103375
-0.106274
-0.109163
-0.112041
-0.11491
-0.117769
-0.120618
-0.123458
-0.126289
-0.12911
-0.131922
-0.134724
-0.137518
-0.140303
-0.143079
-0.145847
-0.148606
-0.151356
-0.154098
-0.156832
-0.159557
-0.162275
-0.164984
-0.167686
-0.170379
-0.173065
-0.175744
-0.178414
-0.181077
-0.183733
-0.186382
-0.189023
-0.191657
-0.194284
-0.196903
-0.199516
-0.202122
-0.20472
-0.207312
-0.209897
-0.212476
-0.215047
-0.217612
-0.220171
-0.222722
-0.225267
-0.227806
-0.230338
-0.232863
-0.235382
-0.237895
-0.240401
-0.196432
-0.167014
-0.170012
-0.24564
-0.248011
-0.250543
-0.253066
-0.25558
-0.258084
-0.26058
-0.263067
-0.265546
-0.268015
-0.270476
-0.272928
-0.275372
-0.277807
-0.280234
-0.282652
-0.285062
-0.287463
-0.289856
-0.29224
-0.294616
-0.296984
-0.299343
-0.301694
-0.304037
-0.306371
-0.308697
-0.311014
-0.313323
-0.315624
-0.317916
-0.320199
-0.322474
-0.324741
-0.326999
-0.329248
-0.331489
-0.333721
-0.335944
-0.338159
-0.340364
-0.342561
-0.344749
-0.346928
-0.349098
-0.351259
-0.353411
-0.355554
-0.357687
-0.359811
-0.361926
-0.364031
-0.366127
-0.368213
-0.37029
-0.372356
-0.374414
-0.376461
-0.378498
-0.380525
-0.382543
-0.38455
-0.386547
-0.388533
-0.390509
-0.392475
-0.394431
-0.396375
-0.398309
-0.400232
-0.402145
-0.404047
-0.405937
-0.407817
-0.409685
-0.411542
-0.413388
-0.415223
-0.417046
-0.418858
-0.420658
-0.422447
-0.424224
-0.425989
-0.427742
-0.429484
-0.431213
-0.43293
-0.434636
-0.436329
-0.43801
-0.439679
-0.441335
-0.442979
-0.444611
-0.44623
-0.447837
-0.449431
-0.451012
-0.45258
-0.454136
-0.45568
-0.45721
-0.458727
-0.460232
-0.461723
-0.463202
-0.464667
-0.46612
-0.467559
-0.468986
-0.470399
-0.471799
-0.473186
-0.474559
-0.475919
-0.477266
-0.4786
-0.479921
-0.481228
-0.482522
-0.483802
-0.485069
-0.486323
-0.487563
-0.48879
-0.490004
-0.491204
-0.492391
-0.493564
-0.494724
-0.495871
-0.497004
-0.498124
-0.49923
-0.500323
-0.501403
-0.50247
-0.503523
-0.504563
-0.505589
-0.506602
-0.507602
-0.508589
-0.509562
-0.510522
-0.511469
-0.512403
-0.513324
-0.514231
-0.515126
-0.516007
-0.516876
-0.517731
-0.518573
-0.519402
-0.520219
-0.521022
-0.521813
-0.52259
-0.523355
-0.524107
-0.524846
-0.525573
-0.526286
-0.526987
-0.527676
-0.528351
-0.529015
-0.529665
-0.530303
-0.530929
-0.531542
-0.532142
-0.532731
-0.533306
-0.53387
-0.534421
-0.53496
-0.535486
-0.536001
-0.536503
-0.536993
-0.537471
-0.537936
-0.53839
-0.538831
-0.539261
-0.539678
-0.540083
-0.540477
-0.540858
-0.541227
-0.541585
-0.54193
-0.542264
-0.542586
-0.542896
-0.543194
-0.54348
-0.543755
-0.544017
-0.544268
-0.544507
-0.544735
-0.54495
-0.545154
-0.545346
-0.545526
-0.545695
-0.545852
-0.545997
-0.54613
-0.546252
-0.546362
-0.54646
-0.546547
-0.546621
-0.546684
-0.546735
-0.546775
-0.546803
-0.546819
-0.546823
-0.546815
-0.546796
-0.546764
-0.546721
-0.546666
-0.5466
-0.546521
-0.54643
-0.546328
-0.546213
-0.546087
-0.545948
-0.545798
-0.545636
-0.545461
-0.545275
-0.545076
-0.544865
-0.544642
-0.544407
-0.54416
-0.543901
-0.543629
-0.543345
-0.543048
-0.54274
-0.542419
-0.542085
-0.541739
-0.541381
-0.54101
-0.540626
-0.54023
-0.539822
-0.539401
-0.538967
-0.53852
-0.538061
-0.537589
-0.537104
-0.536606
-0.536095
-0.535572
-0.535036
-0.534486
-0.533924
-0.533348
-0.53276
-0.532159
-0.531544
-0.530916
-0.530275
-0.529621
-0.528954
-0.528273
-0.52758
-0.526873
-0.526152
-0.525418
-0.524671
-0.523911
-0.523137
-0.522349
-0.521548
-0.520734
-0.519906
-0.519065
-0.51821
-0.517342
-0.51646
-0.515565
-0.514656
-0.513734
-0.512798
-0.511848
-0.510885
-0.509908
-0.508918
-0.507914
-0.506897
-0.505866
-0.504821
-0.503763
-0.502691
-0.501606
-0.500507
-0.499395
-0.498269
-0.49713
-0.495978
-0.494812
-0.493632
-0.49244
-0.491233
-0.490014
-0.488781
-0.487535
-0.486276
-0.485004
-0.483718
-0.48242
-0.481108
-0.479783
-0.478446
-0.477095
-0.475732
-0.474356
-0.472967
-0.471565
-0.470151
-0.468724
-0.467285
-0.465833
-0.464368
-0.462892
-0.461403
-0.459902
-0.458389
-0.456864
-0.455327
-0.453778
-0.452217
-0.450644
-0.44906
-0.447464
-0.445857
-0.444239
-0.442609
-0.440967
-0.439315
-0.437652
-0.435978
-0.434293
-0.432597
-0.430891
-0.429174
-0.427446
-0.425708
-0.42396
-0.422202
-0.420434
-0.418656
-0.416868
-0.41507
-0.413263
-0.411446
-0.40962
-0.407784
-0.405939
-0.404085
-0.402222
-0.400351
-0.39847
-0.396581
-0.394683
-0.392777
-0.390862
-0.38894
-0.387009
-0.38507
-0.383123
-0.381168
-0.379206
-0.377236
-0.375259
-0.373274
-0.371282
-0.369282
-0.367276
-0.365262
-0.363242
-0.361215
-0.359181
-0.357141
-0.355094
-0.353041
-0.350981
-0.348915
-0.346843
-0.344765
-0.342681
-0.340591
-0.338495
-0.336394
-0.334286
-0.332173
-0.330055
-0.327931
-0.325802
-0.323667
-0.321528
-0.319383
-0.317232
-0.315077
-0.312917
-0.310752
-0.308581
-0.306406
-0.304226
-0.302041
-0.299852
-0.297657
-0.295458
-0.293255
-0.291046
-0.288833
-0.286616
-0.284393
-0.282166
-0.279935
-0.277699
-0.275458
-0.273213
-0.270964
-0.268709
-0.26645
-0.264187
-0.261919
-0.259646
-0.257369
-0.255087
-0.2528
-0.250509
-0.248212
-0.245911
-0.243606
-0.241295
-0.238979
-0.236659
-0.234333
-0.232002
-0.229666
-0.227325
-0.224979
-0.222627
-0.22027
-0.217908
-0.21554
-0.213166
-0.210787
-0.208401
-0.20601
-0.203613
-0.20121
-0.198801
-0.196385
-0.193963
-0.191535
-0.1891
-0.186659
-0.18421
-0.181755
-0.179293
-0.176824
-0.174347
-0.171863
-0.169372
-0.166873
-0.164366
-0.161851
-0.159329
-0.156798
-0.154259
-0.151711
-0.149155
-0.146591
-0.144018
-0.141435
-0.138844
-0.136243
-0.133633
-0.131014
-0.128384
-0.125745
-0.123096
-0.120437
-0.117768
-0.115088
-0.112398
-0.109697
-0.106985
-0.104262
-0.101528
-0.0987829
-0.0960261
-0.0932577
-0.0904775
-0.0876855
-0.0848813
-0.082065
-0.0792362
-0.076395
-0.0735411
-0.0706744
-0.0677948
-0.064902
-0.0619961
-0.0590767
-0.0561438
-0.0531972
-0.0502369
-0.0472626
-0.0442742
-0.0412716
-0.0382547
-0.0352233
-0.0321773
-0.0291166
-0.0260411
-0.0229505
-0.0198449
-0.0167241
-0.013588
-0.0104365
-0.0072694
-0.0040867
-0.00088827
0.00232599
0.00555618
0.00880239
0.0120647
0.0153432
0.0186379
0.021949
0.0252765
0.0286205
0.0319811
0.0353582
0.038752
0.0421625
0.0455897
0.0490337
0.0524945
0.0559722
0.0594668
0.0629782
0.0665066
0.0700519
0.073614
0.0771931
0.0807891
0.084402
0.0880317
0.0916782
0.0953416
0.0990217
0.102718
0.106432
0.110162
0.113908
0.117671
0.121451
0.125246
0.129058
0.132885
0.136729
0.140588
0.144463
0.148354
0.15226
0.156181
0.160117
0.164068
0.168034
0.172014
0.176008
0.180017
0.184039
0.188075
0.192124
0.196186
0.200261
0.204348
0.208448
0.21256
0.216683
0.220818
0.224964
0.22912
0.233287
0.237463
0.24165
0.245845
0.250049
0.254262
0.258482
0.262711
0.266946
0.271188
0.275436
0.279689
0.110619
0.283949
0.288212
0.29248
0.296752
0.301027
0.305304
0.309584
0.313865
0.318146
0.322429
0.326711
0.330992
0.335271
0.339549
0.343823
0.348095
0.352362
0.356624
0.360881
0.365132
0.369375
0.373612
0.377839
0.382058
0.386267
0.390466
0.394653
0.398828
0.40299
0.407138
0.411272
0.415391
0.419494
0.42358
0.427648
0.431697
0.435727
0.439737
0.443726
0.447693
0.451638
0.455558
0.459455
0.463326
0.467171
0.470989
0.474779
0.47854
0.482272
0.485973
0.489643
0.493281
0.496886
0.500457
0.503993
0.507494
0.510958
0.514386
0.517775
0.521125
0.524436
0.527707
0.530936
0.534124
0.537269
0.54037
0.543427
0.546439
0.549406
0.552326
0.555199
0.558025
0.560802
0.56353
0.566209
0.568838
0.571415
0.573942
0.576416
0.578838
0.581207
0.583523
0.585785
0.587993
0.590146
0.592244
0.594286
0.596273
0.598203
0.600077
0.601895
0.603655
0.605359
0.607005
0.608593
0.610124
0.611597
0.613013
0.61437
0.61567
0.616911
0.618095
0.619221
0.620289
0.6213
0.622252
0.623148
0.623986
0.624768
0.625493
0.626161
0.626773
0.627329
0.62783
0.628275
0.628666
0.629003
0.629285
0.629515
0.629691
0.629815
0.629887
0.629908
0.629878
0.629797
0.629668
0.629489
0.629262
0.628988
0.628667
0.628299
0.627887
0.627429
0.626928
0.626383
0.625796
0.625167
0.624498
0.623789
0.62304
0.622253
0.621429
0.620568
0.619671
0.61874
0.617774
0.616775
0.615744
0.614682
0.613589
0.612466
0.611315
0.610136
0.608929
0.607697
0.60644
0.605158
0.603853
0.602525
0.601176
0.599805
0.598415
0.597006
0.595578
0.594133
0.592672
0.591194
0.589702
0.588196
0.586676
0.585144
0.583599
0.582044
0.580479
0.578904
0.57732
0.575728
0.574129
0.572523
0.570911
0.569294
0.567672
0.566046
0.564416
0.562784
0.56115
0.559514
0.557877
0.556239
0.554601
0.552964
0.551328
0.549694
0.548062
0.546432
0.544805
0.543181
0.541562
0.539946
0.538335
0.536729
0.535129
0.533534
0.531945
0.530362
0.528786
0.527217
0.525655
0.524101
0.522554
0.521015
0.519484
0.517962
0.516448
0.514943
0.513447
0.51196
0.510482
0.509013
0.507554
0.506105
0.504665
0.503235
0.501814
0.500404
0.499003
0.497613
0.496232
0.494862
0.493501
0.492151
0.49081
0.48948
0.48816
0.48685
0.485549
0.484259
0.482978
0.481708
0.480447
0.479195
0.477954
0.476722
0.475499
0.474285
0.473081
0.471886
0.4707
0.469522
0.468354
0.467194
0.466042
0.464899
0.463764
0.462637
0.461518
0.460407
0.459303
0.458207
0.457118
0.456036
0.454961
0.453893
0.452831
0.451775
0.450726
0.449683
0.448646
0.447614
0.446588
0.445567
0.444551
0.44354
0.442534
0.441532
0.440534
0.439541
0.438552
0.437566
0.436584
0.435605
0.434629
0.433656
0.432686
0.431719
0.430754
0.42979
0.428829
0.42787
0.426912
0.425956
0.425
0.424046
0.423092
0.422139
0.421186
0.420234
0.419281
0.418329
0.417375
0.416422
0.415467
0.414512
0.413555
0.412598
0.411638
0.410677
0.409714
0.408749
0.407782
0.406813
0.405841
0.404866
0.403888
0.402907
0.401923
0.400936
0.399945
0.39895
0.397951
0.396949
0.395942
0.394931
0.393915
0.392895
0.39187
0.390839
0.389804
0.388764
0.387718
0.386667
0.38561
0.384547
0.383479
0.382404
0.381323
0.380236
0.379142
0.378042
0.376936
0.375822
0.374702
0.373574
0.37244
0.371298
0.370149
0.368992
0.367828
0.366657
0.365477
0.36429
0.363095
0.361892
0.360681
0.359461
0.358234
0.356998
0.355753
0.3545
0.353239
0.351969
0.35069
0.349403
0.348106
0.346801
0.345487
0.344163
0.342831
0.341489
0.340139
0.338779
0.337409
0.336031
0.334643
0.333246
0.331839
0.330422
0.328997
0.327561
0.326116
0.324662
0.323198
0.321724
0.32024
0.318747
0.317244
0.315732
0.314209
0.312677
0.311135
0.309584
0.308022
0.306451
0.30487
0.303279
0.301679
0.300069
0.298449
0.296819
0.295179
0.29353
0.291871
0.290202
0.288524
0.286836
0.285139
0.283431
0.281715
0.279988
0.278252
0.276507
0.274752
0.272988
0.271214
0.269431
0.267638
0.265837
0.264026
0.262206
0.260376
0.258538
0.25669
0.254834
0.252968
0.251093
0.24921
0.247318
0.245417
0.243507
0.241589
0.239662
0.237726
0.235782
0.23383
0.231869
0.2299
0.227922
0.225937
0.223943
0.221941
0.219931
0.217914
0.215888
0.213855
0.211814
0.209765
0.207709
0.205645
0.203573
0.201495
0.199409
0.197316
0.195215
0.193108
0.190994
0.188872
0.186744
0.184609
0.182468
0.180319
0.178165
0.176003
0.173836
0.171662
0.169481
0.167295
0.165103
0.162904
0.1607
0.15849
0.156274
0.154052
0.151825
0.149593
0.147355
0.145111
0.142862
0.140609
0.13835
0.136086
0.133817
0.131543
0.129264
0.126981
0.124693
0.122401
0.120104
0.117802
0.115497
0.113187
0.110873
0.108556
0.106234
0.103908
0.101579
0.0992455
0.0969088
0.0945685
0.0922247
0.0898776
0.0875273
0.0851737
0.082817
0.0804573
0.0780947
0.0757292
0.0733609
0.0709899
0.0686164
0.0662403
0.0638618
0.061481
0.0590979
0.0567126
0.0543252
0.0519359
0.0495446
0.0471516
0.0447568
0.0423603
0.0399623
0.0375628
0.035162
0.0327598
0.0303565
0.027952
0.0255466
0.0231402
0.020733
0.018325
0.0159164
0.0135072
0.0110976
0.00868757
0.00627729
0.00386683
0.00145628
-0.000954256
-0.00336468
-0.00577491
-0.00818483
-0.0105944
-0.0130034
-0.0154118
-0.0178195
-0.0202265
-0.0226325
-0.0250375
-0.0274414
-0.0298442
-0.0322456
-0.0346456
-0.037044
-0.0394409
-0.041836
-0.0442293
-0.0466206
-0.0490099
-0.051397
-0.0537819
-0.0561643
-0.0585443
-0.0609217
-0.0632963
-0.0656681
-0.068037
-0.0704028
-0.0727655
-0.0751248
-0.0774808
-0.0798332
-0.082182
-0.0845271
-0.0868683
-0.0892055
-0.0915385
-0.0938674
-0.0961919
-0.0985119
-0.100827
-0.103138
-0.105444
-0.107745
-0.110041
-0.112331
-0.114617
-0.116897
-0.119171
-0.12144
-0.123702
-0.125959
-0.12821
-0.130455
-0.132693
-0.134925
-0.13715
-0.139368
-0.14158
-0.143785
-0.145983
-0.148173
-0.150357
-0.152532
-0.154701
-0.156861
-0.159014
-0.161159
-0.163295
-0.165424
-0.167544
-0.169656
-0.171759
-0.173854
-0.17594
-0.178017
-0.180085
-0.182144
-0.184194
-0.186234
-0.188265
-0.190287
-0.192298
-0.1943
-0.196292
-0.198275
-0.200247
-0.202208
-0.20416
-0.206101
-0.208032
-0.209952
-0.211861
-0.21376
-0.215647
-0.217524
-0.21939
-0.221245
-0.200587
-0.224967
-0.226821
-0.228661
-0.230488
-0.232301
-0.234101
-0.235888
-0.237661
-0.239421
-0.241168
-0.242901
-0.24462
-0.246327
-0.24802
-0.249699
-0.251365
-0.253018
-0.254658
-0.256284
-0.257897
-0.259496
-0.261082
-0.262655
-0.264215
-0.265762
-0.267295
-0.268815
-0.270322
-0.271816
-0.273297
-0.274765
-0.276221
-0.277663
-0.279092
-0.280509
-0.281912
-0.283303
-0.284682
-0.286048
-0.287401
-0.288742
-0.29007
-0.291386
-0.29269
-0.293982
-0.295261
-0.296529
-0.297784
-0.299028
-0.30026
-0.30148
-0.302689
-0.303886
-0.305071
-0.306246
-0.307409
-0.308561
-0.309702
-0.310832
-0.311951
-0.31306
-0.314158
-0.315246
-0.316323
-0.31739
-0.318447
-0.319494
-0.320532
-0.321559
-0.322577
-0.323586
-0.324585
-0.325575
-0.326556
-0.327528
-0.328492
-0.329447
-0.330393
-0.331331
-0.332261
-0.333183
-0.334097
-0.335003
-0.335902
-0.336794
-0.337678
-0.338555
-0.339425
-0.340289
-0.341146
-0.341996
-0.34284
-0.343678
-0.344511
-0.345337
-0.346158
-0.346973
-0.347783
-0.348588
-0.349388
-0.350184
-0.350974
-0.351761
-0.352543
-0.353321
-0.354095
-0.354865
-0.355632
-0.356395
-0.357155
-0.357912
-0.358666
-0.359417
-0.360165
-0.360912
-0.361655
-0.362397
-0.363137
-0.363875
-0.364612
-0.365347
-0.36608
-0.366813
-0.367544
-0.368275
-0.369005
-0.369734
-0.370463
-0.371192
-0.371921
-0.37265
-0.373378
-0.374108
-0.374837
-0.375568
-0.376299
-0.37703
-0.377763
-0.378497
-0.379232
-0.379969
-0.380707
-0.381447
-0.382188
-0.382931
-0.383676
-0.384423
-0.385173
-0.385925
-0.386679
-0.387435
-0.388194
-0.388956
-0.38972
-0.390488
-0.391258
-0.392031
-0.392807
-0.393587
-0.39437
-0.395156
-0.395945
-0.396738
-0.397534
-0.398334
-0.399138
-0.399945
-0.400756
-0.401571
-0.40239
-0.403212
-0.404039
-0.404869
-0.405703
-0.406542
-0.407384
-0.408231
-0.409081
-0.409936
-0.410794
-0.411657
-0.412524
-0.413395
-0.414271
-0.41515
-0.416034
-0.416921
-0.417813
-0.418709
-0.419609
-0.420513
-0.421421
-0.422333
-0.423249
-0.424169
-0.425093
-0.42602
-0.426952
-0.427887
-0.428827
-0.429769
-0.430716
-0.431666
-0.432619
-0.433576
-0.434537
-0.435501
-0.436468
-0.437438
-0.438411
-0.439387
-0.440366
-0.441348
-0.442333
-0.443321
-0.444311
-0.445303
-0.446298
-0.447295
-0.448294
-0.449295
-0.450299
-0.451303
-0.45231
-0.453318
-0.454328
-0.455339
-0.456351
-0.457364
-0.458378
-0.459393
-0.460409
-0.461425
-0.462441
-0.463458
-0.464474
-0.465491
-0.466507
-0.467522
-0.468537
-0.469552
-0.470565
-0.471577
-0.472588
-0.473598
-0.474606
-0.475612
-0.476616
-0.477618
-0.478617
-0.479614
-0.480608
-0.481599
-0.482587
-0.483572
-0.484553
-0.48553
-0.486504
-0.487473
-0.488437
-0.489397
-0.490353
-0.491303
-0.492248
-0.493187
-0.494121
-0.495049
-0.49597
-0.496885
-0.497794
-0.498695
-0.49959
-0.500477
-0.501356
-0.502228
-0.503091
-0.503947
-0.504793
-0.505631
-0.50646
-0.507279
-0.508089
-0.508888
-0.509678
-0.510457
-0.511226
-0.511984
-0.51273
-0.513466
-0.514189
-0.5149
-0.5156
-0.516286
-0.51696
-0.517621
-0.518269
-0.518902
-0.519522
-0.520128
-0.52072
-0.521296
-0.521858
-0.522404
-0.522935
-0.52345
-0.523949
-0.524432
-0.524898
-0.525346
-0.525778
-0.526192
-0.526589
-0.526967
-0.527327
-0.527668
-0.52799
-0.528294
-0.528577
-0.528841
-0.529085
-0.529309
-0.529512
-0.529694
-0.529855
-0.529995
-0.530113
-0.530209
-0.530282
-0.530334
-0.530362
-0.530368
-0.53035
-0.530309
-0.530244
-0.530156
-0.530042
-0.529905
-0.529742
-0.529555
-0.529342
-0.529104
-0.52884
-0.52855
-0.528234
-0.527891
-0.527522
-0.527126
-0.526703
-0.526253
-0.525775
-0.525269
-0.524736
-0.524174
-0.523585
-0.522966
-0.52232
-0.521644
-0.520939
-0.520206
-0.519442
-0.51865
-0.517828
-0.516976
-0.516094
-0.515182
-0.51424
-0.513268
-0.512265
-0.511232
-0.510168
-0.509073
-0.507948
-0.506792
-0.505605
-0.504386
-0.503137
-0.501856
-0.500545
-0.499202
-0.497827
-0.496421
-0.494984
-0.493516
-0.492016
-0.490485
-0.488922
-0.487328
-0.485703
-0.484046
-0.482358
-0.480639
-0.478888
-0.477107
-0.475294
-0.47345
-0.471575
-0.46967
-0.467734
-0.465767
-0.463769
-0.461741
-0.459683
-0.457595
-0.455477
-0.453328
-0.45115
-0.448943
-0.446706
-0.44444
-0.442145
-0.439821
-0.437469
-0.435088
-0.432679
-0.430242
-0.427777
-0.425284
-0.422765
-0.420218
-0.417645
-0.415045
-0.412419
-0.409767
-0.40709
-0.404387
-0.401659
-0.398906
-0.396129
-0.393328
-0.390503
-0.387654
-0.384782
-0.381888
-0.378971
-0.376032
-0.373071
-0.370088
-0.367085
-0.36406
-0.361016
-0.357951
-0.354867
-0.351764
-0.348642
-0.345501
-0.342342
-0.339166
-0.335972
-0.332762
-0.329535
