0.357143
0.173491
0.0845383
0.0414848
0.0206668
0.0206666
0.0106211
0.00579408
0.00349523
0.00242046
0.00193759
0.00174002
0.00167899
0.00168228
0.0017148
0.00175953
0.00180824
0.00185697
0.00190384
0.00194804
0.00198922
0.00202732
0.00206237
0.00209449
0.0021238
0.00215044
0.00217457
0.00219631
0.00221583
0.00223323
0.00224865
0.0022622
0.002274
0.00228414
0.00229273
0.00229985
0.00230559
0.00231002
0.00231322
0.00231525
0.00231618
0.00231607
0.00231496
0.00231292
0.00230997
0.00230617
0.00230156
0.00229617
0.00229003
0.00227566
0.00226429
0.002254
0.00224389
0.00223353
0.0022227
0.00221133
0.00219938
0.00218683
0.00217369
0.00215996
0.00214565
0.00213076
0.0021153
0.00209927
0.00208268
0.00206552
0.00204781
0.00202954
0.00201071
0.00199131
0.00197136
0.00195084
0.00192975
0.00190808
0.00188584
0.00186302
0.00183961
0.00181559
0.00179098
0.00176575
0.0017399
0.00171342
0.0016863
0.00165853
0.0016301
0.00160099
0.00157121
0.00154073
0.00150954
0.00147763
0.00144499
0.0014116
0.00137745
0.00134253
0.00130682
0.0012703
0.00123296
0.00119479
0.00115577
0.00111588
0.00107511
0.00103344
0.000990859
0.000947341
0.000902872
0.000857435
0.000811012
0.000763586
0.000715138
0.000665651
0.000615104
0.000563481
0.000510762
0.000456928
0.00040196
0.00034584
0.000288547
0.000230063
0.000170367
0.000109441
4.72657e-05
-1.61797e-05
-8.09143e-05
-0.000146958
-0.00021433
-0.00028305
-0.000353138
-0.000424614
-0.000497497
-0.000571806
-0.000647561
-0.000724782
-0.000803487
-0.000883696
-0.000965428
-0.0010487
-0.00113354
-0.00121995
-0.00130796
-0.00139759
-0.00148885
-0.00158176
-0.00167634
-0.00177261
-0.00187058
-0.00197027
-0.0020717
-0.00217489
-0.00227984
-0.00238658
-0.00249511
-0.00260547
-0.00271765
-0.00283168
-0.00294757
-0.00306533
-0.00318498
-0.00330653
-0.00342998
-0.00355536
-0.00368268
-0.00381194
-0.00394316
-0.00407635
-0.00421151
-0.00434866
-0.00448781
-0.00462897
-0.00477213
-0.00491732
-0.00506454
-0.00521379
-0.00536509
-0.00551844
-0.00567384
-0.00583129
-0.00599082
-0.00615241
-0.00631607
-0.00648181
-0.00664963
-0.00681953
-0.00699151
-0.00716558
-0.00734174
-0.00751998
-0.00770031
-0.00788273
-0.00806724
-0.00825383
-0.00844252
-0.00863328
-0.00882613
-0.00902107
-0.00921808
-0.00941717
-0.00961833
-0.00982156
-0.0100269
-0.0102342
-0.0104436
-0.0106551
-0.0108686
-0.0110842
-0.0113018
-0.0115215
-0.0117431
-0.0119668
-0.0121925
-0.0124203
-0.01265
-0.0128817
-0.0131155
-0.0133512
-0.0135888
-0.0138285
-0.0140701
-0.0143137
-0.0145592
-0.0148067
-0.0150561
-0.0153075
-0.0155607
-0.0158159
-0.016073
-0.016332
-0.0165929
-0.0168556
-0.0171203
-0.0173868
-0.0176551
-0.0179254
-0.0181974
-0.0184714
-0.0187471
-0.0190247
-0.0193041
-0.0195853
-0.0198683
-0.0201532
-0.0204398
-0.0207282
-0.0210183
-0.0213103
-0.021604
-0.0218995
-0.0221967
-0.0224957
-0.0227965
-0.0230989
-0.0234031
-0.023709
-0.0240167
-0.024326
-0.0246371
-0.0249499
-0.0252644
-0.0255805
-0.0258984
-0.0262179
-0.0265392
-0.0268621
-0.0271867
-0.0275129
-0.0278408
-0.0281704
-0.0285016
-0.0288345
-0.0291691
-0.0295052
-0.0298431
-0.0301825
-0.0305236
-0.0308664
-0.0312107
-0.0315567
-0.0319043
-0.0322536
-0.0326044
-0.0329569
-0.033311
-0.0336667
-0.034024
-0.034383
-0.0347435
-0.0351056
-0.0354694
-0.0358347
-0.0362016
-0.0365701
-0.0369403
-0.037312
-0.0376853
-0.0380602
-0.0384367
-0.0388147
-0.0391944
-0.0395756
-0.0399584
-0.0403428
-0.0407288
-0.0411163
-0.0415054
-0.0418961
-0.0422884
-0.0426822
-0.0430776
-0.0434746
-0.0438731
-0.0442732
-0.0446749
-0.0450781
-0.0454829
-0.0458892
-0.0462971
-0.0467066
-0.0471176
-0.0475302
-0.0479443
-0.0483599
-0.0487772
-0.0491959
-0.0496162
-0.0500381
-0.0504615
-0.0508864
-0.0513129
-0.0517409
-0.0521704
-0.0526015
-0.0530341
-0.0534682
-0.0539038
-0.054341
-0.0547797
-0.0552199
-0.0556616
-0.0561049
-0.0565496
-0.0569959
-0.0574437
-0.0578929
-0.0583437
-0.058796
-0.0592498
-0.059705
-0.0601618
-0.06062
-0.0610797
-0.0615409
-0.0620036
-0.0624678
-0.0629334
-0.0634005
-0.0638691
-0.0643391
-0.0648106
-0.0652835
-0.0657579
-0.0662337
-0.066711
-0.0671897
-0.0676698
-0.0681514
-0.0686344
-0.0691188
-0.0696047
-0.0700919
-0.0705806
-0.0710707
-0.0715621
-0.072055
-0.0725492
-0.0730449
-0.0735419
-0.0740403
-0.07454
-0.0750411
-0.0755436
-0.0760475
-0.0765527
-0.0770592
-0.0775671
-0.0780763
-0.0785868
-0.0790986
-0.0796118
-0.0801263
-0.0806421
-0.0811592
-0.0816776
-0.0821972
-0.0827182
-0.0832404
-0.0837639
-0.0842886
-0.0848146
-0.0853419
-0.0858704
-0.0864001
-0.0869311
-0.0874632
-0.0879966
-0.0885313
-0.0890671
-0.0896041
-0.0901423
-0.0906816
-0.0912222
-0.0917639
-0.0923068
-0.0928508
-0.093396
-0.0939423
-0.0944897
-0.0950383
-0.095588
-0.0961388
-0.0966906
-0.0972436
-0.0977977
-0.0983528
-0.098909
-0.0994663
-0.100025
-0.100584
-0.101144
-0.101706
-0.102268
-0.102832
-0.103396
-0.103962
-0.104528
-0.105096
-0.105664
-0.106233
-0.106804
-0.107375
-0.107947
-0.10852
-0.109094
-0.109669
-0.110245
-0.110822
-0.1114
-0.111978
-0.112558
-0.113138
-0.113719
-0.114301
-0.114884
-0.115467
-0.116052
-0.116637
-0.117223
-0.11781
-0.118397
-0.118986
-0.119575
-0.120165
-0.120755
-0.121347
-0.121939
-0.122532
-0.123125
-0.123719
-0.124314
-0.12491
-0.125506
-0.126103
-0.1267
-0.127298
-0.127897
-0.128497
-0.129097
-0.129697
-0.130299
-0.1309
-0.131503
-0.132106
-0.132709
-0.133313
-0.133918
-0.134523
-0.135129
-0.135735
-0.136342
-0.136949
-0.137556
-0.138164
-0.138773
-0.139382
-0.139991
-0.140601
-0.141212
-0.141822
-0.142433
-0.143045
-0.143657
-0.144269
-0.144882
-0.145495
-0.146108
-0.146722
-0.147336
-0.14795
-0.148565
-0.149179
-0.149795
-0.15041
-0.151026
-0.151642
-0.152258
-0.152875
-0.153491
-0.154108
-0.154725
-0.155343
-0.15596
-0.156578
-0.157196
-0.157814
-0.158432
-0.15905
-0.159669
-0.160287
-0.160906
-0.161525
-0.162144
-0.162763
-0.163382
-0.164001
-0.16462
-0.165239
-0.165858
-0.166478
-0.167097
-0.167716
-0.168336
-0.168955
-0.169574
-0.170193
-0.170812
-0.171432
-0.172051
-0.17267
-0.173288
-0.173907
-0.174526
-0.175145
-0.175763
-0.176381
-0.177
-0.177618
-0.178235
-0.178853
-0.179471
-0.180088
-0.180705
-0.181322
-0.181939
-0.182555
-0.183172
-0.183787
-0.184403
-0.185019
-0.185634
-0.186249
-0.186863
-0.187478
-0.188092
-0.188705
-0.189319
-0.189931
-0.190544
-0.191156
-0.191768
-0.19238
-0.192991
-0.193601
-0.194212
-0.194821
-0.195431
-0.19604
-0.196648
-0.197256
-0.197864
-0.198471
-0.199077
-0.199683
-0.200289
-0.200894
-0.201498
-0.202102
-0.202706
-0.203308
-0.203911
-0.204512
-0.205113
-0.205714
-0.206313
-0.206913
-0.207511
-0.208109
-0.208706
-0.209303
-0.209899
-0.210494
-0.211088
-0.211682
-0.212275
-0.212868
-0.213459
-0.21405
-0.21464
-0.21523
-0.215818
-0.216406
-0.216993
-0.217579
-0.218165
-0.218749
-0.219333
-0.219916
-0.220498
-0.221079
-0.221659
-0.222238
-0.222817
-0.223394
-0.223971
-0.224547
-0.225121
-0.225695
-0.226268
-0.22684
-0.227411
-0.227981
-0.22855
-0.229117
-0.229684
-0.23025
-0.230815
-0.231379
-0.231941
-0.232503
-0.233064
-0.233623
-0.234181
-0.234739
-0.235295
-0.23585
-0.236403
-0.236956
-0.237508
-0.238058
-0.238607
-0.239155
-0.239702
-0.240247
-0.240792
-0.241335
-0.241877
-0.242417
-0.242957
-0.243495
-0.244031
-0.244567
-0.245101
-0.245634
-0.246165
-0.246696
-0.247224
-0.247752
-0.248278
-0.248803
-0.249326
-0.249848
-0.250368
-0.250888
-0.251405
-0.251921
-0.252436
-0.25295
-0.253461
-0.253972
-0.254481
-0.254988
-0.255494
-0.255998
-0.256501
-0.257003
-0.257502
-0.258001
-0.258497
-0.258992
-0.259486
-0.259978
-0.260468
-0.260957
-0.261444
-0.26193
-0.262413
-0.262896
-0.263376
-0.263855
-0.264332
-0.264808
-0.265281
-0.265754
-0.266224
-0.266693
-0.267159
-0.267625
-0.268088
-0.26855
-0.26901
-0.269468
-0.269924
-0.270379
-0.270832
-0.271283
-0.271732
-0.272179
-0.272624
-0.273068
-0.27351
-0.27395
-0.274388
-0.274824
-0.275258
-0.275691
-0.276121
-0.27655
-0.276976
-0.277401
-0.277824
-0.278245
-0.278663
-0.27908
-0.279495
-0.279908
-0.280319
-0.280728
-0.281135
-0.28154
-0.281943
-0.282344
-0.282743
-0.28314
-0.283535
-0.283928
-0.284319
-0.284707
-0.285094
-0.285479
-0.285861
-0.286241
-0.28662
-0.286996
-0.28737
-0.287742
-0.288112
-0.288479
-0.288845
-0.289208
-0.28957
-0.289929
-0.290286
-0.290641
-0.290993
-0.291344
-0.291692
-0.292038
-0.292382
-0.292724
-0.293063
-0.293401
-0.293736
-0.294069
-0.294399
-0.294728
-0.295054
-0.295378
-0.2957
-0.296019
-0.296336
-0.296651
-0.296964
-0.297274
-0.297582
-0.297888
-0.298192
-0.298493
-0.298792
-0.299089
-0.299383
-0.299676
-0.299965
-0.300253
-0.300538
-0.300821
-0.301102
-0.30138
-0.301656
-0.30193
-0.302201
-0.30247
-0.302737
-0.303001
-0.303263
-0.303523
-0.30378
-0.304035
-0.304288
-0.304538
-0.304786
-0.305031
-0.305274
-0.305515
-0.305754
-0.30599
-0.306224
-0.306455
-0.306684
-0.306911
-0.307135
-0.307357
-0.307576
-0.307793
-0.308008
-0.30822
-0.30843
-0.308638
-0.308843
-0.309046
-0.309246
-0.309445
-0.30964
-0.309833
-0.310024
-0.310213
-0.310399
-0.310583
-0.310764
-0.310943
-0.31112
-0.311294
-0.311466
-0.311635
-0.311802
-0.311967
-0.312129
-0.312289
-0.312446
-0.312601
-0.312754
-0.312904
-0.313052
-0.313198
-0.313341
-0.313481
-0.31362
-0.313756
-0.313889
-0.314021
-0.314149
-0.314276
-0.3144
-0.314522
-0.314641
-0.314758
-0.314873
-0.314985
-0.315095
-0.315202
-0.315307
-0.31541
-0.31551
-0.315608
-0.315704
-0.315797
-0.315888
-0.315977
-0.316063
-0.316147
-0.316228
-0.316308
-0.316384
-0.316459
-0.316531
-0.316601
-0.316668
-0.316734
-0.316797
-0.316857
-0.316915
-0.316971
-0.317025
-0.317076
-0.317125
-0.317171
-0.317216
-0.317258
-0.317298
-0.317335
-0.31737
-0.317403
-0.317433
-0.317462
-0.317488
-0.317511
-0.317533
-0.317552
-0.317569
-0.317584
-0.317596
-0.317606
-0.317614
-0.317619
-0.317623
-0.317624
-0.317623
-0.31762
-0.317614
-0.317606
-0.317596
-0.317584
-0.317569
-0.317553
-0.317534
-0.317513
-0.317489
-0.317464
-0.317436
-0.317406
-0.317374
-0.31734
-0.317304
-0.317265
-0.317224
-0.317182
-0.317136
-0.317089
-0.31704
-0.316988
-0.316935
-0.316879
-0.316821
-0.316761
-0.316699
-0.316635
-0.316568
-0.3165
-0.316429
-0.316357
-0.316282
-0.316205
-0.316126
-0.316045
-0.315962
-0.315877
-0.31579
-0.3157
-0.315609
-0.315516
-0.31542
-0.315323
-0.315223
-0.315122
-0.315018
-0.314913
-0.314805
-0.314695
-0.314584
-0.31447
-0.314355
-0.314237
-0.314117
-0.313996
-0.313872
-0.313747
-0.313619
-0.31349
-0.313359
-0.313225
-0.31309
-0.312953
-0.312814
-0.312673
-0.31253
-0.312385
-0.312238
-0.312089
-0.311938
-0.311786
-0.311631
-0.311475
-0.311317
-0.311157
-0.310995
-0.310831
-0.310665
-0.310498
-0.310328
-0.310157
-0.309984
-0.309809
-0.309632
-0.309454
-0.309273
-0.309091
-0.308907
-0.308721
-0.308533
-0.308344
-0.308152
-0.307959
-0.307764
-0.307568
-0.307369
-0.307169
-0.306967
-0.306763
-0.306558
-0.30635
-0.306141
-0.30593
-0.305718
-0.305504
-0.305288
-0.30507
-0.30485
-0.304629
-0.304406
-0.304182
-0.303955
-0.303727
-0.303497
-0.303266
-0.303033
-0.302798
-0.302561
-0.302323
-0.302083
-0.301841
-0.301598
-0.301353
-0.301106
-0.300858
-0.300608
-0.300357
-0.300103
-0.299848
-0.299592
-0.299333
-0.299074
-0.298812
-0.298549
-0.298284
-0.298018
-0.29775
-0.29748
-0.297209
-0.296936
-0.296661
-0.296385
-0.296107
-0.295828
-0.295547
-0.295264
-0.29498
-0.294695
-0.294407
-0.294118
-0.293828
-0.293536
-0.293242
-0.292947
-0.29265
-0.292351
-0.292051
-0.29175
-0.291447
-0.291142
-0.290836
-0.290528
-0.290219
-0.289908
-0.289595
-0.289281
-0.288966
-0.288649
-0.28833
-0.28801
-0.287688
-0.287365
-0.28704
-0.286714
-0.286386
-0.286057
-0.285726
-0.285394
-0.28506
-0.284725
-0.284388
-0.28405
-0.28371
-0.283369
-0.283026
-0.282682
-0.282337
-0.28199
-0.281641
-0.281291
-0.280939
-0.280587
-0.280232
-0.279876
-0.279519
-0.27916
-0.2788
-0.278439
-0.278076
-0.277712
-0.277346
-0.276979
-0.27661
-0.27624
-0.275869
-0.275496
-0.275122
-0.274747
-0.27437
-0.273992
-0.273613
-0.273232
-0.27285
-0.272466
-0.272082
-0.271696
-0.271308
-0.27092
-0.27053
-0.270139
-0.269746
-0.269353
-0.268958
-0.268561
-0.268164
-0.267765
-0.267366
-0.266965
-0.266562
-0.266159
-0.265754
-0.265348
-0.264942
-0.264533
-0.264124
-0.263714
-0.263302
-0.26289
-0.262476
-0.262061
-0.261646
-0.261229
-0.260811
-0.260392
-0.259972
-0.259551
-0.259129
-0.258706
-0.258282
-0.257857
-0.257431
-0.257004
-0.256576
-0.256147
-0.255717
-0.255287
-0.254855
-0.254423
-0.25399
-0.253556
-0.253121
-0.252685
-0.252248
-0.251811
-0.251373
-0.250934
-0.250494
-0.250054
-0.249613
-0.249171
-0.248729
-0.248285
-0.247841
-0.247397
-0.246952
-0.246506
-0.246059
-0.245612
-0.245165
-0.244716
-0.244268
-0.243818
-0.243368
-0.242918
-0.242467
-0.242016
-0.241564
-0.241111
-0.240659
-0.240205
-0.239752
-0.239298
-0.238843
-0.238389
-0.237933
-0.237478
-0.237022
-0.236566
-0.23611
-0.235653
-0.235196
-0.234739
-0.234281
-0.233823
-0.233365
-0.232907
-0.232449
-0.23199
-0.231532
-0.231073
-0.230614
-0.230155
-0.229696
-0.229237
-0.228777
-0.228318
-0.227859
-0.227399
-0.22694
-0.22648
-0.226021
-0.225562
-0.225102
-0.224643
-0.224184
-0.223725
-0.223266
-0.222807
-0.222348
-0.221889
-0.221431
-0.220973
-0.220514
-0.220057
-0.219599
-0.219141
-0.218684
-0.218227
-0.217771
-0.217314
-0.216858
-0.216402
-0.215947
-0.215491
-0.215037
-0.214582
-0.214128
-0.213674
-0.213221
-0.212768
-0.212316
-0.211863
-0.211412
-0.210961
-0.21051
-0.21006
-0.20961
-0.209161
-0.208712
-0.208264
-0.207817
-0.20737
-0.206923
-0.206477
-0.206032
-0.205588
-0.205144
-0.2047
-0.204257
-0.203815
-0.203374
-0.202933
-0.202493
-0.202054
-0.201615
-0.201609
-0.201609
-0.201216
-0.200764
-0.20032
-0.199881
-0.199444
-0.199008
-0.198574
-0.198141
-0.197709
-0.197278
-0.196847
-0.196418
-0.195989
-0.195562
-0.195135
-0.194709
-0.194284
-0.19386
-0.193437
-0.193014
-0.192593
-0.192173
-0.191754
-0.191335
-0.190918
-0.190502
-0.190087
-0.189672
-0.189259
-0.188847
-0.188436
-0.188026
-0.187617
-0.18721
-0.186803
-0.186398
-0.185993
-0.18559
-0.185188
-0.184787
-0.184387
-0.183988
-0.183591
-0.183195
-0.1828
-0.182406
-0.182013
-0.181622
-0.181232
-0.180843
-0.180456
-0.180069
-0.179684
-0.179301
-0.178918
-0.178537
-0.178158
-0.177779
-0.177402
-0.177026
-0.176652
-0.176279
-0.175907
-0.175537
-0.175168
-0.174801
-0.174435
-0.17407
-0.173707
-0.173345
-0.172985
-0.172626
-0.172269
-0.171913
-0.171558
-0.171205
-0.170854
-0.170504
-0.170155
-0.169809
-0.169463
-0.169119
-0.168777
-0.168436
-0.168097
-0.16776
-0.167424
-0.167089
-0.166756
-0.166425
-0.166095
-0.165767
-0.165441
-0.165116
-0.164793
-0.164472
-0.164152
-0.163834
-0.163517
-0.163202
-0.162889
-0.162578
-0.162268
-0.16196
-0.161653
-0.161349
-0.161046
-0.160745
-0.160445
-0.160148
-0.159852
-0.159557
-0.159265
-0.158974
-0.158685
-0.158398
-0.158113
-0.157829
-0.157548
-0.157268
-0.15699
-0.156713
-0.156439
-0.156166
-0.155895
-0.155626
-0.155359
-0.155094
-0.154831
-0.154569
-0.154309
-0.154051
-0.153795
-0.153541
-0.153289
-0.153039
-0.15279
-0.152544
-0.152299
-0.152056
-0.151816
-0.151577
-0.15134
-0.151105
-0.150872
-0.150641
-0.150411
-0.150184
-0.149959
-0.149735
-0.149514
-0.149294
-0.149077
-0.148861
-0.148648
-0.148436
-0.148226
-0.148019
-0.147813
-0.147609
-0.147408
-0.147208
-0.14701
-0.146815
-0.146621
-0.146429
-0.146239
-0.146052
-0.145866
-0.145682
-0.145501
-0.145321
-0.145144
-0.144968
-0.144795
-0.144623
-0.144454
-0.144286
-0.144121
-0.143957
-0.143796
-0.143637
-0.14348
-0.143324
-0.143171
-0.14302
-0.142871
-0.142724
-0.142579
-0.142437
-0.142296
-0.142157
-0.14202
-0.141886
-0.141753
-0.141623
-0.141494
-0.141368
-0.141244
-0.141122
-0.141002
-0.140884
-0.140768
-0.140654
-0.140542
-0.140432
-0.140324
-0.140219
-0.140115
-0.140014
-0.139915
-0.139817
-0.139722
-0.139629
-0.139538
-0.139449
-0.139362
-0.139277
-0.139195
-0.139114
-0.139035
-0.138959
-0.138885
-0.138812
-0.138742
-0.138674
-0.138608
-0.138544
-0.138482
-0.138422
-0.138364
-0.138308
-0.138255
-0.138203
-0.138154
-0.138106
-0.138061
-0.138018
-0.137977
-0.137937
-0.1379
-0.137865
-0.137832
-0.137801
-0.137773
-0.137746
-0.137721
-0.137698
-0.137678
-0.137659
-0.137643
-0.137628
-0.137616
-0.137605
-0.137597
-0.137591
-0.137586
-0.137584
-0.137584
-0.137586
-0.137589
-0.137595
-0.137603
-0.137613
-0.137625
-0.137639
-0.137655
-0.137673
-0.137693
-0.137714
-0.137738
-0.137764
-0.137792
-0.137822
-0.137854
-0.137888
-0.137923
-0.137961
-0.138001
-0.138042
-0.138086
-0.138132
-0.138179
-0.138229
-0.13828
-0.138333
-0.138389
-0.138446
-0.138505
-0.138566
-0.138629
-0.138694
-0.138761
-0.138829
-0.1389
-0.138972
-0.139047
-0.139123
-0.139201
-0.139281
-0.139363
-0.139446
-0.139532
-0.139619
-0.139708
-0.139799
-0.139892
-0.139987
-0.140083
-0.140181
-0.140281
-0.140383
-0.140487
-0.140592
-0.140699
-0.140808
-0.140919
-0.141032
-0.141146
-0.141262
-0.141379
-0.141499
-0.14162
-0.141743
-0.141867
-0.141993
-0.142121
-0.142251
-0.142382
-0.142515
-0.14265
-0.142786
-0.142924
-0.143064
-0.143205
-0.143347
-0.143492
-0.143638
-0.143785
-0.143935
-0.144085
-0.144238
-0.144392
-0.144547
-0.144704
-0.144862
-0.145023
-0.145184
-0.145347
-0.145512
-0.145678
-0.145845
-0.146014
-0.146185
-0.146357
-0.14653
-0.146705
-0.146881
-0.147059
-0.147238
-0.147419
-0.147601
-0.147784
-0.147968
-0.148154
-0.148342
-0.148531
-0.148721
-0.148912
-0.149105
-0.149299
-0.149494
-0.149691
-0.149889
-0.150088
-0.150288
-0.15049
-0.150693
-0.150897
-0.151102
-0.151309
-0.151517
-0.151726
-0.151936
-0.152147
-0.15236
-0.152573
-0.152788
-0.153004
-0.153221
-0.153439
-0.153658
-0.153879
-0.1541
-0.154323
-0.154546
-0.154771
-0.154997
-0.155223
-0.155451
-0.15568
-0.15591
-0.156141
-0.156372
-0.156605
-0.156839
-0.157074
-0.157309
-0.157546
-0.157783
-0.158022
-0.158261
-0.158501
-0.158742
-0.158984
-0.159227
-0.159471
-0.159716
-0.159961
-0.160207
-0.160455
-0.160702
-0.160951
-0.161201
-0.161451
-0.161702
-0.161954
-0.162207
-0.16246
-0.162714
-0.162969
-0.163225
-0.163481
-0.163738
-0.163995
-0.164254
-0.164513
-0.164773
-0.165033
-0.165294
-0.165556
-0.165818
-0.166081
-0.166344
-0.166609
-0.166873
-0.167139
-0.167405
-0.167671
-0.167938
-0.168206
-0.168474
-0.168742
-0.169012
-0.169281
-0.169552
-0.169822
-0.170094
-0.170365
-0.170638
-0.17091
-0.171183
-0.171457
-0.171731
-0.172005
-0.17228
-0.172555
-0.172831
-0.173107
-0.173384
-0.17366
-0.173938
-0.174215
-0.174493
-0.174772
-0.17505
-0.175329
-0.175608
-0.175888
-0.176168
-0.176448
-0.176729
-0.17701
-0.177291
-0.177572
-0.177854
-0.178135
-0.178417
-0.1787
-0.178982
-0.179265
-0.179548
-0.179831
-0.180114
-0.180398
-0.180682
-0.180966
-0.18125
-0.181534
-0.181818
-0.182103
-0.182387
-0.182672
-0.182957
-0.183241
-0.183526
-0.183812
-0.184097
-0.184382
-0.184667
-0.184952
-0.185238
-0.185523
-0.185808
-0.186094
-0.186379
-0.186665
-0.18695
-0.187235
-0.187521
-0.187806
-0.188091
-0.188376
-0.188662
-0.188947
-0.189232
-0.189516
-0.189801
-0.190086
-0.19037
-0.190655
-0.190939
-0.191223
-0.191507
-0.191791
-0.192074
-0.192358
-0.192641
-0.192924
-0.193207
-0.19349
-0.193772
-0.194054
-0.194336
-0.194617
-0.194899
-0.19518
-0.195461
-0.195741
-0.196021
-0.196301
-0.196581
-0.19686
-0.197139
-0.197417
-0.197695
-0.197973
-0.19825
-0.198527
-0.198804
-0.19908
-0.199356
-0.199631
-0.199906
-0.20018
-0.200454
-0.200727
-0.201
-0.201273
-0.201545
-0.201816
-0.202087
-0.202357
-0.202627
-0.202897
-0.203165
-0.203433
-0.203701
-0.203968
-0.204234
-0.2045
-0.204765
-0.20503
-0.205294
-0.205557
-0.205819
-0.206081
-0.206343
-0.206603
-0.206863
-0.207122
-0.207381
-0.207638
-0.207895
-0.208151
-0.208407
-0.208662
-0.208915
-0.209169
-0.209421
-0.209673
-0.209923
-0.210173
-0.210422
-0.210671
-0.210918
-0.211165
-0.21141
-0.211655
-0.211899
-0.212143
-0.212385
-0.212626
-0.212867
-0.213106
-0.213106
-0.213345
-0.213582
-0.213819
-0.214055
-0.21429
-0.214524
-0.214757
-0.214989
-0.21522
-0.21545
-0.215679
-0.215907
-0.216134
-0.21636
-0.216585
-0.216809
-0.217032
-0.217254
-0.217475
-0.217695
-0.217914
-0.218132
-0.218349
-0.218564
-0.218779
-0.218993
-0.219205
-0.219417
-0.219627
-0.219837
-0.220045
-0.220252
-0.220458
-0.220663
-0.220867
-0.22107
-0.221272
-0.221472
-0.221672
-0.22187
-0.222067
-0.222263
-0.222458
-0.222652
-0.222845
-0.223037
-0.223227
-0.223417
-0.223605
-0.223792
-0.223978
-0.224163
-0.224347
-0.22453
-0.224711
-0.224891
-0.22507
-0.225248
-0.225425
-0.225601
-0.225776
-0.225949
-0.226121
-0.226292
-0.226462
-0.226631
-0.226798
-0.226965
-0.22713
-0.227294
-0.227457
-0.227618
-0.227779
-0.227938
-0.228096
-0.228253
-0.228409
-0.228563
-0.228716
-0.228868
-0.229019
-0.229169
-0.229317
-0.229464
-0.22961
-0.229754
-0.229897
-0.230039
-0.23018
-0.23032
-0.230458
-0.230594
-0.23073
-0.230864
-0.230997
-0.231129
-0.231259
-0.231388
-0.231515
-0.231641
-0.231766
-0.23189
-0.232012
-0.232132
-0.232251
-0.232369
-0.232485
-0.2326
-0.232714
-0.232826
-0.232936
-0.233045
-0.233152
-0.233258
-0.233363
-0.233465
-0.233567
-0.233666
-0.233765
-0.233861
-0.233956
-0.234049
-0.234141
-0.234231
-0.234319
-0.234406
-0.234491
-0.234574
-0.234655
-0.234735
-0.234813
-0.234889
-0.234964
-0.235036
-0.235107
-0.235176
-0.235244
-0.235309
-0.235372
-0.235434
-0.235494
-0.235552
-0.235607
-0.235661
-0.235713
-0.235763
-0.235811
-0.235858
-0.235902
-0.235944
-0.235984
-0.236022
-0.236058
-0.236092
-0.236124
-0.236153
-0.236181
-0.236206
-0.23623
-0.236251
-0.23627
-0.236287
-0.236302
-0.236315
-0.236325
-0.236334
-0.23634
-0.236344
-0.236345
-0.236345
-0.236342
-0.236337
-0.236329
-0.23632
-0.236308
-0.236294
-0.236278
-0.236259
-0.236238
-0.236215
-0.236189
-0.236162
-0.236131
-0.236099
-0.236064
-0.236027
-0.235987
-0.235945
-0.235901
-0.235854
-0.235805
-0.235754
-0.2357
-0.235644
-0.235585
-0.235524
-0.235461
-0.235395
-0.235327
-0.235256
-0.235184
-0.235108
-0.23503
-0.23495
-0.234868
-0.234783
-0.234695
-0.234605
-0.234513
-0.234419
-0.234321
-0.234222
-0.23412
-0.234016
-0.233909
-0.2338
-0.233688
-0.233574
-0.233457
-0.233339
-0.233217
-0.233093
-0.232967
-0.232839
-0.232708
-0.232574
-0.232438
-0.2323
-0.232159
-0.232016
-0.23187
-0.231722
-0.231572
-0.231419
-0.231264
-0.231106
-0.230946
-0.230783
-0.230619
-0.230451
-0.230282
-0.230109
-0.229935
-0.229758
-0.229579
-0.229397
-0.229213
-0.229026
-0.228837
-0.228646
-0.228453
-0.228257
-0.228058
-0.227857
-0.227654
-0.227449
-0.227241
-0.227031
-0.226818
-0.226603
-0.226386
-0.226166
-0.225944
-0.22572
-0.225493
-0.225264
-0.225033
-0.224799
-0.224563
-0.224325
-0.224084
-0.223841
-0.223596
-0.223348
-0.223098
-0.222846
-0.222592
-0.222335
-0.222076
-0.221815
-0.221551
-0.221285
-0.221017
-0.220747
-0.220474
-0.220199
-0.219922
-0.219642
-0.219361
-0.219077
-0.21879
-0.218502
-0.218211
-0.217919
-0.217623
-0.217326
-0.217027
-0.216725
-0.216421
-0.216115
-0.215807
-0.215496
-0.215184
-0.214869
-0.214552
-0.214232
-0.213911
-0.213588
-0.213262
-0.212934
-0.212604
-0.212272
-0.211938
-0.211602
-0.211263
-0.210922
-0.21058
-0.210235
-0.209888
-0.209539
-0.209188
-0.208835
-0.20848
-0.208122
-0.207763
-0.207401
-0.207038
-0.206672
-0.206305
-0.205935
-0.205563
-0.20519
-0.204814
-0.204436
-0.204056
-0.203674
-0.203291
-0.202905
-0.202517
-0.202127
-0.201736
-0.201342
-0.200946
-0.200549
-0.200149
-0.199748
-0.199344
-0.198939
-0.198531
-0.198122
-0.197711
-0.197298
-0.196883
-0.196466
-0.196047
-0.195627
-0.195204
-0.19478
-0.194353
-0.193925
-0.193495
-0.193064
-0.19263
-0.192194
-0.191757
-0.191318
-0.190877
-0.190434
-0.18999
-0.189544
-0.189095
-0.188646
-0.188194
-0.187741
-0.187285
-0.186828
-0.18637
-0.185909
-0.185447
-0.184984
-0.184518
-0.184051
-0.183582
-0.183111
-0.182639
-0.182165
-0.181689
-0.181212
-0.180733
-0.180253
-0.17977
-0.179286
-0.178801
-0.178314
-0.177825
-0.177335
-0.176843
-0.17635
-0.175855
-0.175358
-0.17486
-0.17436
-0.173859
-0.173356
-0.172852
-0.172346
-0.171839
-0.17133
-0.170819
-0.170308
-0.169794
-0.16928
-0.168763
-0.168246
-0.167727
-0.167206
-0.166684
-0.166161
-0.165636
-0.16511
-0.164582
-0.164053
-0.163523
-0.162991
-0.162458
-0.161924
-0.161388
-0.160851
-0.160312
-0.159773
-0.159232
-0.158689
-0.158146
-0.157601
-0.157055
-0.156507
-0.155959
-0.155409
-0.154858
-0.154305
-0.153752
-0.153197
-0.152641
-0.152084
-0.151526
-0.150966
-0.150406
-0.149844
-0.149281
-0.148717
-0.148152
-0.147586
-0.147018
-0.14645
-0.14588
-0.14531
-0.144738
-0.144165
-0.143592
-0.143017
-0.142441
-0.141864
-0.141286
-0.140708
-0.140128
-0.139547
-0.138965
-0.138383
-0.137799
-0.137215
-0.136629
-0.136043
-0.135456
-0.134867
-0.134278
-0.133688
-0.133098
-0.132506
-0.131914
-0.13132
-0.130726
-0.130131
-0.129536
-0.128939
-0.128342
-0.127744
-0.127145
-0.126546
-0.125945
-0.125344
-0.124743
-0.12414
-0.123537
-0.122933
-0.122329
-0.121724
-0.121118
-0.120512
-0.119905
-0.119297
-0.118689
-0.11808
-0.11747
-0.11686
-0.11625
-0.115639
-0.115027
-0.114415
-0.113802
-0.113189
-0.112575
-0.111961
-0.111346
-0.110731
-0.110115
-0.109499
-0.108883
-0.108266
-0.107648
-0.107031
-0.106412
-0.105794
-0.105175
-0.104556
-0.103936
-0.103316
-0.102696
-0.102075
-0.101454
-0.100833
-0.100212
-0.09959
-0.098968
-0.0983457
-0.0977232
-0.0971005
-0.0964775
-0.0958544
-0.095231
-0.0946075
-0.0939838
-0.0933599
-0.0927359
-0.0921117
-0.0914874
-0.090863
-0.0902385
-0.0896139
-0.0889892
-0.0883644
-0.0877395
-0.0871146
-0.0864897
-0.0858647
-0.0852397
-0.0846146
-0.0839896
-0.0833646
-0.0827396
-0.0821146
-0.0814897
-0.0808649
-0.08024
-0.0796153
-0.0789907
-0.0783661
-0.0777416
-0.0771173
-0.0764931
-0.075869
-0.0752451
-0.0746213
-0.0739977
-0.0733743
-0.0727511
-0.072128
-0.0715052
-0.0708826
-0.0702602
-0.0696381
-0.0690162
-0.0683946
-0.0677732
-0.0671522
-0.0665314
-0.0659109
-0.0652908
-0.0646709
-0.0640514
-0.0634323
-0.0628134
-0.062195
-0.0615769
-0.0609592
-0.0603419
-0.059725
-0.0591085
-0.0584925
-0.0578768
-0.0572617
-0.0566469
-0.0560326
-0.0554188
-0.0548055
-0.0541927
-0.0535803
-0.0529685
-0.0523572
-0.0517464
-0.0511362
-0.0505265
-0.0499174
-0.0493088
-0.0487008
-0.0480934
-0.0474866
-0.0468804
-0.0462748
-0.0456698
-0.0450655
-0.0444618
-0.0438587
-0.0432563
-0.0426546
-0.0420535
-0.0414532
-0.0408535
-0.0402545
-0.0396563
-0.0390587
-0.0384619
-0.0378659
-0.0372706
-0.036676
-0.0360822
-0.0354892
-0.034897
-0.0343055
-0.0337129
-0.0331222
-0.0325329
-0.0319447
-0.0313574
-0.030771
-0.0301856
-0.0296009
-0.0290172
-0.0284343
-0.0278523
-0.0272712
-0.026691
-0.0261116
-0.0255332
-0.0249557
-0.0243792
-0.0238035
-0.0232288
-0.0226551
-0.0220823
-0.0215105
-0.0209397
-0.0203698
-0.019801
-0.0192331
-0.0186663
-0.0181004
-0.0175356
-0.0169719
-0.0164091
-0.0158474
-0.0152868
-0.0147272
-0.0141687
-0.0136113
-0.013055
-0.0124997
-0.0119456
-0.0113926
-0.0108407
-0.0102899
-0.00974025
-0.00919174
-0.00864438
-0.00809818
-0.00755315
-0.00700928
-0.00646659
-0.00592509
-0.00538479
-0.00484569
-0.00430779
-0.00377112
-0.00323566
-0.00270144
-0.00216846
-0.00163673
-0.00110625
-0.000577035
-4.90875e-05
0.000477583
0.00100297
0.00152706
0.00204986
0.00257135
0.00309152
0.00361038
0.0041279
0.00464409
0.00515894
0.00567244
0.00618457
0.00669535
0.00720475
0.00771277
0.0082194
0.00872464
0.00922848
0.0097309
0.0102319
0.0107315
0.0112297
0.0117264
0.0122217
0.0127155
0.0132078
0.0136987
0.0141882
0.0146761
0.0151626
0.0156475
0.016131
0.0166129
0.0170933
0.0175723
0.0180496
0.0185255
0.0189998
0.0194725
0.0199437
0.0204133
0.0208813
0.0213478
0.0218127
0.0222759
0.0227376
0.0231977
0.0236561
0.024113
0.0245682
0.0250217
0.0254737
0.0259239
0.0263726
0.0268195
0.0272648
0.0277084
0.0281503
0.0285906
0.0290291
0.0294659
0.029901
0.0303344
0.0307661
0.0311961
0.0316243
0.0320507
0.0324755
0.0328984
0.0333196
0.033739
0.0341567
0.0345726
0.0349866
0.0353989
0.0358094
0.0362181
0.0366249
0.03703
0.0374332
0.0378346
0.0382341
0.0386318
0.0390276
0.0394216
0.0398138
0.040204
0.0405924
0.0409789
0.0413635
0.0417462
0.042127
0.0425059
0.0428829
0.043258
0.0436312
0.0440024
0.0443717
0.0447391
0.0451045
0.045468
0.0458295
0.046189
0.0465466
0.0469022
0.0472559
0.0476076
0.0479572
0.0483049
0.0486506
0.0489943
0.049336
0.0496757
0.0500133
0.050349
0.0506826
0.0510142
0.0513437
0.0516712
0.0519967
0.0523201
0.0526415
0.0529608
0.053278
0.0535932
0.0539063
0.0542174
0.0545264
0.0548332
0.055138
0.0554408
0.0557414
0.0560399
0.0563363
0.0566306
0.0569228
0.0572129
0.0575009
0.0577868
0.0580705
0.0583522
0.0586317
0.058909
0.0591843
0.0594573
0.0597283
0.0599971
0.0602638
0.0605283
0.0607907
0.0610509
0.0613089
0.0615648
0.0618185
0.0620701
0.0623195
0.0625668
0.0628118
0.0630547
0.0632954
0.063534
0.0637703
0.0640045
0.0642365
0.0644663
0.064694
0.0649194
0.0651426
0.0653637
0.0655826
0.0657992
0.0660137
0.066226
0.0664361
0.066644
0.0668497
0.0670532
0.0672545
0.0674536
0.0676504
0.0678451
0.0680376
0.0682279
0.068416
0.0686018
0.0687855
0.0689669
0.0691462
0.0693232
0.0694981
0.0696707
0.0698411
0.0700093
0.0701753
0.0703391
0.0705007
0.0706601
0.0708173
0.0709723
0.0711251
0.0712757
0.071424
0.0715702
0.0717142
0.0718559
0.0719955
0.0721329
0.0722681
0.072401
0.0725318
0.0726604
0.0727868
0.072911
0.073033
0.0731529
0.0732705
0.073386
0.0734992
0.0736103
0.0737192
0.073826
0.0739305
0.0740329
0.0741331
0.0742311
0.074327
0.0744207
0.0745122
0.0746016
0.0746888
0.0747739
0.0748568
0.0749375
0.0750161
0.0750926
0.0751669
0.0752391
0.0753091
0.075377
0.0754428
0.0755064
0.0755679
0.0756273
0.0756845
0.0757397
0.0757927
0.0758436
0.0758924
0.0759391
0.0759837
0.0760262
0.0760666
0.0761049
0.0761411
0.0761753
0.0762073
0.0762373
0.0762652
0.0762911
0.0763148
0.0763365
0.0763562
0.0763738
0.0763894
0.0764029
0.0764144
0.0764238
0.0764312
0.0764366
0.07644
0.0764413
0.0764407
0.076438
0.0764333
0.0764266
0.076418
0.0764073
0.0763947
0.0763801
0.0763635
0.0763449
0.0763244
0.0763019
0.0762775
0.0762512
0.0762228
0.0761926
0.0761604
0.0761263
0.0760903
0.0760524
0.0760126
0.0759709
0.0759273
0.0758818
0.0758344
0.0757851
0.075734
0.075681
0.0756262
0.0755695
0.075511
0.0754507
0.0753885
0.0753245
0.0752587
0.0751911
0.0751217
0.0750505
0.0749775
0.0749028
0.0748263
0.074748
0.074668
0.0745863
0.0745028
0.0744176
0.0743307
0.074242
0.0741517
0.0740597
0.073966
0.0738706
0.0737736
0.0736749
0.0735745
0.0734726
0.073369
0.0732638
0.073157
0.0730485
0.0729386
0.072827
0.0727138
0.0725991
0.0724829
0.0723651
0.0722458
0.072125
0.0720027
0.0718788
0.0717535
0.0716268
0.0714985
0.0713689
0.0712377
0.0711052
0.0709713
0.0708359
0.0706991
0.070561
0.0704215
0.0702807
0.0701385
0.0699949
0.0698501
0.0697039
0.0695565
0.0694077
0.0692577
0.0691065
0.068954
0.0688002
0.0686453
0.0684891
0.0683318
0.0681732
0.0680135
0.0678527
0.0676907
0.0675275
0.0673633
0.0671979
0.0670315
0.066864
0.0666954
0.0665258
0.0663552
0.0661835
0.0660108
0.0658371
0.0656625
0.0654869
0.0653103
0.0651328
0.0649543
0.064775
0.0645947
