1.30952
1.31785
1.22599
1.13979
1.0589
1.0589
0.982999
0.911789
0.84498
0.782304
0.723506
0.66835
0.616613
0.568083
0.522566
0.479874
0.439837
0.402289
0.367078
0.334062
0.303104
0.274079
0.246868
0.22136
0.197449
0.175038
0.154036
0.134354
0.115913
0.0986367
0.0824532
0.0672958
0.0531017
0.0398119
0.0273711
0.0157276
0.00483268
-0.00535936
-0.0148913
-0.0238032
-0.0321329
-0.0399156
-0.0471845
-0.0539705
-0.060303
-0.0662091
-0.0717146
-0.0768434
-0.0816181
-0.0861512
-0.090368
-0.0942871
-0.0979262
-0.101302
-0.104429
-0.107323
-0.109996
-0.112463
-0.114734
-0.11682
-0.118733
-0.120482
-0.122076
-0.123524
-0.124835
-0.126014
-0.12707
-0.12801
-0.128839
-0.129563
-0.130188
-0.130719
-0.13116
-0.131517
-0.131793
-0.131992
-0.132119
-0.132176
-0.132166
-0.132093
-0.13196
-0.13177
-0.131524
-0.131225
-0.130876
-0.130478
-0.130033
-0.129544
-0.129012
-0.128439
-0.127825
-0.127174
-0.126485
-0.125761
-0.125002
-0.12421
-0.123385
-0.12253
-0.121644
-0.120729
-0.119786
-0.118816
-0.117819
-0.116796
-0.115749
-0.114677
-0.113582
-0.112464
-0.111324
-0.110162
-0.10898
-0.107778
-0.106556
-0.105316
-0.104057
-0.102781
-0.101488
-0.100179
-0.0988539
-0.0975137
-0.0961591
-0.0947905
-0.0934086
-0.0920141
-0.0906074
-0.0891893
-0.0877603
-0.086321
-0.0848721
-0.0834142
-0.081948
-0.0804739
-0.0789928
-0.0775052
-0.0760118
-0.0745132
-0.0730101
-0.0715032
-0.069993
-0.0684804
-0.0669659
-0.0654502
-0.0639341
-0.0624181
-0.0609031
-0.0593896
-0.0578783
-0.05637
-0.0548654
-0.0533651
-0.0518699
-0.0503804
-0.0488974
-0.0474214
-0.0459533
-0.0444937
-0.0430433
-0.0416027
-0.0401727
-0.038754
-0.0373471
-0.0359528
-0.0345718
-0.0332046
-0.0318519
-0.0305143
-0.0291926
-0.0278872
-0.0265989
-0.0253281
-0.0240755
-0.0228417
-0.0216271
-0.0204325
-0.0192582
-0.0181049
-0.016973
-0.015863
-0.0147755
-0.0137108
-0.0126694
-0.0116518
-0.0106583
-0.00968941
-0.00874544
-0.00782677
-0.00693376
-0.00606671
-0.00522595
-0.00441177
-0.00362442
-0.00286418
-0.00213127
-0.0014259
-0.000748266
-9.85524e-05
0.000523089
0.00111652
0.00168162
0.0022183
0.00272646
0.00320606
0.00365705
0.00407941
0.00447313
0.00483822
0.00517472
0.00548268
0.00576216
0.00601326
0.00623606
0.0064307
0.0065973
0.00673601
0.00684702
0.00693049
0.00698662
0.00701563
0.00701774
0.0069932
0.00694225
0.00686517
0.00676222
0.00663371
0.00647993
0.0063012
0.00609783
0.00587017
0.00561856
0.00534334
0.00504488
0.00472355
0.00437971
0.00401376
0.00362609
0.00321708
0.00278714
0.00233668
0.0018661
0.00137581
0.000866249
0.00033782
-0.000209049
-0.000773932
-0.0013564
-0.00195603
-0.00257239
-0.00320505
-0.00385358
-0.00451754
-0.00519652
-0.00589008
-0.0065978
-0.00731926
-0.00805402
-0.00880168
-0.00956181
-0.010334
-0.0111178
-0.0119129
-0.0127189
-0.0135352
-0.0143617
-0.0151978
-0.0160431
-0.0168974
-0.0177602
-0.0186311
-0.0195098
-0.020396
-0.0212893
-0.0221893
-0.0230957
-0.0240082
-0.0249264
-0.0258501
-0.0267788
-0.0277124
-0.0286505
-0.0295928
-0.030539
-0.0314889
-0.0324422
-0.0333986
-0.0343578
-0.0353197
-0.0362839
-0.0372502
-0.0382184
-0.0391883
-0.0401597
-0.0411323
-0.0421059
-0.0430804
-0.0440555
-0.045031
-0.0460069
-0.0469828
-0.0479588
-0.0489344
-0.0499097
-0.0508845
-0.0518587
-0.052832
-0.0538044
-0.0547757
-0.0557458
-0.0567147
-0.0576821
-0.058648
-0.0596123
-0.0605748
-0.0615356
-0.0624944
-0.0634513
-0.0644061
-0.0653588
-0.0663092
-0.0672574
-0.0682032
-0.0691466
-0.0700876
-0.071026
-0.0719618
-0.072895
-0.0738256
-0.0747534
-0.0756785
-0.0766008
-0.0775203
-0.0784369
-0.0793506
-0.0802614
-0.0811692
-0.0820741
-0.082976
-0.0838748
-0.0847706
-0.0856633
-0.086553
-0.0874395
-0.0883229
-0.0892032
-0.0900803
-0.0909543
-0.0918251
-0.0926927
-0.0935571
-0.0944183
-0.0952762
-0.096131
-0.0969824
-0.0978307
-0.0986756
-0.0995173
-0.100356
-0.101191
-0.102022
-0.102851
-0.103676
-0.104498
-0.105316
-0.106131
-0.106943
-0.107751
-0.108556
-0.109357
-0.110155
-0.11095
-0.111741
-0.112528
-0.113312
-0.114093
-0.114869
-0.115643
-0.116412
-0.117178
-0.117941
-0.118699
-0.119454
-0.120206
-0.120953
-0.121697
-0.122437
-0.123173
-0.123905
-0.124633
-0.125358
-0.126078
-0.126794
-0.127506
-0.128215
-0.128919
-0.129618
-0.130314
-0.131005
-0.131692
-0.132375
-0.133053
-0.133727
-0.134396
-0.135061
-0.135721
-0.136376
-0.137027
-0.137673
-0.138314
-0.13895
-0.139582
-0.140208
-0.14083
-0.141446
-0.142057
-0.142663
-0.143263
-0.143859
-0.144449
-0.145033
-0.145612
-0.146186
-0.146753
-0.147315
-0.147872
-0.148422
-0.148966
-0.149505
-0.150038
-0.150564
-0.151084
-0.151598
-0.152106
-0.152607
-0.153102
-0.15359
-0.154072
-0.154547
-0.155016
-0.155478
-0.155932
-0.15638
-0.156821
-0.157255
-0.157682
-0.158101
-0.158514
-0.158919
-0.159316
-0.159706
-0.160089
-0.160464
-0.160831
-0.161191
-0.161543
-0.161887
-0.162223
-0.162551
-0.162871
-0.163183
-0.163487
-0.163783
-0.16407
-0.164349
-0.16462
-0.164882
-0.165136
-0.165381
-0.165617
-0.165845
-0.166064
-0.166274
-0.166476
-0.166668
-0.166852
-0.167027
-0.167192
-0.167349
-0.167497
-0.167635
-0.167764
-0.167884
-0.167995
-0.168096
-0.168188
-0.16827
-0.168344
-0.168407
-0.168462
-0.168506
-0.168541
-0.168567
-0.168583
-0.168589
-0.168586
-0.168573
-0.168551
-0.168518
-0.168476
-0.168425
-0.168363
-0.168292
-0.168211
-0.16812
-0.168019
-0.167909
-0.167789
-0.167659
-0.167519
-0.167369
-0.16721
-0.16704
-0.166861
-0.166673
-0.166474
-0.166266
-0.166047
-0.16582
-0.165582
-0.165335
-0.165078
-0.164811
-0.164535
-0.164249
-0.163953
-0.163648
-0.163333
-0.163009
-0.162675
-0.162332
-0.16198
-0.161618
-0.161246
-0.160866
-0.160476
-0.160077
-0.159668
-0.159251
-0.158824
-0.158389
-0.157944
-0.157491
-0.157029
-0.156557
-0.156078
-0.155589
-0.155092
-0.154586
-0.154071
-0.153549
-0.153017
-0.152478
-0.15193
-0.151374
-0.15081
-0.150238
-0.149658
-0.149069
-0.148474
-0.14787
-0.147259
-0.14664
-0.146014
-0.14538
-0.144739
-0.144091
-0.143435
-0.142773
-0.142103
-0.141427
-0.140744
-0.140054
-0.139357
-0.138654
-0.137945
-0.137229
-0.136507
-0.135779
-0.135045
-0.134305
-0.133559
-0.132808
-0.132051
-0.131288
-0.13052
-0.129747
-0.128968
-0.128185
-0.127396
-0.126603
-0.125805
-0.125002
-0.124195
-0.123384
-0.122568
-0.121748
-0.120924
-0.120096
-0.119264
-0.118429
-0.11759
-0.116747
-0.115902
-0.115053
-0.114201
-0.113346
-0.112488
-0.111627
-0.110764
-0.109899
-0.109031
-0.108161
-0.107288
-0.106414
-0.105538
-0.104661
-0.103782
-0.102901
-0.102019
-0.101136
-0.100252
-0.0993665
-0.0984806
-0.097594
-0.096707
-0.0958195
-0.0949317
-0.0940438
-0.0931559
-0.0922681
-0.0913805
-0.0904934
-0.0896068
-0.0887208
-0.0878356
-0.0869513
-0.086068
-0.0851859
-0.0843052
-0.0834258
-0.082548
-0.0816719
-0.0807977
-0.0799254
-0.0790551
-0.0781871
-0.0773214
-0.0764582
-0.0755976
-0.0747397
-0.0738847
-0.0730326
-0.0721837
-0.0713379
-0.0704955
-0.0696566
-0.0688213
-0.0679897
-0.067162
-0.0663382
-0.0655185
-0.064703
-0.0638918
-0.0630851
-0.0622829
-0.0614854
-0.0607359
-0.0599862
-0.0592366
-0.0584876
-0.0577398
-0.0569935
-0.0562492
-0.0555072
-0.0547679
-0.0540318
-0.053299
-0.05257
-0.051845
-0.0511243
-0.0504082
-0.049697
-0.0489908
-0.04829
-0.0475948
-0.0469053
-0.0462219
-0.0455446
-0.0448736
-0.0442092
-0.0435514
-0.0429006
-0.0422567
-0.0416199
-0.0409905
-0.0403684
-0.0397538
-0.0391469
-0.0385478
-0.0379565
-0.0373731
-0.0367978
-0.0362305
-0.0356715
-0.0351208
-0.0345784
-0.0340444
-0.0335188
-0.0330018
-0.0324934
-0.0319936
-0.0315025
-0.0310201
-0.0305464
-0.0300815
-0.0296254
-0.0291781
-0.0287396
-0.0283101
-0.0278894
-0.0274776
-0.0270747
-0.0266807
-0.0262957
-0.0259195
-0.0255522
-0.0251938
-0.0248444
-0.0245038
-0.024172
-0.0238491
-0.023535
-0.0232297
-0.0229332
-0.0226455
-0.0223664
-0.0220961
-0.0218344
-0.0215813
-0.0213368
-0.0211008
-0.0208733
-0.0206543
-0.0204437
-0.0202414
-0.0200475
-0.0198618
-0.0196843
-0.0195149
-0.0193537
-0.0192004
-0.0190552
-0.0189178
-0.0187883
-0.0186666
-0.0185525
-0.0184462
-0.0183474
-0.0182561
-0.0181723
-0.0180958
-0.0180266
-0.0179646
-0.0179098
-0.017862
-0.0178213
-0.0177874
-0.0177604
-0.0177402
-0.0177266
-0.0177196
-0.0177191
-0.017725
-0.0177373
-0.0177559
-0.0177806
-0.0178115
-0.0178483
-0.0178911
-0.0179397
-0.0179941
-0.0180541
-0.0181198
-0.0181909
-0.0182675
-0.0183494
-0.0184366
-0.0185289
-0.0186263
-0.0187286
-0.0188359
-0.018948
-0.0190649
-0.0191864
-0.0193125
-0.0194431
-0.019578
-0.0197173
-0.0198609
-0.0200086
-0.0201604
-0.0203162
-0.0204759
-0.0206395
-0.0208069
-0.0209779
-0.0211525
-0.0213307
-0.0215124
-0.0216974
-0.0218858
-0.0220774
-0.0222722
-0.0224701
-0.022671
-0.022875
-0.0230818
-0.0232914
-0.0235038
-0.0237189
-0.0239367
-0.024157
-0.0243799
-0.0246052
-0.0248329
-0.025063
-0.0252954
-0.0255299
-0.0257667
-0.0260056
-0.0262466
-0.0264895
-0.0267345
-0.0269814
-0.0272301
-0.0274807
-0.027733
-0.0279871
-0.0282429
-0.0285004
-0.0287594
-0.0290201
-0.0292822
-0.0295459
-0.029811
-0.0300776
-0.0303455
-0.0306148
-0.0308854
-0.0311573
-0.0314305
-0.0317049
-0.0319806
-0.0322573
-0.0325353
-0.0328144
-0.0330945
-0.0333758
-0.0336581
-0.0339414
-0.0342258
-0.0345111
-0.0347974
-0.0350847
-0.0353729
-0.035662
-0.035952
-0.0362429
-0.0365347
-0.0368273
-0.0371207
-0.037415
-0.0377101
-0.038006
-0.0383027
-0.0386002
-0.0388984
-0.0391974
-0.0394971
-0.0397976
-0.0400988
-0.0404007
-0.0407033
-0.0410066
-0.0413107
-0.0416153
-0.0419207
-0.0422267
-0.0425334
-0.0428408
-0.0431488
-0.0434574
-0.0437666
-0.0440765
-0.044387
-0.044698
-0.0450097
-0.045322
-0.0456348
-0.0459482
-0.0462622
-0.0465767
-0.0468918
-0.0472074
-0.0475235
-0.0478402
-0.0481573
-0.048475
-0.0487931
-0.0491117
-0.0494307
-0.0497502
-0.0500701
-0.0503905
-0.0507112
-0.0510323
-0.0513538
-0.0516757
-0.0519978
-0.0523203
-0.0526431
-0.0529662
-0.0532895
-0.053613
-0.0539368
-0.0542608
-0.0545849
-0.0549091
-0.0552335
-0.055558
-0.0558825
-0.056207
-0.0565316
-0.0568561
-0.0571805
-0.0575049
-0.0578291
-0.0581531
-0.058477
-0.0588006
-0.0591239
-0.0594469
-0.0597695
-0.0600917
-0.0604134
-0.0607347
-0.0610554
-0.0613755
-0.061695
-0.0620137
-0.0623317
-0.062649
-0.0629653
-0.0632808
-0.0635952
-0.0639087
-0.064221
-0.0645322
-0.0648422
-0.0651508
-0.0654582
-0.0657641
-0.0660685
-0.0663713
-0.0666726
-0.0669721
-0.0672698
-0.0675657
-0.0678596
-0.0681515
-0.0684414
-0.068729
-0.0690143
-0.0692974
-0.0695779
-0.069856
-0.0701314
-0.0704041
-0.070674
-0.070941
-0.0712051
-0.071466
-0.0717238
-0.0719782
-0.0722293
-0.0724769
-0.0727209
-0.0729612
-0.0731978
-0.0734304
-0.073659
-0.0738835
-0.0741037
-0.0743197
-0.0745311
-0.0747381
-0.0749403
-0.0751378
-0.0753303
-0.0755179
-0.0757003
-0.0758775
-0.0760494
-0.0762157
-0.0763765
-0.0765316
-0.0766808
-0.0768241
-0.0769613
-0.0770924
-0.0772172
-0.0773356
-0.0774474
-0.0775527
-0.0776511
-0.0777427
-0.0778273
-0.0779049
-0.0779752
-0.0780381
-0.0780937
-0.0781417
-0.0781821
-0.0782146
-0.0782394
-0.0782561
-0.0782648
-0.0782653
-0.0782575
-0.0782414
-0.0782168
-0.0781836
-0.0781417
-0.0780912
-0.0780317
-0.0779634
-0.077886
-0.0777996
-0.077704
-0.0775992
-0.0774851
-0.0773616
-0.0772287
-0.0770862
-0.0769342
-0.0767727
-0.0766014
-0.0764204
-0.0762297
-0.0760292
-0.0758189
-0.0755987
-0.0753686
-0.0751286
-0.0748787
-0.0746189
-0.0743491
-0.0740694
-0.0737797
-0.07348
-0.0731704
-0.0728509
-0.0725215
-0.0721822
-0.0718331
-0.0714741
-0.0711054
-0.0707269
-0.0703387
-0.069941
-0.0695336
-0.0691168
-0.0686906
-0.068255
-0.0678101
-0.0673561
-0.066893
-0.0664209
-0.0659399
-0.0654502
-0.0649518
-0.0644449
-0.0639296
-0.0634061
-0.0628744
-0.0623347
-0.0617872
-0.061232
-0.0606693
-0.0600992
-0.0595219
-0.0589376
-0.0583465
-0.0577487
-0.0571445
-0.0565339
-0.0559173
-0.0552949
-0.0546667
-0.0540331
-0.0533943
-0.0527504
-0.0521018
-0.0514485
-0.050791
-0.0501293
-0.0494637
-0.0487945
-0.0481219
-0.0474462
-0.0467675
-0.0460862
-0.0454025
-0.0447167
-0.044029
-0.0433397
-0.042649
-0.0419572
-0.0412645
-0.0405713
-0.0398778
-0.0391843
-0.0384909
-0.0377981
-0.037106
-0.0364149
-0.0357251
-0.0350369
-0.0343506
-0.0336663
-0.0329843
-0.032305
-0.0316286
-0.0309553
-0.0302853
-0.0296191
-0.0289568
-0.0282986
-0.0276448
-0.0269957
-0.0263515
-0.0257124
-0.0250787
-0.0244507
-0.0238284
-0.0232123
-0.0226024
-0.0219991
-0.0214025
-0.0208129
-0.0202304
-0.0196553
-0.0190877
-0.0185279
-0.017976
-0.0174323
-0.0168968
-0.0163699
-0.0158516
-0.0153421
-0.0148415
-0.0143501
-0.013868
-0.0133952
-0.012932
-0.0124785
-0.0120348
-0.011601
-0.0111773
-0.0107636
-0.0103603
-0.00996721
-0.00958458
-0.00921246
-0.00885092
-0.00850004
-0.00815987
-0.00783048
-0.00751192
-0.00720424
-0.00690748
-0.00662167
-0.00634685
-0.00608303
-0.00583024
-0.00558848
-0.00535777
-0.0051381
-0.00492948
-0.00473188
-0.0045453
-0.00436971
-0.00420509
-0.00405141
-0.00390863
-0.00377672
-0.00365561
-0.00354527
-0.00344565
-0.00335667
-0.00327827
-0.00321039
-0.00315296
-0.00310589
-0.00306911
-0.00304252
-0.00302606
-0.00301961
-0.00302308
-0.00303638
-0.0030594
-0.00309204
-0.00313418
-0.00318572
-0.00324654
-0.00331653
-0.00339556
-0.00348351
-0.00358025
-0.00368567
-0.00379963
-0.003922
-0.00405264
-0.00419143
-0.00433823
-0.00449289
-0.00465529
-0.00482527
-0.00500271
-0.00518745
-0.00537936
-0.00557829
-0.0057841
-0.00599663
-0.00621575
-0.00644131
-0.00667316
-0.00691116
-0.00715515
-0.007405
-0.00766056
-0.00792168
-0.00818821
-0.00846001
-0.00873694
-0.00901885
-0.00930559
-0.00959702
-0.00989301
-0.0101934
-0.0104981
-0.0108069
-0.0111196
-0.0114363
-0.0117566
-0.0120805
-0.0124079
-0.0127386
-0.0130725
-0.0134094
-0.0137492
-0.0140919
-0.0144372
-0.014785
-0.0151353
-0.0154879
-0.0158427
-0.0161995
-0.0165583
-0.016919
-0.0172813
-0.0176453
-0.0180108
-0.0183777
-0.0187459
-0.0191153
-0.0194858
-0.0198572
-0.0202296
-0.0206028
-0.0209767
-0.0213511
-0.0217262
-0.0221016
-0.0224774
-0.0228535
-0.0232298
-0.0236062
-0.0239826
-0.0243589
-0.0247351
-0.0251111
-0.0254869
-0.0258623
-0.0262373
-0.0266118
-0.0269858
-0.0273592
-0.027732
-0.028104
-0.0284752
-0.0288456
-0.0288655
-0.0288655
-0.029181
-0.0295231
-0.0298673
-0.0302134
-0.030561
-0.03091
-0.0312602
-0.0316112
-0.031963
-0.0323152
-0.0326678
-0.0330205
-0.0333732
-0.0337257
-0.0340779
-0.0344296
-0.0347807
-0.0351311
-0.0354807
-0.0358293
-0.0361769
-0.0365233
-0.0368685
-0.0372124
-0.0375549
-0.037896
-0.0382355
-0.0385734
-0.0389096
-0.0392441
-0.0395769
-0.0399078
-0.0402369
-0.040564
-0.0408892
-0.0412124
-0.0415336
-0.0418527
-0.0421698
-0.0424847
-0.0427976
-0.0431082
-0.0434167
-0.043723
-0.0440271
-0.0443289
-0.0446285
-0.0449259
-0.045221
-0.0455138
-0.0458044
-0.0460927
-0.0463786
-0.0466623
-0.0469437
-0.0472227
-0.0474995
-0.047774
-0.0480461
-0.048316
-0.0485835
-0.0488487
-0.0491116
-0.0493723
-0.0496306
-0.0498866
-0.0501403
-0.0503918
-0.0506409
-0.0508878
-0.0511324
-0.0513747
-0.0516148
-0.0518526
-0.0520881
-0.0523214
-0.0525525
-0.0527813
-0.0530079
-0.0532322
-0.0534544
-0.0536743
-0.053892
-0.0541075
-0.0543208
-0.0545319
-0.0547408
-0.0549476
-0.0551521
-0.0553545
-0.0555548
-0.0557528
-0.0559488
-0.0561425
-0.0563341
-0.0565236
-0.0567109
-0.0568961
-0.0570792
-0.0572601
-0.0574389
-0.0576156
-0.0577902
-0.0579626
-0.058133
-0.0583012
-0.0584673
-0.0586313
-0.0587932
-0.058953
-0.0591107
-0.0592663
-0.0594198
-0.0595711
-0.0597204
-0.0598675
-0.0600126
-0.0601555
-0.0602964
-0.0604351
-0.0605717
-0.0607062
-0.0608385
-0.0609688
-0.0610969
-0.0612229
-0.0613468
-0.0614685
-0.0615881
-0.0617055
-0.0618208
-0.0619339
-0.0620449
-0.0621537
-0.0622604
-0.0623648
-0.0624671
-0.0625672
-0.0626651
-0.0627607
-0.0628542
-0.0629454
-0.0630344
-0.0631212
-0.0632057
-0.063288
-0.0633679
-0.0634457
-0.0635211
-0.0635942
-0.063665
-0.0637335
-0.0637997
-0.0638635
-0.063925
-0.0639841
-0.0640408
-0.0640951
-0.0641471
-0.0641966
-0.0642437
-0.0642883
-0.0643305
-0.0643702
-0.0644075
-0.0644422
-0.0644745
-0.0645042
-0.0645313
-0.0645559
-0.064578
-0.0645974
-0.0646143
-0.0646285
-0.0646401
-0.0646491
-0.0646554
-0.064659
-0.0646599
-0.0646581
-0.0646535
-0.0646462
-0.0646362
-0.0646233
-0.0646077
-0.0645893
-0.064568
-0.0645438
-0.0645168
-0.0644869
-0.0644541
-0.0644184
-0.0643798
-0.0643382
-0.0642936
-0.064246
-0.0641954
-0.0641418
-0.0640851
-0.0640254
-0.0639626
-0.0638967
-0.0638277
-0.0637556
-0.0636803
-0.0636019
-0.0635203
-0.0634355
-0.0633475
-0.0632562
-0.0631617
-0.063064
-0.0629629
-0.0628586
-0.062751
-0.0626401
-0.0625258
-0.0624082
-0.0622872
-0.0621628
-0.0620351
-0.0619039
-0.0617694
-0.0616314
-0.06149
-0.0613452
-0.0611969
-0.0610451
-0.0608898
-0.0607311
-0.0605689
-0.0604031
-0.0602339
-0.0600612
-0.0598849
-0.0597051
-0.0595218
-0.0593349
-0.0591445
-0.0589506
-0.0587531
-0.058552
-0.0583475
-0.0581393
-0.0579277
-0.0577124
-0.0574937
-0.0572714
-0.0570456
-0.0568162
-0.0565833
-0.0563469
-0.056107
-0.0558636
-0.0556166
-0.0553662
-0.0551124
-0.0548551
-0.0545943
-0.0543301
-0.0540625
-0.0537914
-0.053517
-0.0532392
-0.0529581
-0.0526737
-0.0523859
-0.0520949
-0.0518006
-0.0515031
-0.0512024
-0.0508985
-0.0505914
-0.0502812
-0.049968
-0.0496516
-0.0493323
-0.0490099
-0.0486846
-0.0483564
-0.0480253
-0.0476914
-0.0473546
-0.0470151
-0.0466729
-0.046328
-0.0459805
-0.0456305
-0.0452778
-0.0449227
-0.0445652
-0.0442053
-0.0438431
-0.0434786
-0.0431118
-0.042743
-0.042372
-0.041999
-0.041624
-0.0412471
-0.0408683
-0.0404877
-0.0401055
-0.0397215
-0.039336
-0.038949
-0.0385605
-0.0381706
-0.0377794
-0.037387
-0.0369934
-0.0365988
-0.0362031
-0.0358065
-0.0354091
-0.0350109
-0.0346121
-0.0342126
-0.0338126
-0.0334122
-0.0330114
-0.0326104
-0.0322092
-0.0318079
-0.0314066
-0.0310054
-0.0306044
-0.0302036
-0.0298032
-0.0294033
-0.0290039
-0.0286052
-0.0282072
-0.02781
-0.0274138
-0.0270186
-0.0266245
-0.0262316
-0.0258401
-0.0254499
-0.0250613
-0.0246743
-0.0242889
-0.0239054
-0.0235238
-0.0231442
-0.0227667
-0.0223914
-0.0220183
-0.0216477
-0.0212796
-0.0209141
-0.0205513
-0.0201912
-0.0198341
-0.0194799
-0.0191288
-0.0187809
-0.0184363
-0.0180951
-0.0177573
-0.0174231
-0.0170925
-0.0167657
-0.0164427
-0.0161237
-0.0158087
-0.0154978
-0.0151911
-0.0148887
-0.0145907
-0.0142971
-0.0140081
-0.0137238
-0.0134441
-0.0131693
-0.0128993
-0.0126343
-0.0123744
-0.0121195
-0.0118699
-0.0116255
-0.0113864
-0.0111527
-0.0109245
-0.0107019
-0.0104848
-0.0102734
-0.0100678
-0.00986789
-0.00967387
-0.00948575
-0.00930359
-0.00912744
-0.00895735
-0.00879338
-0.00863555
-0.00848393
-0.00833855
-0.00819945
-0.00806668
-0.00794026
-0.00782024
-0.00770663
-0.00759948
-0.00749881
-0.00740464
-0.00731701
-0.00723591
-0.00716139
-0.00709345
-0.0070321
-0.00697736
-0.00692923
-0.00688772
-0.00685284
-0.00682459
-0.00680297
-0.00678796
-0.00677958
-0.00677781
-0.00678263
-0.00679404
-0.00681203
-0.00683657
-0.00686765
-0.00690523
-0.00694931
-0.00699985
-0.00705682
-0.00712019
-0.00718992
-0.00726599
-0.00734835
-0.00743696
-0.00753178
-0.00763276
-0.00773986
-0.00785302
-0.00797219
-0.00809732
-0.00822835
-0.00836523
-0.00850789
-0.00865627
-0.00881031
-0.00896993
-0.00913507
-0.00930566
-0.00948163
-0.00966289
-0.00984938
-0.010041
-0.0102377
-0.0104394
-0.010646
-0.0108573
-0.0110735
-0.0112942
-0.0115195
-0.0117492
-0.0119833
-0.0122217
-0.0124642
-0.0127107
-0.0129613
-0.0132157
-0.0134738
-0.0137356
-0.014001
-0.0142697
-0.0145418
-0.0148172
-0.0150956
-0.015377
-0.0156613
-0.0159483
-0.016238
-0.0165303
-0.0168249
-0.0171218
-0.0174209
-0.0177221
-0.0180251
-0.01833
-0.0186366
-0.0189447
-0.0192542
-0.019565
-0.019877
-0.02019
-0.0205039
-0.0208187
-0.021134
-0.0214499
-0.0217662
-0.0220827
-0.0223993
-0.022716
-0.0230324
-0.0233486
-0.0236644
-0.0239796
-0.0242941
-0.0246077
-0.0249204
-0.025232
-0.0255423
-0.0258512
-0.0261586
-0.0264643
-0.0267682
-0.0270701
-0.0273699
-0.0276674
-0.0279626
-0.0282552
-0.0285452
-0.0288323
-0.0291164
-0.0293975
-0.0296752
-0.0299496
-0.0302203
-0.0304874
-0.0307506
-0.0310098
-0.0312648
-0.0315155
-0.0317618
-0.0320034
-0.0322403
-0.0324723
-0.0326992
-0.0329208
-0.0331371
-0.0333478
-0.0335529
-0.0337521
-0.0339453
-0.0341323
-0.034313
-0.0344872
-0.0346548
-0.0348156
-0.0349695
-0.0351162
-0.0352556
-0.0353876
-0.035512
-0.0356286
-0.0357372
-0.0358378
-0.0359301
-0.0360139
-0.0360892
-0.0361557
-0.0362132
-0.0362616
-0.0363008
-0.0363305
-0.0363505
-0.0363608
-0.0363611
-0.0363513
-0.0363311
-0.0363005
-0.0362592
-0.036207
-0.0361439
-0.0360695
-0.0359838
-0.0358865
-0.0357775
-0.0356566
-0.0355236
-0.0353784
-0.0352207
-0.0350504
-0.0348673
-0.0346712
-0.034462
-0.0342394
-0.0340033
-0.0337535
-0.0334899
-0.0332122
-0.0329203
-0.032614
-0.0322931
-0.0319574
-0.0316068
-0.0312411
-0.0308602
-0.0304638
-0.0300518
-0.029624
-0.0291802
-0.0287204
-0.0282442
-0.0277517
-0.0272425
-0.0267166
-0.0261738
-0.0256139
-0.0250368
-0.0244423
-0.0238304
-0.0232009
-0.0225535
-0.0218883
-0.0212051
-0.0205037
-0.019784
-0.019046
-0.019046
-0.0182895
-0.0175143
-0.0167205
-0.0159079
-0.0150765
-0.0142261
-0.0133566
-0.0124681
-0.0115604
-0.0106335
-0.00968735
-0.00872189
-0.0077371
-0.00673295
-0.00570944
-0.00466655
-0.00360428
-0.00252265
-0.00142167
-0.000301385
0.000838179
0.00199697
0.00317492
0.00437196
0.00558802
0.00682299
0.00807678
0.00934926
0.0106403
0.0119498
0.0132776
0.0146234
0.0159872
0.0173688
0.0187678
0.0201842
0.0216177
0.023068
0.0245349
0.0260182
0.0275174
0.0290324
0.0305627
0.0321082
0.0336684
0.0352429
0.0368314
0.0384336
0.040049
0.0416771
0.0433176
0.04497
0.0466338
0.0483086
0.0499939
0.0516892
0.0533939
0.0551075
0.0568294
0.0585592
0.0602962
0.0620398
0.0637895
0.0655446
0.0673044
0.0690685
0.070836
0.0726064
0.0743789
0.0761529
0.0779277
0.0797026
0.0814769
0.0832498
0.0850206
0.0867887
0.0885531
0.0903133
0.0920683
0.0938176
0.0955602
0.0972955
0.0990226
0.100741
0.102449
0.104147
0.105834
0.107509
0.109171
0.110819
0.112453
0.114072
0.115675
0.117261
0.118829
0.12038
0.121912
0.123423
0.124915
0.126385
0.127834
0.12926
0.130662
0.132041
0.133396
0.134725
0.136028
0.137304
0.138554
0.139776
0.14097
0.142135
0.14327
0.144376
0.145451
0.146496
0.147509
0.148491
0.14944
0.150357
0.151241
0.152091
0.152908
0.153692
0.15444
0.155155
0.155835
0.15648
0.157089
0.157664
0.158203
0.158706
0.159174
0.159606
0.160003
0.160363
0.160688
0.160977
0.16123
0.161448
0.16163
0.161776
0.161888
0.161964
0.162004
0.162011
0.161982
0.161919
0.161822
0.161692
0.161527
0.16133
0.1611
0.160837
0.160542
0.160215
0.159856
0.159467
0.159047
0.158597
0.158118
0.157609
0.157071
0.156505
0.155912
0.155291
0.154643
0.153969
0.15327
0.152545
0.151796
0.151023
0.150226
0.149407
0.148565
0.147702
0.146817
0.145912
0.144987
0.144042
0.143078
0.142096
0.141096
0.140079
0.139046
0.137996
0.136931
0.135851
0.134757
0.133648
0.132527
0.131393
0.130247
0.129089
0.12792
0.12674
0.125551
0.124352
0.123144
0.121927
0.120703
0.119471
0.118232
0.116986
0.115734
0.114476
0.113213
0.111946
0.110674
0.109398
0.108118
0.106835
0.105549
0.104261
0.102971
0.101679
0.100385
0.0990907
0.0977954
0.0964998
0.095204
0.0939084
0.0926133
0.0913189
0.0900256
0.0887334
0.0874428
0.0861539
0.084867
0.0835823
0.0823
0.0810203
0.0797434
0.0784695
0.0771987
0.0759312
0.0746672
0.0734069
0.0721503
0.0708976
0.0696489
0.0684044
0.0671642
0.0659283
0.0646969
0.06347
0.0622478
0.0610303
0.0598176
0.0586097
0.0574068
0.0562088
0.0550158
0.0538279
0.0526451
0.0514674
0.0502949
0.0491275
0.0479654
0.0468084
0.0456567
0.0445101
0.0433688
0.0422328
0.0411019
0.0399762
0.0388558
0.0377405
0.0366303
0.0355253
0.0344255
0.0333307
0.0322409
0.0311562
0.0300765
0.0290017
0.0279319
0.0268669
0.0258068
0.0247515
0.0237009
0.022655
0.0216139
0.0205773
0.0195453
0.0185179
0.0174949
0.0164764
0.0154622
0.0144524
0.0134469
0.0124456
0.0114485
0.0104556
0.0094667
0.00848188
0.00750106
0.00652418
0.0055512
0.00458208
0.00361677
0.00265521
0.00169738
0.000743218
-0.00020731
-0.00115425
-0.00209764
-0.00303752
-0.00397392
-0.0049069
-0.00583647
-0.00676269
-0.00768557
-0.00860516
-0.00952148
-0.0104346
-0.0113444
-0.0122511
-0.0131547
-0.0140551
-0.0149524
-0.0158466
-0.0167377
-0.0176258
-0.0185108
-0.0193928
-0.0202718
-0.0211478
-0.0220208
-0.0228908
-0.0237578
-0.0246219
-0.025483
-0.0263411
-0.0271962
-0.0280483
-0.0288975
-0.0297436
-0.0305868
-0.0314269
-0.0322641
-0.0330981
-0.0339292
-0.0347571
-0.035582
-0.0364038
-0.0372224
-0.0380379
-0.0388502
-0.0396593
-0.0404652
-0.0412678
-0.0420671
-0.0428631
-0.0436557
-0.0444449
-0.0452306
-0.0460129
-0.0467917
-0.0475669
-0.0483385
-0.0491064
-0.0498706
-0.0506311
-0.0513878
-0.0521407
-0.0528897
-0.0536347
-0.0543757
-0.0551126
-0.0558454
-0.0565741
-0.0572985
-0.0580186
-0.0587344
-0.0594458
-0.0601527
-0.060855
-0.0615527
-0.0622458
-0.0629341
-0.0636177
-0.0642963
-0.0649701
-0.0656388
-0.0663024
-0.0669609
-0.0676142
-0.0682621
-0.0689047
-0.0695419
-0.0701736
-0.0707997
-0.0714201
-0.0720348
-0.0726437
-0.0732468
-0.0738439
-0.0744349
-0.0750199
-0.0755986
-0.0761712
-0.0767374
-0.0772972
-0.0778505
-0.0783973
-0.0789374
-0.0794709
-0.0799976
-0.0805174
-0.0810303
-0.0815362
-0.082035
-0.0825267
-0.0830112
-0.0834884
-0.0839583
-0.0844207
-0.0848756
-0.0853229
-0.0857627
-0.0861947
-0.0866189
-0.0870353
-0.0874438
-0.0878443
-0.0882367
-0.0886211
-0.0889973
-0.0893653
-0.089725
-0.0900764
-0.0904193
-0.0907538
-0.0910797
-0.0913971
-0.0917059
-0.0920059
-0.0922973
-0.0925798
-0.0928535
-0.0931183
-0.0933742
-0.0936211
-0.093859
-0.0940878
-0.0943075
-0.0945181
-0.0947194
-0.0949116
-0.0950945
-0.095268
-0.0954323
-0.0955871
-0.0957326
-0.0958687
-0.0959953
-0.0961125
-0.0962201
-0.0963182
-0.0964068
-0.0964858
-0.0965552
-0.0966151
-0.0966653
-0.0967059
-0.0967369
-0.0967583
-0.09677
-0.096772
-0.0967644
-0.0967471
-0.0967202
-0.0966836
-0.0966374
-0.0965815
-0.0965159
-0.0964407
-0.0963559
-0.0962615
-0.0961575
-0.0960439
-0.0959207
-0.095788
-0.0956457
-0.095494
-0.0953327
-0.0951621
-0.0949819
-0.0947924
-0.0945935
-0.0943853
-0.0941677
-0.0939409
-0.0937049
-0.0934597
-0.0932053
-0.0929418
-0.0926693
-0.0923877
-0.0920972
-0.0917978
-0.0914894
-0.0911723
-0.0908464
-0.0905118
-0.0901686
-0.0898167
-0.0894564
-0.0890875
-0.0887103
-0.0883247
-0.0879309
-0.0875288
-0.0871186
-0.0867003
-0.086274
-0.0858398
-0.0853978
-0.084948
-0.0844905
-0.0840253
-0.0835527
-0.0830725
-0.082585
-0.0820902
-0.0815882
-0.0810791
-0.080563
-0.0800399
-0.0795099
-0.0789732
-0.0784298
-0.0778798
-0.0773233
-0.0767605
-0.0761913
-0.0756159
-0.0750345
-0.074447
-0.0738536
-0.0732544
-0.0726495
-0.0720391
-0.0714231
-0.0708017
-0.070175
-0.0695431
-0.0689062
-0.0682643
-0.0676175
-0.066966
-0.0663098
-0.065649
-0.0649839
-0.0643144
-0.0636408
-0.062963
-0.0622812
-0.0615956
-0.0609063
-0.0602132
-0.0595167
-0.0588168
-0.0581135
-0.0574071
-0.0566976
-0.0559852
-0.05527
-0.054552
-0.0538314
-0.0531084
-0.052383
-0.0516554
-0.0509257
-0.0501939
-0.0494603
-0.0487249
-0.0479879
-0.0472493
-0.0465094
-0.0457681
-0.0450258
-0.0442823
-0.043538
-0.0427928
-0.042047
-0.0413006
-0.0405537
-0.0398066
-0.0390592
-0.0383118
-0.0375644
-0.0368172
-0.0360702
-0.0353237
-0.0345777
-0.0338323
-0.0330876
-0.0323439
-0.0316011
-0.0308595
-0.030119
-0.02938
-0.0286424
-0.0279064
-0.027172
-0.0264395
-0.025709
-0.0249804
-0.0242541
-0.02353
-0.0228083
-0.0220891
-0.0213725
-0.0206586
-0.0199476
-0.0192395
-0.0185345
-0.0178327
-0.0171341
-0.0164389
-0.0157472
-0.0150591
-0.0143747
-0.0136942
-0.0130175
-0.0123449
-0.0116763
-0.011012
-0.0103521
-0.00969651
-0.00904547
-0.00839904
-0.00775734
-0.00712044
-0.00648844
-0.00586144
-0.00525896
-0.00465921
-0.00406248
-0.00346904
-0.00287913
-0.00229301
-0.00171091
-0.00113303
-0.000559606
9.1794e-06
0.000573131
0.00113207
0.00168581
0.00223421
0.00277709
0.00331432
0.00384574
0.00437122
0.00489063
0.00540385
0.00591076
0.00641124
0.0069052
0.00739252
0.00787311
0.00834689
0.00881375
0.00927363
0.00972644
0.0101721
0.0106106
0.0110417
0.0114656
0.011882
0.012291
0.0126924
0.0130863
0.0134727
0.0138513
0.0142223
0.0145856
0.0149411
0.0152889
0.0156288
0.0159609
0.0162852
0.0166016
0.0169101
0.0172107
0.0175034
0.0177882
0.0180651
0.018334
0.018595
0.0188481
0.0190933
0.0193306
0.0195599
0.0197814
0.019995
0.0202007
0.0203985
0.0205885
0.0207708
0.0209452
0.0211118
0.0212707
0.0214219
0.0215655
0.0217013
0.0218296
0.0219503
0.0220634
0.022169
0.0222672
0.0223579
0.0224413
0.0225173
0.022586
0.0226475
0.0227018
0.022749
0.022789
0.0228221
0.0228481
0.0228672
0.0228795
0.0228849
0.0228836
0.0228756
0.022861
0.0228398
0.0228121
0.022778
0.0227375
0.0226907
0.0226376
0.0225784
0.0225131
0.0224417
0.0223643
0.0222811
0.0221921
0.0220972
0.0219968
0.0218907
0.021779
0.0216619
0.0215394
0.0214116
0.0212786
0.0211404
0.0209971
0.0208488
0.0206956
0.0205375
0.0203746
0.020207
0.0200347
0.0198579
0.0196766
0.0194909
0.0193009
0.0191066
0.0189081
0.0187055
0.0184989
0.0182883
0.0180738
0.0178555
0.0176335
0.0174077
0.0171784
0.0169456
0.0167093
0.0164696
0.0162267
0.0159804
0.015731
0.0154785
0.015223
0.0149644
0.014703
0.0144388
0.0141717
0.013902
0.0136296
0.0133546
0.0130771
0.0127972
0.0125148
0.0122302
0.0119432
0.011654
0.0113627
0.0110692
0.0107738
0.0104763
0.0101768
0.00987554
0.00957239
0.00926746
0.0089608
0.00865246
0.00834249
0.00803093
0.00771784
0.00740326
0.00708723
0.0067698
0.00645102
0.00613092
0.00580955
0.00548695
0.00516317
0.00483823
0.00451219
0.00418507
0.00385692
0.00352778
0.00319767
0.00286663
0.0025347
0.00220191
0.0018683
0.00153389
0.00119871
0.000862811
0.000526206
0.000188928
-0.000148994
-0.00048753
-0.000826655
-0.00116634
-0.00150656
-0.00184729
-0.0021885
-0.00253017
-0.00287227
-0.00321479
-0.00355769
-0.00390095
-0.00424456
-0.00458848
-0.0049327
-0.0052772
-0.00562195
-0.00596694
-0.00631214
-0.00665754
-0.0070031
-0.00734882
-0.00769468
-0.00804065
-0.00838672
-0.00873286
-0.00907906
-0.00942531
-0.00977157
-0.0101178
-0.0104641
-0.0108103
-0.0111565
-0.0115026
-0.0118486
-0.0121945
-0.0125402
-0.0128858
-0.0132313
-0.0135766
-0.0139216
-0.0142665
-0.0146111
-0.0149554
-0.0152995
-0.0156433
-0.0159867
-0.0163298
-0.0166726
-0.0170149
-0.0173569
-0.0176984
-0.0180394
-0.01838
-0.0187201
-0.0190597
-0.0193987
-0.0197372
-0.0200751
-0.0204123
-0.0207489
-0.0210848
-0.0214201
-0.0217546
-0.0220883
-0.0224213
-0.0227534
-0.0230847
-0.0234152
-0.0237447
-0.0240733
-0.0244009
-0.0247275
-0.0250531
-0.0253776
-0.025701
-0.0260233
-0.0263444
-0.0266642
-0.0269828
-0.0273001
-0.0276161
-0.0279307
-0.0282439
-0.0285556
-0.0288659
-0.0291746
-0.0294817
-0.0297871
-0.0300909
-0.030393
-0.0306933
-0.0309918
-0.0312884
-0.0315831
-0.0318758
-0.0321665
-0.0324551
-0.0327416
-0.0330259
-0.0333079
-0.0335877
-0.0338651
-0.0341401
-0.0344127
-0.0346827
-0.0349502
-0.035215
-0.0354771
-0.0357364
-0.0359929
-0.0362465
-0.0364971
-0.0367448
-0.0369893
-0.0372307
-0.0374688
-0.0377037
-0.0379352
-0.0381633
-0.0383879
-0.0386089
-0.0388262
-0.0390399
-0.0392498
-0.0394558
-0.0396579
-0.039856
-0.04005
-0.0402398
-0.0404254
-0.0406068
-0.0407837
-0.0409562
-0.0411241
-0.0412875
-0.0414461
-0.0416
-0.0417491
-0.0418932
-0.0420323
-0.0421664
-0.0422953
-0.0424189
-0.0425373
-0.0426503
-0.0427578
-0.0428597
-0.0429561
-0.0430467
-0.0431316
-0.0432106
-0.0432837
-0.0433508
-0.0434119
-0.0434667
-0.0435154
-0.0435578
-0.0435938
-0.0436233
-0.0436464
-0.0436628
-0.0436726
-0.0436757
-0.0436721
-0.0436616
-0.0436441
-0.0436197
-0.0435883
-0.0435498
-0.0435041
-0.0434512
-0.043391
-0.0433236
-0.0432487
-0.0431665
-0.0430768
-0.0429795
-0.0428748
-0.0427624
-0.0426424
-0.0425147
-0.0423793
-0.0422362
-0.0420853
-0.0419266
-0.0417601
-0.0415857
-0.0414035
-0.0412134
-0.0410154
-0.0408095
-0.0405957
-0.040374
-0.0401443
-0.0399068
-0.0396613
-0.0394079
-0.0391467
-0.0388775
-0.0386005
-0.0383157
-0.0380231
-0.0377226
-0.0374145
-0.0370986
-0.036775
-0.0364438
-0.036105
-0.0357587
-0.0354049
-0.0350437
-0.0346751
-0.0342992
-0.0339162
-0.0335259
-0.0331286
-0.0327243
-0.0323131
-0.0318951
-0.0314704
-0.0310391
-0.0306012
-0.030157
-0.0297064
-0.0292496
-0.0287868
-0.028318
-0.0278434
-0.0273631
-0.0268772
-0.0263859
-0.0258893
-0.0253876
-0.0248808
-0.0243692
-0.0238529
-0.023332
-0.0228068
-0.0222773
-0.0217438
-0.0212063
-0.0206652
-0.0201205
-0.0195725
-0.0190213
-0.018467
-0.01791
-0.0173503
-0.0167882
-0.0162238
-0.0156574
-0.0150891
-0.0145191
-0.0139477
-0.0133751
-0.0128013
-0.0122267
-0.0116515
