5.55112e-17
0.083469
0.0742309
0.0659751
0.0585898
0.0585897
0.0519761
0.0460462
0.0407227
0.0359368
0.0316275
0.0277408
0.0242287
0.0210488
0.0181634
0.0155391
0.0131463
0.0109587
0.00895316
0.007109
0.00540795
0.00383382
0.00237224
0.00101048
-0.000262747
-0.00145746
-0.00258254
-0.00364587
-0.00465443
-0.00561443
-0.00653139
-0.00741018
-0.00825517
-0.00907021
-0.00985874
-0.0106238
-0.0113682
-0.0120942
-0.0128041
-0.0134998
-0.014183
-0.0148552
-0.0155179
-0.0161722
-0.0168192
-0.01746
-0.0180954
-0.0187262
-0.0193531
-0.0199845
-0.0206131
-0.0212394
-0.021864
-0.0224872
-0.0231095
-0.0237313
-0.0243529
-0.0249745
-0.0255965
-0.0262191
-0.0268425
-0.0274668
-0.0280923
-0.0287191
-0.0293472
-0.0299768
-0.030608
-0.0312408
-0.0318753
-0.0325115
-0.0331494
-0.033789
-0.0344303
-0.0350734
-0.0357181
-0.0363644
-0.0370122
-0.0376615
-0.0383122
-0.0389642
-0.0396174
-0.0402716
-0.0409269
-0.0415829
-0.0422396
-0.0428969
-0.0435545
-0.0442124
-0.0448702
-0.0455279
-0.0461853
-0.0468421
-0.0474981
-0.0481532
-0.0488071
-0.0494596
-0.0501104
-0.0507594
-0.0514062
-0.0520507
-0.0526926
-0.0533316
-0.0539674
-0.0545999
-0.0552287
-0.0558535
-0.0564742
-0.0570904
-0.0577018
-0.0583082
-0.0589092
-0.0595047
-0.0600943
-0.0606777
-0.0612546
-0.0618249
-0.0623881
-0.062944
-0.0634923
-0.0640328
-0.0645652
-0.0650891
-0.0656044
-0.0661107
-0.0666078
-0.0670955
-0.0675733
-0.0680412
-0.0684989
-0.068946
-0.0693825
-0.0698079
-0.0702222
-0.070625
-0.0710162
-0.0713955
-0.0717628
-0.0721178
-0.0724604
-0.0727903
-0.0731074
-0.0734115
-0.0737025
-0.0739802
-0.0742444
-0.074495
-0.0747319
-0.074955
-0.0751641
-0.0753591
-0.0755401
-0.0757067
-0.0758591
-0.0759971
-0.0761206
-0.0762297
-0.0763242
-0.0764042
-0.0764696
-0.0765204
-0.0765567
-0.0765783
-0.0765854
-0.0765779
-0.0765559
-0.0765195
-0.0764687
-0.0764035
-0.076324
-0.0762303
-0.0761225
-0.0760007
-0.075865
-0.0757154
-0.0755522
-0.0753754
-0.0751852
-0.0749818
-0.0747652
-0.0745356
-0.0742932
-0.0740381
-0.0737706
-0.0734908
-0.0731989
-0.072895
-0.0725795
-0.0722525
-0.0719141
-0.0715647
-0.0712044
-0.0708335
-0.0704521
-0.0700605
-0.069659
-0.0692477
-0.0688269
-0.0683969
-0.0679579
-0.06751
-0.0670537
-0.0665891
-0.0661165
-0.065636
-0.0651481
-0.0646529
-0.0641506
-0.0636416
-0.0631261
-0.0626043
-0.0620764
-0.0615428
-0.0610037
-0.0604593
-0.0599099
-0.0593557
-0.058797
-0.0582339
-0.0576669
-0.057096
-0.0565215
-0.0559437
-0.0553628
-0.054779
-0.0541926
-0.0536037
-0.0530126
-0.0524195
-0.0518246
-0.0512282
-0.0506304
-0.0500314
-0.0494315
-0.0488308
-0.0482295
-0.0476279
-0.0470261
-0.0464243
-0.0458227
-0.0452214
-0.0446206
-0.0440205
-0.0434213
-0.042823
-0.042226
-0.0416303
-0.041036
-0.0404434
-0.0398525
-0.0392635
-0.0386765
-0.0380917
-0.0375092
-0.036929
-0.0363514
-0.0357764
-0.0352042
-0.0346349
-0.0340684
-0.0335051
-0.0329449
-0.0323879
-0.0318343
-0.0312841
-0.0307375
-0.0301944
-0.0296549
-0.0291193
-0.0285874
-0.0280594
-0.0275353
-0.0270153
-0.0264993
-0.0259874
-0.0254796
-0.0249762
-0.0244769
-0.023982
-0.0234914
-0.0230053
-0.0225235
-0.0220462
-0.0215734
-0.0211052
-0.0206415
-0.0201823
-0.0197278
-0.0192779
-0.0188327
-0.0183921
-0.0179562
-0.0175249
-0.0170984
-0.0166766
-0.0162595
-0.0158471
-0.0154395
-0.0150366
-0.0146384
-0.014245
-0.0138563
-0.0134723
-0.0130931
-0.0127186
-0.0123488
-0.0119837
-0.0116233
-0.0112675
-0.0109165
-0.0105701
-0.0102284
-0.0098913
-0.00955882
-0.00923094
-0.00890764
-0.00858891
-0.00827472
-0.00796505
-0.00765988
-0.00735919
-0.00706296
-0.00677116
-0.00648377
-0.00620076
-0.00592211
-0.00564778
-0.00537777
-0.00511202
-0.00485053
-0.00459325
-0.00434016
-0.00409123
-0.00384642
-0.00360572
-0.00336908
-0.00313647
-0.00290787
-0.00268323
-0.00246253
-0.00224573
-0.0020328
-0.00182371
-0.00161841
-0.00141688
-0.00121908
-0.00102497
-0.000834517
-0.000647688
-0.000464443
-0.000284748
-0.000108564
6.41458e-05
0.000233418
0.000399291
0.000561802
0.000720988
0.00087689
0.00102954
0.00117899
0.00132526
0.00146841
0.00160846
0.00174545
0.00187944
0.00201044
0.00213852
0.00226369
0.00238601
0.00250552
0.00262225
0.00273624
0.00284753
0.00295617
0.00306219
0.00316564
0.00326654
0.00336495
0.00346091
0.00355445
0.00364561
0.00373444
0.00382098
0.00390525
0.00398732
0.00406721
0.00414496
0.00422062
0.00429423
0.00436582
0.00443543
0.00450312
0.0045689
0.00463284
0.00469496
0.0047553
0.00481391
0.00487082
0.00492607
0.00497971
0.00503176
0.00508228
0.00513129
0.00517885
0.00522497
0.00526972
0.00531311
0.0053552
0.00539601
0.00543559
0.00547397
0.00551119
0.00554729
0.00558231
0.00561627
0.00564923
0.0056812
0.00571224
0.00574237
0.00577163
0.00580005
0.00582768
0.00585454
0.00588067
0.0059061
0.00593087
0.00595501
0.00597856
0.00600154
0.00602398
0.00604593
0.00606741
0.00608845
0.00610908
0.00612934
0.00614926
0.00616886
0.00618817
0.00620723
0.00622606
0.00624468
0.00626314
0.00628145
0.00629964
0.00631774
0.00633578
0.00635378
0.00637176
0.00638975
0.00640777
0.00642586
0.00644402
0.00646229
0.00648068
0.00649922
0.00651793
0.00653682
0.00655593
0.00657527
0.00659485
0.0066147
0.00663484
0.00665528
0.00667603
0.00669713
0.00671857
0.00674038
0.00676257
0.00678515
0.00680815
0.00683156
0.00685541
0.0068797
0.00690445
0.00692967
0.00695536
0.00698153
0.0070082
0.00703538
0.00706306
0.00709126
0.00711998
0.00714923
0.00717901
0.00720933
0.00724019
0.00727159
0.00730354
0.00733604
0.00736908
0.00740268
0.00743682
0.00747151
0.00750675
0.00754253
0.00757885
0.0076157
0.0076531
0.00769102
0.00772946
0.00776842
0.00780789
0.00784787
0.00788833
0.00792929
0.00797072
0.00801262
0.00805498
0.00809778
0.00814101
0.00818467
0.00822873
0.00827319
0.00831803
0.00836323
0.00840878
0.00845467
0.00850087
0.00854737
0.00859415
0.0086412
0.00868848
0.00873599
0.00878371
0.0088316
0.00887966
0.00892785
0.00897616
0.00902456
0.00907304
0.00912155
0.00917009
0.00921862
0.00926712
0.00931556
0.00936392
0.00941217
0.00946027
0.00950821
0.00955595
0.00960347
0.00965072
0.0096977
0.00974435
0.00979066
0.00983658
0.0098821
0.00992717
0.00997176
0.0100158
0.0100594
0.0101023
0.0101447
0.0101864
0.0102274
0.0102677
0.0103073
0.0103461
0.010384
0.0104211
0.0104573
0.0104925
0.0105268
0.0105601
0.0105923
0.0106234
0.0106534
0.0106823
0.0107099
0.0107363
0.0107615
0.0107853
0.0108077
0.0108288
0.0108484
0.0108666
0.0108833
0.0108984
0.0109119
0.0109237
0.0109339
0.0109424
0.0109492
0.0109541
0.0109573
0.0109585
0.0109579
0.0109553
0.0109508
0.0109442
0.0109355
0.0109248
0.0109119
0.0108968
0.0108796
0.01086
0.0108382
0.0108141
0.0107876
0.0107587
0.0107274
0.0106936
0.0106573
0.0106185
0.0105771
0.0105331
0.0104864
0.0104371
0.0103851
0.0103303
0.0102728
0.0102125
0.0101493
0.0100833
0.0100144
0.00994259
0.00986782
0.00979009
0.00970935
0.00962559
0.00953878
0.0094489
0.00935592
0.00925982
0.00916057
0.00905817
0.00895257
0.00884378
0.00873176
0.00861649
0.00849797
0.00837618
0.0082511
0.00812271
0.007991
0.00785596
0.00771759
0.00757586
0.00743077
0.0072823
0.00713047
0.00697524
0.00681663
0.00665463
0.00648923
0.00632043
0.00614823
0.00597263
0.00579363
0.00561124
0.00542546
0.00523628
0.00504373
0.0048478
0.00464851
0.00444586
0.00423987
0.00403054
0.00381789
0.00360193
0.00338268
0.00316016
0.00293438
0.00270537
0.00247313
0.00224095
0.00200537
0.00176643
0.00152412
0.00127847
0.00102951
0.000777266
0.00052177
0.00026306
1.17441e-06
-0.000263844
-0.000531951
-0.000803102
-0.00107725
-0.00135434
-0.00163433
-0.00191717
-0.0022028
-0.00249116
-0.00278221
-0.00307589
-0.00337215
-0.00367092
-0.00397214
-0.00427576
-0.00458173
-0.00488997
-0.00520043
-0.00551305
-0.00582776
-0.00614451
-0.00646323
-0.00678385
-0.00710631
-0.00743056
-0.00775651
-0.00808411
-0.00841329
-0.00874398
-0.00907612
-0.00940964
-0.00974447
-0.0100805
-0.0104178
-0.0107561
-0.0110955
-0.0114359
-0.0117771
-0.0121192
-0.012462
-0.0128055
-0.0131496
-0.0134943
-0.0138394
-0.0141849
-0.0145307
-0.0148768
-0.0152231
-0.0155695
-0.0159159
-0.0162623
-0.0166086
-0.0169547
-0.0173005
-0.017646
-0.0179911
-0.0183357
-0.0186798
-0.0190233
-0.0193661
-0.0197081
-0.0200494
-0.0203897
-0.020729
-0.0210673
-0.0214044
-0.0217404
-0.0220752
-0.0224086
-0.0227406
-0.0230712
-0.0234002
-0.0237277
-0.0240535
-0.0243775
-0.0246998
-0.0250202
-0.0253387
-0.0256552
-0.0259696
-0.0262819
-0.0265921
-0.0269
-0.0272056
-0.0275088
-0.0278097
-0.028108
-0.0284038
-0.028697
-0.0289875
-0.0292754
-0.0295605
-0.0298427
-0.0301221
-0.0303985
-0.030672
-0.0309425
-0.0312098
-0.0314741
-0.0317351
-0.0319929
-0.0322475
-0.0324987
-0.0327466
-0.032991
-0.033232
-0.0334696
-0.0337035
-0.0339339
-0.0341607
-0.0343838
-0.0346033
-0.0348189
-0.0350309
-0.035239
-0.0354433
-0.0356437
-0.0358402
-0.0360328
-0.0362215
-0.0364061
-0.0365867
-0.0367633
-0.0369358
-0.0371042
-0.0372684
-0.0374285
-0.0375845
-0.0377362
-0.0378837
-0.038027
-0.0381661
-0.0383008
-0.0384313
-0.0385574
-0.0386792
-0.0387967
-0.0389099
-0.0390186
-0.039123
-0.039223
-0.0393185
-0.0394097
-0.0394964
-0.0395787
-0.0396566
-0.03973
-0.0397989
-0.0398634
-0.0399235
-0.039979
-0.0400301
-0.0400767
-0.0401188
-0.0401564
-0.0401896
-0.0402183
-0.0402425
-0.0402622
-0.0402774
-0.0402882
-0.0402944
-0.0402963
-0.0402936
-0.0402865
-0.0402749
-0.0402589
-0.0402385
-0.0402136
-0.0401843
-0.0401505
-0.0401124
-0.0400699
-0.0400229
-0.0399716
-0.039916
-0.0398559
-0.0397915
-0.0397228
-0.0396498
-0.0395725
-0.0394909
-0.039405
-0.0393148
-0.0392204
-0.0391218
-0.0390189
-0.0389119
-0.0388007
-0.0386853
-0.0385658
-0.0384422
-0.0383144
-0.0381826
-0.0380467
-0.0379067
-0.0377628
-0.0376148
-0.0374629
-0.037307
-0.0371471
-0.0369834
-0.0368158
-0.0366443
-0.0364689
-0.0362898
-0.0361069
-0.0359202
-0.0357297
-0.0355356
-0.0353378
-0.0351363
-0.0349312
-0.0347225
-0.0345102
-0.0342944
-0.034075
-0.0338522
-0.033626
-0.0333963
-0.0331632
-0.0329268
-0.0326871
-0.032444
-0.0321978
-0.0319483
-0.0316956
-0.0314397
-0.0311808
-0.0309187
-0.0306536
-0.0303856
-0.0301145
-0.0298405
-0.0295636
-0.0292839
-0.0290014
-0.028716
-0.028428
-0.0281372
-0.0278438
-0.0275478
-0.0272492
-0.0269482
-0.0266446
-0.0263386
-0.0260302
-0.0257194
-0.0254064
-0.0250911
-0.0247736
-0.0244539
-0.0241322
-0.0238083
-0.0234825
-0.0231547
-0.022825
-0.0224934
-0.02216
-0.0218249
-0.021488
-0.0211495
-0.0208094
-0.0204678
-0.0201246
-0.0197801
-0.0194341
-0.0190868
-0.0187383
-0.0183885
-0.0180376
-0.0176856
-0.0173326
-0.0169786
-0.0166237
-0.0162679
-0.0159113
-0.015554
-0.015196
-0.0148374
-0.0144782
-0.0141186
-0.0137585
-0.0133981
-0.0130373
-0.0126764
-0.0123152
-0.011954
-0.0115927
-0.0112315
-0.0108703
-0.0105093
-0.0101485
-0.00978804
-0.0094279
-0.00906819
-0.00870897
-0.0083503
-0.00799226
-0.00763491
-0.00727832
-0.00692255
-0.00656768
-0.00621377
-0.00586088
-0.0055091
-0.00515848
-0.00480908
-0.00446099
-0.00411426
-0.00376897
-0.00342517
-0.00308294
-0.00274234
-0.00240344
-0.00206631
-0.001731
-0.00139759
-0.00106614
-0.000736709
-0.00040937
-8.41816e-05
0.000238792
0.000559488
0.000877846
0.0011938
0.0015073
0.00181828
0.00212667
0.00243243
0.00273549
0.00303579
0.00333329
0.00362791
0.00391962
0.00420835
0.00449406
0.00477669
0.00505618
0.0053325
0.00560559
0.0058754
0.00614189
0.00640501
0.00666471
0.00692096
0.00717371
0.00742293
0.00766856
0.00791058
0.00814894
0.00838362
0.00861457
0.00884177
0.00906518
0.00928477
0.00950052
0.0097124
0.00992038
0.0101244
0.0103246
0.0105207
0.0107129
0.010901
0.0110852
0.0112653
0.0114414
0.0116134
0.0117814
0.0119453
0.0121051
0.0122608
0.0124124
0.01256
0.0127035
0.0128428
0.0129782
0.0131094
0.0132366
0.0133597
0.0134787
0.0135938
0.0137048
0.0138118
0.0139149
0.0140139
0.014109
0.0142002
0.0142876
0.014371
0.0144506
0.0145264
0.0145983
0.0146666
0.0147311
0.014792
0.0148491
0.0149027
0.0149528
0.0149992
0.0150423
0.0150818
0.015118
0.0151508
0.0151803
0.0152066
0.0152297
0.0152496
0.0152664
0.0152802
0.015291
0.0152988
0.0153038
0.015306
0.0153054
0.0153021
0.0152961
0.0152876
0.0152766
0.0152631
0.0152472
0.015229
0.0152085
0.0151859
0.0151611
0.0151342
0.0151054
0.0150746
0.0150419
0.0150075
0.0149713
0.0149335
0.0148941
0.0148531
0.0148107
0.0147669
0.0147218
0.0146755
0.014628
0.0145793
0.0145297
0.014479
0.0144275
0.0143751
0.0143219
0.014268
0.0142135
0.0141584
0.0141028
0.0140468
0.0139904
0.0139336
0.0138766
0.0138194
0.0137621
0.0137047
0.0136473
0.01359
0.0135328
0.0134757
0.0134188
0.0133623
0.013306
0.0132501
0.0131947
0.0131397
0.0130853
0.0130315
0.0129783
0.0129258
0.012874
0.0128229
0.0127727
0.0127233
0.0126748
0.0126273
0.0125807
0.0125351
0.0124905
0.012447
0.0124046
0.0123634
0.0123233
0.0122844
0.0122467
0.0122103
0.0121751
0.0121412
0.0121086
0.0120773
0.0120474
0.0120188
0.0119916
0.0119658
0.0119414
0.0119184
0.0118969
0.0118767
0.011858
0.0118407
0.0118249
0.0118105
0.0117976
0.0117861
0.011776
0.0117674
0.0117602
0.0117545
0.0117501
0.0117472
0.0117457
0.0117456
0.0117469
0.0117495
0.0117535
0.0117588
0.0117655
0.0117735
0.0117827
0.0117932
0.011805
0.011818
0.0118322
0.0118476
0.0118642
0.0118819
0.0119007
0.0119205
0.0119415
0.0119634
0.0119864
0.0120104
0.0120352
0.012061
0.0120877
0.0121152
0.0121435
0.0121727
0.0122025
0.0122331
0.0122644
0.0122963
0.0123288
0.012362
0.0123956
0.0124298
0.0124645
0.0124996
0.0125351
0.012571
0.0126072
0.0126437
0.0126805
0.0127175
0.0127547
0.012792
0.0128295
0.012867
0.0129047
0.0129423
0.0129799
0.0130175
0.0130549
0.0130923
0.0131295
0.0131665
0.0132033
0.0132398
0.013276
0.0133119
0.0133475
0.0133827
0.0134175
0.0134518
0.0134857
0.013519
0.0135519
0.0135841
0.0136158
0.0136469
0.0136773
0.013707
0.0137361
0.0137645
0.0137921
0.0138189
0.013845
0.0138702
0.0138946
0.0139182
0.0139408
0.0139626
0.0139835
0.0140035
0.0140225
0.0140405
0.0140575
0.0140736
0.0140886
0.0141026
0.0141156
0.0141275
0.0141384
0.0141481
0.0141568
0.0141644
0.0141709
0.0141762
0.0141804
0.0141835
0.0141855
0.0141863
0.0141859
0.0141844
0.0141818
0.014178
0.014173
0.0141668
0.0141595
0.014151
0.0141413
0.0141304
0.0141184
0.0141052
0.0140909
0.0140754
0.0140732
0.0140732
0.0140555
0.0140368
0.0140171
0.0139964
0.0139747
0.0139519
0.0139281
0.0139033
0.0138775
0.0138506
0.0138226
0.0137936
0.0137636
0.0137326
0.0137005
0.0136674
0.0136333
0.0135982
0.0135621
0.013525
0.0134869
0.0134479
0.0134078
0.0133669
0.013325
0.0132822
0.0132385
0.013194
0.0131485
0.0131022
0.013055
0.013007
0.0129583
0.0129087
0.0128583
0.0128072
0.0127554
0.0127028
0.0126495
0.0125956
0.0125409
0.0124857
0.0124298
0.0123733
0.0123162
0.0122586
0.0122004
0.0121417
0.0120825
0.0120228
0.0119626
0.011902
0.011841
0.0117795
0.0117177
0.0116555
0.011593
0.0115302
0.011467
0.0114036
0.0113399
0.011276
0.0112119
0.0111475
0.011083
0.0110184
0.0109536
0.0108886
0.0108236
0.0107585
0.0106934
0.0106282
0.0105629
0.0104977
0.0104325
0.0103674
0.0103023
0.0102372
0.0101723
0.0101074
0.0100427
0.00997815
0.00991374
0.00984951
0.00978547
0.00972164
0.00965804
0.00959468
0.00953157
0.00946874
0.0094062
0.00934396
0.00928203
0.00922043
0.00915918
0.00909828
0.00903776
0.00897762
0.00891787
0.00885853
0.00879961
0.00874112
0.00868307
0.00862548
0.00856835
0.00851169
0.00845552
0.00839983
0.00834465
0.00828998
0.00823583
0.00818221
0.00812912
0.00807657
0.00802458
0.00797313
0.00792225
0.00787194
0.0078222
0.00777305
0.00772447
0.00767649
0.00762909
0.0075823
0.0075361
0.00749051
0.00744553
0.00740116
0.0073574
0.00731425
0.00727172
0.00722981
0.00718851
0.00714784
0.00710778
0.00706835
0.00702953
0.00699134
0.00695376
0.00691681
0.00688046
0.00684474
0.00680963
0.00677513
0.00674124
0.00670796
0.00667529
0.00664321
0.00661173
0.00658085
0.00655056
0.00652086
0.00649174
0.0064632
0.00643524
0.00640785
0.00638102
0.00635475
0.00632904
0.00630388
0.00627926
0.00625518
0.00623163
0.00620862
0.00618612
0.00616414
0.00614266
0.00612169
0.00610121
0.00608122
0.00606171
0.00604268
0.00602412
0.00600601
0.00598836
0.00597116
0.00595439
0.00593806
0.00592214
0.00590665
0.00589156
0.00587688
0.00586259
0.00584868
0.00583516
0.005822
0.0058092
0.00579676
0.00578467
0.00577291
0.00576148
0.00575038
0.00573959
0.00572911
0.00571893
0.00570904
0.00569943
0.0056901
0.00568103
0.00567223
0.00566367
0.00565536
0.00564729
0.00563944
0.00563182
0.00562441
0.0056172
0.00561019
0.00560337
0.00559674
0.00559028
0.00558398
0.00557785
0.00557187
0.00556603
0.00556033
0.00555476
0.00554932
0.00554399
0.00553878
0.00553366
0.00552864
0.00552371
0.00551886
0.00551408
0.00550937
0.00550472
0.00550013
0.00549558
0.00549108
0.00548661
0.00548216
0.00547774
0.00547333
0.00546893
0.00546454
0.00546014
0.00545572
0.0054513
0.00544684
0.00544236
0.00543785
0.00543329
0.00542869
0.00542403
0.00541931
0.00541453
0.00540968
0.00540475
0.00539973
0.00539463
0.00538943
0.00538413
0.00537873
0.00537321
0.00536758
0.00536182
0.00535594
0.00534992
0.00534375
0.00533745
0.00533099
0.00532437
0.00531759
0.00531064
0.00530351
0.00529621
0.00528872
0.00528104
0.00527316
0.00526508
0.0052568
0.00524829
0.00523957
0.00523063
0.00522145
0.00521204
0.00520239
0.00519249
0.00518233
0.00517192
0.00516124
0.0051503
0.00513908
0.00512758
0.00511579
0.00510371
0.00509134
0.00507866
0.00506567
0.00505237
0.00503875
0.0050248
0.00501053
0.00499592
0.00498096
0.00496566
0.00495001
0.004934
0.00491762
0.00490088
0.00488377
0.00486627
0.00484839
0.00483012
0.00481146
0.0047924
0.00477293
0.00475305
0.00473276
0.00471205
0.00469092
0.00466935
0.00464735
0.00462492
0.00460204
0.00457871
0.00455494
0.0045307
0.00450601
0.00448086
0.00445523
0.00442914
0.00440257
0.00437553
0.004348
0.00431999
0.00429149
0.0042625
0.00423302
0.00420304
0.00417256
0.00414159
0.00411011
0.00407813
0.00404565
0.00401265
0.00397916
0.00394515
0.00391063
0.00387561
0.00384008
0.00380403
0.00376748
0.00373042
0.00369286
0.00365479
0.00361621
0.00357714
0.00353756
0.00349749
0.00345692
0.00341586
0.00337431
0.00333228
0.00328977
0.00324679
0.00320334
0.00315942
0.00311504
0.00307021
0.00302494
0.00297922
0.00293308
0.00288651
0.00283953
0.00279214
0.00274435
0.00269618
0.00264763
0.00259871
0.00254943
0.00249982
0.00244987
0.0023996
0.00234902
0.00229815
0.002247
0.00219559
0.00214393
0.00209203
0.00203992
0.0019876
0.0019351
0.00188244
0.00182963
0.00177669
0.00172363
0.00167049
0.00161728
0.00156403
0.00151074
0.00145746
0.00140419
0.00135096
0.0012978
0.00124473
0.00119177
0.00113896
0.00108631
0.00103386
0.000981633
0.000929652
0.00087795
0.000826555
0.000775497
0.000724806
0.000674513
0.00062465
0.000575248
0.00052634
0.000477959
0.000430139
0.000382914
0.000336319
0.000290389
0.000245159
0.000200667
0.00015695
0.000114044
7.19872e-05
3.08191e-05
-9.42168e-06
-4.86957e-05
-8.69629e-05
-0.000124183
-0.000160314
-0.000195315
-0.000229145
-0.00026176
-0.000293118
-0.000323175
-0.000351887
-0.000379211
-0.000405101
-0.000429512
-0.000452399
-0.000473716
-0.000493417
-0.000511454
-0.000527781
-0.00054235
-0.000555114
-0.000566024
-0.000575031
-0.000582087
-0.000587143
-0.000590148
-0.000591054
-0.000589811
-0.000586367
-0.000580672
-0.000572676
-0.000562327
-0.000549573
-0.000534364
-0.000516648
-0.000496372
-0.000473484
-0.000447932
-0.000419664
-0.000388627
-0.000354767
-0.000318032
-0.00027837
-0.000235726
-0.000190048
-0.000141281
-8.93741e-05
-3.42721e-05
2.4078e-05
8.57298e-05
0.000150737
0.000219152
0.00029103
0.000366424
0.000445387
0.000527972
0.000614234
0.000704224
0.000797997
0.000895606
0.000997102
0.00110254
0.00121197
0.00132545
0.00144303
0.00156475
0.00169068
0.00182087
0.00195536
0.0020942
0.00223746
0.00238517
0.00253739
0.00269417
0.00285556
0.0030216
0.00319235
0.00336786
0.00354817
0.00373333
0.00392339
0.00411839
0.00431838
0.00452341
0.00473353
0.00494877
0.00516918
0.0053948
0.00562568
0.00586186
0.00610339
0.00635029
0.00660262
0.00686041
0.0071237
0.00739254
0.00766695
0.00794697
0.00823264
0.008524
0.00882107
0.0091239
0.00943251
0.00974693
0.0100672
0.0103933
0.0107254
0.0110634
0.0114073
0.0117572
0.0121131
0.012475
0.012843
0.0132171
0.0135972
0.0139834
0.0143758
0.0147743
0.0151789
0.0155897
0.0160067
0.0164298
0.0168592
0.0172947
0.0177364
0.0181843
0.0186384
0.0190987
0.0195652
0.0200379
0.0205167
0.0210017
0.0214929
0.0219903
0.0224937
0.0230033
0.023519
0.0240407
0.0245685
0.0251024
0.0256422
0.026188
0.0267397
0.0272973
0.0278608
0.0284301
0.0290052
0.029586
0.0301725
0.0307647
0.0313624
0.0319656
0.0325743
0.0331885
0.0338079
0.0344326
0.0350626
0.0356976
0.0363377
0.0369828
0.0376327
0.0382874
0.0389469
0.039611
0.0402795
0.0409525
0.0416299
0.0423114
0.042997
0.0436866
0.0443801
0.0450773
0.0457782
0.0464825
0.0471902
0.0479011
0.0486152
0.0493321
0.0500519
0.0507743
0.0514993
0.0522265
0.052956
0.0536874
0.0544208
0.0551558
0.0558922
0.0566301
0.057369
0.0581089
0.0588496
0.0595908
0.0603324
0.0603324
0.0610742
0.0618159
0.0625575
0.0632985
0.0640389
0.0647784
0.0655168
0.0662538
0.0669893
0.067723
0.0684547
0.0691842
0.0699111
0.0706353
0.0713565
0.0720745
0.072789
0.0734998
0.0742065
0.0749091
0.0756071
0.0763004
0.0769887
0.0776716
0.078349
0.0790207
0.0796862
0.0803454
0.0809979
0.0816436
0.0822821
0.0829132
0.0835366
0.0841521
0.0847593
0.085358
0.0859479
0.0865288
0.0871004
0.0876624
0.0882146
0.0887568
0.0892885
0.0898097
0.09032
0.0908192
0.091307
0.0917833
0.0922476
0.0926999
0.0931399
0.0935674
0.093982
0.0943837
0.0947721
0.0951472
0.0955086
0.0958561
0.0961897
0.096509
0.0968139
0.0971043
0.0973799
0.0976406
0.0978863
0.0981167
0.0983318
0.0985314
0.0987154
0.0988836
0.099036
0.0991725
0.0992929
0.0993972
0.0994853
0.0995571
0.0996126
0.0996517
0.0996744
0.0996807
0.0996704
0.0996437
0.0996005
0.0995408
0.0994646
0.099372
0.099263
0.0991375
0.0989958
0.0988378
0.0986636
0.0984732
0.0982669
0.0980446
0.0978065
0.0975527
0.0972833
0.0969984
0.0966983
0.096383
0.0960526
0.0957074
0.0953476
0.0949733
0.0945846
0.0941819
0.0937652
0.0933349
0.0928911
0.092434
0.0919639
0.091481
0.0909856
0.0904778
0.089958
0.0894263
0.0888832
0.0883287
0.0877632
0.0871869
0.0866002
0.0860033
0.0853965
0.08478
0.0841541
0.0835192
0.0828756
0.0822234
0.081563
0.0808947
0.0802188
0.0795356
0.0788453
0.0781483
0.0774448
0.0767352
0.0760197
0.0752987
0.0745723
0.073841
0.0731049
0.0723644
0.0716197
0.0708712
0.070119
0.0693635
0.068605
0.0678437
0.0670798
0.0663137
0.0655456
0.0647757
0.0640043
0.0632317
0.0624581
0.0616836
0.0609086
0.0601333
0.0593579
0.0585826
0.0578077
0.0570333
0.0562597
0.0554871
0.0547156
0.0539455
0.0531769
0.05241
0.0516451
0.0508822
0.0501216
0.0493634
0.0486078
0.0478553
0.0471056
0.0463589
0.0456154
0.0448752
0.0441384
0.0434052
0.0426757
0.04195
0.0412282
0.0405105
0.039797
0.0390877
0.0383827
0.0376823
0.0369864
0.0362951
0.0356086
0.0349268
0.03425
0.0335781
0.0329113
0.0322495
0.0315929
0.0309416
0.0302955
0.0296548
0.0290194
0.0283895
0.0277651
0.0271462
0.0265328
0.0259251
0.025323
0.0247266
0.0241358
0.0235508
0.0229716
0.0223981
0.0218304
0.0212685
0.0207125
0.0201623
0.0196179
0.0190794
0.0185468
0.01802
0.0174992
0.0169842
0.0164751
0.0159719
0.0154746
0.0149831
0.0144975
0.0140179
0.013544
0.0130761
0.0126139
0.0121576
0.0117072
0.0112625
0.0108236
0.0103905
0.00996321
0.00954163
0.00912578
0.00871563
0.00831117
0.00791237
0.00751923
0.0071317
0.00674977
0.00637342
0.00600262
0.00563734
0.00527756
0.00492325
0.00457439
0.00423095
0.00389289
0.0035602
0.00323283
0.00291077
0.00259397
0.00228242
0.00197607
0.0016749
0.00137887
0.00108796
0.00080212
0.000521329
0.00024555
-2.52509e-05
-0.000291109
-0.000552058
-0.000808133
-0.00105937
-0.0013058
-0.00154747
-0.0017844
-0.00201665
-0.00224423
-0.00246719
-0.00268557
-0.0028994
-0.00310872
-0.00331358
-0.003514
-0.00371002
-0.00390169
-0.00408905
-0.00427212
-0.00445096
-0.0046256
-0.00479608
-0.00496244
-0.00512472
-0.00528296
-0.0054372
-0.00558748
-0.00573385
-0.00587634
-0.00601499
-0.00614985
-0.00628096
-0.00640836
-0.00653209
-0.00665219
-0.00676871
-0.00688169
-0.00699116
-0.00709718
-0.00719979
-0.00729903
-0.00739493
-0.00748756
-0.00757694
-0.00766313
-0.00774617
-0.00782609
-0.00790296
-0.0079768
-0.00804767
-0.00811561
-0.00818066
-0.00824287
-0.00830229
-0.00835895
-0.00841292
-0.00846422
-0.00851291
-0.00855903
-0.00860263
-0.00864375
-0.00868245
-0.00871876
-0.00875274
-0.00878443
-0.00881387
-0.00884112
-0.00886622
-0.00888921
-0.00891016
-0.00892909
-0.00894606
-0.00896112
-0.00897431
-0.00898569
-0.00899529
-0.00900317
-0.00900938
-0.00901396
-0.00901695
-0.00901842
-0.0090184
-0.00901694
-0.00901409
-0.0090099
-0.00900442
-0.0089977
-0.00898977
-0.00898069
-0.00897052
-0.00895928
-0.00894704
-0.00893384
-0.00891973
-0.00890475
-0.00888895
-0.00887238
-0.00885509
-0.00883712
-0.00881852
-0.00879934
-0.00877962
-0.00875941
-0.00873876
-0.00871771
-0.0086963
-0.00867459
-0.00865261
-0.00863042
-0.00860805
-0.00858556
-0.00856298
-0.00854037
-0.00851775
-0.00849519
-0.00847272
-0.00845038
-0.00842822
-0.00840627
-0.00838459
-0.00836321
-0.00834217
-0.00832151
-0.00830128
-0.00828151
-0.00826224
-0.00824351
-0.00822537
-0.00820784
-0.00819096
-0.00817478
-0.00815932
-0.00814463
-0.00813074
-0.00811769
-0.0081055
-0.00809421
-0.00808386
-0.00807448
-0.0080661
-0.00805875
-0.00805246
-0.00804726
-0.00804318
-0.00804026
-0.00803851
-0.00803796
-0.00803865
-0.00804059
-0.00804382
-0.00804835
-0.00805422
-0.00806144
-0.00807003
-0.00808002
-0.00809143
-0.00810427
-0.00811858
-0.00813435
-0.00815162
-0.0081704
-0.0081907
-0.00821254
-0.00823594
-0.0082609
-0.00828743
-0.00831556
-0.00834529
-0.00837663
-0.00840959
-0.00844417
-0.00848039
-0.00851825
-0.00855775
-0.0085989
-0.0086417
-0.00868616
-0.00873227
-0.00878004
-0.00882946
-0.00888054
-0.00893327
-0.00898765
-0.00904367
-0.00910133
-0.00916062
-0.00922154
-0.00928408
-0.00934822
-0.00941396
-0.00948129
-0.0095502
-0.00962066
-0.00969268
-0.00976622
-0.00984129
-0.00991786
-0.00999591
-0.0100754
-0.0101564
-0.0102388
-0.0103226
-0.0104077
-0.0104943
-0.0105821
-0.0106713
-0.0107617
-0.0108535
-0.0109464
-0.0110405
-0.0111358
-0.0112323
-0.0113298
-0.0114285
-0.0115281
-0.0116288
-0.0117305
-0.0118331
-0.0119366
-0.0120409
-0.0121461
-0.0122521
-0.0123588
-0.0124662
-0.0125743
-0.0126831
-0.0127924
-0.0129022
-0.0130126
-0.0131234
-0.0132346
-0.0133461
-0.013458
-0.0135702
-0.0136825
-0.0137951
-0.0139077
-0.0140204
-0.0141332
-0.0142459
-0.0143585
-0.014471
-0.0145833
-0.0146954
-0.0148072
-0.0149186
-0.0150297
-0.0151402
-0.0152503
-0.0153598
-0.0154686
-0.0155768
-0.0156843
-0.0157909
-0.0158967
-0.0160016
-0.0161055
-0.0162084
-0.0163102
-0.0164109
-0.0165103
-0.0166085
-0.0167053
-0.0168008
-0.0168948
-0.0169874
-0.0170783
-0.0171676
-0.0172553
-0.0173412
-0.0174252
-0.0175074
-0.0175877
-0.017666
-0.0177422
-0.0178163
-0.0178883
-0.017958
-0.0180254
-0.0180904
-0.0181531
-0.0182132
-0.0182708
-0.0183258
-0.0183782
-0.0184278
-0.0184747
-0.0185187
-0.0185598
-0.018598
-0.0186331
-0.0186652
-0.0186941
-0.0187199
-0.0187424
-0.0187616
-0.0187775
-0.0187899
-0.0187989
-0.0188043
-0.0188062
-0.0188044
-0.018799
-0.0187898
-0.0187768
-0.01876
-0.0187393
-0.0187146
-0.0186859
-0.0186532
-0.0186164
-0.0185755
-0.0185304
-0.018481
-0.0184274
-0.0183695
-0.0183071
-0.0182404
-0.0181692
-0.0180935
-0.0180133
-0.0179285
-0.0178391
-0.017745
-0.0176462
-0.0175427
-0.0174345
-0.0173214
-0.0172035
-0.0170808
-0.0169531
-0.0168206
-0.016683
-0.0165405
-0.016393
-0.0162404
-0.0160828
-0.0159201
-0.0157523
-0.0155793
-0.0154012
-0.015218
-0.0150295
-0.0148358
-0.014637
-0.0144328
-0.0142235
-0.0140088
-0.0137889
-0.0135637
-0.0133333
-0.0130975
-0.0128564
-0.01261
-0.0123583
-0.0121013
-0.011839
-0.0115714
-0.0112985
-0.0110202
-0.0107367
-0.0104479
-0.0101537
-0.00985435
-0.00954969
-0.00923978
-0.00892463
-0.00860425
-0.00827867
-0.00794789
-0.00761193
-0.00727082
-0.00692552
-0.00657515
-0.00621971
-0.0058592
-0.00549362
-0.005123
-0.00474734
-0.00436666
-0.003981
-0.00359038
-0.00319483
-0.00279438
-0.00238908
-0.00197896
-0.00156406
-0.00114443
-0.000720118
-0.000291165
0.000142376
0.000580456
0.00102302
0.00147002
0.0019214
0.00237709
0.00283705
0.00330122
0.00376953
0.00424192
0.00471834
0.00519872
0.005683
0.0061711
0.00666298
0.00715855
0.00765776
0.00816053
0.0086668
0.0091765
0.00968955
0.0102059
0.0107254
0.0112481
0.0117739
0.0123026
0.0128343
0.0133688
0.0139061
0.0144461
0.0149887
0.0155338
0.0160814
0.0166314
0.0171836
0.0177381
0.0182948
0.0188535
0.0194142
0.0199768
0.0205412
0.0211074
0.0216752
0.0222446
0.0228155
0.0233878
0.0239615
0.0245364
0.0251125
0.0256896
0.0262678
0.0268468
0.0274268
0.0280074
0.0285888
0.0291707
0.0297531
0.030336
0.0309192
0.0315027
0.0320863
0.03267
0.0332538
0.0338375
0.034421
0.0350043
0.0355873
0.0361699
0.036752
0.0373336
0.0379145
0.0384947
0.0390742
0.0396527
0.0402304
0.040807
0.0413825
0.0419568
0.0425299
0.0431017
0.0436721
0.044241
0.0448083
0.045374
0.0459381
0.0465004
0.0470608
0.0476193
0.0481759
0.0487304
0.0492829
0.0498331
0.0503811
0.0509268
0.0514701
0.052011
0.0525493
0.0530851
0.0536183
0.0541488
0.0546765
0.0552015
0.0557235
0.0562426
0.0567588
0.0572719
0.0577819
0.0582887
0.0587924
0.0592928
0.0597898
0.0602836
0.0607738
0.0612607
0.061744
0.0622237
0.0626999
0.0631724
0.0636411
0.0641062
0.0645674
0.0650248
0.0654783
0.0659279
0.0663735
0.0668151
0.0672527
0.0676862
0.0681156
0.0685408
0.0689618
0.0693786
0.0697911
0.0701993
0.0706032
0.0710027
0.0713978
0.0717885
0.0721747
0.0725564
0.0729336
0.0733062
0.0736743
0.0740377
0.0743965
0.0747507
0.0751001
0.0754448
0.0757848
0.07612
0.0764505
0.0767761
0.0770968
0.0774128
0.0777238
0.0780299
0.0783312
0.0786274
0.0789187
0.0792051
0.0794864
0.0797627
0.080034
0.0803002
0.0805614
0.0808174
0.0810684
0.0813142
0.0815549
0.0817904
0.0820208
0.082246
0.082466
0.0826808
0.0828904
0.0830947
0.0832938
0.0834876
0.0836762
0.0838594
0.0840374
0.08421
0.0843773
0.0845393
0.084696
0.0848472
0.0849932
0.0851337
0.0852689
0.0853986
0.085523
0.0856419
0.0857554
0.0858635
0.0859661
0.0860633
0.086155
0.0862412
0.086322
0.0863972
0.086467
0.0865313
0.08659
0.0866433
0.086691
0.0867332
0.0867698
0.0868009
0.0868264
0.0868464
0.0868608
0.0868696
0.0868729
0.0868706
0.0868626
0.0868491
0.08683
0.0868052
0.0867749
0.0867389
0.0866973
0.0866501
0.0865972
0.0865387
0.0864746
0.0864048
0.0863294
0.0862483
0.0861616
0.0860692
0.0859711
0.0858674
0.085758
0.0856429
0.0855222
0.0853958
0.0852638
0.085126
0.0849826
0.0848336
0.0846788
0.0845184
0.0843523
0.0841806
0.0840032
0.0838201
0.0836313
0.083437
0.0832369
0.0830312
0.0828199
0.0826029
0.0823803
0.0821521
0.0819182
0.0816788
0.0814337
0.081183
0.0809268
0.0806649
0.0803975
0.0801246
0.079846
0.079562
0.0792724
0.0789774
0.0786768
0.0783708
0.0780593
0.0777423
0.0774199
0.0770921
0.0767589
0.0764204
0.0760765
0.0757272
0.0753727
0.0750128
0.0746477
0.0742773
0.0739018
0.073521
0.0731351
0.0727441
0.0723479
0.0719467
0.0715404
0.0711291
0.0707129
0.0702917
0.0698656
0.0694346
0.0689988
0.0685582
0.0681128
0.0676627
0.067208
0.0667486
0.0662846
0.0658161
0.0653431
0.0648656
0.0643837
0.0638975
0.0634069
0.0629121
0.0624131
0.06191
0.0614028
0.0608915
0.0603762
0.0598571
0.059334
0.0588072
0.0582766
0.0577423
0.0572045
0.056663
0.0561181
0.0555698
0.0550181
0.0544631
0.053905
0.0533436
0.0527793
0.0522119
0.0516416
0.0510684
0.0504925
0.0499139
0.0493327
0.0487489
0.0481627
0.0475741
0.0469832
0.0463901
0.0457949
0.0451977
0.0445984
0.0439973
0.0433945
0.0427899
0.0421837
0.041576
0.0409668
0.0403564
0.0397446
0.0391317
0.0385178
0.0379028
0.037287
0.0366704
0.0360531
0.0354351
0.0348167
0.0341979
0.0335787
0.0329593
0.0323398
0.0317202
0.0311007
0.0304814
0.0298623
0.0292435
0.0286252
0.0280075
0.0273903
0.0267739
0.0261584
0.0255437
0.0249301
0.0243175
0.0237062
0.0230962
0.0224875
0.0218803
0.0212748
0.0206708
0.0200687
0.0194684
0.01887
0.0182736
0.0176794
0.0170874
0.0164977
0.0159103
0.0153255
0.0147431
0.0141634
0.0135864
0.0130123
0.012441
0.0118726
0.0113073
0.0107451
0.0101861
0.0096304
0.00907801
0.00852903
0.00798353
0.0074416
0.00690328
0.00636866
0.00583779
0.00531074
0.00478758
0.00426837
0.00375316
0.00324201
0.00273499
0.00223214
0.00173353
0.0012392
0.000749203
0.000263591
-0.000217589
-0.000694292
-0.00116647
-0.00163409
-0.0020971
-0.00255547
-0.00300915
-0.00345812
-0.00390234
-0.00434177
-0.00477639
-0.00520616
-0.00563106
-0.00605106
-0.00646615
-0.00687629
