1.11022e-16
0.00037725
0.000435113
0.000494599
0.000556907
0.000556907
0.000622883
0.000693178
0.000768295
0.000848627
0.000934471
0.00102604
0.00112349
0.00122691
0.00133633
0.00145174
0.00157313
0.00170041
0.00183351
0.00197232
0.00211671
0.00226658
0.00242178
0.00258218
0.00274764
0.00291804
0.00309323
0.0032731
0.00345751
0.00364636
0.00383954
0.00403694
0.00423848
0.00444408
0.00465366
0.00486715
0.0050845
0.00530567
0.00553061
0.00575931
0.00599173
0.00622786
0.00646771
0.00671128
0.00695858
0.00720964
0.00746447
0.00772312
0.00798561
0.00822845
0.00847585
0.00872776
0.00898414
0.00924494
0.00951014
0.00977971
0.0100536
0.0103318
0.0106143
0.0109011
0.0111922
0.0114875
0.011787
0.0120908
0.0123987
0.0127109
0.0130273
0.0133479
0.0136726
0.0140016
0.0143346
0.0146719
0.0150133
0.0153588
0.0157085
0.0160622
0.0164201
0.016782
0.0171479
0.0175179
0.0178918
0.0182698
0.0186516
0.0190374
0.019427
0.0198204
0.0202176
0.0206185
0.0210231
0.0214313
0.021843
0.0222583
0.0226769
0.023099
0.0235243
0.0239528
0.0243844
0.0248191
0.0252567
0.0256972
0.0261404
0.0265862
0.0270346
0.0274855
0.0279386
0.028394
0.0288514
0.0293108
0.0297721
0.030235
0.0306994
0.0311653
0.0316324
0.0321007
0.0325699
0.03304
0.0335107
0.0339818
0.0344534
0.034925
0.0353967
0.0358682
0.0363394
0.03681
0.0372799
0.0377488
0.0382168
0.0386834
0.0391486
0.0396121
0.0400738
0.0405335
0.0409909
0.0414459
0.0418983
0.0423478
0.0427944
0.0432377
0.0436776
0.0441139
0.0445464
0.0449749
0.0453992
0.045819
0.0462343
0.0466447
0.0470502
0.0474505
0.0478453
0.0482347
0.0486182
0.0489959
0.0493673
0.0497325
0.0500912
0.0504432
0.0507884
0.0511266
0.0514576
0.0517813
0.0520975
0.052406
0.0527067
0.0529994
0.053284
0.0535604
0.0538285
0.054088
0.0543389
0.054581
0.0548142
0.0550385
0.0552536
0.0554596
0.0556563
0.0558436
0.0560214
0.0561897
0.0563483
0.0564973
0.0566364
0.0567658
0.0568853
0.0569949
0.0570945
0.0571842
0.0572638
0.0573333
0.0573928
0.0574422
0.0574816
0.0575108
0.05753
0.057539
0.0575381
0.0575271
0.0575061
0.0574751
0.0574341
0.0573833
0.0573226
0.0572521
0.0571719
0.057082
0.0569824
0.0568734
0.0567549
0.0566269
0.0564897
0.0563433
0.0561878
0.0560232
0.0558497
0.0556674
0.0554764
0.0552769
0.0550688
0.0548524
0.0546277
0.0543949
0.0541541
0.0539055
0.0536492
0.0533852
0.0531139
0.0528352
0.0525493
0.0522564
0.0519566
0.0516501
0.051337
0.0510174
0.0506915
0.0503595
0.0500215
0.0496777
0.0493282
0.0489732
0.0486127
0.0482471
0.0478764
0.0475008
0.0471204
0.0467354
0.0463459
0.0459522
0.0455543
0.0451524
0.0447467
0.0443373
0.0439243
0.0435079
0.0430883
0.0426656
0.04224
0.0418115
0.0413804
0.0409468
0.0405108
0.0400725
0.0396321
0.0391898
0.0387456
0.0382997
0.0378522
0.0374033
0.036953
0.0365016
0.0360491
0.0355956
0.0351413
0.0346863
0.0342307
0.0337746
0.0333181
0.0328613
0.0324043
0.0319473
0.0314904
0.0310335
0.0305769
0.0301206
0.0296648
0.0292094
0.0287547
0.0283006
0.0278474
0.0273949
0.0269434
0.0264929
0.0260435
0.0255952
0.0251482
0.0247025
0.0242581
0.0238152
0.0233737
0.0229338
0.0224956
0.0220589
0.021624
0.0211909
0.0207596
0.0203302
0.0199027
0.0194772
0.0190537
0.0186322
0.0182128
0.0177955
0.0173805
0.0169676
0.0165569
0.0161485
0.0157424
0.0153386
0.0149372
0.0145381
0.0141414
0.0137472
0.0133553
0.012966
0.0125791
0.0121947
0.0118128
0.0114334
0.0110565
0.0106822
0.0103105
0.00994128
0.00957465
0.00921059
0.00884912
0.00849022
0.00813391
0.00778019
0.00742907
0.00708053
0.00673458
0.00639122
0.00605044
0.00571224
0.00537663
0.00504358
0.0047131
0.00438518
0.00405982
0.00373699
0.00341671
0.00309895
0.0027837
0.00247096
0.00216071
0.00185294
0.00154764
0.0012448
0.000944396
0.000646419
0.000350854
5.76843e-05
-0.000233105
-0.000521531
-0.000807611
-0.00109136
-0.0013728
-0.00165194
-0.00192881
-0.00220343
-0.0024758
-0.00274594
-0.00301387
-0.00327963
-0.00354323
-0.00380468
-0.00406402
-0.00432126
-0.00457643
-0.00482954
-0.00508062
-0.00532969
-0.00557677
-0.00582188
-0.00606505
-0.0063063
-0.00654566
-0.00678313
-0.00701876
-0.00725256
-0.00748455
-0.00771477
-0.00794322
-0.00816995
-0.00839496
-0.00861828
-0.00883995
-0.00905998
-0.00927839
-0.00949521
-0.00971047
-0.00992418
-0.0101364
-0.0103471
-0.0105563
-0.0107641
-0.0109705
-0.0111755
-0.0113791
-0.0115813
-0.0117822
-0.0119819
-0.0121802
-0.0123773
-0.0125732
-0.0127679
-0.0129613
-0.0131537
-0.0133449
-0.013535
-0.0137239
-0.0139119
-0.0140988
-0.0142846
-0.0144695
-0.0146534
-0.0148364
-0.0150184
-0.0151995
-0.0153797
-0.0155591
-0.0157376
-0.0159153
-0.0160922
-0.0162683
-0.0164437
-0.0166183
-0.0167923
-0.0169655
-0.017138
-0.0173099
-0.0174811
-0.0176518
-0.0178218
-0.0179913
-0.0181601
-0.0183285
-0.0184963
-0.0186636
-0.0188304
-0.0189967
-0.0191626
-0.019328
-0.019493
-0.0196576
-0.0198218
-0.0199856
-0.0201491
-0.0203122
-0.0204749
-0.0206373
-0.0207995
-0.0209613
-0.0211228
-0.021284
-0.021445
-0.0216057
-0.0217662
-0.0219265
-0.0220865
-0.0222463
-0.0224059
-0.0225653
-0.0227245
-0.0228835
-0.0230424
-0.0232011
-0.0233596
-0.023518
-0.0236762
-0.0238343
-0.0239922
-0.02415
-0.0243077
-0.0244653
-0.0246227
-0.02478
-0.0249371
-0.0250942
-0.0252511
-0.0254079
-0.0255645
-0.0257211
-0.0258775
-0.0260338
-0.0261899
-0.0263459
-0.0265018
-0.0266576
-0.0268132
-0.0269686
-0.0271239
-0.027279
-0.027434
-0.0275888
-0.0277434
-0.0278978
-0.028052
-0.028206
-0.0283597
-0.0285133
-0.0286666
-0.0288196
-0.0289724
-0.0291249
-0.0292771
-0.029429
-0.0295806
-0.0297319
-0.0298828
-0.0300333
-0.0301835
-0.0303333
-0.0304826
-0.0306315
-0.03078
-0.0309281
-0.0310756
-0.0312226
-0.0313691
-0.0315151
-0.0316605
-0.0318053
-0.0319495
-0.0320931
-0.032236
-0.0323783
-0.0325199
-0.0326607
-0.0328008
-0.0329401
-0.0330786
-0.0332163
-0.0333532
-0.0334892
-0.0336242
-0.0337584
-0.0338916
-0.0340238
-0.034155
-0.0342852
-0.0344143
-0.0345423
-0.0346692
-0.0347949
-0.0349194
-0.0350428
-0.0351648
-0.0352856
-0.0354051
-0.0355233
-0.03564
-0.0357554
-0.0358693
-0.0359818
-0.0360927
-0.0362021
-0.03631
-0.0364162
-0.0365208
-0.0366237
-0.0367249
-0.0368244
-0.0369221
-0.037018
-0.0371121
-0.0372042
-0.0372945
-0.0373828
-0.0374691
-0.0375534
-0.0376356
-0.0377158
-0.0377938
-0.0378696
-0.0379432
-0.0380146
-0.0380838
-0.0381506
-0.038215
-0.0382771
-0.0383368
-0.038394
-0.0384487
-0.0385009
-0.0385505
-0.0385975
-0.0386418
-0.0386835
-0.0387225
-0.0387587
-0.0387922
-0.0388228
-0.0388505
-0.0388754
-0.0388973
-0.0389163
-0.0389323
-0.0389452
-0.038955
-0.0389618
-0.0389654
-0.0389658
-0.038963
-0.0389569
-0.0389476
-0.038935
-0.038919
-0.0388996
-0.0388768
-0.0388505
-0.0388207
-0.0387875
-0.0387506
-0.0387102
-0.0386662
-0.0386185
-0.0385671
-0.038512
-0.0384531
-0.0383905
-0.0383241
-0.0382538
-0.0381797
-0.0381016
-0.0380197
-0.0379337
-0.0378438
-0.0377499
-0.0376519
-0.0375498
-0.0374437
-0.0373334
-0.0372189
-0.0371003
-0.0369775
-0.0368505
-0.0367191
-0.0365836
-0.0364437
-0.0362994
-0.0361509
-0.0359979
-0.0358406
-0.0356788
-0.0355126
-0.0353419
-0.0351668
-0.0349872
-0.034803
-0.0346143
-0.0344211
-0.0342232
-0.0340208
-0.0338138
-0.0336022
-0.0333827
-0.033159
-0.0329311
-0.032699
-0.0324624
-0.0322215
-0.0319762
-0.0317264
-0.0314721
-0.0312132
-0.0309497
-0.0306817
-0.030409
-0.0301316
-0.0298496
-0.0295628
-0.0292713
-0.0289751
-0.0286741
-0.0283683
-0.0280577
-0.0277424
-0.0274222
-0.0270972
-0.0267674
-0.0264328
-0.0260934
-0.0257491
-0.0254
-0.0250461
-0.0246873
-0.0243238
-0.0239554
-0.0235822
-0.0232042
-0.0228214
-0.0224338
-0.0220415
-0.0216443
-0.0212425
-0.0208359
-0.0204245
-0.0200085
-0.0195877
-0.0191623
-0.0187322
-0.0182975
-0.0178582
-0.0174143
-0.0169658
-0.0165127
-0.0160551
-0.015593
-0.0151264
-0.0146554
-0.0141799
-0.0137001
-0.0132158
-0.0127272
-0.0122344
-0.0117372
-0.0112357
-0.0107301
-0.0102202
-0.00970626
-0.00918815
-0.00866596
-0.00813972
-0.00760947
-0.00707525
-0.00653709
-0.00599504
-0.00544913
-0.00489941
-0.00434591
-0.00378868
-0.00322775
-0.00266318
-0.00209501
-0.00152327
-0.000948022
-0.000369304
0.000212837
0.000798354
0.0013872
0.00197932
0.00257468
0.00317321
0.00377488
0.00437963
0.0049874
0.00559818
0.00621188
0.00682846
0.00744786
0.00807003
0.00869491
0.00932245
0.0099526
0.0105853
0.0112205
0.0118581
0.0124981
0.0131404
0.013785
0.0144318
0.0150808
0.0157318
0.0163848
0.0170399
0.0176968
0.0183556
0.0190161
0.0196784
0.0203424
0.0210079
0.021675
0.0223436
0.0230136
0.0236849
0.0243575
0.0250313
0.0257063
0.0263824
0.0270595
0.0277376
0.0284166
0.0290964
0.029777
0.0304583
0.0311402
0.0318227
0.0325057
0.0331892
0.033873
0.0345571
0.0352415
0.0359261
0.0366107
0.0372954
0.0379801
0.0386647
0.0393492
0.0400334
0.0407173
0.0414009
0.042084
0.0427666
0.0434487
0.0441302
0.044811
0.045491
0.0461702
0.0468485
0.0475258
0.0482021
0.0488773
0.0495513
0.0502242
0.0508957
0.0515658
0.0522346
0.0529018
0.0535675
0.0542315
0.0548939
0.0555545
0.0562132
0.0568701
0.057525
0.0581778
0.0588286
0.0594772
0.0601236
0.0607677
0.0614095
0.0620488
0.0626856
0.0633199
0.0639515
0.0645805
0.0652067
0.0658301
0.0664506
0.0670681
0.0676826
0.0682941
0.0689024
0.0695075
0.0701093
0.0707078
0.0713028
0.0718944
0.0724824
0.0730669
0.0736476
0.0742247
0.0747979
0.0753673
0.0759327
0.0764941
0.0770515
0.0776048
0.0781538
0.0786986
0.0792391
0.0797751
0.0803067
0.0808338
0.0813563
0.0818742
0.0823873
0.0828957
0.0833992
0.0838978
0.0843913
0.0848799
0.0853633
0.0858416
0.0863146
0.0867823
0.0872446
0.0877014
0.0881527
0.0885985
0.0890386
0.089473
0.0899016
0.0903244
0.0907412
0.091152
0.0915568
0.0919555
0.092348
0.0927342
0.0931141
0.0934876
0.0938547
0.0942152
0.0945691
0.0949164
0.0952569
0.0955906
0.0959175
0.0962374
0.0965503
0.0968561
0.0971548
0.0974463
0.0977304
0.0980073
0.0982767
0.0985386
0.098793
0.0990397
0.0992787
0.09951
0.0997335
0.099949
0.100157
0.100356
0.100548
0.100731
0.100906
0.101073
0.101231
0.101381
0.101522
0.101655
0.101779
0.101895
0.102001
0.102099
0.102188
0.102268
0.102339
0.102401
0.102454
0.102497
0.102531
0.102556
0.102572
0.102578
0.102574
0.102561
0.102538
0.102506
0.102463
0.102411
0.102349
0.102278
0.102196
0.102104
0.102002
0.10189
0.101767
0.101635
0.101492
0.101339
0.101175
0.101001
0.100817
0.100622
0.100416
0.1002
0.0999735
0.0997361
0.099488
0.0992292
0.0989596
0.0986792
0.0983879
0.0980858
0.0977729
0.097449
0.0971142
0.0967684
0.0964116
0.0960439
0.0956652
0.0952754
0.0948747
0.0944629
0.09404
0.0936061
0.0931611
0.0927051
0.092238
0.0917599
0.0912708
0.0907706
0.0902594
0.0897371
0.0892039
0.0886597
0.0881045
0.0875384
0.0869614
0.0863735
0.0857747
0.0851652
0.0845448
0.0839137
0.0832719
0.0826194
0.0819564
0.0812827
0.0805985
0.0799039
0.0791989
0.0784835
0.0777579
0.0770221
0.0762761
0.07552
0.074754
0.073978
0.0731923
0.0723967
0.0715915
0.0707768
0.0699525
0.0691189
0.068276
0.0674239
0.0665628
0.0656927
0.0648137
0.063926
0.0630296
0.0621248
0.0612116
0.0602901
0.0593605
0.0584229
0.0574775
0.0565243
0.0555636
0.0545954
0.0536199
0.0526373
0.0516477
0.0506513
0.0496482
0.0486386
0.0476226
0.0466004
0.0455722
0.0445381
0.0434984
0.0424532
0.0414026
0.0403469
0.0392862
0.0382207
0.0371507
0.0360762
0.0349975
0.0339148
0.0328282
0.031738
0.0306444
0.0295475
0.0284476
0.0273449
0.0262395
0.0251317
0.0240217
0.0229097
0.0217959
0.0206805
0.0195637
0.0184458
0.0173269
0.0162074
0.0150873
0.0139669
0.0128464
0.0117261
0.0106061
0.00948677
0.00836821
0.00725068
0.0061344
0.00501958
0.00390646
0.00279525
0.00168618
0.000579465
-0.000524673
-0.00162601
-0.00272433
-0.00381941
-0.00491103
-0.00599897
-0.00708301
-0.00816294
-0.00923853
-0.0103096
-0.0113759
-0.0124372
-0.0134933
-0.014544
-0.0155891
-0.0166283
-0.0176616
-0.0186886
-0.0197092
-0.0207231
-0.0217301
-0.0227302
-0.023723
-0.0247083
-0.025686
-0.0266559
-0.0276178
-0.0285715
-0.0295168
-0.0304535
-0.0313815
-0.0323005
-0.0332104
-0.0341111
-0.0350023
-0.035884
-0.0367558
-0.0376177
-0.0384695
-0.039311
-0.0401422
-0.0409628
-0.0417727
-0.0425717
-0.0433597
-0.0441367
-0.0449023
-0.0456566
-0.0463994
-0.0471305
-0.0478498
-0.0485573
-0.0492528
-0.0499362
-0.0506074
-0.0512662
-0.0519127
-0.0525466
-0.053168
-0.0537766
-0.0543725
-0.0549555
-0.0555256
-0.0560827
-0.0566268
-0.0571577
-0.0576754
-0.0581798
-0.058671
-0.0591488
-0.0596132
-0.0600641
-0.0605016
-0.0609255
-0.0613359
-0.0617327
-0.062116
-0.0624856
-0.0628416
-0.0631839
-0.0635126
-0.0638277
-0.0641291
-0.0644169
-0.064691
-0.0649515
-0.0651985
-0.0654318
-0.0656516
-0.0658578
-0.0660506
-0.0662299
-0.0663958
-0.0665482
-0.0666874
-0.0668133
-0.0669259
-0.0670254
-0.0671118
-0.0671851
-0.0672454
-0.0672928
-0.0673274
-0.0673492
-0.0673584
-0.0673549
-0.067339
-0.0673106
-0.0672699
-0.067217
-0.0671519
-0.0670748
-0.0669858
-0.066885
-0.0667724
-0.0666483
-0.0665127
-0.0663657
-0.0662075
-0.0660382
-0.0658579
-0.0656667
-0.0654647
-0.0652522
-0.0650292
-0.0647959
-0.0645524
-0.0642988
-0.0640353
-0.063762
-0.0634791
-0.0631867
-0.062885
-0.0625741
-0.0622542
-0.0619254
-0.0615879
-0.0612418
-0.0608874
-0.0605246
-0.0601538
-0.059775
-0.0593885
-0.0589943
-0.0585927
-0.0581838
-0.0577678
-0.0573449
-0.0569151
-0.0564788
-0.056036
-0.0555868
-0.0551316
-0.0546704
-0.0542034
-0.0537308
-0.0532528
-0.0527695
-0.052281
-0.0517876
-0.0512895
-0.0507867
-0.0502795
-0.049768
-0.0492524
-0.0487328
-0.0482095
-0.0476826
-0.0471522
-0.0466186
-0.0460819
-0.0455422
-0.0449997
-0.0444546
-0.0439071
-0.0433572
-0.0428053
-0.0422513
-0.0416956
-0.0411381
-0.0405792
-0.040019
-0.0394575
-0.0388951
-0.0383317
-0.0377676
-0.037203
-0.0366379
-0.0360726
-0.0355072
-0.0349417
-0.0343765
-0.0338115
-0.033247
-0.0326831
-0.03212
-0.0315577
-0.0309964
-0.0304363
-0.0298775
-0.0293202
-0.0287643
-0.0282102
-0.0276579
-0.0271075
-0.0265593
-0.0260132
-0.0259789
-0.0259789
-0.0254793
-0.024946
-0.0244147
-0.0238853
-0.0233582
-0.0228333
-0.022311
-0.0217912
-0.0212741
-0.02076
-0.0202488
-0.0197407
-0.019236
-0.0187346
-0.0182367
-0.0177425
-0.0172521
-0.0167655
-0.0162829
-0.0158045
-0.0153303
-0.0148604
-0.0143949
-0.013934
-0.0134778
-0.0130263
-0.0125797
-0.0121379
-0.0117013
-0.0112697
-0.0108434
-0.0104224
-0.0100067
-0.00959657
-0.00919193
-0.00879292
-0.0083996
-0.00801205
-0.00763034
-0.00725453
-0.00688469
-0.00652089
-0.00616317
-0.00581161
-0.00546626
-0.00512716
-0.00479438
-0.00446797
-0.00414796
-0.00383441
-0.00352736
-0.00322684
-0.00293291
-0.00264559
-0.00236492
-0.00209093
-0.00182365
-0.00156311
-0.00130934
-0.00106236
-0.000822186
-0.000588845
-0.000362354
-0.000142727
7.00218e-05
0.000275881
0.000474841
0.000666894
0.000852035
0.00103026
0.00120157
0.00136596
0.00152343
0.001674
0.00181766
0.00195443
0.00208431
0.00220731
0.00232346
0.00243276
0.00253524
0.00263091
0.00271979
0.00280192
0.0028773
0.00294598
0.00300797
0.00306332
0.00311204
0.00315419
0.00318978
0.00321886
0.00324147
0.00325765
0.00326745
0.00327089
0.00326804
0.00325894
0.00324364
0.00322219
0.00319464
0.00316105
0.00312147
0.00307595
0.00302457
0.00296737
0.00290442
0.00283578
0.00276152
0.0026817
0.00259639
0.00250565
0.00240956
0.00230819
0.00220162
0.0020899
0.00197313
0.00185137
0.0017247
0.0015932
0.00145696
0.00131604
0.00117054
0.00102054
0.000866114
0.000707354
0.000544345
0.000377174
0.000205927
3.06945e-05
-0.000148435
-0.000331371
-0.000518023
-0.000708299
-0.000902106
-0.00109935
-0.00129994
-0.00150378
-0.00171077
-0.00192082
-0.00213384
-0.00234972
-0.00256837
-0.00278969
-0.00301358
-0.00323994
-0.00346868
-0.0036997
-0.00393289
-0.00416816
-0.00440541
-0.00464453
-0.00488543
-0.00512801
-0.00537216
-0.00561778
-0.00586478
-0.00611305
-0.00636249
-0.00661301
-0.0068645
-0.00711686
-0.00736999
-0.00762379
-0.00787816
-0.008133
-0.00838822
-0.00864371
-0.00889938
-0.00915512
-0.00941084
-0.00966644
-0.00992183
-0.0101769
-0.0104316
-0.0106857
-0.0109393
-0.0111922
-0.0114443
-0.0116955
-0.0119457
-0.0121949
-0.0124429
-0.0126897
-0.0129351
-0.0131792
-0.0134217
-0.0136626
-0.0139018
-0.0141393
-0.0143749
-0.0146086
-0.0148403
-0.0150699
-0.0152973
-0.0155224
-0.0157452
-0.0159656
-0.0161835
-0.0163989
-0.0166116
-0.0168216
-0.0170288
-0.0172332
-0.0174346
-0.0176331
-0.0178285
-0.0180208
-0.0182099
-0.0183957
-0.0185783
-0.0187575
-0.0189332
-0.0191055
-0.0192742
-0.0194393
-0.0196008
-0.0197586
-0.0199126
-0.0200629
-0.0202092
-0.0203517
-0.0204902
-0.0206248
-0.0207553
-0.0208818
-0.0210041
-0.0211223
-0.0212363
-0.0213461
-0.0214517
-0.0215529
-0.0216498
-0.0217424
-0.0218307
-0.0219145
-0.0219939
-0.0220689
-0.0221394
-0.0222054
-0.0222669
-0.0223238
-0.0223763
-0.0224242
-0.0224675
-0.0225062
-0.0225404
-0.02257
-0.0225949
-0.0226153
-0.022631
-0.0226422
-0.0226487
-0.0226507
-0.022648
-0.0226407
-0.0226288
-0.0226124
-0.0225914
-0.0225657
-0.0225356
-0.0225009
-0.0224617
-0.0224179
-0.0223697
-0.022317
-0.0222598
-0.0221982
-0.0221322
-0.0220619
-0.0219871
-0.0219081
-0.0218248
-0.0217372
-0.0216453
-0.0215493
-0.0214491
-0.0213448
-0.0212364
-0.0211239
-0.0210075
-0.0208871
-0.0207628
-0.0206346
-0.0205026
-0.0203668
-0.0202273
-0.0200841
-0.0199373
-0.0197869
-0.019633
-0.0194756
-0.0193149
-0.0191508
-0.0189835
-0.0188129
-0.0186392
-0.0184623
-0.0182825
-0.0180997
-0.017914
-0.0177255
-0.0175342
-0.0173402
-0.0171437
-0.0169446
-0.016743
-0.0165391
-0.0163329
-0.0161244
-0.0159138
-0.0157011
-0.0154864
-0.0152698
-0.0150514
-0.0148312
-0.0146094
-0.014386
-0.0141611
-0.0139349
-0.0137073
-0.0134785
-0.0132486
-0.0130176
-0.0127857
-0.012553
-0.0123195
-0.0120853
-0.0118505
-0.0116153
-0.0113797
-0.0111438
-0.0109077
-0.0106715
-0.0104354
-0.0101993
-0.00996346
-0.00972792
-0.00949278
-0.00925814
-0.00902411
-0.00879079
-0.00855828
-0.00832668
-0.0080961
-0.00786663
-0.00763837
-0.00741144
-0.00718593
-0.00696195
-0.00673959
-0.00651897
-0.00630018
-0.00608333
-0.00586852
-0.00565586
-0.00544544
-0.00523737
-0.00503175
-0.00482869
-0.00462828
-0.00443063
-0.00423584
-0.004044
-0.00385523
-0.00366962
-0.00348728
-0.00330829
-0.00313276
-0.00296079
-0.00279248
-0.00262792
-0.00246721
-0.00231045
-0.00215772
-0.00200913
-0.00186478
-0.00172474
-0.00158912
-0.001458
-0.00133148
-0.00120965
-0.00109258
-0.000980384
-0.000873132
-0.000770913
-0.000673812
-0.000581912
-0.000495294
-0.00041404
-0.000338229
-0.000267941
-0.000203251
-0.000144236
-9.09703e-05
-4.35275e-05
-1.97907e-06
3.36044e-05
6.3154e-05
8.66021e-05
0.000103883
0.000114931
0.000119685
0.000118081
0.000110062
9.5567e-05
7.4541e-05
4.69284e-05
1.26758e-05
-2.82683e-05
-7.59541e-05
-0.00013043
-0.000191742
-0.000259935
-0.000335052
-0.000417135
-0.000506223
-0.000602353
-0.000705561
-0.000815882
-0.000933346
-0.00105798
-0.00118983
-0.0013289
-0.00147522
-0.00162882
-0.00178972
-0.00195793
-0.00213347
-0.00231637
-0.00250662
-0.00270424
-0.00290924
-0.00312163
-0.00334142
-0.0035686
-0.00380317
-0.00404514
-0.00429451
-0.00455126
-0.00481539
-0.0050869
-0.00536577
-0.00565199
-0.00594555
-0.00624643
-0.00655461
-0.00687006
-0.00719278
-0.00752274
-0.0078599
-0.00820424
-0.00855573
-0.00891435
-0.00928005
-0.0096528
-0.0100326
-0.0104193
-0.010813
-0.0112135
-0.011621
-0.0120352
-0.0124561
-0.0128838
-0.0133181
-0.0137591
-0.0142065
-0.0146605
-0.0151209
-0.0155876
-0.0160607
-0.01654
-0.0170255
-0.0175171
-0.0180147
-0.0185184
-0.0190279
-0.0195432
-0.0200644
-0.0205912
-0.0211236
-0.0216615
-0.0222049
-0.0227536
-0.0233077
-0.0238669
-0.0244312
-0.0250006
-0.0255749
-0.0261541
-0.026738
-0.0273266
-0.0279197
-0.0285173
-0.0291193
-0.0297256
-0.0303361
-0.0309507
-0.0315692
-0.0321916
-0.0328178
-0.0334477
-0.0340811
-0.034718
-0.0353582
-0.0360017
-0.0366483
-0.037298
-0.0379505
-0.0386059
-0.0392639
-0.0399245
-0.0405875
-0.0412528
-0.0419204
-0.0425901
-0.0432617
-0.0439352
-0.0446104
-0.0452872
-0.0459655
-0.0466451
-0.0473259
-0.0480079
-0.0486908
-0.0493746
-0.050059
-0.050744
-0.0514295
-0.0521153
-0.0528013
-0.0534873
-0.0541732
-0.0548588
-0.0555441
-0.0562289
-0.0569131
-0.0575964
-0.0582788
-0.0589602
-0.0596403
-0.060319
-0.0609963
-0.0616719
-0.0623457
-0.0630175
-0.0636873
-0.0643548
-0.0650199
-0.0656825
-0.0663424
-0.0669994
-0.0676535
-0.0683044
-0.0689519
-0.0695961
-0.0702366
-0.0708733
-0.0715061
-0.0721348
-0.0727592
-0.0733792
-0.0739947
-0.0746055
-0.0752113
-0.0758121
-0.0764077
-0.076998
-0.0775826
-0.0781616
-0.0787348
-0.0793019
-0.0798628
-0.0804173
-0.0809653
-0.0815067
-0.0820412
-0.0825687
-0.083089
-0.0836019
-0.0841073
-0.0846051
-0.085095
-0.0855769
-0.0860506
-0.086516
-0.0869729
-0.0874211
-0.0878605
-0.0882908
-0.088712
-0.0891239
-0.0895263
-0.0899191
-0.090302
-0.090675
-0.0910378
-0.0913903
-0.0917325
-0.092064
-0.0923847
-0.0926945
-0.0929933
-0.0932809
-0.0935571
-0.0938218
-0.0940748
-0.0943161
-0.0945454
-0.0947626
-0.0949676
-0.0951603
-0.0953405
-0.095508
-0.0956628
-0.0956628
-0.0958048
-0.0959337
-0.0960496
-0.0961522
-0.0962414
-0.0963172
-0.0963795
-0.0964281
-0.0964629
-0.0964838
-0.0964908
-0.0964837
-0.0964625
-0.0964271
-0.0963774
-0.0963133
-0.0962348
-0.0961418
-0.0960343
-0.0959121
-0.0957753
-0.0956237
-0.0954575
-0.0952764
-0.0950805
-0.0948698
-0.0946443
-0.0944039
-0.0941486
-0.0938785
-0.0935935
-0.0932936
-0.0929789
-0.0926494
-0.0923051
-0.0919461
-0.0915724
-0.091184
-0.090781
-0.0903634
-0.0899314
-0.089485
-0.0890242
-0.0885493
-0.0880602
-0.087557
-0.08704
-0.0865091
-0.0859645
-0.0854064
-0.0848348
-0.08425
-0.083652
-0.0830411
-0.0824173
-0.0817808
-0.0811319
-0.0804707
-0.0797974
-0.0791121
-0.0784152
-0.0777067
-0.0769869
-0.0762561
-0.0755143
-0.074762
-0.0739993
-0.0732264
-0.0724436
-0.0716511
-0.0708493
-0.0700383
-0.0692184
-0.0683899
-0.0675531
-0.0667082
-0.0658556
-0.0649954
-0.0641281
-0.0632539
-0.062373
-0.0614859
-0.0605927
-0.0596938
-0.0587895
-0.0578801
-0.056966
-0.0560473
-0.0551245
-0.0541978
-0.0532676
-0.0523342
-0.0513978
-0.0504589
-0.0495176
-0.0485744
-0.0476296
-0.0466834
-0.0457361
-0.0447882
-0.0438398
-0.0428913
-0.0419429
-0.0409951
-0.0400481
-0.0391021
-0.0381575
-0.0372146
-0.0362736
-0.0353349
-0.0343987
-0.0334652
-0.0325348
-0.0316078
-0.0306843
-0.0297646
-0.0288491
-0.0279379
-0.0270312
-0.0261294
-0.0252326
-0.0243412
-0.0234552
-0.0225749
-0.0217005
-0.0208322
-0.0199703
-0.0191149
-0.0182662
-0.0174243
-0.0165895
-0.0157619
-0.0149416
-0.0141289
-0.0133238
-0.0125266
-0.0117372
-0.010956
-0.0101829
-0.00941816
-0.0086618
-0.00791395
-0.00717471
-0.00644416
-0.00572238
-0.00500946
-0.00430546
-0.00361045
-0.00292448
-0.0022476
-0.00157988
-0.000921341
-0.00027203
0.000368024
0.000998794
0.00162026
0.00223241
0.00283522
0.0034287
0.00401284
0.00458764
0.00515312
0.00570929
0.00625615
0.00679374
0.00732208
0.0078412
0.00835112
0.00885189
0.00934355
0.00982614
0.0102997
0.0107643
0.0112199
0.0116666
0.0121044
0.0125335
0.0129538
0.0133654
0.0137684
0.0141629
0.0145489
0.0149265
0.0152958
0.0156568
0.0160097
0.0163545
0.0166913
0.0170201
0.0173412
0.0176545
0.0179601
0.0182581
0.0185487
0.0188318
0.0191077
0.0193763
0.0196378
0.0198923
0.0201398
0.0203805
0.0206144
0.0208416
0.0210623
0.0212765
0.0214843
0.0216859
0.0218812
0.0220704
0.0222537
0.022431
0.0226025
0.0227682
0.0229283
0.0230829
0.023232
0.0233758
0.0235142
0.0236475
0.0237757
0.0238989
0.0240171
0.0241306
0.0242392
0.0243432
0.0244427
0.0245376
0.0246282
0.0247144
0.0247964
0.0248742
0.0249479
0.0250176
0.0250834
0.0251453
0.0252035
0.025258
0.0253089
0.0253562
0.0254
0.0254405
0.0254776
0.0255114
0.0255421
0.0255696
0.0255941
0.0256155
0.0256341
0.0256498
0.0256627
0.0256729
0.0256803
0.0256852
0.0256875
0.0256874
0.0256847
0.0256798
0.0256724
0.0256628
0.025651
0.0256371
0.025621
0.0256028
0.0255827
0.0255606
0.0255366
0.0255107
0.025483
0.0254535
0.0254223
0.0253894
0.0253548
0.0253187
0.025281
0.0252418
0.0252012
0.0251591
0.0251156
0.0250707
0.0250245
0.0249771
0.0249283
0.0248784
0.0248273
0.024775
0.0247217
0.0246672
0.0246117
0.0245552
0.0244977
0.0244392
0.0243798
0.0243195
0.0242583
0.0241963
0.0241335
0.0240698
0.0240054
0.0239402
0.0238744
0.0238078
0.0237405
0.0236726
0.0236041
0.0235349
0.0234652
0.0233949
0.0233241
0.0232527
0.0231808
0.0231084
0.0230356
0.0229623
0.0228886
0.0228144
0.0227399
0.022665
0.0225897
0.022514
0.022438
0.0223617
0.0222851
0.0222082
0.022131
0.0220535
0.0219758
0.0218978
0.0218196
0.0217412
0.0216626
0.0215838
0.0215048
0.0214256
0.0213463
0.0212669
0.0211872
0.0211075
0.0210276
0.0209476
0.0208676
0.0207874
0.0207071
0.0206268
0.0205464
0.0204659
0.0203854
0.0203049
0.0202243
0.0201436
0.020063
0.0199823
0.0199017
0.019821
0.0197403
0.0196596
0.019579
0.0194983
0.0194177
0.0193371
0.0192565
0.019176
0.0190956
0.0190151
0.0189348
0.0188544
0.0187742
0.018694
0.0186139
0.0185338
0.0184538
0.0183739
0.0182941
0.0182143
0.0181346
0.0180551
0.0179756
0.0178962
0.0178168
0.0177376
0.0176585
0.0175795
0.0175005
0.0174217
0.0173429
0.0172643
0.0171858
0.0171073
0.017029
0.0169507
0.0168726
0.0167945
0.0167166
0.0166387
0.0165609
0.0164832
0.0164057
0.0163282
0.0162508
0.0161734
0.0160962
0.0160191
0.015942
0.015865
0.015788
0.0157112
0.0156344
0.0155577
0.015481
0.0154044
0.0153278
0.0152513
0.0151748
0.0150984
0.015022
0.0149456
0.0148692
0.0147929
0.0147165
0.0146402
0.0145639
0.0144875
0.0144112
0.0143348
0.0142584
0.014182
0.0141055
0.014029
0.0139525
0.0138758
0.0137991
0.0137223
0.0136455
0.0135685
0.0134914
0.0134143
0.013337
0.0132595
0.013182
0.0131043
0.0130264
0.0129484
0.0128702
0.0127918
0.0127132
0.0126344
0.0125554
0.0124762
0.0123967
0.012317
0.012237
0.0121568
0.0120763
0.0119955
0.0119144
0.011833
0.0117513
0.0116692
0.0115868
0.0115041
0.011421
0.0113375
0.0112537
0.0111694
0.0110847
0.0109996
0.0109141
0.0108282
0.0107417
0.0106549
0.0105675
0.0104797
0.0103913
0.0103025
0.0102131
0.0101232
0.0100328
0.00994183
0.00985029
0.00975817
0.00966547
0.00957218
0.00947828
0.00938377
0.00928864
0.00919287
0.00909646
0.0089994
0.00890168
0.00880328
0.00870421
0.00860444
0.00850398
0.00840281
0.00830092
0.00819832
0.00809498
0.0079909
0.00788608
0.0077805
0.00767416
0.00756706
0.00745918
0.00735052
0.00724108
0.00713084
0.00701981
0.00690797
0.00679533
0.00668188
0.0065676
0.00645251
0.0063366
0.00621986
0.00610229
0.00598388
0.00586464
0.00574456
0.00562365
0.00550189
0.00537929
0.00525584
0.00513156
0.00500643
0.00488046
0.00475364
0.00462598
0.00449749
0.00436815
0.00423798
0.00410697
0.00397513
0.00384247
0.00370898
0.00357466
0.00343953
0.00330359
0.00316684
0.00302929
0.00289094
0.0027518
0.00261187
0.00247117
0.00232969
0.00218745
0.00204446
0.00190072
0.00175623
0.00161102
0.00146508
0.00131843
0.00117107
0.00102302
0.00087429
0.000724884
0.000574816
0.000424097
0.000272739
0.000120751
-3.18519e-05
-0.000185059
-0.000338859
-0.000493237
-0.000648181
-0.000803679
-0.000959715
-0.00111628
-0.00127335
-0.00143093
-0.00158898
-0.00174751
-0.00190649
-0.00206592
-0.00222576
-0.00238602
-0.00254668
-0.00270771
-0.00286911
-0.00303086
-0.00319294
-0.00335535
-0.00351805
-0.00368104
-0.0038443
-0.00400782
-0.00417158
-0.00433556
-0.00449975
-0.00466413
-0.00482869
-0.00499341
-0.00515827
-0.00532326
-0.00548837
-0.00565357
-0.00581886
-0.00598422
-0.00614963
-0.00631508
-0.00648055
-0.00664603
-0.0068115
-0.00697695
-0.00714237
-0.00730774
-0.00747306
-0.00763829
-0.00780344
-0.00796849
-0.00813342
-0.00829823
-0.00846291
-0.00862743
-0.0087918
-0.00895599
-0.00912
-0.00928382
-0.00944745
-0.00961085
-0.00977405
-0.00993701
-0.0100997
-0.0102622
-0.0104244
-0.0105864
-0.0107481
-0.0109096
-0.0110707
-0.0112316
-0.0113922
-0.0115525
-0.0117125
-0.0118722
-0.0120316
-0.0121907
-0.0123496
-0.0125081
-0.0126663
-0.0128242
-0.0129794
-0.0131346
-0.0132898
-0.0134448
-0.0135998
-0.0137546
-0.0139093
-0.0140639
-0.0142184
-0.0143728
-0.014527
-0.0146811
-0.0148351
-0.0149889
-0.0151426
-0.0152961
-0.0154496
-0.0156029
-0.015756
-0.0159091
-0.016062
-0.0162149
-0.0163676
-0.0165202
-0.0166728
-0.0168253
-0.0169778
-0.0171302
-0.0172825
-0.0174349
-0.0175872
-0.0177396
-0.0178919
-0.0180443
-0.0181968
-0.0183493
-0.018502
-0.0186547
-0.0188075
-0.0189605
-0.0191137
-0.0192671
-0.0194206
-0.0195744
-0.0197285
-0.0198828
-0.0200374
-0.0201923
-0.0203475
-0.0205031
-0.0206591
-0.0208155
-0.0209723
-0.0211296
-0.0212874
-0.0214457
-0.0216045
-0.0217638
-0.0219238
-0.0220843
-0.0222455
-0.0224073
-0.0225698
-0.022733
-0.022897
-0.0230617
-0.0232271
-0.0233934
-0.0235605
-0.0237285
-0.0238973
-0.0240671
-0.0242378
-0.0244094
-0.024582
-0.0247556
-0.0249303
-0.025106
-0.0252827
-0.0254606
-0.0256396
-0.0258197
-0.026001
-0.0261834
-0.0263671
-0.026552
-0.0267381
-0.0269255
-0.0271142
-0.0273042
-0.0274955
-0.0276881
-0.0278821
-0.0280775
-0.0282743
-0.0284724
-0.028672
-0.028873
-0.0290755
-0.0292794
-0.0294849
-0.0296918
-0.0299001
-0.0301101
-0.0303215
-0.0305344
-0.0307489
-0.030965
-0.0311826
-0.0314017
-0.0316224
-0.0318447
-0.0320686
-0.0322941
-0.0325211
-0.0327497
-0.0329799
-0.0332117
-0.0334451
-0.0336801
-0.0339167
-0.0341548
-0.0343946
-0.0346359
-0.0348788
-0.0351232
-0.0353692
-0.0356168
-0.0358659
-0.0361166
-0.0363688
-0.0366225
-0.0368777
-0.0371344
-0.0373926
-0.0376523
-0.0379134
-0.038176
-0.03844
-0.0387054
-0.0389722
-0.0392404
-0.0395099
-0.0397808
-0.040053
-0.0403264
-0.0406012
-0.0408772
-0.0411544
-0.0414329
-0.0417125
-0.0419933
-0.0422752
-0.0425582
-0.0428423
-0.0431274
-0.0434135
-0.0437006
-0.0439887
-0.0442777
-0.0445676
-0.0448584
-0.0451499
-0.0454423
-0.0457354
-0.0460292
-0.0463238
-0.0466189
-0.0469147
-0.0472111
-0.047508
-0.0478054
-0.0481032
-0.0484015
-0.0487001
-0.0489991
-0.0492984
-0.0495979
-0.0498976
-0.0501975
-0.0504974
-0.0507975
-0.0510976
-0.0513977
-0.0516977
-0.0519976
-0.0522973
-0.0525968
-0.0528961
-0.0531951
-0.0534937
-0.0537919
-0.0540896
-0.0543869
-0.0546836
-0.0549797
-0.0552751
-0.0555698
-0.0558637
-0.0561569
-0.0564491
-0.0567404
-0.0570308
-0.0573201
-0.0576083
-0.0578954
-0.0581812
-0.0584658
-0.0587491
-0.059031
-0.0593115
-0.0595905
-0.059868
-0.0601438
-0.060418
-0.0606905
-0.0609611
-0.06123
-0.0614969
-0.0617619
-0.0620249
-0.0622857
-0.0625445
-0.062801
-0.0630553
-0.0633072
-0.0635568
-0.0638039
-0.0640485
-0.0642906
-0.06453
-0.0647667
-0.0650006
-0.0652317
-0.06546
-0.0656853
-0.0659075
-0.0661267
-0.0663428
-0.0665557
-0.0667653
-0.0669715
-0.0671744
-0.0673738
-0.0675697
-0.067762
-0.0679507
-0.0681356
-0.0683168
-0.0684941
-0.0686676
-0.068837
-0.0690024
-0.0691638
-0.0693209
-0.0694739
-0.0696225
-0.0697668
-0.0699067
-0.0700421
-0.070173
-0.0702992
-0.0704208
-0.0705377
-0.0706498
-0.070757
-0.0708593
-0.0709566
-0.0710488
-0.071136
-0.071218
-0.0712947
-0.0713662
-0.0714324
-0.0714931
-0.0715484
-0.0715981
-0.0716422
-0.0716807
-0.0717135
-0.0717406
-0.0717618
-0.0717772
-0.0717866
-0.07179
-0.0717874
-0.0717787
-0.0717639
-0.0717429
-0.0717156
-0.071682
-0.071642
-0.0715956
-0.0715428
-0.0714835
-0.0714176
-0.0713451
-0.071266
-0.0711801
-0.0710876
-0.0709882
-0.070882
-0.0707689
-0.070649
-0.070522
-0.0703881
-0.0702472
-0.0700991
-0.069944
-0.0697817
-0.0696123
-0.0694357
-0.0692518
-0.0690606
-0.0688622
-0.0686564
-0.0684432
-0.0682227
-0.0679948
-0.0677594
-0.0675166
-0.0672664
-0.0670086
-0.0667433
-0.0664705
-0.0661902
-0.0659023
-0.0656069
-0.0653039
-0.0649933
-0.0646752
-0.0643494
-0.064016
-0.0636751
-0.0633266
-0.0629704
-0.0626067
-0.0622354
-0.0618565
-0.06147
-0.061076
-0.0606744
-0.0602653
-0.0598487
-0.0594246
-0.058993
-0.058554
-0.0581075
-0.0576536
-0.0571923
-0.0567237
-0.0562477
-0.0557645
-0.055274
-0.0547763
-0.0542714
-0.0537594
-0.0532403
-0.0527141
-0.052181
-0.0516409
-0.0510939
-0.05054
-0.0499794
-0.049412
-0.048838
-0.0482573
-0.0476701
-0.0470764
-0.0464763
-0.0458699
-0.0452571
-0.0446382
-0.0440132
-0.0433821
-0.042745
-0.042102
-0.0414533
-0.0407988
-0.0401386
-0.039473
-0.0388019
-0.0381254
-0.0374436
-0.0367567
-0.0360647
-0.0353677
-0.0346659
-0.0339593
-0.033248
-0.0325321
-0.0318118
-0.0310872
-0.0303583
-0.0296253
-0.0288883
-0.0281474
-0.0274028
-0.0266545
-0.0259026
-0.0251474
-0.0243888
-0.0236271
-0.0228623
-0.0220946
-0.0213241
-0.020551
-0.0197753
-0.0189972
-0.0182168
-0.0174343
-0.0166498
-0.0158634
-0.0150752
-0.0142855
-0.0134942
-0.0127017
-0.0119079
-0.0111131
-0.0103173
-0.00952072
-0.00872351
-0.00792579
-0.00712768
-0.00632935
-0.00553091
-0.00473252
-0.0039343
-0.00313641
-0.00233898
-0.00154214
-0.000746037
4.91894e-05
0.000843402
0.00163646
0.00242824
0.00321859
0.00400737
0.00479446
0.00557971
0.006363
0.00714418
0.00792313
0.00869971
0.00947378
0.0102452
0.0110139
0.0117797
0.0125425
