-0.005
-0.0020299
0.000329131
0.00203441
0.00304577
0.00332576
0.00283991
0.00155705
-0.000552521
-0.00351336
-0.00734634
-0.0120686
-0.0176932
-0.0242293
-0.0316811
-0.0400473
-0.0415429
-0.0415751
-0.0494108
-0.0595453
-0.0705668
-0.08239
-0.0949308
-0.10806
-0.121586
-0.135227
-0.138739
-0.148591
-0.161151
-0.172245
-0.18111
-0.185739
-0.185773
-0.18698
-0.189169
-0.187391
-0.181577
-0.171976
-0.158974
-0.142944
-0.124188
-0.102978
-0.0797045
-0.0551502
-0.0588984
-0.0589045
-0.0309155
-0.00986763
0.00360187
0.004822
-0.00803989
-0.0316411
-0.059385
-0.0821338
-0.0853772
-0.0593444
-0.0184998
0.0206074
0.0394387
0.00477689
-0.0525398
-0.112548
-0.130361
-0.00947172
0.00247046
0.00291164
0.0715779
0.162196
-0.00398285
-0.0052006
-0.00492628
-0.134296
-0.778197
-0.771481
-0.771469
0.0957404
-44.8344
-44.8093
6839.66
3621.51
3.74743e+08
9.75973e+43
