-0.025
-0.0249873
-0.0250154
-0.0251485
-0.0254511
-0.0259883
-0.0268256
-0.0280288
-0.0296654
-0.0318002
-0.0344963
-0.0378137
-0.0418073
-0.046525
-0.0520043
-0.0582687
-0.0446599
-0.0417017
-0.0622958
-0.0729998
-0.0814669
-0.0905651
-0.100158
-0.110057
-0.120027
-0.129799
-0.120161
-0.139118
-0.147827
-0.156008
-0.164167
-0.159407
-0.159376
-0.173101
-0.18491
-0.201728
-0.22587
-0.259244
-0.303111
-0.358098
-0.42435
-0.501682
-0.589658
-0.687656
-0.696493
-0.696509
-0.794565
-0.91113
-1.04056
-1.19152
-1.37768
-1.60908
-1.88458
-2.1996
-2.56604
-3.031
-3.63157
-4.33502
-5.13124
-6.1356
-7.47838
-9.00927
-10.7949
-13.2385
-13.5948
-13.5973
-16.4173
-19.7139
-24.8341
-25.1623
-25.1637
-30.1925
-38.4991
-38.5428
-38.5428
-47.8386
-96.1597
-96.213
-10664.6
-9775.13
-8.43154e+07
-1.50105e+44
