0
0.00347009
0.00683305
0.0100841
0.0132191
0.0162348
0.0191283
0.0218975
0.0245406
0.0270566
0.0294447
0.0317046
0.0338363
0.03584
0.0377163
0.0394659
0.042687
0.0432922
0.0416771
0.0425696
0.0439445
0.0451984
0.0463343
0.0473566
0.0482728
0.0490948
0.052616
0.0498419
0.0505427
0.0512367
0.051971
0.0554541
0.0554797
0.0528172
0.0537213
0.0547469
0.0558077
0.0568102
0.0576599
0.0582969
0.0587266
0.0590456
0.0594607
0.0602903
0.0637245
0.0637302
0.0619279
0.0646839
0.0687091
0.073997
0.0809236
0.0905721
0.104097
0.122789
0.149738
0.187605
0.231458
0.275937
0.31826
0.342608
0.354772
0.383939
0.432606
0.50318
0.505163
0.505508
0.497248
0.415271
0.442248
0.447596
0.447781
0.493147
0.493859
0.49777
0.497777
0.834738
-19.1623
-19.1526
2283.52
1294.73
1.10344e+08
2.92792e+43
