0
-0.000818564
-0.00242056
-0.00479969
-0.00796236
-0.0119257
-0.0167159
-0.0167159
-0.0167159
-0.0167159
-0.0167159
-0.0167159
-0.0167159
-0.0167159
-0.0167159
-0.0167159
-0.0167159
-0.0167159
-0.0167159
-0.0167159
-0.0167159
-0.0167159
-0.0167159
-0.0167159
-0.0167159
-0.0167159
-0.0167159
-0.016716
-0.016716
-0.016716
-0.016716
-0.016716
-0.016716
-0.016716
-0.016716
-0.016716
-0.016716
-0.016716
-0.016716
-0.016716
-0.016716
-0.016716
-0.016716
-0.016716
-0.016716
-0.016716
-0.0167161
-0.0167161
-0.0167161
-0.0167161
-0.0167161
-0.0167161
-0.0167161
-0.0167161
-0.0167161
-0.0167161
-0.0167161
-0.0167161
-0.0167161
-0.0167161
-0.0167161
-0.0167161
-0.0167161
-0.0167161
1e-05
1.02038e-05
1.02038e-05
1.02038e-05
1.02038e-05
-0.0159711
-0.0159711
-0.0159711
-0.0159711
-0.00178024
-0.00176972
7.04536
-8.52456
-8.52456
-8.52456
-8.50919
-8.19196e+08
1.17254e+61
