0
-0.000818564
-0.000818564
-0.000818564
-0.000818564
-0.000818564
-0.000818564
-0.000818564
-0.000818564
-0.000818564
-0.000818564
-0.000818564
-0.000818564
-0.000818564
-0.000818564
-0.000818564
-0.000818564
-0.000818564
-0.000818566
-0.000818566
-0.000818566
-0.000818566
-0.000818566
-0.000818566
-0.000818566
-0.000818566
-0.000818566
-0.000818572
-0.000818572
-0.000818572
-0.000818572
-0.000818572
-0.000818572
-0.000818581
-0.000818581
-0.000818581
-0.000818581
-0.000818581
-0.000818581
-0.000818581
-0.000818581
-0.000818581
-0.000818581
-0.000818581
-0.000818581
-0.000818581
-0.000818684
-0.000818684
-0.000818684
-0.000818684
-0.000818684
-0.000818684
-0.000818684
-0.000818684
-0.000818684
-0.000818684
-0.000818684
-0.000818684
-0.000818684
-0.000818684
-0.000818684
-0.000818684
-0.000818684
-0.000818684
0.0158105
0.0158105
0.0158101
0.0158101
0.0158101
-1e-05
-1.08537e-05
-1.08537e-05
-1.08537e-05
0.014
0.0140104
0.0140104
-51.4433
-51.4422
-51.4423
-52.195
-4.98858e+09
7.19231e+61
