-0.00357143
0.00983351
0.0224807
0.0343621
0.0454736
0.0558141
0.0653855
0.074192
0.0822351
0.0895216
0.096059
0.101855
0.106919
0.11126
0.114887
0.117816
0.130219
0.132663
0.122449
0.121595
0.122608
0.123143
0.12336
0.123505
0.123952
0.12524
0.137049
0.128115
0.133555
0.142754
0.157026
0.167243
0.167316
0.177747
0.205467
0.240709
0.282893
0.33082
0.382851
0.437175
0.491923
0.545063
0.594069
0.635376
0.640141
0.640148
0.663629
0.671183
0.648554
0.588469
0.494462
0.386936
0.296584
0.257704
0.308398
0.457668
0.635833
0.763566
0.767084
0.569236
0.32309
0.158207
0.257181
0.688021
0.698654
0.698083
0.833622
0.871178
0.76997
0.762731
0.762333
0.627428
-0.0232076
-0.0258697
-0.0258818
2.47517
-31.512
-31.4908
9675.37
4743.96
5.84028e+08
1.46396e+44
