-0.00454545
-0.00370794
-0.00291952
-0.00218659
-0.00151746
-0.000922204
-0.000412473
-9.59846e-07
0.000298759
0.00047404
0.000514178
0.000412165
0.000166923
-0.000213876
-0.000710319
-0.00128594
0.00234496
0.00311209
-0.00110777
-0.00239949
-0.00274249
-0.00274043
-0.0021801
-0.000795074
0.00172926
0.00573287
0.010175
0.011527
0.0192922
0.0289182
0.0397992
0.0442506
0.0442828
0.0506697
0.0594526
0.0638033
0.0613212
0.0502975
0.030039
0.000891633
-0.0359134
-0.0783667
-0.123627
-0.16788
-0.163682
-0.163675
-0.206468
-0.235288
-0.254077
-0.270978
-0.300404
-0.346711
-0.39002
-0.399932
-0.376049
-0.384206
-0.468662
-0.536479
-0.482882
-0.423975
-0.633052
-0.891643
-0.937146
-1.43846
-1.52871
-1.5283
-2.31319
-2.98622
-3.09137
-3.10772
-3.1075
-3.4638
-4.03734
-4.04626
-4.04626
-10.4413
-40.6191
-40.6162
-7673.83
-9200.86
8.54513e+07
1.47723e+44
