-0.00576923
-0.00570773
-0.00559466
-0.00543542
-0.00523462
-0.00499621
-0.00472373
-0.00442047
-0.00409046
-0.0037371
-0.00336482
-0.00297959
-0.00258966
-0.00220624
-0.00184441
-0.00152408
0.00322783
0.0041951
-0.00032192
-0.00115247
-0.00114738
-0.00131591
-0.00170025
-0.00233478
-0.00323265
-0.00436579
0.0011926
-0.00563978
-0.00687006
-0.00777503
-0.00801099
-0.00256457
-0.00252446
-0.00722386
-0.00544177
-0.00276348
0.000214237
0.00285261
0.00487228
0.00681536
0.0103657
0.0184389
0.0349495
0.0640653
0.0693409
0.0693497
0.108692
0.167834
0.234113
0.292131
0.319551
0.290011
0.183188
0.00625103
-0.191052
-0.326616
-0.306049
-0.0692721
0.322233
0.676252
0.763233
0.405296
-0.323338
-0.827347
-0.761508
-0.761027
-0.244011
-0.436634
-0.623135
-0.617441
-0.617188
-0.542862
-0.116046
-0.108985
-0.108974
1.29233
51.4397
51.4681
15438.6
20916.9
-1.1301e+09
3.37821e+44
