-7.25
203.042
134.313
71.0398
12.7956
-40.7961
-90.0522
-135.514
-177.098
-206.092
-214.865
-248.758
-278.605
-304.106
-324.825
-340.187
-349.471
-351.809
-346.209
-331.598
-306.919
-271.292
-224.255
-166.084
-98.1251
-23.0507
46.9887
49.3507
57.5473
109.395
160.807
207.467
246.407
275.652
294.388
302.873
302.157
293.732
279.23
260.209
238.043
213.887
188.682
163.192
138.037
113.732
90.7064
69.3264
49.8982
32.6718
17.8366
5.51484
-4.2462
-11.4802
-16.3058
-18.9264
-19.6258
-18.759
-16.7391
-14.0207
-11.081
-8.40082
-6.44565
-5.64896
-6.39847
-9.02593
-13.8006
-20.9259
-30.5399
-42.7164
-57.4691
-74.7551
-94.4787
-116.495
-140.609
-166.58
-194.116
-222.869
-252.432
-282.324
-311.984
-340.755
-367.865
-392.42
-413.386
-429.587
-439.72
-438.564
-438.564
-442.389
-436.182
-419.794
-392.217
-352.982
-302.429
-241.96
-174.18
-102.847
-32.5858
31.5972
84.8945
123.222
143.602
144.398
125.467
88.2713
35.9399
-26.822
-94.0927
-159.417
-216.716
-261.184
-289.909
-302.047
-298.587
-281.875
-255.056
-221.581
-184.811
-147.733
-112.79
-81.7996
-55.959
-35.913
-21.8586
-13.6638
-10.9823
-13.3493
-20.2558
-31.197
-45.7015
-63.3418
-83.733
-106.521
-131.368
-157.928
-185.831
-214.657
-243.913
-273.013
-301.256
-327.803
-351.67
-371.712
-386.632
-388.636
-395.005
-395.339
-386.172
-366.225
-334.611
-291.09
-236.331
-172.119
-101.435
-28.3083
42.5858
106.54
159.521
198.769
223.141
233.118
230.508
217.97
198.504
175.006
149.972
125.342
102.471
82.1875
64.8912
50.6663
39.3873
30.8061
24.6159
20.4929
18.1197
17.1938
17.427
18.5408
20.259
22.3028
24.3871
26.2202
27.5056
27.9466
27.2513
25.1393
21.3485
15.6414
7.8115
-2.31149
-14.8563
-29.9059
-47.4929
-67.5952
-90.1308
-114.951
-141.833
-170.464
-200.427
-231.171
-261.981
-291.922
-319.781
-343.977
-362.468
-372.655
-363.89
-371.304
-354.58
-318.281
-258.457
-172.551
-61.1044
70.3886
210.193
342.593
450.936
523.424
538.497
538.503
556.643
526.078
483.828
435.083
383.296
331.206
280.697
233.002
188.927
148.969
113.402
82.332
55.7299
33.4663
15.3339
1.06969
-9.62774
-17.0828
-21.6317
-23.6136
-23.3656
-21.2189
-17.4983
-12.5221
-6.60263
-0.0476637
6.8398
13.7619
20.428
26.5572
31.8828
36.1561
39.1507
40.6665
40.5317
38.6043
34.7722
28.9522
21.0877
11.1472
-0.878429
-14.9776
-31.1187
-49.2509
-69.3027
-91.1806
-114.766
-139.911
-166.433
-194.11
-222.671
-251.788
-281.067
-310.032
-338.117
-364.649
-388.836
-409.753
-426.344
-437.423
-441.71
-435.083
-437.891
-424.721
-401.188
-366.73
-321.483
-266.54
-204.122
-137.591
-71.2441
-9.87104
41.8306
79.8512
101.35
104.96
90.9356
61.1643
19.0626
-30.7036
-82.7112
-131.471
-172.203
-201.494
-217.667
-220.779
-212.316
-194.715
-170.858
