-106.25
-106.741
-112.153
-122.553
-138.497
-160.698
-189.938
-227.281
-273.342
5044.47
-328.893
-394.658
-471.295
-559.377
-659.338
-771.407
-895.497
-1031.05
-1176.81
-1330.62
-1489.09
-1647.38
-1799.07
-1936.31
-2050.44
-2133.07
-2073.94
-2044.87
-2118.75
-2142.22
-2136.11
-2104.66
-2052.86
-1987.48
-1915.89
-1844.93
-1780.02
-1724.86
-1681.39
-1650.08
-1630.27
-1620.56
-1619.1
-1623.83
-1632.7
-1643.73
-1655.12
-1665.31
-1672.95
-1676.98
-1676.54
-1670.98
-1659.81
-1642.71
-1619.44
-1589.84
-1553.82
-1511.35
-1462.42
-1407.08
-1345.44
-1277.62
-1203.81
-1124.24
-1039.17
-948.86
-853.595
-753.64
-649.235
-540.58
-427.83
-311.081
-190.369
-65.6669
63.1152
196.127
333.576
475.715
622.84
775.27
933.327
1097.31
1267.45
1443.85
1626.42
1814.74
2007.96
1384.01
1383.95
2204.6
2402.43
2598.31
2788.11
2966.83
3128.96
3269.07
3382.76
3467.54
3523.59
3553.86
3563.4
3558.08
3543
3521.12
3492.49
3454.25
3401.49
3328.72
3231.71
3108.97
2962.5
2797.38
2620.42
2438.48
2257.09
2079.82
1908.28
1742.68
1582.44
1426.76
1274.93
1126.5
981.205
838.899
699.456
562.688
428.311
295.936
165.084
35.2077
-94.2897
-224.038
-354.692
-486.919
-621.4
-758.821
-899.864
-1045.19
-1195.44
-1351.17
-1512.83
-1680.72
-1854.9
-2035.07
-2220.52
1610.26
-2409.94
-2601.26
-2791.58
-2976.99
-3152.6
-3312.65
-3450.85
-3560.96
-3637.49
-3676.58
-3676.6
-3638.51
-3565.62
-3463.05
-3336.88
-3193.35
-3038.28
-2876.8
-2713.16
-2550.82
-2392.4
-2239.77
-2094.15
-1956.12
-1825.82
-1703.03
-1587.3
-1478.07
-1374.73
-1276.68
-1183.33
-1094.16
-1008.68
-926.449
-847.061
-770.143
-695.349
-622.359
-550.874
-480.611
-411.298
-342.672
-274.47
-206.425
-138.258
-69.6694
-0.327247
70.1416
142.167
216.25
292.98
373.059
457.317
546.737
642.483
745.907
858.569
982.213
1118.72
1269.97
1437.63
1622.68
-3821.74
1824.76
2041.08
2265.06
2484.75
2681.65
2831.17
2906.22
2885.34
2761.14
2548.05
2279.61
1914.65
1878.14
1922.09
1708.86
1535.51
1402.59
1306.41
1241.59
1202.54
1184.16
1182.09
1192.71
1213.07
1240.8
1273.98
1311.04
1350.65
1391.68
1433.1
1473.97
1513.39
1550.48
1584.37
1614.22
1639.19
1658.49
1671.38
1677.19
1675.36
1665.43
1647.08
1620.13
1584.54
1540.42
1487.99
1427.61
1359.69
1284.71
1203.17
1115.57
1022.39
924.088
821.033
713.553
601.897
486.244
366.698
243.295
116.002
-15.2731
-150.681
-290.422
-434.736
-583.898
-738.198
-897.93
-1063.36
-1234.7
-1412.04
-1595.3
-1784.14
-1977.82
-2175.11
3974.74
-2374.08
-2572.03
-2765.35
-2949.59
-3119.69
-3270.43
-3397.17
-3496.66
-3567.81
-3611.89
-3632.29
-3633.45
-3619.58
-3593.41
-3555.46
-3504.05
-3436.06
-3348.14
-3238.09
-3105.9
-2954.06
-2787.07
-2610.36
-2429.15
-2247.54
-2068.23
-1892.62
