-7.25
203.042
134.313
71.0398
12.7956
-40.7961
-90.0522
-135.514
-177.098
-206.092
-214.865
-248.758
-278.605
-304.106
-324.825
-340.187
-349.471
-351.809
-346.209
-331.598
-306.919
-271.292
-224.255
-166.084
-98.1251
-23.0507
46.9887
49.3507
57.5473
109.395
160.807
207.467
246.407
275.652
294.388
302.873
302.157
293.732
279.23
260.209
238.043
213.887
188.682
163.192
138.037
113.732
90.7064
69.3264
49.8982
32.6718
17.8366
5.51484
-4.2462
-11.4802
-16.3058
-18.9264
-19.6258
-18.759
-16.7391
-14.0207
-11.081
-8.40082
-6.44565
-5.64896
-6.39847
-9.02593
-13.8006
-20.9259
-30.5399
-42.7164
-57.4691
-74.7551
-94.4787
-116.495
-140.609
-166.58
-194.116
-222.869
-252.432
-282.324
-311.984
-340.755
-367.865
-392.42
-413.386
-429.587
-439.72
-438.564
-438.564
-442.389
-436.182
-419.794
-392.217
-352.982
-302.429
-241.96
-174.18
-102.847
-32.5858
31.5972
84.8945
123.222
143.602
144.398
125.467
88.2713
35.9399
-26.822
-94.0927
-159.417
-216.716
-261.184
-289.909
-302.047
-298.587
-281.875
-255.056
-221.581
-184.811
-147.733
-112.79
-81.7996
-55.959
-35.913
-21.8586
-13.6638
-10.9823
-13.3493
-20.2558
-31.197
-45.7015
-63.3418
-83.733
-106.521
-131.368
-157.928
-185.831
-214.657
-243.913
-273.013
-301.256
-327.803
-351.67
-371.712
-386.632
-388.636
-395.005
-395.339
-386.172
-366.225
-334.611
-291.09
-236.331
-172.119
-101.435
-28.3083
42.5858
106.54
159.521
198.769
223.141
233.118
230.508
217.97
198.504
175.006
149.972
125.342
102.471
82.1875
64.8912
50.6663
39.3873
30.8061
24.6159
20.4929
18.1197
17.1938
17.427
18.5408
20.259
22.3028
24.3871
26.2202
27.5056
27.9466
27.2513
25.1393
21.3485
15.6414
7.8115
-2.31149
-14.8563
-29.9059
-47.4929
-67.5952
-90.1308
-114.951
-141.833
-170.464
-200.427
-231.171
-261.981
-291.922
-319.781
-343.977
-362.468
-372.655
-363.89
-371.304
-354.58
-318.281
-258.457
-172.551
-61.1044
70.3886
210.193
342.593
450.936
523.424
551.937
541.381
546.13
553.77
504.835
450.345
393.785
331.545
296.64
302.66
286.6
230.482
181.149
138.204
101.289
70.0347
44.0614
22.973
6.36354
-6.17721
-15.0567
-20.6743
-23.4169
-23.6576
-21.7552
-18.0566
-12.8989
-6.61265
0.475453
8.04128
15.7635
23.3258
30.4213
36.7581
42.0659
46.102
48.6566
49.5559
48.663
45.8768
41.1284
34.3773
25.606
14.8159
2.02296
-12.7446
-29.4472
-48.034
-68.4404
-90.5848
-114.364
-139.649
-166.274
-194.035
-222.675
-251.878
-281.255
-310.333
-338.541
-365.193
-389.479
-410.448
-427.007
-437.931
-441.893
-434.703
-437.532
-423.568
-398.972
-363.2
-316.462
-259.983
-196.183
-128.668
-61.9847
-1.13354
49.0684
84.6152
102.807
102.55
84.4891
50.9847
5.94856
-45.5213
-97.7313
-145.162
-183.262
-209.053
-221.388
-220.835
-209.279
-189.407
-164.198
