0.5
0.201142
0.296684
0.377585
0.444767
0.499115
0.541456
0.572969
0.593972
0.605023
0.605023
0.606547
0.598834
0.582023
0.556092
0.520847
0.475917
0.420751
0.354647
0.276811
0.186494
0.0832071
-0.0329411
-0.16082
-0.297827
-0.439564
-0.579848
-0.584504
-0.584504
-0.680184
-0.77086
-0.848997
-0.910388
-0.952351
-0.973944
-0.975802
-0.959707
-0.928083
-0.883547
-0.828611
-0.765527
-0.696234
-0.622384
-0.545386
-0.466463
-0.386701
-0.307086
-0.228519
-0.151833
-0.077788
-0.00706334
0.0597551
0.122188
0.179873
0.232575
0.280189
0.32273
0.360332
0.393223
0.421709
0.44615
0.466936
0.484459
0.499099
0.511206
0.521087
0.529
0.535155
0.539711
0.542788
0.544465
0.544789
0.543784
0.541447
0.537756
0.532663
0.526092
0.517928
0.508008
0.496102
0.481894
0.464963
0.444754
0.420562
0.391507
0.356533
0.31442
0.263837
0.263837
0.263836
0.203446
0.132071
0.0489567
-0.0459049
-0.151407
-0.265005
-0.382548
-0.498385
-0.6058
-0.697725
-0.767562
-0.809915
-0.82111
-0.799487
-0.745574
-0.662202
-0.554538
-0.429916
-0.297276
-0.166169
-0.0454638
0.0579168
0.139823
0.199078
0.237092
0.257133
0.263519
0.260899
0.253694
0.24571
0.239911
0.23833
0.242098
0.251566
0.266468
0.286108
0.309535
0.335688
0.363501
0.391979
0.420241
0.44753
0.473213
0.496764
0.517737
0.535738
0.550395
0.561321
0.56808
0.570164
0.56695
0.557682
0.541443
0.517148
0.483547
0.439264
0.439264
0.382875
0.313045
0.228736
0.129494
0.0157822
-0.110664
-0.246576
-0.387085
-0.52596
-0.656206
-0.770955
-0.864458
-0.932916
-0.974921
-0.991425
-0.985272
-0.960498
-0.92158
-0.872808
-0.817869
-0.759641
-0.70017
-0.640766
-0.582156
-0.524653
-0.468313
-0.41306
-0.358774
-0.305351
-0.252728
-0.200892
-0.149874
-0.0997373
-0.0505601
-0.00242517
0.0445912
0.0904243
0.135023
0.17835
0.220374
0.261072
0.300417
0.33838
0.374918
0.409979
0.443488
0.475352
0.505455
0.533651
0.559761
0.583566
0.604796
0.623111
0.638077
0.649136
0.655547
0.656329
0.650162
0.635284
0.609352
0.569315
0.511324
0.511324
0.430785
0.322702
0.182549
0.00787142
-0.199365
-0.430251
-0.667267
-0.88765
-1.0678
-1.19144
-1.25449
-1.268
-1.268
-1.26221
-1.20142
-1.13021
-1.0534
-0.974603
-0.934619
-0.934619
-0.899853
-0.814587
-0.735724
-0.662501
-0.594273
-0.530447
-0.470472
-0.413836
-0.360073
-0.308763
-0.259545
-0.212117
-0.166239
-0.12173
-0.0784636
-0.0363594
0.00462439
0.044502
0.0832686
0.120907
0.157395
0.192702
0.226794
0.259628
0.291146
0.321276
0.349922
0.376974
0.402302
0.425766
0.447225
0.466541
0.483595
0.498287
0.510551
0.520352
0.527691
0.532601
0.535146
0.535413
0.533503
0.529523
0.523569
0.515719
0.506013
0.494437
0.480907
0.465243
0.447151
0.426199
0.401794
0.373166
0.339362
0.299254
0.251586
0.195066
0.195066
0.128522
0.0511382
-0.0372313
-0.135698
-0.241992
-0.352253
-0.461062
-0.561832
-0.647519
-0.711526
-0.748587
-0.755431
-0.73117
-0.677432
-0.598281
-0.499929
-0.390181
-0.277564
-0.170225
-0.0748215
0.00431142
0.0654785
0.109409
0.138653
0.156817
0.167839
