-0.005
-0.00201975
-4.47954e-05
0.0010219
0.00126913
0.000778348
-0.000375367
-0.00212629
-0.0044091
-0.00111057
-0.00716078
-0.0103191
-0.0138206
-0.0175992
-0.0215842
-0.0256981
-0.029855
-0.0339586
-0.0379005
-0.0415594
-0.0448018
-0.047484
-0.049459
-0.0505864
-0.0507477
-0.0498642
-0.053523
-0.0536549
-0.0480021
-0.0452169
-0.0419144
-0.038044
-0.0337271
-0.02911
-0.0243475
-0.0195873
-0.0149588
-0.0105677
-0.00649435
-0.00279509
0.000494391
0.00335565
0.00578408
0.00778612
0.00937701
0.0105791
0.0114204
0.0119338
0.0121557
0.0121256
0.0118846
0.011475
0.0109387
0.0103164
0.00964612
0.00896224
0.0082943
0.00766612
0.00709511
0.0065917
0.00615925
0.00579406
0.00548575
0.00521782
0.0049684
0.00471119
0.00441635
0.00405157
0.003583
0.00297618
0.00219697
0.00121224
-9.2726e-06
-0.0014964
-0.00327484
-0.00536653
-0.00778901
-0.0105547
-0.0136702
-0.0171352
-0.0209417
-0.0250726
-0.0295003
-0.034185
-0.0390735
-0.0440968
-0.0491689
-0.0515476
-0.0515477
-0.054186
-0.059026
-0.0635512
-0.0676122
-0.0710557
-0.0737365
-0.0755315
-0.0763571
-0.0761836
-0.0750474
-0.0730541
-0.0703748
-0.0672344
-0.063895
-0.0606361
-0.0577332
-0.0554354
-0.0539425
-0.0533836
-0.0538014
-0.0551467
-0.0572855
-0.0600187
-0.0631099
-0.0663157
-0.0694117
-0.0722107
-0.074574
-0.0764142
-0.0776933
-0.0784158
-0.0786211
-0.0783732
-0.077752
-0.0768447
-0.07574
-0.0745228
-0.0732719
-0.0720579
-0.070943
-0.0699814
-0.0692197
-0.0686978
-0.0684495
-0.0685032
-0.0688824
-0.0696051
-0.0706843
-0.0721269
-0.0739329
-0.0760943
-0.0785933
-0.0814013
-0.0844761
-0.0877605
-0.0911804
-0.0902504
-0.094643
-0.0980367
-0.101231
-0.104081
-0.106432
-0.108128
-0.109027
-0.109013
-0.108017
-0.106026
-0.103093
-0.0993384
-0.0949338
-0.0900875
-0.0850194
-0.0799377
-0.0750207
-0.0704052
-0.0661829
-0.0624024
-0.059076
-0.056188
-0.0537038
-0.0515777
-0.0497588
-0.0481962
-0.0468414
-0.0456503
-0.0445838
-0.0436082
-0.0426946
-0.041819
-0.040962
-0.0401084
-0.039247
-0.0383711
-0.0374779
-0.0365691
-0.0356503
-0.0347315
-0.0338268
-0.0329538
-0.0321339
-0.0313915
-0.0307536
-0.0302491
-0.0299086
-0.0297634
-0.0298448
-0.0301834
-0.0308083
-0.0317461
-0.03302
-0.0346486
-0.0366443
-0.039012
-0.0417463
-0.0448291
-0.0482257
-0.05188
-0.0557085
-0.0595927
-0.0582579
-0.0633711
-0.0668317
-0.0697073
-0.071681
-0.0724059
-0.0715499
-0.0688653
-0.0642745
-0.0579231
-0.0501882
-0.0416054
-0.0359873
-0.0389299
-0.0356551
-0.0240957
-0.0163653
-0.0095827
-0.00375862
-0.0031954
-0.00593687
-0.00178501
0.0050068
0.00815899
0.010527
0.012217
0.0133283
0.0139532
0.014177
0.0140778
0.0137267
0.0131877
0.012518
0.0117681
0.0109821
0.0101983
0.009449
0.00876122
0.00815666
0.00765194
0.00725878
0.00698406
0.00682996
0.00679409
0.00686972
0.007046
0.00730839
0.00763908
0.00801747
0.00842077
0.00882454
0.00920316
0.00953038
0.00977967
0.00992454
0.00993884
0.00979692
0.00947383
0.00894541
0.00818851
0.00718113
0.00590264
0.00433409
0.00245855
0.000261594
-0.00226819
-0.00513849
-0.00835249
-0.0119079
-0.015796
-0.0200001
-0.0244942
-0.0292415
-0.0341925
-0.0392833
-0.0444338
-0.049547
-0.0525575
-0.0545082
-0.0591872
-0.0634418
-0.0671245
-0.070094
-0.0722288
-0.0734436
-0.0737056
-0.0730467
-0.0715679
-0.0694363
-0.0668714
-0.0641263
-0.061464
-0.0591327
-0.0573423
-0.0562429
-0.0559093
-0.0563348
-0.0574345
-0.059061
-0.0610279
-0.0631364
-0.0651996
-0.0670609
-0.0686047
-0.0697599
