-106.25
-106.741
-112.153
-122.553
-138.497
-160.698
-189.938
-227.281
-273.342
5044.47
-328.893
-394.658
-471.295
-559.377
-659.338
-771.407
-895.497
-1031.05
-1176.81
-1330.62
-1489.09
-1647.38
-1799.07
-1936.31
-2050.44
-2133.07
-2073.94
-2044.87
-2118.75
-2142.22
-2136.11
-2104.66
-2052.86
-1987.48
-1915.89
-1844.93
-1780.02
-1724.86
-1681.39
-1650.08
-1630.27
-1620.56
-1619.1
-1623.83
-1632.7
-1643.73
-1655.12
-1665.31
-1672.95
-1676.98
-1676.54
-1670.98
-1659.81
-1642.71
-1619.44
-1589.84
-1553.82
-1511.35
-1462.42
-1407.08
-1345.44
-1277.62
-1203.81
-1124.24
-1039.17
-948.86
-853.595
-753.64
-649.235
-540.58
-427.83
-311.081
-190.369
-65.6669
63.1152
196.127
333.576
475.715
622.84
775.27
933.327
1097.31
1267.45
1443.85
1626.42
1814.74
2007.96
1384.01
1383.95
2204.6
2402.43
2598.31
2788.11
2966.83
3128.96
3269.07
3382.76
3467.54
3523.59
3553.86
3563.4
3558.08
3543
3521.12
3492.49
3454.25
3401.49
3328.72
3231.71
3108.97
2962.5
2797.38
2620.42
2438.48
2257.09
2079.82
1908.28
1742.68
1582.44
1426.76
1274.93
1126.5
981.205
838.899
699.456
562.688
428.311
295.936
165.084
35.2077
-94.2897
-224.038
-354.692
-486.919
-621.4
-758.821
-899.864
-1045.19
-1195.44
-1351.17
-1512.83
-1680.72
-1854.9
-2035.07
-2220.52
1610.26
-2409.94
-2601.26
-2791.58
-2976.99
-3152.6
-3312.65
-3450.85
-3560.96
-3637.49
-3676.58
-3676.6
-3638.51
-3565.62
-3463.05
-3336.88
-3193.35
-3038.28
-2876.8
-2713.16
-2550.82
-2392.4
-2239.77
-2094.15
-1956.12
-1825.82
-1703.03
-1587.3
-1478.07
-1374.73
-1276.68
-1183.33
-1094.16
-1008.68
-926.449
-847.061
-770.143
-695.349
-622.359
-550.874
-480.611
-411.298
-342.672
-274.47
-206.425
-138.258
-69.6694
-0.327247
70.1416
142.167
216.25
292.98
373.059
457.317
546.737
642.483
745.907
858.569
982.213
1118.72
1269.97
1437.63
1622.68
-3821.74
1824.76
2041.08
2265.06
2484.75
2681.65
2831.17
2906.22
2885.34
2761.14
2548.05
2279.61
1975.35
1742.23
1724.38
1707.13
1525.54
1388.74
1291.56
1222.81
1196.46
1170.84
1158.79
1156.12
1168.79
1193.03
1225.95
1265.31
1309.35
1356.64
1405.96
1456.22
1506.42
1555.58
1602.75
1646.94
1687.19
1722.53
1751.99
1774.65
1789.67
1796.29
1793.9
1782.03
1760.41
1728.94
1687.71
1637
1577.22
1508.91
1432.67
1349.18
1259.1
1163.06
1061.65
955.409
844.766
730.081
611.619
489.559
363.998
234.951
102.361
-33.8946
-173.998
-318.184
-466.728
-619.94
-778.148
-941.676
-1110.83
-1285.83
-1466.81
-1653.7
-1846.14
-2043.39
-2244.14
4523.35
-2446.39
-2647.3
-2843.1
-3029.11
-3200.06
-3350.55
-3475.83
-3572.67
-3640.11
-3679.7
-3695.05
-3690.73
-3670.88
-3637.98
-3592.23
-3531.7
-3453.23
-3353.81
-3231.93
-3088.44
-2926.67
-2751.65
-2568.96
-2383.58
-2199.21
-2018.09
-1841.27
