-0.025
-0.0249865
-0.0250125
-0.0251389
-0.0254305
-0.0259577
-0.026797
-0.0280343
-0.0297588
-0.00698516
-0.0320645
-0.03505
-0.0388166
-0.0434676
-0.0491062
-0.0558332
-0.0637427
-0.072917
-0.0834183
-0.0952778
-0.108483
-0.12296
-0.138559
-0.155039
-0.172062
-0.189203
-0.18156
-0.181302
-0.204975
-0.220692
-0.235236
-0.248597
-0.260583
-0.271098
-0.280144
-0.287809
-0.294244
-0.299642
-0.304205
-0.308135
-0.31161
-0.314785
-0.317781
-0.320687
-0.323562
-0.326436
-0.329315
-0.332184
-0.335013
-0.33776
-0.340374
-0.342799
-0.344974
-0.346841
-0.348337
-0.349404
-0.349985
-0.350025
-0.349473
-0.348279
-0.346399
-0.343793
-0.340424
-0.33626
-0.331276
-0.325449
-0.318762
-0.311202
-0.302759
-0.293428
-0.283203
-0.272082
-0.260063
-0.247144
-0.233319
-0.218585
-0.202933
-0.186352
-0.168829
-0.150347
-0.130884
-0.110419
-0.088925
-0.0663782
-0.0427561
-0.0180424
0.00776711
-0.00502855
-0.00502865
0.034658
0.0625893
0.0914812
0.121207
0.151584
0.182368
0.213262
0.243928
0.274015
0.303192
0.331185
0.357797
0.382916
0.406501
0.428549
0.449059
0.467994
0.485256
0.500684
0.514073
0.525207
0.53391
0.540078
0.543699
0.544848
0.543665
0.540329
0.535029
0.527945
0.519242
0.509066
0.497544
0.484793
0.470919
0.45602
0.440188
0.423507
0.406053
0.387894
0.369087
0.349679
0.329708
0.309199
0.288172
0.266633
0.244581
0.222007
0.198893
0.175213
0.150935
0.126022
0.100432
0.0741216
0.0470502
0.0191818
-0.00950809
0.00974215
-0.0390263
-0.0693538
-0.100435
-0.132169
-0.164398
-0.196901
-0.229388
-0.261506
-0.292854
-0.323001
-0.351521
-0.37802
-0.40217
-0.423723
-0.442522
-0.458498
-0.471658
-0.482073
-0.489865
-0.495192
-0.498237
-0.499198
-0.498276
-0.495669
-0.491566
-0.486145
-0.479565
-0.471973
-0.463499
-0.454257
-0.444349
-0.433866
-0.422886
-0.411477
-0.399699
-0.387605
-0.375239
-0.362639
-0.349838
-0.336862
-0.323734
-0.310471
-0.297087
-0.28359
-0.269984
-0.256272
-0.24245
-0.228509
-0.214436
-0.200212
-0.185813
-0.171205
-0.156347
-0.141186
-0.125658
-0.109687
-0.0931788
-0.0760229
-0.0580914
-0.0392392
-0.0193078
0.00186499
-0.0180317
0.0244282
0.0484883
0.0740624
0.101016
0.128989
0.15733
0.18508
0.211062
0.234069
0.253139
0.267787
0.273073
0.267117
0.271048
0.283128
0.286623
0.288197
0.288455
0.286803
0.28567
0.286154
0.285912
0.284576
0.283472
0.282735
0.282456
0.282694
0.28348
0.284829
0.286737
0.289188
0.292152
0.295591
0.299455
0.303685
0.308214
0.312963
0.317849
0.322779
0.327656
0.332378
0.336839
0.340936
0.344565
0.347628
0.350033
0.351697
0.352545
0.352513
0.35155
0.349614
0.346674
0.34271
0.337707
0.331663
0.324575
0.316451
0.307296
0.297121
0.285936
0.273751
0.260574
0.246412
0.231268
0.215143
0.198034
0.179933
0.160831
0.140712
0.11956
0.0973543
0.0740756
0.0497057
0.0242318
-0.0023487
-0.030022
-0.0188759
-0.0587496
-0.0884596
-0.119036
-0.15031
-0.182056
-0.213992
-0.245791
-0.277102
-0.307583
-0.336928
-0.364894
-0.391308
-0.416058
-0.439071
-0.460278
-0.479593
-0.496891
-0.512018
-0.524807
-0.535114
-0.542841
-0.547961
-0.550519
-0.550619
-0.548407
-0.544048
-0.537713
