-0.0438861
-0.028892
-0.0176644
-0.00991655
-0.00524214
-0.00330738
-0.00383311
-0.00660752
-0.0114394
0.0444724
-0.0181686
-0.0266583
-0.0367846
-0.0484286
-0.0614661
-0.0757547
-0.0911194
-0.107334
-0.124101
-0.141026
-0.157601
-0.173182
-0.186993
-0.198148
-0.205707
-0.20878
-0.180157
-0.179219
-0.204798
-0.199083
-0.188481
-0.174063
-0.156229
-0.135612
-0.113007
-0.0892837
-0.0653041
-0.0418549
-0.0196077
0.000902638
0.0192831
0.0352772
0.0487536
0.0596902
0.0681579
0.0743035
0.0783334
0.0804981
0.0810784
0.0803728
0.0786865
0.0763218
0.0735697
0.0707035
0.0679722
0.0655967
0.0637654
0.0626323
0.0623148
0.0628942
0.0644154
0.0668894
0.070296
0.0745872
0.0796919
0.0855208
0.0919709
0.0989314
0.106287
0.113925
0.121735
0.129617
0.137478
0.145243
0.152847
0.160246
0.167413
0.174341
0.181047
0.187573
0.193987
0.200387
0.206908
0.213716
0.221018
0.229057
0.238113
0.216875
0.216875
0.248489
0.260507
0.274474
0.290655
0.309236
0.330276
0.35367
0.379126
0.406168
0.434157
0.462338
0.489878
0.515897
0.539472
0.559633
0.575372
0.585684
0.589654
0.586586
0.576149
0.558498
0.534327
0.504821
0.47151
0.436052
0.400016
0.364695
0.331005
0.299465
0.270239
0.243218
0.218119
0.19457
0.172177
0.150574
0.129448
0.108544
0.0876741
0.0667002
0.0455303
0.024105
0.00238742
-0.0196461
-0.0420136
-0.0647338
-0.08783
-0.111333
-0.135281
-0.159723
-0.184713
-0.21031
-0.236573
-0.263558
-0.291309
-0.319852
-0.349185
-0.326972
-0.379267
-0.410011
-0.441271
-0.472838
-0.504439
-0.535748
-0.566403
-0.596043
-0.62434
-0.651045
-0.676003
-0.699166
-0.720565
-0.740271
-0.758353
-0.774838
-0.789695
-0.802835
-0.814123
-0.823399
-0.830502
-0.835287
-0.837641
-0.837492
-0.834818
-0.829643
-0.822038
-0.812116
-0.80002
-0.785922
-0.770007
-0.752472
-0.733514
-0.71333
-0.692109
-0.670035
-0.647281
-0.62401
-0.600379
-0.576535
-0.552616
-0.528754
-0.505073
-0.481691
-0.458716
-0.436249
-0.414381
-0.393188
-0.372736
-0.353072
-0.334221
-0.316185
-0.298932
-0.282396
-0.266465
-0.250972
-0.235686
-0.220298
-0.204411
-0.187523
-0.169022
-0.148181
-0.156273
-0.124179
-0.0961446
-0.0632547
-0.0248926
0.0191199
0.0682547
0.121063
0.175202
0.227746
0.275868
0.317548
0.341276
0.336306
0.345567
0.378043
0.399467
0.415984
0.428564
0.431636
0.429226
0.434566
0.443421
0.447566
0.449766
0.450418
0.449886
0.448509
0.446597
0.444434
0.442271
0.440331
0.438801
0.437838
0.437562
0.43806
0.439383
0.441543
0.444517
0.448246
0.452635
0.45756
0.462865
0.468373
0.473889
0.479208
0.48412
0.488419
0.491907
0.4944
0.495733
0.49576
0.494354
0.491409
0.486838
0.480571
0.472551
0.462734
0.451082
0.437567
0.422164
0.404853
0.385615
0.364436
0.341301
0.316202
0.289131
0.260091
0.22909
0.196151
0.161313
0.12464
0.0862251
0.0462032
0.00476054
-0.0378523
-0.0813076
-0.0997597
-0.12519
-0.168991
-0.212116
-0.253904
-0.293677
-0.330807
-0.364814
-0.395454
-0.422797
-0.44725
-0.46952
-0.490509
-0.511186
-0.532451
-0.555022
-0.579359
-0.605615
-0.633616
-0.662879
-0.692654
-0.722012
-0.749937
-0.775443
-0.797662
-0.815918
-0.829768
-0.839005
