0
0.365957
0.347166
0.344927
0.340706
0.335625
0.329793
0.323383
0.31635
0.308782
0.308782
0.300677
0.292013
0.282749
0.272824
0.262168
0.250698
0.238336
0.225024
0.210751
0.195593
0.179771
0.1637
0.148023
0.133597
0.121358
0.112085
0.112055
0.112055
0.118387
0.113365
0.108735
0.104075
0.0988863
0.0927447
0.0854704
0.0771694
0.0681603
0.058849
0.0496155
0.0407476
0.0324244
0.0247313
0.0176904
0.0112912
0.00551466
0.000349708
-0.00419843
-0.0081059
-0.0113319
-0.0138229
-0.0155176
-0.0163517
-0.016263
-0.015195
-0.0130995
-0.00993991
-0.00569245
-0.00034809
0.00608676
0.0135901
0.0221252
0.0316419
0.0420795
0.0533692
0.0654375
0.078209
0.0916089
0.105565
0.120007
0.134869
0.150088
0.165601
0.181349
0.197268
0.213294
0.229358
0.245385
0.261294
0.276992
0.292376
0.307333
0.321732
0.335429
0.348267
0.360077
0.370688
0.379939
0.379939
0.379939
0.3877
0.393901
0.398569
0.40185
0.404027
0.405485
0.406634
0.407785
0.409037
0.410234
0.411043
0.41113
0.410338
0.40875
0.406629
0.404273
0.401911
0.399729
0.397996
0.397196
0.398038
0.401282
0.407491
0.416852
0.429156
0.443915
0.460499
0.478225
0.496394
0.514316
0.531333
0.546871
0.560479
0.571858
0.58086
0.587473
0.591782
0.593935
0.594106
0.592471
0.589189
0.584391
0.578181
0.570631
0.56179
0.551679
0.5403
0.527637
0.513657
0.49831
0.481532
0.463246
0.44336
0.421779
0.398407
0.373164
0.373164
0.346008
0.316961
0.286152
0.253856
0.220527
0.186811
0.153512
0.121503
0.0915785
0.0643004
0.0398744
0.0181375
-0.00133881
-0.0190668
-0.0354618
-0.0507298
-0.0648461
-0.0776076
-0.0887211
-0.0978934
-0.104904
-0.10965
-0.112171
-0.11264
-0.11134
-0.108631
-0.104905
-0.100542
-0.0958793
-0.0911869
-0.0866582
-0.0824098
-0.0784906
-0.0748953
-0.0715789
-0.0684721
-0.0654924
-0.0625544
-0.059576
-0.0564825
-0.0532092
-0.0497014
-0.0459146
-0.0418138
-0.0373724
-0.0325713
-0.0273983
-0.021848
-0.0159218
-0.00962851
-0.00298618
0.00397601
0.0112144
0.0186667
0.0262464
0.0338362
0.04128
0.0483754
0.0548679
0.060453
0.0647941
0.0675822
0.0675822
0.068645
0.06814
0.0668731
0.0666999
0.0708555
0.0838349
0.108975
0.150705
0.205381
0.264346
0.315903
0.343481
0.343481
0.348284
0.350662
0.34986
0.339183
0.324854
0.319262
0.319262
0.313325
0.293638
0.283063
0.274139
0.266971
0.261318
0.256922
0.253535
0.250935
0.248931
0.247366
0.246121
0.245108
0.244271
0.243579
0.243024
0.242607
0.242342
0.242234
0.242282
0.242463
0.242732
0.243016
0.243212
0.243199
0.242835
0.241977
0.240487
0.238244
0.235154
0.231155
0.226218
0.220348
0.213579
0.205964
0.197573
0.188485
0.178776
0.168522
0.157789
0.146635
0.135104
0.123231
0.111039
0.0985412
0.0857424
0.0726378
0.0592151
0.045455
0.0313316
0.0168148
0.00187309
-0.0135196
-0.0293731
-0.0456637
-0.0623104
-0.0623105
-0.0791446
-0.095881
-0.112102
-0.12728
-0.140862
-0.152437
-0.16198
-0.170079
-0.178046
-0.187763
-0.201266
-0.220168
-0.245188
-0.275949
-0.311098
-0.348652
-0.3864
-0.422265
-0.454517
-0.481875
-0.50348
-0.518856
-0.527869
-0.530741
-0.528055
-0.520739
