223.214
-5.99302
5.14656
5.43753
6.51217
7.69431
8.93826
10.1571
11.4018
19.8187
12.6395
13.8951
15.2075
16.6306
18.2312
20.0878
22.2865
24.9154
28.0523
31.7466
35.9912
40.6866
45.6019
50.348
54.3863
57.1042
60.4914
60.4304
57.9108
48.7722
46.6061
44.1692
41.7528
39.7084
38.35
37.844
38.1756
39.1895
40.6664
42.3942
44.2112
46.0197
47.7776
49.4818
51.1492
52.8019
54.4565
56.1189
57.7816
59.4252
61.02
62.5289
63.9108
65.1234
66.1252
66.8781
67.3491
67.5113
67.3457
66.842
65.9986
64.8228
63.3301
61.5426
59.4878
57.1963
54.7003
52.0321
49.2229
46.3021
43.2971
40.234
37.1375
34.0324
30.9439
27.8991
24.9283
22.0655
19.3505
16.8296
14.5573
12.5977
11.0255
9.92688
9.39957
9.55074
10.4926
21.1674
21.1674
12.3339
15.1658
19.0431
23.9603
29.8308
36.4776
43.6491
51.0693
58.5155
65.8959
73.2813
80.8603
88.8298
97.2816
106.153
115.264
124.408
133.413
142.132
150.36
157.748
163.788
167.926
169.716
168.945
165.653
160.067
152.518
143.386
133.078
122.017
110.616
99.2546
88.245
77.8141
68.0974
59.1487
50.9591
43.479
36.6393
30.3679
24.6008
19.2884
14.399
9.91855
5.85031
2.2132
-0.959491
-3.62117
-5.71257
-7.16207
-7.88585
-7.7883
-6.76322
-4.69654
-1.4717
11.6973
3.02125
8.87126
16.1261
24.766
34.6747
45.6136
57.2105
68.9762
80.3596
90.8387
100.027
107.756
114.089
119.27
123.605
127.35
130.634
133.443
135.647
137.051
137.454
136.697
134.69
131.432
127.01
121.587
115.382
108.639
101.607
94.5144
87.5516
80.8661
74.559
68.6894
63.2812
58.3319
53.8206
49.7156
45.98
42.5762
39.4679
36.6225
34.0112
31.609
29.395
27.3514
25.4633
23.7185
22.1075
20.6237
19.2641
18.0302
16.9301
15.9803
15.2091
14.6607
14.3999
14.5179
15.1384
16.4222
18.5674
21.7986
27.9005
26.3292
32.29
39.6012
47.7575
55.5538
60.8465
60.5992
52.4209
33.1336
4.69063
-27.6231
-54.4524
-63.5621
-65.6246
-73.8793
-72.4441
-68.9262
-58.9396
-42.9601
-33.2292
-36.5266
-35.1209
-18.4623
-7.31399
2.91957
12.1055
20.3308
27.6997
34.317
40.2767
45.6579
50.5218
54.9108
58.8494
62.3447
65.3891
67.963
70.0388
71.5858
72.5757
72.9877
72.8144
72.0661
70.7727
68.9851
66.7726
64.2185
61.4139
58.4504
55.4129
52.3736
49.3873
46.4895
43.6967
41.0081
38.4094
35.8768
33.3815
30.8933
28.3843
25.8311
23.2167
20.5314
17.7727
14.946
12.0638
9.14539
6.2168
3.31027
0.464064
-2.27796
-4.86741
-7.25353
-9.38739
-11.2292
-12.7597
-15.4456
-13.9969
-15.0167
-15.9739
-17.1151
-18.768
-21.2883
-24.951
-29.7927
-35.4505
-41.0804
-45.436
-47.1306
-45.0011
-38.4283
-27.4872
-12.8934
4.1953
22.4298
40.4923
57.2452
71.7965
83.5018
91.9409
96.906
98.4132
96.7199
92.3178
