0
-8.81752e-05
1.13761e-05
0.000132957
0.0002962
0.000509529
0.000780265
0.00111401
0.0015168
0.00508164
0.00199383
0.00255025
0.0031915
0.00392339
0.00475234
0.0056855
0.0067308
0.007897
0.0091934
0.0106295
0.0122138
0.0139529
0.0158491
0.0178983
0.0200877
0.0223954
0.0258754
0.025991
0.0249073
0.0271201
0.0294941
0.0319095
0.0343664
0.03687
0.0394296
0.0420563
0.0447602
0.0475482
0.0504233
0.0533843
0.0564276
0.0595474
0.0627373
0.0659906
0.0693007
0.0726613
0.0760659
0.0795083
0.0829818
0.0864796
0.0899941
0.0935171
0.0970398
0.100553
0.104047
0.10751
0.110933
0.114303
0.117611
0.120845
0.123993
0.127046
0.129994
0.132827
0.135536
0.138114
0.140554
0.142848
0.144991
0.146979
0.148806
0.15047
0.151966
0.153293
0.154448
0.155431
0.156241
0.156877
0.157342
0.157636
0.157764
0.157729
0.157536
0.157193
0.156707
0.156089
0.155352
0.158306
0.158306
0.154507
0.15357
0.152557
0.151483
0.15036
0.149201
0.148013
0.146797
0.145555
0.144284
0.142986
0.141664
0.140325
0.138978
0.13763
0.136287
0.134951
0.133622
0.132298
0.130974
0.129641
0.128283
0.126874
0.125386
0.123787
0.122047
0.120141
0.118052
0.115767
0.113282
0.1106
0.107728
0.104683
0.101483
0.0981501
0.0947081
0.0911809
0.0875913
0.0839607
0.0803089
0.0766538
0.0730118
0.0693979
0.0658261
0.0623097
0.0588616
0.0554942
0.0522202
0.0490522
0.0460035
0.0430874
0.0403183
0.0377111
0.0352816
0.0330468
0.0310245
0.0329649
0.0292332
0.027692
0.0264198
0.0254339
0.0247493
0.0243761
0.0243181
0.0245711
0.025122
0.02595
0.0270284
0.0283287
0.0298239
0.0314912
0.0333133
0.0352765
0.0373696
0.0395809
0.0418969
0.044301
0.0467736
0.0492932
0.0518369
0.0543825
0.0569093
0.0593997
0.0618393
0.0642181
0.0665295
0.0687706
0.0709408
0.0730419
0.0750765
0.0770479
0.0789593
0.0808133
0.0826121
0.0843568
0.0860478
0.0876846
0.0892661
0.0907903
0.092255
0.0936572
0.0949937
0.0962612
0.097456
0.0985742
0.0996121
0.100566
0.101432
0.102207
0.102887
0.103469
0.103952
0.104335
0.104616
0.104798
0.104883
0.104878
0.104793
0.104638
0.105107
0.104431
0.104188
0.103924
0.103647
0.103347
0.102981
0.102458
0.101659
0.100418
0.0986038
0.0961748
0.0940206
0.0941443
0.0932572
0.0898142
0.0864456
0.0830595
0.0797547
0.0780108
0.0780339
0.0766157
0.0734953
0.0705694
0.0677237
0.0649418
0.0622061
0.0595014
0.0568151
0.0541372
0.0514599
0.0487771
0.0460845
0.0433788
0.0406579
0.0379199
0.0351634
0.0323871
0.0295895
0.0267692
0.0239247
0.0210544
0.018157
0.0152316
0.0122781
0.00929742
0.0062917
0.00326444
0.00022064
-0.00283337
-0.00589001
-0.00894079
-0.0119766
-0.014988
-0.0179656
-0.0209004
-0.0237839
-0.0266082
-0.0293665
-0.0320524
-0.0346604
-0.0371857
-0.039624
-0.0419716
-0.0442248
-0.0463806
-0.0484358
-0.0503873
-0.052232
-0.0539667
-0.0555879
-0.0570919
-0.0584749
-0.0597323
-0.0608597
-0.0618525
-0.062706
-0.0640399
-0.0634168
-0.0639829
-0.0644052
-0.0646888
-0.064844
-0.0648867
-0.064837
-0.064715
-0.0645352
-0.0642987
-0.063988
-0.0635652
-0.0629762
-0.0621596
-0.0610581
-0.0596277
-0.0578442
-0.0557056
-0.0532306
-0.0504553
-0.0474286
-0.0442078
-0.0408552
-0.0374343
-0.0340064
-0.030627
-0.0273423
