0.357143
0.551852
0.820157
1.0477
1.23843
1.39592
1.5234
1.6247
1.70159
1.75625
1.75625
1.79048
1.80564
1.80261
1.78175
1.74282
1.68497
1.60666
1.50578
1.37968
1.22552
1.04073
0.823817
0.575372
0.299285
0.00375955
-0.298277
-0.308478
-0.308478
-0.493618
-0.677857
-0.843962
-0.979617
-1.07564
-1.12709
-1.13342
-1.09789
-1.02646
-0.926601
-0.806268
-0.673167
-0.534313
-0.395815
-0.262829
-0.139579
-0.029432
0.0650264
0.141925
0.20005
0.238807
0.258182
0.258717
0.241464
0.207945
0.160089
0.100159
0.0306614
-0.0457455
-0.126357
-0.20852
-0.289731
-0.36772
-0.440516
-0.506501
-0.56443
-0.613446
-0.653063
-0.683134
-0.703816
-0.715514
-0.718836
-0.714538
-0.703484
-0.686609
-0.664892
-0.639348
-0.611018
-0.580987
-0.550401
-0.520499
-0.492657
-0.468431
-0.449611
-0.438265
-0.436769
-0.44781
-0.47432
-0.51933
-0.519331
-0.519331
-0.585684
-0.67558
-0.789916
-0.92746
-1.08396
-1.25144
-1.41788
-1.56785
-1.68396
-1.74917
-1.74931
-1.67528
-1.52422
-1.29982
-1.01197
-0.676142
-0.312535
0.0549658
0.400567
0.699148
0.929439
1.07702
1.13622
1.11034
1.01026
0.85193
0.65369
0.433835
0.208794
-0.00802031
-0.206747
-0.38111
-0.528072
-0.647243
-0.740185
-0.809717
-0.859296
-0.892532
-0.912832
-0.923183
-0.926039
-0.92329
-0.916287
-0.905901
-0.892602
-0.876537
-0.857613
-0.835562
-0.810011
-0.780529
-0.74668
-0.70806
-0.664334
-0.615259
-0.560702
-0.500632
-0.500632
-0.435081
-0.364053
-0.287387
-0.204549
-0.114412
-0.0150747
0.0961517
0.222458
0.36687
0.531226
0.715051
0.914677
1.123
1.33006
1.5243
1.69426
1.83015
1.92514
1.97598
1.98304
1.9499
1.88254
1.78841
1.67552
1.55167
1.42387
1.298
1.17867
1.06917
0.971636
0.887182
0.816151
0.758295
0.712979
0.679331
0.656376
0.643121
0.63862
0.642011
0.652529
0.66951
0.692386
0.720664
0.753914
0.791743
0.833778
0.879638
0.928916
0.981151
1.0358
1.0922
1.14955
1.2068
1.26267
1.31548
1.36305
1.40255
1.4303
1.4415
1.42993
1.38775
1.30525
1.30525
1.17102
0.972714
0.698856
0.342267
-0.0948505
-0.594994
-1.11981
-1.6171
-2.02672
-2.29979
-2.41374
-2.40807
-2.40807
-2.37571
-2.12155
-1.82587
-1.50974
-1.19088
-1.02988
-1.02988
-0.891561
-0.564905
-0.275922
-0.0250898
0.188026
0.364541
0.506017
0.614296
0.691389
0.7394
0.760476
0.756789
0.730524
0.683896
0.619161
0.538644
0.444754
0.340001
0.22699
0.10841
-0.0130073
-0.134542
-0.253558
-0.367587
-0.474411
-0.572142
-0.659286
-0.734777
-0.797993
-0.848738
-0.887206
-0.913918
-0.929654
-0.935378
-0.932168
-0.921148
-0.903438
-0.880117
-0.852193
-0.820595
-0.786171
-0.749701
-0.711912
-0.673506
-0.635194
-0.597731
-0.561959
-0.528852
-0.499568
-0.475494
-0.45829
-0.449918
-0.452641
-0.468969
-0.501525
-0.552784
-0.552784
-0.624659
-0.717887
-0.831257
-0.960748
-1.0988
-1.23401
-1.35165
-1.43514
-1.46841
-1.43868
-1.33886
-1.16889
-0.93597
-0.653767
-0.341134
-0.0204655
0.28425
0.549792
0.756414
0.890434
0.946039
0.925697
0.839064
0.700769
0.527751
0.33679
