324.702
284.153
222.715
169.272
123.099
83.5393
50.0022
21.7131
-1.595
-7.14133
-20.3132
-34.7461
-45.0995
-51.465
-53.8038
-51.9286
-45.4879
-33.9549
-16.6305
7.32889
38.843
78.78
127.755
185.852
252.308
325.218
399.236
401.724
403.962
451.826
500.168
544.608
581.843
609.285
625.368
629.623
622.558
605.402
579.815
547.643
510.725
470.78
429.35
387.775
347.195
308.564
272.657
240.087
211.312
186.64
166.235
150.117
138.172
130.159
125.718
124.392
125.642
128.875
133.462
138.772
144.189
149.141
153.115
155.675
156.47
155.238
151.807
146.089
138.073
127.815
115.422
101.049
84.8807
67.1283
48.0212
27.8047
6.73947
-14.8957
-36.798
-58.6319
-80.0179
-100.52
-119.629
-136.754
-151.206
-162.2
-168.869
-174.192
-174.192
-170.297
-165.595
-154.019
-135.142
-109.083
-76.7418
-40.0202
-1.90764
33.6267
61.9969
78.5752
79.3502
61.4983
23.7407
-33.5349
-108.318
-197.094
-295.007
-396.106
-493.767
-581.35
-653.016
-704.531
-733.808
-741.03
-728.349
-699.313
-658.204
-609.429
-557.054
-504.489
-454.335
-408.342
-367.474
-332.038
-301.84
-276.353
-254.864
-236.597
-220.801
-206.807
-194.063
-182.145
-170.752
-159.701
-148.901
-138.347
-128.091
-118.233
-108.903
-100.249
-92.4234
-85.5756
-79.8401
-75.3303
-72.1342
-74.0697
-70.315
-69.9205
-71.0053
-73.668
-78.104
-84.6664
-93.9161
-106.632
-123.742
-146.156
-174.502
-208.826
-248.348
-291.378
-335.432
-377.548
-414.696
-444.197
-464.053
-473.141
-471.249
-458.988
-437.619
-408.823
-374.482
-336.485
-296.577
-256.264
-216.764
-178.998
-143.606
-110.989
-81.3518
-54.7517
-31.1431
-10.4158
7.57491
22.9851
35.9669
46.6584
55.179
61.6282
66.0868
68.62
69.2817
68.1192
65.1789
60.5115
54.1784
46.2585
36.8555
26.1076
14.1984
1.37253
-12.0453
-25.6242
-38.7925
-50.7924
-60.6228
-66.9673
-68.114
-61.8746
-35.7394
-45.5287
-15.843
30.7469
97.6698
187.338
299.8
431.151
571.986
709.048
826.639
911.52
952.18
949.427
954.091
963.276
913.151
849.812
778.381
699.295
656.376
659.807
629.648
546.688
470.386
401.156
339.179
284.459
236.878
196.232
162.263
134.674
113.141
97.3183
86.8417
81.323
80.3471
83.4653
90.1898
99.9898
112.291
126.479
141.908
157.916
173.843
189.05
202.948
215.014
224.814
232.014
236.383
237.8
236.24
231.765
224.508
214.655
202.429
188.072
171.836
153.968
134.706
114.276
92.8905
70.7483
48.0426
24.9651
1.71465
-21.4932
-44.4149
-66.7664
-88.2099
-108.34
-126.669
-142.623
-155.532
-164.648
-169.176
-172.484
-168.338
-161.483
-148.25
-128.772
-103.918
-75.4969
-46.3632
-20.317
-1.7464
4.97194
-3.81393
-30.3927
-75.2907
-137.169
-212.966
-298.187
-387.283
-474.127
-552.61
-617.345
-664.359
-691.603
-699.118
-688.813
-663.953
-628.508
-586.533
