1.66667
1.66574
1.66296
1.65834
1.65187
1.64357
1.63344
1.6215
1.60776
1.59223
1.59223
1.57493
1.55588
1.5351
1.51262
1.48845
1.46264
1.4352
1.40616
1.37556
1.34343
1.30981
1.27474
1.23825
1.20038
1.16118
1.12069
1.11933
1.11933
1.07895
1.03602
0.991931
0.946743
0.900504
0.853264
0.805076
0.755994
0.706071
0.655364
0.60393
0.551824
0.499105
0.445831
0.392063
0.337858
0.283279
0.228384
0.173236
0.117895
0.0624237
0.00688275
-0.0486659
-0.10416
-0.159539
-0.214741
-0.269704
-0.324367
-0.37867
-0.432552
-0.485954
-0.538816
-0.591079
-0.642686
-0.693578
-0.7437
-0.792996
-0.84141
-0.88889
-0.935382
-0.980835
-1.0252
-1.06842
-1.11046
-1.15126
-1.19079
-1.22899
-1.26583
-1.30126
-1.33524
-1.36774
-1.39872
-1.42815
-1.45599
-1.48221
-1.50679
-1.52969
-1.55089
-1.57037
-1.57037
-1.57037
-1.58811
-1.60408
-1.61826
-1.63065
-1.64123
-1.64999
-1.65691
-1.66199
-1.66523
-1.66661
-1.66614
-1.66382
-1.65966
-1.65365
-1.6458
-1.63612
-1.62463
-1.61133
-1.59624
-1.57938
-1.56076
-1.54041
-1.51835
-1.4946
-1.46919
-1.44214
-1.4135
-1.38328
-1.35153
-1.31828
-1.28356
-1.24742
-1.20989
-1.17101
-1.13084
-1.08941
-1.04676
-1.00296
-0.95804
-0.912056
-0.865059
-0.817101
-0.768236
-0.718516
-0.667999
-0.616739
-0.564794
-0.512221
-0.45908
-0.405428
-0.351326
-0.296834
-0.242012
-0.186921
-0.131622
-0.0761773
-0.0761772
-0.0206478
0.0349047
0.0904184
0.145832
0.201083
0.256111
0.310854
0.365252
0.419244
0.47277
0.525771
0.578188
0.629963
0.681038
0.731356
0.780861
0.829499
0.877215
0.923957
0.969672
1.01431
1.05782
1.10016
1.14127
1.18112
1.21965
1.25683
1.29261
1.32696
1.35983
1.39119
1.421
1.44924
1.47587
1.50085
1.52417
1.5458
1.56571
1.58387
1.60028
1.61492
1.62775
1.63878
1.64799
1.65537
1.6609
1.6646
1.66644
1.66643
1.66457
1.66086
1.65531
1.64791
1.63869
1.62765
1.61479
1.60015
1.58372
1.56554
1.54561
1.52397
1.50064
1.50064
1.47564
1.449
1.42075
1.39092
1.35954
1.32666
1.2923
1.2565
1.21931
1.18077
1.14091
1.11053
1.11053
1.09979
1.05744
1.01392
0.969271
0.923547
0.897687
0.897687
0.876796
0.829071
0.780425
0.730912
0.680587
0.629506
0.577726
0.525303
0.472297
0.418766
0.36477
0.310369
0.255623
0.200593
0.14534
0.0899257
0.0344114
-0.0211412
-0.0766702
-0.132114
-0.187411
-0.2425
-0.29732
-0.351809
-0.405907
-0.459554
-0.512691
-0.565258
-0.617197
-0.668451
-0.718961
-0.768673
-0.817531
-0.865481
-0.912469
-0.958444
-1.00335
-1.04715
-1.08978
-1.1312
-1.17136
-1.21023
-1.24774
-1.28388
-1.31858
-1.35182
-1.38356
-1.41376
-1.44239
-1.46942
-1.49482
-1.51855
-1.5406
-1.56093
-1.57954
-1.59638
-1.59638
-1.61146
-1.62474
-1.63622
-1.64588
-1.65371
-1.6597
-1.66385
-1.66616
-1.66661
-1.6652
-1.66195
-1.65686
-1.64992
-1.64115
-1.63055
-1.61815
-1.60394
-1.58796
-1.57021
-1.55071
-1.52949
-1.50658
-1.48199
-1.45575
-1.42789
-1.39845
