-0.00357143
0.00757364
0.0160171
0.0221482
0.0263166
0.0288361
0.0299887
0.0300179
0.0291498
0.0451512
0.0275888
0.0255212
0.0231203
0.0205505
0.017973
0.0155515
0.0134587
0.0118826
0.0110329
0.0111459
0.0124869
0.0153471
0.0200328
0.0268452
0.0360466
0.0478179
0.0593264
0.0596947
0.0626781
0.0782451
0.0955995
0.11418
0.13367
0.153664
0.173704
0.193331
0.212116
0.229692
0.245765
0.260125
0.272636
0.283234
0.291918
0.298736
0.303782
0.307182
0.30909
0.309679
0.309134
0.307648
0.305413
0.302617
0.299438
0.29604
0.292567
0.289143
0.285866
0.282808
0.280015
0.277507
0.27528
0.273307
0.271543
0.269926
0.268384
0.266834
0.265192
0.263371
0.261287
0.25886
0.256017
0.252693
0.248833
0.244389
0.239327
0.23362
0.227255
0.220229
0.212549
0.204238
0.195331
0.185879
0.175953
0.165644
0.155065
0.144359
0.133698
0.118091
0.11809
0.123284
0.113347
0.10414
0.0959262
0.0889547
0.0834334
0.0794901
0.0771329
0.0762154
0.0764174
0.0772483
0.0780762
0.0781776
0.0768009
0.0732309
0.0668519
0.0572022
0.0440223
0.0272913
0.00724631
-0.0156247
-0.0406213
-0.0668987
-0.0935561
-0.119726
-0.144649
-0.167726
-0.188542
-0.206866
-0.222629
-0.235899
-0.246842
-0.255687
-0.262694
-0.268127
-0.272236
-0.275241
-0.27733
-0.278654
-0.279332
-0.279451
-0.279077
-0.278256
-0.27702
-0.275396
-0.273403
-0.271062
-0.268394
-0.265424
-0.262181
-0.258698
-0.255016
-0.251176
-0.247227
-0.24322
-0.239205
-0.240245
-0.235238
-0.231372
-0.22766
-0.224159
-0.220932
-0.218054
-0.215617
-0.213743
-0.212587
-0.212333
-0.213184
-0.215342
-0.218968
-0.224157
-0.230902
-0.239082
-0.248463
-0.258712
-0.269429
-0.280182
-0.290543
-0.300122
-0.308585
-0.315679
-0.321226
-0.325129
-0.327363
-0.32796
-0.326998
-0.324591
-0.320872
-0.315987
-0.310087
-0.303317
-0.29582
-0.287728
-0.279165
-0.270245
-0.261073
-0.251743
-0.242346
-0.232964
-0.223673
-0.214546
-0.205649
-0.197048
-0.188803
-0.180971
-0.173603
-0.166749
-0.16045
-0.154743
-0.149657
-0.145207
-0.141399
-0.138221
-0.135638
-0.133587
-0.131969
-0.130636
-0.129379
-0.127907
-0.112782
-0.125835
-0.122662
-0.117765
-0.110403
-0.0997664
-0.0850643
-0.0656821
-0.041388
-0.0124718
0.0201756
0.055175
0.084688
0.0930383
0.0992575
0.125869
0.157872
0.186488
0.211502
0.227586
0.232647
0.237222
0.250079
0.264258
0.275066
0.282874
0.288052
0.290957
0.291934
0.291307
0.289381
0.286443
0.282756
0.278564
0.274089
0.269532
0.26507
0.26086
0.257034
0.2537
0.250941
0.248813
0.247346
0.246541
0.246377
0.246807
0.247763
0.249156
0.250887
0.252845
0.254912
0.256971
0.258905
0.260605
0.26197
0.262908
0.263339
0.263195
0.26242
0.260967
0.258804
0.255904
0.252252
0.247839
0.242668
0.236743
0.230082
0.222706
0.214647
0.205948
0.196662
0.186856
0.176616
0.166047
0.155277
0.144457
0.133769
0.117888
0.123415
0.113621
0.104618
0.096624
0.0898195
0.084308
0.0800795
0.0769768
0.0746766
0.0726953
0.0704215
0.0671729
0.0622662
0.0550905
0.0451713
0.0322227
0.0161823
-0.00277209
-0.024231
-0.0475874
-0.0720977
-0.0969606
-0.121399
-0.144734
-0.166432
-0.186129
-0.20363
