-0.00454545
-0.00370184
-0.00311583
-0.00274038
-0.00255524
-0.00255888
-0.00276186
-0.00318272
-0.00384351
0.000688356
-0.00476786
-0.00597973
-0.00750251
-0.00935847
-0.0115678
-0.014147
-0.017106
-0.0204438
-0.0241422
-0.0281564
-0.0324054
-0.0367593
-0.04103
-0.0449665
-0.0482616
-0.0505755
-0.0463211
-0.0461755
-0.0513846
-0.051043
-0.0491324
-0.0458846
-0.041448
-0.0360422
-0.0299439
-0.023458
-0.0168847
-0.0104911
-0.00449267
0.000953623
0.00574827
0.00984196
0.0132256
0.0159199
0.0179653
0.0194139
0.020323
0.0207506
0.0207524
0.0203802
0.0196819
0.0187014
0.0174797
0.0160556
0.0144668
0.0127499
0.0109413
0.00907599
0.00718777
0.00530785
0.00346416
0.00168039
-2.45797e-05
-0.0016371
-0.00314873
-0.00455593
-0.00585944
-0.00706346
-0.00817473
-0.00920153
-0.0101528
-0.0110371
-0.0118623
-0.0126347
-0.0133586
-0.0140362
-0.0146673
-0.015249
-0.015776
-0.0162408
-0.0166335
-0.0169425
-0.0171555
-0.0172606
-0.017248
-0.0171136
-0.0168621
-0.0135646
-0.0135646
-0.0165129
-0.0161062
-0.0157095
-0.015424
-0.0153869
-0.0157671
-0.0167524
-0.0185235
-0.0212199
-0.0249017
-0.0295208
-0.0349113
-0.0408069
-0.0468823
-0.0528075
-0.0583012
-0.0631661
-0.0673001
-0.0706785
-0.0733185
-0.0752373
-0.0764234
-0.0768335
-0.0764144
-0.0751398
-0.0730429
-0.0702324
-0.0668842
-0.0632165
-0.0594559
-0.0558062
-0.0524258
-0.0494169
-0.0468258
-0.0446512
-0.0428563
-0.0413823
-0.040161
-0.0391239
-0.0382088
-0.0373641
-0.0365503
-0.0357399
-0.0349166
-0.034074
-0.0332138
-0.0323439
-0.0314775
-0.0306309
-0.0298234
-0.0290754
-0.0284086
-0.0278446
-0.0274039
-0.0271053
-0.0269634
-0.0256088
-0.026987
-0.0271758
-0.027517
-0.0279812
-0.0285201
-0.0290649
-0.0295293
-0.0298177
-0.0298388
-0.0295238
-0.0288456
-0.0278314
-0.0265669
-0.0251865
-0.0238547
-0.0227414
-0.0219986
-0.0217428
-0.0220431
-0.0229186
-0.0243406
-0.0262407
-0.0285218
-0.0310714
-0.0337738
-0.0365216
-0.0392239
-0.0418113
-0.0442379
-0.0464805
-0.0485357
-0.050416
-0.0521451
-0.0537544
-0.0552782
-0.0567517
-0.0582082
-0.0596774
-0.0611849
-0.0627513
-0.0643923
-0.0661183
-0.067935
-0.0698431
-0.0718386
-0.0739128
-0.0760519
-0.0782375
-0.0804455
-0.0826462
-0.0848036
-0.0868747
-0.088809
-0.0905476
-0.0920228
-0.0931575
-0.0938649
-0.0940495
-0.093609
-0.0924384
-0.0904379
-0.0875262
-0.0886992
-0.0836619
-0.0788758
-0.073316
-0.0673042
-0.0613927
-0.0564005
-0.0533868
-0.053536
-0.0578698
-0.066949
-0.0806431
-0.09402
-0.0952359
-0.0998037
-0.118178
-0.138184
-0.157393
-0.174987
-0.184401
-0.185416
-0.190931
-0.20303
-0.213563
-0.22167
-0.227552
-0.231438
-0.23356
-0.23414
-0.233384
-0.231483
-0.22861
-0.224921
-0.22056
-0.215657
-0.210334
-0.204704
-0.198873
-0.19294
-0.186999
-0.181136
-0.175429
-0.169948
-0.16475
-0.159883
-0.155379
-0.151255
-0.147518
-0.144155
-0.141147
-0.138461
-0.136056
-0.133889
-0.131911
-0.130077
-0.128343
-0.126669
-0.125021
-0.123372
-0.1217
-0.119992
-0.11824
-0.116439
-0.114593
-0.112707
-0.110789
-0.108851
-0.106906
-0.104967
-0.103049
-0.101164
-0.0993226
-0.0975306
-0.0957871
-0.0940802
-0.0923818
-0.0906419
-0.094246
-0.0887802
-0.0866794
-0.084178
-0.0810686
-0.0771038
-0.072014
-0.06554
-0.0574798
-0.0477399
-0.0363802
-0.0236357
-0.00990537
0.00429001
0.0183696
0.0317575
0.0439378
0.0544936
0.0631307
0.0696901
0.0741513
0.0766278
0.0773543
0.0766627
0.0749471
0.0726227
0.0700823
0.0676605
