-0.00576923
-0.00566934
-0.00551984
-0.00534038
-0.00513827
-0.00491475
-0.0046678
-0.00439606
-0.00409453
0.00164694
-0.00375806
-0.00338099
-0.00295667
-0.00247724
-0.00193325
-0.00131354
-0.000605264
0.000205711
0.00113383
0.00219196
0.00338821
0.00472109
0.00617274
0.00770077
0.00923025
0.0106491
0.0160453
0.0162272
0.0119788
0.0125038
0.0127084
0.0123729
0.011492
0.0101044
0.00829448
0.00618278
0.00390774
0.00160597
-0.000603925
-0.00263075
-0.00441319
-0.00591711
-0.00713005
-0.00805494
-0.00870444
-0.00909654
-0.0092515
-0.00919019
-0.00893319
-0.00850075
-0.00791288
-0.00718976
-0.00635197
-0.00542066
-0.00441752
-0.00336452
-0.00228354
-0.00119585
-0.000121433
0.000921593
0.00191759
0.00285391
0.00372118
0.00451351
0.00522838
0.00586637
0.00643068
0.00692653
0.00736046
0.0077396
0.00807099
0.00836093
0.00861451
0.00883519
0.00902458
0.00918228
0.0093059
0.00939118
0.00943219
0.00942164
0.00935142
0.00921319
0.00899921
0.00870354
0.00832343
0.00786124
0.00732672
0.010619
0.0106191
0.00673976
0.00613313
0.00555597
0.00507579
0.00478024
0.00477657
0.00518832
0.00614824
0.00778628
0.0102122
0.0134929
0.0176268
0.0225201
0.0279706
0.0336675
0.0392089
0.0441386
0.0479961
0.0503745
0.050976
0.0496589
0.0464648
0.0416197
0.0355047
0.0285985
0.021407
0.0143931
0.00792484
0.00224962
-0.00250747
-0.00632615
-0.00926423
-0.0114291
-0.0129528
-0.0139722
-0.0146163
-0.0149974
-0.015208
-0.0153193
-0.0153826
-0.0154315
-0.0154848
-0.0155498
-0.015625
-0.0157033
-0.0157737
-0.0158234
-0.0158389
-0.0158069
-0.0157148
-0.0155511
-0.0153054
-0.0149687
-0.0145337
-0.0139954
-0.0133519
-0.0135758
-0.0126055
-0.011765
-0.0108474
-0.00988052
-0.00890531
-0.00797646
-0.00716118
-0.00653386
-0.00616594
-0.00611099
-0.00638745
-0.00696356
-0.00775057
-0.0086089
-0.00936784
-0.00985451
-0.00992402
-0.00948273
-0.00849966
-0.00700502
-0.00507847
-0.0028319
-0.000390821
0.00212172
0.00459722
0.00694911
0.00911579
0.0110605
0.0127686
0.0142439
0.0155039
0.0165752
0.0174892
0.018279
0.0189758
0.0196076
0.0201977
0.0207639
0.0213186
0.0218691
0.022418
0.0229635
0.0235006
0.0240214
0.0245158
0.0249719
0.0253771
0.0257178
0.0259807
0.0261527
0.0262219
0.026178
0.0260132
0.025723
0.025307
0.0247706
0.0241256
0.0233925
0.0226011
0.0217923
0.0210183
0.0203414
0.0163912
0.0198298
0.0195491
0.0195472
0.0198323
0.0203484
0.0209592
0.021459
0.021679
0.0215246
0.0210867
0.0206607
0.0195011
0.0161727
0.0174626
0.021506
0.0230772
0.0252145
0.0275977
0.026833
0.024229
0.0272906
0.0319567
0.033566
0.0346474
0.0352021
0.0352818
0.0349629
0.0343302
0.033467
0.0324497
0.0313455
0.0302117
0.0290954
0.0280348
0.0270593
0.0261908
0.025444
0.0248273
0.0243435
0.0239898
0.0237593
0.0236409
0.0236206
0.023682
0.0238075
0.0239791
0.0241792
0.0243916
0.0246018
0.0247975
0.024969
0.0251092
0.0252133
0.0252788
0.025305
0.0252926
0.0252431
0.0251589
0.0250424
0.0248958
0.0247209
0.024519
0.0242906
0.0240356
0.0237529
0.0234409
0.0230972
0.0227189
0.0223025
0.0218439
0.0213383
0.02078
0.0201621
0.0194753
0.0187074
0.0178406
0.012072
0.0168495
0.0156965
0.0143271
0.0126641
0.010602
0.00800607
0.00471752
0.000571959
-0.00456824
-0.0107702
-0.0179874
-0.0260325
-0.0345824
-0.0432168
-0.0514814
-0.0589564
-0.0653125
-0.0703421
-0.073965
-0.0762145
-0.0772111
-0.0771338
-0.0761955
-0.0746217
-0.0726351
-0.0704419
-0.0682197
