0.454545
0.454527
0.45447
0.454376
0.454245
0.454076
0.453869
0.453625
0.453344
0.453025
0.453025
0.452668
0.452275
0.451843
0.451375
0.450869
0.450326
0.449746
0.449128
0.448473
0.447782
0.447053
0.446287
0.445485
0.444645
0.443769
0.442857
0.442826
0.442826
0.441907
0.440921
0.439899
0.43884
0.437745
0.436614
0.435447
0.434244
0.433005
0.43173
0.430419
0.429073
0.427692
0.426275
0.424823
0.423335
0.421813
0.420256
0.418664
0.417038
0.415377
0.413681
0.411952
0.410189
0.408391
0.40656
0.404695
0.402797
0.400866
0.398901
0.396904
0.394873
0.39281
0.390715
0.388587
0.386427
0.384235
0.382012
0.379757
0.37747
0.375153
0.372804
0.370424
0.368014
0.365574
0.363103
0.360602
0.358072
0.355511
0.352922
0.350303
0.347656
0.344979
0.342274
0.339541
0.33678
0.333991
0.331174
0.32833
0.32833
0.32833
0.325459
0.322561
0.319636
0.316685
0.313708
0.310704
0.307675
0.304621
0.301541
0.298437
0.295308
0.292154
0.288977
0.285775
0.28255
0.279301
0.27603
0.272735
0.269418
0.266079
0.262718
0.259335
0.255931
0.252505
0.249059
0.245592
0.242105
0.238597
0.23507
0.231524
0.227959
0.224374
0.220771
0.21715
0.213511
0.209854
0.20618
0.202489
0.198781
0.195057
0.191316
0.18756
0.183788
0.180001
0.1762
0.172383
0.168553
0.164708
0.16085
0.156978
0.153094
0.149197
0.145288
0.141366
0.137433
0.133489
0.133489
0.129533
0.125567
0.12159
0.117604
0.113607
0.109602
0.105587
0.101563
0.0975315
0.0934916
0.0894439
0.0853888
0.0813267
0.0772578
0.0731825
0.0691013
0.0650143
0.0609219
0.0568245
0.0527224
0.0486159
0.0445054
0.0403913
0.0362738
0.0321533
0.0280301
0.0239047
0.0197772
0.0156481
0.0115178
0.00738643
0.0032545
-0.000877702
-0.00500983
-0.00914155
-0.0132725
-0.0174024
-0.0215308
-0.0256574
-0.029782
-0.033904
-0.0380233
-0.0421394
-0.0462521
-0.0503609
-0.0544655
-0.0585657
-0.062661
-0.0667511
-0.0708357
-0.0749145
-0.0789871
-0.0830531
-0.0871123
-0.0911643
-0.0952087
-0.0992453
-0.103274
-0.107294
-0.111304
-0.115306
-0.119299
-0.119299
-0.123281
-0.127253
-0.131215
-0.135166
-0.139105
-0.143033
-0.14695
-0.150854
-0.154746
-0.158625
-0.162491
-0.165349
-0.165349
-0.166343
-0.170182
-0.174006
-0.177816
-0.181612
-0.183715
-0.183715
-0.185392
-0.189158
-0.192907
-0.196641
-0.200358
-0.204059
-0.207743
-0.21141
-0.215059
-0.218691
-0.222304
-0.225899
-0.229476
-0.233033
-0.236571
-0.24009
-0.243589
-0.247067
-0.250525
-0.253963
-0.25738
-0.260775
-0.264149
-0.267501
-0.27083
-0.274138
-0.277422
-0.280684
-0.283923
-0.287138
-0.29033
-0.293497
-0.29664
-0.299759
-0.302853
-0.305922
-0.308965
-0.311983
-0.314976
-0.317942
-0.320882
-0.323795
-0.326682
-0.329542
-0.332374
-0.335179
-0.337956
-0.340706
-0.343427
-0.34612
-0.348784
-0.351419
-0.354026
-0.356603
-0.35915
-0.361668
-0.361668
-0.364156
-0.366614
-0.369042
-0.371439
-0.373805
-0.376141
-0.378445
-0.380719
-0.38296
-0.38517
-0.387349
-0.389495
-0.391609
-0.393691
-0.39574
-0.397756
-0.39974
-0.40169
-0.403608
-0.405492
-0.407342
-0.409159
-0.410942
-0.412691
-0.414406
-0.416087
