0.576923
0.566921
0.561884
0.558733
0.556239
0.55379
0.551064
0.548124
0.544608
0.540501
0.540501
0.535749
0.530259
0.523905
0.516531
0.507964
0.498037
0.48662
0.473684
0.459386
0.4442
0.42909
0.41569
0.406455
0.404639
0.41396
0.437776
0.439288
0.439288
0.481436
0.529698
0.581666
0.634099
0.682585
0.72255
0.7504
0.764332
0.764532
0.752799
0.731876
0.704751
0.674143
0.642219
0.610518
0.580016
0.551241
0.524428
0.49963
0.476826
0.455978
0.437066
0.420105
0.405137
0.392219
0.381404
0.372724
0.366168
0.361674
0.359117
0.35831
0.359004
0.360904
0.363678
0.366982
0.370479
0.37386
0.376862
0.379284
0.380995
0.381936
0.382118
0.381614
0.380547
0.379079
0.377398
0.375703
0.374195
0.373062
0.372472
0.372559
0.373408
0.375044
0.377403
0.380311
0.383447
0.3863
0.388134
0.387938
0.387938
0.387938
0.384407
0.375935
0.360662
0.336584
0.30174
0.254501
0.193949
0.120362
0.035764
-0.0555636
-0.146775
-0.228627
-0.29031
-0.320934
-0.31141
-0.25629
-0.155164
-0.0133608
0.158175
0.343862
0.525356
0.684217
0.804965
0.877785
0.900012
0.875926
0.814995
0.729316
0.631103
0.530841
0.436341
0.352564
0.281961
0.225044
0.18099
0.148173
0.124578
0.108096
0.0967278
0.088705
0.0825542
0.077116
0.0715333
0.0652175
0.0578032
0.049099
0.0390401
0.0276462
0.0149895
0.00117251
-0.0136837
-0.0294391
-0.0459229
-0.0629115
-0.0800934
-0.0970272
-0.0970273
-0.113093
-0.127448
-0.139011
-0.146484
-0.148477
-0.143743
-0.13156
-0.112226
-0.0875225
-0.060965
-0.0375716
-0.0230403
-0.0224549
-0.0389245
-0.0726667
-0.120884
-0.178446
-0.239088
-0.296692
-0.346308
-0.384718
-0.410552
-0.42406
-0.426697
-0.42065
-0.408421
-0.392487
-0.37507
-0.358001
-0.342652
-0.329934
-0.32034
-0.314002
-0.310773
-0.310306
-0.312127
-0.315704
-0.320491
-0.325966
-0.331655
-0.337146
-0.342089
-0.346203
-0.349266
-0.351115
-0.35164
-0.350783
-0.348539
-0.344953
-0.340128
-0.334233
-0.327509
-0.320284
-0.312987
-0.306165
-0.300496
-0.296806
-0.296064
-0.299357
-0.307814
-0.322448
-0.343862
-0.343862
-0.371783
-0.404428
-0.437842
-0.465611
-0.479687
-0.473141
-0.449658
-0.416661
-0.392689
-0.3982
-0.443713
-0.499445
-0.499445
-0.520774
-0.610539
-0.671233
-0.699858
-0.699968
-0.689182
-0.689182
-0.675605
-0.634168
-0.58515
-0.536189
-0.492341
-0.456069
-0.428205
-0.408602
-0.396583
-0.39122
-0.391506
-0.396454
-0.405135
-0.416701
-0.430378
-0.445465
-0.461325
-0.47738
-0.493109
-0.508055
-0.521832
-0.534129
-0.544725
-0.553487
-0.560375
-0.565436
-0.568793
-0.570628
-0.571169
-0.570666
-0.569373
-0.567533
-0.565364
-0.563048
-0.560726
-0.558496
-0.556414
-0.554497
-0.55273
-0.551072
-0.549462
-0.547831
-0.546103
-0.544202
-0.542056
-0.5396
-0.536773
-0.533519
-0.529779
-0.525485
-0.520547
-0.51483
-0.508125
-0.500102
-0.490243
-0.477749
-0.477749
-0.461429
-0.439582
-0.409926
-0.369666
-0.315836
-0.24606
-0.159765
-0.0596326
0.0472937
0.149629
0.233326
0.284781
0.294277
0.25842
0.18067
0.0700518
-0.0612523
-0.200482
-0.336324
-0.460048
-0.565772
-0.650156
-0.711899
-0.751305
-0.770028
-0.770894
