0.576923
0.576885
0.576769
0.576577
0.576309
0.575963
0.575541
0.575042
0.574467
0.573815
0.573815
0.573087
0.572282
0.571402
0.570445
0.569412
0.568304
0.567119
0.56586
0.564525
0.563114
0.561629
0.560069
0.558435
0.556726
0.554943
0.553086
0.553024
0.553024
0.551156
0.549152
0.547075
0.544925
0.542703
0.540408
0.538041
0.535603
0.533094
0.530513
0.527862
0.525141
0.52235
0.519489
0.516559
0.51356
0.510493
0.507358
0.504155
0.500885
0.497549
0.494146
0.490678
0.487144
0.483545
0.479882
0.476155
0.472365
0.468512
0.464596
0.460619
0.45658
0.45248
0.44832
0.444101
0.439822
0.435485
0.43109
0.426638
0.422128
0.417563
0.412942
0.408265
0.403535
0.398751
0.393914
0.389024
0.384082
0.37909
0.374047
0.368954
0.363812
0.358621
0.353383
0.348098
0.342766
0.337389
0.331967
0.3265
0.3265
0.3265
0.320991
0.315438
0.309843
0.304208
0.298531
0.292815
0.28706
0.281267
0.275436
0.269569
0.263666
0.257727
0.251755
0.245748
0.23971
0.233639
0.227537
0.221405
0.215243
0.209053
0.202834
0.196589
0.190318
0.184021
0.1777
0.171355
0.164987
0.158598
0.152187
0.145756
0.139306
0.132837
0.12635
0.119847
0.113327
0.106793
0.100244
0.0936818
0.0871073
0.0805211
0.0739243
0.0673176
0.0607019
0.0540781
0.0474472
0.0408099
0.0341672
0.02752
0.0208691
0.0142154
0.00755979
0.000903206
-0.0057535
-0.0124094
-0.0190637
-0.0257155
-0.0257155
-0.0323638
-0.0390078
-0.0456467
-0.0522794
-0.0589052
-0.0655232
-0.0721324
-0.078732
-0.0853211
-0.0918989
-0.0984645
-0.105017
-0.111555
-0.118079
-0.124587
-0.131078
-0.137552
-0.144008
-0.150444
-0.15686
-0.163256
-0.169629
-0.17598
-0.182308
-0.188612
-0.19489
-0.201142
-0.207368
-0.213566
-0.219735
-0.225876
-0.231986
-0.238065
-0.244113
-0.250128
-0.25611
-0.262058
-0.267971
-0.273848
-0.279688
-0.285492
-0.291257
-0.296984
-0.302671
-0.308318
-0.313924
-0.319488
-0.325009
-0.330488
-0.335922
-0.341311
-0.346655
-0.351953
-0.357204
-0.362408
-0.367563
-0.372669
-0.377726
-0.382733
-0.387688
-0.392592
-0.397443
-0.397443
-0.402242
-0.406987
-0.411678
-0.416314
-0.420895
-0.425419
-0.429887
-0.434298
-0.438651
-0.442946
-0.447181
-0.450285
-0.450285
-0.451357
-0.455473
-0.459529
-0.463523
-0.467455
-0.469614
-0.469614
-0.471325
-0.475133
-0.478877
-0.482557
-0.486174
-0.489725
-0.493211
-0.496632
-0.499986
-0.503274
-0.506495
-0.509649
-0.512734
-0.515752
-0.5187
-0.52158
-0.52439
-0.527131
-0.529801
-0.532401
-0.534929
-0.537387
-0.539773
-0.542087
-0.544329
-0.546499
-0.548595
-0.550619
-0.55257
-0.554446
-0.556249
-0.557978
-0.559633
-0.561213
-0.562719
-0.564149
-0.565505
-0.566785
-0.56799
-0.569119
-0.570172
-0.57115
-0.572051
-0.572876
-0.573625
-0.574298
-0.574894
-0.575413
-0.575856
-0.576223
-0.576512
-0.576725
-0.576861
-0.57692
-0.576903
-0.576808
-0.576808
-0.576637
-0.576389
-0.576065
-0.575663
-0.575185
-0.574631
-0.574
-0.573292
-0.572508
-0.571648
-0.570712
-0.5697
-0.568612
-0.567448
-0.566209
-0.564894
-0.563505
-0.56204
-0.5605
-0.558886
-0.557197
-0.555434
-0.553597
-0.551687
-0.549703
-0.547646
