-1.44231
-0.670068
-0.263551
0.00322699
0.220655
0.434333
0.668834
0.91988
1.21578
2.91026
1.55901
1.95507
2.41256
2.94294
3.56026
4.28023
5.1187
6.08886
7.19663
8.43341
9.76561
11.1207
12.3716
13.3237
13.714
13.236
12.6596
12.587
11.5249
8.35495
4.63617
0.498864
-3.81505
-7.96511
-11.587
-14.3812
-16.1777
-16.9563
-16.8224
-15.9587
-14.5741
-12.8638
-10.9873
-9.06071
-7.16028
-5.33029
-3.59312
-1.95819
-0.428885
0.992635
2.30277
3.49549
4.56251
5.49429
6.28144
6.91621
7.39387
7.71386
7.88055
7.90355
7.79757
7.58171
7.27848
6.91227
6.50782
6.08849
5.6748
5.28317
4.92513
4.60691
4.32951
4.08911
3.87775
3.68419
3.49482
3.29462
3.06803
2.79986
2.47612
2.08503
1.6181
1.07159
0.448273
-0.240149
-0.970181
-1.70304
-2.38084
-1.95307
-1.95307
-2.9229
-3.22295
-3.14825
-2.54242
-1.23315
0.953451
4.17064
8.52042
14.0144
20.5285
27.7582
35.1897
42.1066
47.6475
50.918
51.1362
47.7793
40.7016
30.201
17.0241
2.30403
-12.5729
-26.1671
-37.2224
-44.8826
-48.8217
-49.2446
-46.7693
-42.2415
-36.5456
-30.4629
-24.5937
-19.3368
-14.909
-11.3828
-8.72877
-6.8529
-5.62705
-4.91089
-4.56719
-4.47167
-4.51845
-4.62232
-4.71861
-4.76126
-4.72011
-4.57752
-4.32518
-3.96119
-3.48775
-2.90957
-2.23309
-1.46651
-0.620727
0.28879
1.23926
1.95444
2.19701
3.11343
3.92121
4.53219
4.83905
4.7238
4.07618
2.82364
0.970549
-1.36265
-3.91691
-6.30785
-8.08589
-8.83476
-8.27854
-6.35764
-3.2456
0.696342
5.00608
9.21736
12.939
15.9017
17.9715
19.1364
19.4785
19.1402
18.2938
17.1159
15.7698
14.3936
13.0947
11.9482
10.9989
10.265
9.74347
9.41523
9.25074
9.21448
9.26869
9.37614
9.502
9.61491
9.68756
9.69679
9.62356
9.45273
9.17295
8.7766
8.25987
7.62304
6.87094
6.01363
5.06733
4.05556
3.01047
1.9744
1.00137
0.158358
-0.474403
-0.805113
-0.735973
-0.17542
0.0792226
0.938879
2.60287
4.69487
6.92039
8.78439
9.64922
8.94389
6.90254
4.05837
1.82448
1.8092
4.61518
7.73022
8.0527
10.5828
17.3992
22.1814
24.6245
24.1467
22.5249
23.2903
23.3101
20.3192
16.6323
12.8229
9.28303
6.21655
3.70704
1.7645
0.357156
-0.567722
-1.07124
-1.21574
-1.06121
-0.663992
-0.0765088
0.652367
1.47695
2.35455
3.24556
4.11394
4.92793
5.66083
6.29189
6.80685
7.19822
7.46512
7.6127
7.65112
7.59434
7.45871
7.26155
7.01993
6.74954
6.46387
6.1737
5.88681
5.60794
5.33902
5.07948
4.82668
4.57651
4.32379
4.0628
3.78765
3.49256
3.17199
2.8207
2.43357
2.00519
1.52929
0.997628
0.398384
-0.286382
-1.08452
-2.03932
-4.41142
-3.21705
-4.71646
-6.67877
-9.29441
-12.7993
-17.4497
-23.4634
-30.9246
-39.6665
-49.1777
-58.5926
-66.811
-72.7316
-75.5209
-74.8104
-70.755
-63.9491
-55.2544
-45.6081
-35.8668
-26.7156
-18.6404
-11.9447
-6.78279
-3.1874
-1.08611
-0.311309
