-0.909091
8.53796
5.81951
3.57644
1.51785
-0.561377
-2.79687
-5.27986
-8.05318
-10.0482
-11.1394
-14.5464
-18.2731
-22.3113
-26.6422
-31.2284
-36.0004
-40.8375
-45.5444
-49.8249
-53.2579
-55.2853
-55.2265
-52.3392
-45.9444
-35.6166
-20.3557
-19.7725
-20.8143
-4.90142
11.1345
26.4927
40.4546
52.195
61.0303
66.5883
68.8624
68.1636
65.0136
60.0275
53.8164
46.9227
39.7874
32.741
26.0102
19.7333
13.979
8.76585
4.08002
-0.1094
-3.8386
-7.14058
-10.0403
-12.5529
-14.6851
-16.4381
-17.8118
-18.8094
-19.4412
-19.7277
-19.6998
-19.3991
-18.8751
-18.1824
-17.3768
-16.5112
-15.6331
-14.7813
-13.985
-13.2629
-12.6235
-12.0663
-11.5827
-11.1577
-10.771
-10.3987
-10.0143
-9.58952
-9.09578
-8.50507
-7.79179
-6.93523
-5.92333
-4.7582
-3.46403
-2.09757
-0.761344
0.971395
0.971408
0.381745
1.09502
1.0618
-0.105742
-2.83081
-7.50006
-14.3537
-23.3541
-34.0722
-45.6498
-56.8851
-66.4505
-73.1872
-76.3802
-75.9155
-72.268
-66.3267
-59.1133
-51.4801
-43.8864
-36.3374
-28.5172
-20.0642
-10.8604
-1.19518
8.26683
16.6785
23.2614
27.5088
29.2812
28.7901
26.5031
23.0171
18.9379
14.7912
10.973
7.73568
5.1998
3.3808
2.21986
1.61325
1.43619
1.56038
1.86541
2.24515
2.61041
2.88905
3.02464
2.9743
2.7065
2.19925
1.43908
0.42122
-0.848786
-2.35154
-4.04842
-5.59872
-5.87437
-7.72988
-9.47397
-10.9217
-11.8512
-12.0256
-11.2351
-9.35666
-6.42059
-2.66229
1.46951
5.36667
8.37337
9.92315
9.65522
7.47431
3.54568
-1.7587
-7.93743
-14.4396
-20.7359
-26.3749
-31.0232
-34.486
-36.7077
-37.7568
-37.7965
-37.0504
-35.7675
-34.1922
-32.5417
-30.993
-29.6771
-28.6794
-28.0452
-27.7864
-27.8897
-28.3239
-29.0465
-30.008
-31.1559
-32.4369
-33.7973
-35.1842
-36.5444
-37.8239
-38.9669
-39.9143
-40.6024
-40.9619
-40.9164
-40.3812
-39.2628
-37.4582
-34.8554
-31.3355
-26.7767
-21.0628
-14.0979
-5.83228
3.69741
14.3039
24.5485
25.5559
36.6529
46.2755
52.4519
52.5308
43.4174
22.2571
-12.5637
-59.4599
-113.475
-166.978
-211.247
-231.789
-232.702
-239.341
-247.917
-242.977
-228.75
-207.611
-193.844
-194.947
-185.065
-158.792
-133.71
-110.419
-89.2411
-70.2558
-53.4065
-38.5683
-25.5897
-14.3163
-4.60572
3.66646
10.604
16.2912
20.7962
24.1755
26.48
27.7613
28.0778
27.5005
26.117
24.034
21.3772
18.2886
14.921
11.4313
7.97182
4.68214
1.68137
-0.937447
-3.11069
-4.80498
-6.0156
-6.76293
-7.08762
-7.04506
-6.69986
-6.12072
-5.37617
-4.53122
-3.64505
-2.76962
-1.94905
-1.21953
-0.609416
-0.139354
0.178106
0.339675
0.353775
0.244747
0.0593617
-0.123934
-0.182801
0.0637933
0.87144
1.49056
2.58371
5.63674
10.5451
17.856
28.0605
41.4558
57.977
77.04
97.4662
117.557
135.341
148.933
156.889
158.433
153.505
142.658
126.901
107.526
85.9848
63.7978
42.4638
23.3614
7.62487
-3.97924
-11.1403
-14.0217
-13.1998
