0 0
0.0555453 0.05
0.111029 0.1
0.166389 0.15
0.221564 0.2
0.276494 0.25
0.331116 0.3
0.38537 0.35
0.439196 0.4
0.492534 0.45
0.545324 0.5
0.597509 0.55
0.649031 0.6
0.699831 0.65
0.749853 0.7
0.799043 0.75
0.847344 0.8
0.894705 0.85
0.941071 0.9
0.986392 0.95
1.03062 1
1.0737 1.05
1.11558 1.1
1.15623 1.15
1.19559 1.2
1.23363 1.25
1.27029 1.3
1.30554 1.35
1.33935 1.4
1.37166 1.45
1.40245 1.5
1.43168 1.55
1.45933 1.6
1.48535 1.65
1.50972 1.7
1.53241 1.75
1.5534 1.8
1.57266 1.85
1.59018 1.9
1.60593 1.95
1.6199 2
1.63206 2.05
1.64242 2.1
1.65094 2.15
1.65764 2.2
1.66249 2.25
1.6655 2.3
1.66665 2.35
1.66596 2.4
1.66341 2.45
1.65901 2.5
1.65277 2.55
1.6447 2.6
1.6348 2.65
1.62308 2.7
1.60956 2.75
1.59425 2.8
1.57717 2.85
1.55833 2.9
1.53777 2.95
1.5155 3
1.49154 3.05
1.46592 3.1
1.43868 3.15
1.40984 3.2
1.37943 3.25
1.34749 3.3
1.31406 3.35
1.27916 3.4
1.24284 3.45
1.20514 3.5
1.16611 3.55
1.12577 3.6
1.08419 3.65
1.0414 3.7
0.997454 3.75
0.9524 3.8
0.906288 3.85
0.859169 3.9
0.811096 3.95
0.762121 4
0.7123 4.05
0.661687 4.1
0.610339 4.15
0.558314 4.2
0.505667 4.25
0.45246 4.3
0.398749 4.35
0.344595 4.4
0.290059 4.45
0.2352 4.5
0.18008 4.55
0.12476 4.6
0.0693011 4.65
0.0137654 4.7
-0.0417856 4.75
-0.0972902 4.8
-0.152687 4.85
-0.207914 4.9
-0.262909 4.95
-0.317613 5
-0.371964 5.05
-0.425902 5.1
-0.479366 5.15
-0.532298 5.2
-0.584639 5.25
-0.63633 5.3
-0.687314 5.35
-0.737534 5.4
-0.786935 5.45
-0.835462 5.5
-0.88306 5.55
-0.929678 5.6
-0.975262 5.65
-1.01976 5.7
-1.06313 5.75
-1.10532 5.8
-1.14628 5.85
-1.18596 5.9
-1.22433 5.95
-1.26134 6
-1.29694 6.05
-1.33111 6.1
-1.3638 6.15
-1.39497 6.2
-1.42459 6.25
-1.45263 6.3
-1.47905 6.35
-1.50383 6.4
-1.52694 6.45
-1.54836 6.5
-1.56805 6.55
-1.586 6.6
-1.60219 6.65
-1.6166 6.7
-1.62922 6.75
-1.64002 6.8
-1.649 6.85
-1.65615 6.9
-1.66146 6.95
-1.66492 7
-1.66654 7.05
-1.6663 7.1
-1.66421 7.15
-1.66027 7.2
-1.65449 7.25
-1.64687 7.3
-1.63742 7.35
-1.62615 7.4
-1.61308 7.45
-1.59821 7.5
-1.58156 7.55
-1.56316 7.6
-1.54302 7.65
-1.52117 7.7
-1.49763 7.75
-1.47242 7.8
-1.44558 7.85
-1.41713 7.9
-1.38711 7.95
-1.35555 8
-1.32248 8.05
-1.28794 8.1
-1.25197 8.15
-1.21461 8.2
-1.1759 8.25
-1.13588 8.3
-1.09461 8.35
-1.05211 8.4
-1.00845 8.45
-0.963664 8.5
-0.917809 8.55
-0.870935 8.6
-0.823093 8.65
-0.774337 8.7
-0.72472 8.75
-0.674299 8.8
-0.623128 8.85
-0.571265 8.9
-0.518767 8.95
-0.465692 9
-0.412101 9.05
-0.358051 9.1
-0.303604 9.15
-0.24882 9.2
-0.193759 9.25
-0.138482 9.3
-0.0830522 9.35
-0.0275298 9.4
0.0280232 9.45
0.083545 9.5
0.138974 9.55
0.194249 9.6
0.249307 9.65
0.304089 9.7
0.358533 9.75
0.412579 9.8
0.466166 9.85
0.519236 9.9
0.571728 9.95
0.623585 10
0.67475 10.05
0.725165 10.1
0.774774 10.15
0.823522 10.2
0.871356 10.25
0.918221 10.3
0.964066 10.35
1.00884 10.4
1.05249 10.45
1.09498 10.5
1.13625 10.55
1.17625 10.6
1.21495 10.65
1.2523 10.7
1.28825 10.75
1.32278 10.8
1.35584 10.85
1.38739 10.9
1.41739 10.95
1.44583 11
1.47266 11.05
1.49785 11.1
1.52137 11.15
1.54321 11.2
1.56333 11.25
1.58172 11.3
1.59835 11.35
1.6132 11.4
1.62626 11.45
1.63751 11.5
1.64695 11.55
1.65455 11.6
1.66032 11.65
1.66424 11.7
1.66631 11.75
1.66653 11.8
1.6649 11.85
1.66142 11.9
1.6561 11.95
