0 0
0.011111 0.01
0.0222216 0.02
0.0333311 0.03
0.0444392 0.04
0.0555453 0.05
0.0666489 0.06
0.0777496 0.07
0.0888468 0.08
0.09994 0.09
0.111029 0.1
0.122113 0.11
0.133191 0.12
0.144264 0.13
0.15533 0.14
0.166389 0.15
0.177441 0.16
0.188485 0.17
0.19952 0.18
0.210547 0.19
0.221564 0.2
0.232572 0.21
0.243569 0.22
0.254555 0.23
0.26553 0.24
0.276494 0.25
0.287444 0.26
0.298383 0.27
0.309308 0.28
0.320219 0.29
0.331116 0.3
0.341998 0.31
0.352865 0.32
0.363716 0.33
0.374551 0.34
0.38537 0.35
0.396171 0.36
0.406955 0.37
0.41772 0.38
0.428468 0.39
0.439196 0.4
0.449904 0.41
0.460593 0.42
0.471261 0.43
0.481908 0.44
0.492534 0.45
0.503138 0.46
0.513719 0.47
0.524278 0.48
0.534813 0.49
0.545324 0.5
0.555812 0.51
0.566274 0.52
0.576712 0.53
0.587124 0.54
0.597509 0.55
0.607869 0.56
0.618201 0.57
0.628505 0.58
0.638782 0.59
0.649031 0.6
0.65925 0.61
0.66944 0.62
0.679601 0.63
0.689731 0.64
0.699831 0.65
0.709899 0.66
0.719936 0.67
0.729941 0.68
0.739914 0.69
0.749853 0.7
0.759759 0.71
0.769632 0.72
0.77947 0.73
0.789274 0.74
0.799043 0.75
0.808776 0.76
0.818473 0.77
0.828134 0.78
0.837758 0.79
0.847344 0.8
0.856893 0.81
0.866404 0.82
0.875877 0.83
0.88531 0.84
0.894705 0.85
0.904059 0.86
0.913373 0.87
0.922647 0.88
0.93188 0.89
0.941071 0.9
0.95022 0.91
0.959327 0.92
0.968392 0.93
0.977413 0.94
0.986392 0.95
0.995326 0.96
1.00422 0.97
1.01306 0.98
1.02186 0.99
1.03062 1
1.03933 1.01
1.04799 1.02
1.0566 1.03
1.06517 1.04
1.0737 1.05
1.08217 1.06
1.0906 1.07
1.09897 1.08
1.1073 1.09
1.11558 1.1
1.12381 1.11
1.13199 1.12
1.14012 1.13
1.1482 1.14
1.15623 1.15
1.16421 1.16
1.17213 1.17
1.18001 1.18
1.18783 1.19
1.19559 1.2
1.20331 1.21
1.21097 1.22
1.21858 1.23
1.22613 1.24
1.23363 1.25
1.24107 1.26
1.24846 1.27
1.25579 1.28
1.26307 1.29
1.27029 1.3
1.27746 1.31
1.28456 1.32
1.29162 1.33
1.29861 1.34
1.30554 1.35
1.31242 1.36
1.31924 1.37
1.326 1.38
1.3327 1.39
1.33935 1.4
1.34593 1.41
1.35245 1.42
1.35892 1.43
1.36532 1.44
1.37166 1.45
1.37794 1.46
1.38416 1.47
1.39032 1.48
1.39642 1.49
1.40245 1.5
1.40842 1.51
1.41433 1.52
1.42018 1.53
1.42596 1.54
1.43168 1.55
1.43734 1.56
1.44293 1.57
1.44846 1.58
1.45393 1.59
1.45933 1.6
1.46466 1.61
1.46993 1.62
1.47513 1.63
1.48027 1.64
1.48535 1.65
1.49035 1.66
1.49529 1.67
1.50017 1.68
1.50497 1.69
1.50972 1.7
1.51439 1.71
1.519 1.72
1.52353 1.73
1.52801 1.74
1.53241 1.75
1.53674 1.76
1.54101 1.77
1.54521 1.78
1.54934 1.79
1.5534 1.8
1.55739 1.81
1.56131 1.82
1.56517 1.83
1.56895 1.84
1.57266 1.85
1.57631 1.86
1.57988 1.87
1.58338 1.88
1.58682 1.89
1.59018 1.9
1.59347 1.91
1.59669 1.92
1.59984 1.93
1.60292 1.94
1.60593 1.95
1.60887 1.96
1.61173 1.97
1.61453 1.98
1.61725 1.99
1.6199 2
1.62247 2.01
1.62498 2.02
1.62741 2.03
1.62977 2.04
1.63206 2.05
1.63428 2.06
1.63642 2.07
1.63849 2.08
1.64049 2.09
1.64242 2.1
1.64427 2.11
1.64605 2.12
1.64775 2.13
1.64939 2.14
1.65094 2.15
1.65243 2.16
1.65384 2.17
1.65518 2.18
1.65645 2.19
1.65764 2.2
1.65876 2.21
1.6598 2.22
1.66077 2.23
1.66167 2.24
1.66249 2.25
1.66324 2.26
1.66392 2.27
1.66452 2.28
1.66504 2.29
1.6655 2.3
1.66588 2.31
1.66618 2.32
1.66641 2.33
1.66657 2.34
1.66665 2.35
1.66666 2.36
1.6666 2.37
1.66646 2.38
1.66624 2.39
1.66596 2.4
1.66559 2.41
1.66516 2.42
1.66465 2.43
1.66407 2.44
1.66341 2.45
1.66268 2.46
1.66187 2.47
1.66099 2.48
1.66004 2.49
1.65901 2.5
1.65791 2.51
1.65674 2.52
1.65549 2.53
1.65417 2.54
1.65277 2.55
1.65131 2.56
1.64976 2.57
1.64815 2.58
1.64646 2.59
1.6447 2.6
1.64287 2.61
1.64096 2.62
1.63898 2.63
1.63692 2.64
1.6348 2.65
1.6326 2.66
1.63033 2.67
1.62798 2.68
1.62557 2.69
1.62308 2.7
1.62052 2.71
1.61789 2.72
1.61518 2.73
1.61241 2.74
1.60956 2.75
1.60664 2.76
1.60365 2.77
1.60059 2.78
1.59745 2.79
1.59425 2.8
1.59097 2.81
1.58763 2.82
1.58421 2.83
1.58072 2.84
1.57717 2.85
1.57354 2.86
1.56984 2.87
1.56608 2.88
1.56224 2.89
1.55833 2.9
1.55436 2.91
1.55031 2.92
1.5462 2.93
1.54202 2.94
1.53777 2.95
1.53345 2.96
1.52906 2.97
1.52461 2.98
1.52009 2.99
1.5155 3
1.51084 3.01
1.50611 3.02
1.50132 3.03
1.49646 3.04
1.49154 3.05
1.48655 3.06
1.48149 3.07
1.47637 3.08
1.47118 3.09
1.46592 3.1
1.46061 3.11
1.45522 3.12
1.44977 3.13
1.44426 3.14
1.43868 3.15
1.43304 3.16
1.42734 3.17
1.42157 3.18
1.41574 3.19
1.40984 3.2
1.40388 3.21
1.39786 3.22
1.39178 3.23
1.38564 3.24
1.37943 3.25
1.37317 3.26
1.36684 3.27
1.36045 3.28
1.354 3.29
1.34749 3.3
1.34093 3.31
1.3343 3.32
1.32761 3.33
1.32086 3.34
1.31406 3.35
1.30719 3.36
1.30027 3.37
1.29329 3.38
1.28625 3.39
1.27916 3.4
1.27201 3.41
1.2648 3.42
1.25754 3.43
1.25022 3.44
1.24284 3.45
1.23541 3.46
1.22793 3.47
1.22039 3.48
1.21279 3.49
1.20514 3.5
1.19744 3.51
1.18969 3.52
1.18188 3.53
1.17402 3.54
1.16611 3.55
1.15814 3.56
1.15012 3.57
1.14206 3.58
1.13394 3.59
1.12577 3.6
1.11755 3.61
1.10929 3.62
1.10097 3.63
1.0926 3.64
1.08419 3.65
1.07572 3.66
1.06721 3.67
1.05866 3.68
1.05005 3.69
1.0414 3.7
1.0327 3.71
1.02396 3.72
1.01517 3.73
1.00633 3.74
0.997454 3.75
0.98853 3.76
0.979562 3.77
0.970551 3.78
0.961497 3.79
0.9524 3.8
0.94326 3.81
0.934079 3.82
0.924856 3.83
0.915592 3.84
0.906288 3.85
0.896943 3.86
0.887558 3.87
0.878134 3.88
0.868671 3.89
0.859169 3.9
0.849629 3.91
0.840051 3.92
0.830436 3.93
0.820784 3.94
0.811096 3.95
0.801371 3.96
0.791611 3.97
0.781816 3.98
0.771985 3.99
0.762121 4
0.752223 4.01
0.742291 4.02
0.732326 4.03
0.722329 4.04
0.7123 4.05
0.702239 4.06
0.692147 4.07
0.682024 4.08
0.67187 4.09
0.661687 4.1
0.651475 4.11
0.641233 4.12
0.630963 4.13
0.620665 4.14
0.610339 4.15
0.599987 4.16
0.589607 4.17
0.579202 4.18
0.56877 4.19
0.558314 4.2
0.547832 4.21
0.537326 4.22
0.526797 4.23
0.516243 4.24
0.505667 4.25
0.495069 4.26
0.484448 4.27
0.473806 4.28
0.463143 4.29
0.45246 4.3
0.441756 4.31
0.431032 4.32
0.42029 4.33
0.409528 4.34
0.398749 4.35
0.387952 4.36
0.377137 4.37
0.366306 4.38
0.355459 4.39
0.344595 4.4
0.333717 4.41
0.322823 4.42
0.311915 4.43
0.300994 4.44
0.290059 4.45
0.279111 4.46
0.268151 4.47
0.257178 4.48
0.246195 4.49
0.2352 4.5
0.224195 4.51
0.21318 4.52
0.202155 4.53
0.191122 4.54
0.18008 4.55
0.16903 4.56
0.157972 4.57
0.146908 4.58
0.135837 4.59
0.12476 4.6
0.113677 4.61
0.10259 4.62
0.0914973 4.63
0.080401 4.64
0.0693011 4.65
0.0581981 4.66
0.0470926 4.67
0.035985 4.68
0.0248757 4.69
0.0137654 4.7
0.00265442 4.71
-0.00845665 4.72
-0.0195674 4.73
-0.0306772 4.74
-0.0417856 4.75
-0.0528923 4.76
-0.0639965 4.77
-0.0750979 4.78
-0.086196 4.79
-0.0972902 4.8
-0.10838 4.81
-0.119465 4.82
-0.130545 4.83
-0.141619 4.84
-0.152687 4.85
-0.163748 4.86
-0.174801 4.87
-0.185847 4.88
-0.196885 4.89
-0.207914 4.9
-0.218933 4.91
-0.229943 4.92
-0.240943 4.93
-0.251932 4.94
-0.262909 4.95
-0.273876 4.96
-0.284829 4.97
-0.295771 4.98
-0.306699 4.99
-0.317613 5
-0.328514 5.01
-0.339399 5.02
-0.35027 5.03
-0.361125 5.04
-0.371964 5.05
-0.382787 5.06
-0.393592 5.07
-0.40438 5.08
-0.41515 5.09
-0.425902 5.1
-0.436634 5.11
-0.447348 5.12
-0.458041 5.13
-0.468714 5.14
-0.479366 5.15
-0.489997 5.16
-0.500606 5.17
-0.511193 5.18
-0.521757 5.19
-0.532298 5.2
-0.542815 5.21
-0.553309 5.22
-0.563777 5.23
-0.574221 5.24
-0.584639 5.25
-0.595031 5.26
-0.605396 5.27
-0.615735 5.28
-0.626046 5.29
-0.63633 5.3
-0.646585 5.31
-0.656811 5.32
-0.667009 5.33
-0.677176 5.34
-0.687314 5.35
-0.697421 5.36
-0.707497 5.37
-0.717541 5.38
-0.727554 5.39
-0.737534 5.4
-0.747482 5.41
-0.757396 5.42
-0.767277 5.43
-0.777123 5.44
-0.786935 5.45
-0.796712 5.46
-0.806454 5.47
-0.816159 5.48
-0.825829 5.49
-0.835462 5.5
-0.845057 5.51
-0.854616 5.52
-0.864136 5.53
-0.873617 5.54
-0.88306 5.55
-0.892464 5.56
-0.901828 5.57
-0.911152 5.58
-0.920435 5.59
-0.929678 5.6
-0.938879 5.61
-0.948038 5.62
-0.957156 5.63
-0.96623 5.64
-0.975262 5.65
-0.984251 5.66
-0.993195 5.67
-1.0021 5.68
-1.01095 5.69
-1.01976 5.7
-1.02853 5.71
-1.03725 5.72
-1.04592 5.73
-1.05455 5.74
-1.06313 5.75
-1.07166 5.76
-1.08015 5.77
-1.08859 5.78
-1.09698 5.79
-1.10532 5.8
-1.11361 5.81
-1.12185 5.82
-1.13004 5.83
-1.13819 5.84
-1.14628 5.85
-1.15432 5.86
-1.16231 5.87
-1.17024 5.88
-1.17813 5.89
-1.18596 5.9
-1.19374 5.91
-1.20147 5.92
-1.20914 5.93
-1.21676 5.94
-1.22433 5.95
-1.23184 5.96
-1.2393 5.97
-1.2467 5.98
-1.25405 5.99
-1.26134 6
-1.26857 6.01
-1.27575 6.02
-1.28287 6.03
-1.28994 6.04
-1.29694 6.05
-1.30389 6.06
-1.31078 6.07
-1.31762 6.08
-1.32439 6.09
-1.33111 6.1
-1.33777 6.11
-1.34436 6.12
-1.3509 6.13
-1.35738 6.14
-1.3638 6.15
-1.37015 6.16
-1.37645 6.17
-1.38268 6.18
-1.38886 6.19
-1.39497 6.2
-1.40102 6.21
-1.407 6.22
-1.41293 6.23
-1.41879 6.24
-1.42459 6.25
-1.43032 6.26
-1.43599 6.27
-1.4416 6.28
-1.44715 6.29
-1.45263 6.3
-1.45804 6.31
-1.46339 6.32
-1.46868 6.33
-1.4739 6.34
-1.47905 6.35
-1.48414 6.36
-1.48916 6.37
-1.49412 6.38
-1.49901 6.39
-1.50383 6.4
-1.50859 6.41
-1.51328 6.42
-1.5179 6.43
-1.52246 6.44
-1.52694 6.45
-1.53136 6.46
-1.53571 6.47
-1.54 6.48
-1.54421 6.49
-1.54836 6.5
-1.55243 6.51
-1.55644 6.52
-1.56038 6.53
-1.56425 6.54
-1.56805 6.55
-1.57178 6.56
-1.57544 6.57
-1.57903 6.58
-1.58255 6.59
-1.586 6.6
-1.58938 6.61
-1.59269 6.62
-1.59593 6.63
-1.5991 6.64
-1.60219 6.65
-1.60522 6.66
-1.60817 6.67
-1.61105 6.68
-1.61386 6.69
-1.6166 6.7
-1.61927 6.71
-1.62186 6.72
-1.62439 6.73
-1.62684 6.74
-1.62922 6.75
-1.63152 6.76
-1.63376 6.77
-1.63592 6.78
-1.63801 6.79
-1.64002 6.8
-1.64196 6.81
-1.64383 6.82
-1.64563 6.83
-1.64735 6.84
-1.649 6.85
-1.65058 6.86
-1.65208 6.87
-1.65351 6.88
-1.65487 6.89
-1.65615 6.9
-1.65736 6.91
-1.6585 6.92
-1.65956 6.93
-1.66055 6.94
-1.66146 6.95
-1.6623 6.96
-1.66307 6.97
-1.66376 6.98
-1.66438 6.99
-1.66492 7
-1.6654 7.01
-1.66579 7.02
-1.66612 7.03
-1.66636 7.04
-1.66654 7.05
-1.66664 7.06
-1.66667 7.07
-1.66662 7.08
-1.6665 7.09
-1.6663 7.1
-1.66603 7.11
-1.66569 7.12
-1.66527 7.13
-1.66478 7.14
-1.66421 7.15
-1.66357 7.16
-1.66286 7.17
-1.66207 7.18
-1.66121 7.19
-1.66027 7.2
-1.65927 7.21
-1.65818 7.22
-1.65703 7.23
-1.6558 7.24
-1.65449 7.25
-1.65311 7.26
-1.65166 7.27
-1.65014 7.28
-1.64854 7.29
-1.64687 7.3
-1.64513 7.31
-1.64331 7.32
-1.64142 7.33
-1.63946 7.34
-1.63742 7.35
-1.63531 7.36
-1.63313 7.37
-1.63088 7.38
-1.62855 7.39
-1.62615 7.4
-1.62368 7.41
-1.62114 7.42
-1.61852 7.43
-1.61583 7.44
-1.61308 7.45
-1.61024 7.46
-1.60734 7.47
-1.60437 7.48
-1.60132 7.49
-1.59821 7.5
-1.59502 7.51
-1.59176 7.52
-1.58843 7.53
-1.58503 7.54
-1.58156 7.55
-1.57802 7.56
-1.57441 7.57
-1.57073 7.58
-1.56698 7.59
-1.56316 7.6
-1.55927 7.61
-1.55531 7.62
-1.55129 7.63
-1.54719 7.64
-1.54302 7.65
-1.53879 7.66
-1.53449 7.67
-1.53012 7.68
-1.52568 7.69
-1.52117 7.7
-1.5166 7.71
-1.51196 7.72
-1.50725 7.73
-1.50247 7.74
-1.49763 7.75
-1.49272 7.76
-1.48775 7.77
-1.4827 7.78
-1.4776 7.79
-1.47242 7.8
-1.46719 7.81
-1.46188 7.82
-1.45651 7.83
-1.45108 7.84
-1.44558 7.85
-1.44002 7.86
-1.43439 7.87
-1.4287 7.88
-1.42295 7.89
-1.41713 7.9
-1.41126 7.91
-1.40531 7.92
-1.39931 7.93
-1.39324 7.94
-1.38711 7.95
-1.38092 7.96
-1.37467 7.97
-1.36836 7.98
-1.36198 7.99
-1.35555 8
-1.34905 8.01
-1.3425 8.02
-1.33589 8.03
-1.32921 8.04
-1.32248 8.05
-1.31569 8.06
-1.30884 8.07
-1.30193 8.08
-1.29496 8.09
-1.28794 8.1
-1.28086 8.11
-1.27372 8.12
-1.26653 8.13
-1.25928 8.14
-1.25197 8.15
-1.24461 8.16
-1.23719 8.17
-1.22972 8.18
-1.22219 8.19
-1.21461 8.2
-1.20698 8.21
-1.19929 8.22
-1.19154 8.23
-1.18375 8.24
-1.1759 8.25
-1.168 8.26
-1.16005 8.27
-1.15204 8.28
-1.14399 8.29
-1.13588 8.3
-1.12773 8.31
-1.11952 8.32
-1.11127 8.33
-1.10296 8.34
-1.09461 8.35
-1.0862 8.36
-1.07775 8.37
-1.06925 8.38
-1.06071 8.39
-1.05211 8.4
-1.04347 8.41
-1.03478 8.42
-1.02605 8.43
-1.01727 8.44
-1.00845 8.45
-0.999579 8.46
-0.990666 8.47
-0.981709 8.48
-0.972708 8.49
-0.963664 8.5
-0.954577 8.51
-0.945448 8.52
-0.936276 8.53
-0.927063 8.54
-0.917809 8.55
-0.908514 8.56
-0.899179 8.57
-0.889804 8.58
-0.880389 8.59
-0.870935 8.6
-0.861442 8.61
-0.851911 8.62
-0.842343 8.63
-0.832736 8.64
-0.823093 8.65
-0.813413 8.66
-0.803697 8.67
-0.793946 8.68
-0.784159 8.69
-0.774337 8.7
-0.764481 8.71
-0.754591 8.72
-0.744667 8.73
-0.73471 8.74
-0.72472 8.75
-0.714699 8.76
-0.704645 8.77
-0.69456 8.78
-0.684445 8.79
-0.674299 8.8
-0.664123 8.81
-0.653917 8.82
-0.643682 8.83
-0.633419 8.84
-0.623128 8.85
-0.612809 8.86
-0.602462 8.87
-0.592089 8.88
-0.58169 8.89
-0.571265 8.9
-0.560814 8.91
-0.550338 8.92
-0.539838 8.93
-0.529314 8.94
-0.518767 8.95
-0.508196 8.96
-0.497603 8.97
-0.486988 8.98
-0.476351 8.99
-0.465692 9
-0.455014 9.01
-0.444315 9.02
-0.433596 9.03
-0.422858 9.04
-0.412101 9.05
-0.401326 9.06
-0.390533 9.07
-0.379722 9.08
-0.368895 9.09
-0.358051 9.1
-0.347192 9.11
-0.336317 9.12
-0.325427 9.13
-0.314523 9.14
-0.303604 9.15
-0.292672 9.16
-0.281727 9.17
-0.27077 9.18
-0.259801 9.19
-0.24882 9.2
-0.237828 9.21
-0.226825 9.22
-0.215812 9.23
-0.20479 9.24
-0.193759 9.25
-0.182719 9.26
-0.17167 9.27
-0.160615 9.28
-0.149552 9.29
-0.138482 9.3
-0.127407 9.31
-0.116325 9.32
-0.105239 9.33
-0.0941476 9.34
-0.0830522 9.35
-0.0719531 9.36
-0.0608509 9.37
-0.0497459 9.38
-0.0386387 9.39
-0.0275298 9.4
-0.0164197 9.41
-0.00530884 9.42
0.00580225 9.43
0.0169131 9.44
0.0280232 9.45
0.039132 9.46
0.0502391 9.47
0.061344 9.48
0.0724461 9.49
0.083545 9.5
0.0946402 9.51
0.105731 9.52
0.116818 9.53
0.127899 9.54
0.138974 9.55
0.150043 9.56
0.161106 9.57
0.172161 9.58
0.183209 9.59
0.194249 9.6
0.20528 9.61
0.216302 9.62
0.227314 9.63
0.238316 9.64
0.249307 9.65
0.260288 9.66
0.271257 9.67
0.282214 9.68
0.293158 9.69
0.304089 9.7
0.315007 9.71
0.325911 9.72
0.3368 9.73
0.347674 9.74
0.358533 9.75
0.369376 9.76
0.380203 9.77
0.391012 9.78
0.401805 9.79
0.412579 9.8
0.423335 9.81
0.434072 9.82
0.44479 9.83
0.455488 9.84
0.466166 9.85
0.476823 9.86
0.487459 9.87
0.498074 9.88
0.508666 9.89
0.519236 9.9
0.529782 9.91
0.540305 9.92
0.550804 9.93
0.561279 9.94
0.571728 9.95
0.582152 9.96
0.59255 9.97
0.602922 9.98
0.613268 9.99
0.623585 10
0.633876 10.01
0.644138 10.02
0.654371 10.03
0.664575 10.04
0.67475 10.05
0.684895 10.06
0.695009 10.07
0.705092 10.08
0.715144 10.09
0.725165 10.1
0.735153 10.11
0.745108 10.12
0.75503 10.13
0.764919 10.14
0.774774 10.15
0.784594 10.16
0.79438 10.17
0.80413 10.18
0.813844 10.19
0.823522 10.2
0.833164 10.21
0.842768 10.22
0.852336 10.23
0.861865 10.24
0.871356 10.25
0.880808 10.26
0.890221 10.27
0.899594 10.28
0.908928 10.29
0.918221 10.3
0.927473 10.31
0.936684 10.32
0.945854 10.33
0.954981 10.34
0.964066 10.35
0.973108 10.36
0.982107 10.37
0.991062 10.38
0.999974 10.39
1.00884 10.4
1.01766 10.41
1.02644 10.42
1.03517 10.43
1.04386 10.44
1.05249 10.45
1.06109 10.46
1.06963 10.47
1.07813 10.48
1.08658 10.49
1.09498 10.5
1.10333 10.51
1.11163 10.52
1.11989 10.53
1.12809 10.54
1.13625 10.55
1.14435 10.56
1.1524 10.57
1.1604 10.58
1.16835 10.59
1.17625 10.6
1.1841 10.61
1.19189 10.62
1.19963 10.63
1.20732 10.64
1.21495 10.65
1.22253 10.66
1.23005 10.67
1.23752 10.68
1.24494 10.69
1.2523 10.7
1.2596 10.71
1.26685 10.72
1.27404 10.73
1.28118 10.74
1.28825 10.75
1.29527 10.76
1.30224 10.77
1.30914 10.78
1.31599 10.79
1.32278 10.8
1.32951 10.81
1.33618 10.82
1.34279 10.83
1.34934 10.84
1.35584 10.85
1.36227 10.86
1.36864 10.87
1.37495 10.88
1.3812 10.89
1.38739 10.9
1.39351 10.91
1.39958 10.92
1.40558 10.93
1.41152 10.94
1.41739 10.95
1.42321 10.96
1.42896 10.97
1.43465 10.98
1.44027 10.99
1.44583 11
1.45132 11.01
1.45675 11.02
1.46212 11.03
1.46742 11.04
1.47266 11.05
1.47783 11.06
1.48293 11.07
1.48797 11.08
1.49294 11.09
1.49785 11.1
1.50269 11.11
1.50746 11.12
1.51216 11.13
1.5168 11.14
1.52137 11.15
1.52588 11.16
1.53031 11.17
1.53468 11.18
1.53898 11.19
1.54321 11.2
1.54737 11.21
1.55147 11.22
1.55549 11.23
1.55945 11.24
1.56333 11.25
1.56715 11.26
1.5709 11.27
1.57457 11.28
1.57818 11.29
1.58172 11.3
1.58519 11.31
1.58858 11.32
1.59191 11.33
1.59516 11.34
1.59835 11.35
1.60146 11.36
1.6045 11.37
1.60747 11.38
1.61037 11.39
1.6132 11.4
1.61596 11.41
1.61864 11.42
1.62125 11.43
1.62379 11.44
1.62626 11.45
1.62866 11.46
1.63098 11.47
1.63323 11.48
1.63541 11.49
1.63751 11.5
1.63955 11.51
1.64151 11.52
1.64339 11.53
1.64521 11.54
1.64695 11.55
1.64861 11.56
1.65021 11.57
1.65173 11.58
1.65318 11.59
1.65455 11.6
1.65585 11.61
1.65708 11.62
1.65823 11.63
1.65931 11.64
1.66032 11.65
1.66125 11.66
1.66211 11.67
1.66289 11.68
1.6636 11.69
1.66424 11.7
1.6648 11.71
1.66529 11.72
1.6657 11.73
1.66604 11.74
1.66631 11.75
1.6665 11.76
1.66662 11.77
1.66667 11.78
1.66664 11.79
1.66653 11.8
1.66635 11.81
1.6661 11.82
1.66578 11.83
1.66538 11.84
1.6649 11.85
1.66435 11.86
1.66373 11.87
1.66304 11.88
1.66227 11.89
1.66142 11.9
1.6605 11.91
1.65951 11.92
1.65845 11.93
1.65731 11.94
1.6561 11.95
1.65481 11.96
1.65345 11.97
1.65202 11.98
1.65051 11.99
1.64893 12
