0 0
0.00555555 0.005
0.011111 0.01
0.0166664 0.015
0.0222216 0.02
0.0277765 0.025
0.0333311 0.03
0.0388854 0.035
0.0444392 0.04
0.0499925 0.045
0.0555453 0.05
0.0610974 0.055
0.0666489 0.06
0.0721996 0.065
0.0777496 0.07
0.0832986 0.075
0.0888468 0.08
0.0943939 0.085
0.09994 0.09
0.105485 0.095
0.111029 0.1
0.116571 0.105
0.122113 0.11
0.127653 0.115
0.133191 0.12
0.138728 0.125
0.144264 0.13
0.149798 0.135
0.15533 0.14
0.16086 0.145
0.166389 0.15
0.171916 0.155
0.177441 0.16
0.182964 0.165
0.188485 0.17
0.194004 0.175
0.19952 0.18
0.205035 0.185
0.210547 0.19
0.216057 0.195
0.221564 0.2
0.227069 0.205
0.232572 0.21
0.238072 0.215
0.243569 0.22
0.249064 0.225
0.254555 0.23
0.260044 0.235
0.26553 0.24
0.271013 0.245
0.276494 0.25
0.281971 0.255
0.287444 0.26
0.292915 0.265
0.298383 0.27
0.303847 0.275
0.309308 0.28
0.314765 0.285
0.320219 0.29
0.325669 0.295
0.331116 0.3
0.336559 0.305
0.341998 0.31
0.347433 0.315
0.352865 0.32
0.358292 0.325
0.363716 0.33
0.369136 0.335
0.374551 0.34
0.379963 0.345
0.38537 0.35
0.390773 0.355
0.396171 0.36
0.401565 0.365
0.406955 0.37
0.41234 0.375
0.41772 0.38
0.423096 0.385
0.428468 0.39
0.433834 0.395
0.439196 0.4
0.444552 0.405
0.449904 0.41
0.455251 0.415
0.460593 0.42
0.465929 0.425
0.471261 0.43
0.476587 0.435
0.481908 0.44
0.487224 0.445
0.492534 0.45
0.497838 0.455
0.503138 0.46
0.508431 0.465
0.513719 0.47
0.519001 0.475
0.524278 0.48
0.529548 0.485
0.534813 0.49
0.540072 0.495
0.545324 0.5
0.550571 0.505
0.555812 0.51
0.561046 0.515
0.566274 0.52
0.571496 0.525
0.576712 0.53
0.581921 0.535
0.587124 0.54
0.59232 0.545
0.597509 0.55
0.602692 0.555
0.607869 0.56
0.613038 0.565
0.618201 0.57
0.623357 0.575
0.628505 0.58
0.633647 0.585
0.638782 0.59
0.64391 0.595
0.649031 0.6
0.654144 0.605
0.65925 0.61
0.664349 0.615
0.66944 0.62
0.674524 0.625
0.679601 0.63
0.68467 0.635
0.689731 0.64
0.694785 0.645
0.699831 0.65
0.704869 0.655
0.709899 0.66
0.714922 0.665
0.719936 0.67
0.724943 0.675
0.729941 0.68
0.734931 0.685
0.739914 0.69
0.744887 0.695
0.749853 0.7
0.75481 0.705
0.759759 0.71
0.7647 0.715
0.769632 0.72
0.774555 0.725
0.77947 0.73
0.784376 0.735
0.789274 0.74
0.794163 0.745
0.799043 0.75
0.803914 0.755
0.808776 0.76
0.813629 0.765
0.818473 0.77
0.823308 0.775
0.828134 0.78
0.83295 0.785
0.837758 0.79
0.842556 0.795
0.847344 0.8
0.852124 0.805
0.856893 0.81
0.861654 0.815
0.866404 0.82
0.871145 0.825
0.875877 0.83
0.880598 0.835
0.88531 0.84
0.890012 0.845
0.894705 0.85
0.899387 0.855
0.904059 0.86
0.908721 0.865
0.913373 0.87
0.918015 0.875
0.922647 0.88
0.927268 0.885
0.93188 0.89
0.93648 0.895
0.941071 0.9
0.945651 0.905
0.95022 0.91
0.954779 0.915
0.959327 0.92
0.963865 0.925
0.968392 0.93
0.972908 0.935
0.977413 0.94
0.981908 0.945
0.986392 0.95
0.990864 0.955
0.995326 0.96
0.999776 0.965
1.00422 0.97
1.00864 0.975
1.01306 0.98
1.01747 0.985
1.02186 0.99
1.02624 0.995
1.03062 1
1.03498 1.005
1.03933 1.01
1.04366 1.015
1.04799 1.02
1.0523 1.025
1.0566 1.03
1.0609 1.035
1.06517 1.04
1.06944 1.045
1.0737 1.05
1.07794 1.055
1.08217 1.06
1.08639 1.065
1.0906 1.07
1.09479 1.075
1.09897 1.08
1.10315 1.085
1.1073 1.09
1.11145 1.095
1.11558 1.1
1.1197 1.105
1.12381 1.11
1.12791 1.115
1.13199 1.12
1.13606 1.125
1.14012 1.13
1.14417 1.135
1.1482 1.14
1.15222 1.145
1.15623 1.15
1.16023 1.155
1.16421 1.16
1.16818 1.165
1.17213 1.17
1.17608 1.175
1.18001 1.18
1.18392 1.185
1.18783 1.19
1.19172 1.195
1.19559 1.2
1.19946 1.205
1.20331 1.21
1.20715 1.215
1.21097 1.22
1.21478 1.225
1.21858 1.23
1.22236 1.235
1.22613 1.24
1.22989 1.245
1.23363 1.25
1.23736 1.255
1.24107 1.26
1.24477 1.265
1.24846 1.27
1.25213 1.275
1.25579 1.28
1.25944 1.285
1.26307 1.29
1.26669 1.295
1.27029 1.3
1.27388 1.305
1.27746 1.31
1.28102 1.315
1.28456 1.32
1.2881 1.325
1.29162 1.33
1.29512 1.335
1.29861 1.34
1.30208 1.345
1.30554 1.35
1.30899 1.355
1.31242 1.36
1.31584 1.365
1.31924 1.37
1.32263 1.375
1.326 1.38
1.32936 1.385
1.3327 1.39
1.33603 1.395
1.33935 1.4
1.34265 1.405
1.34593 1.41
1.3492 1.415
1.35245 1.42
1.35569 1.425
1.35892 1.43
1.36213 1.435
1.36532 1.44
1.3685 1.445
1.37166 1.45
1.37481 1.455
1.37794 1.46
1.38106 1.465
1.38416 1.47
1.38725 1.475
1.39032 1.48
1.39338 1.485
1.39642 1.49
1.39944 1.495
1.40245 1.5
1.40545 1.505
1.40842 1.51
1.41139 1.515
1.41433 1.52
1.41726 1.525
1.42018 1.53
1.42308 1.535
1.42596 1.54
1.42883 1.545
1.43168 1.55
1.43452 1.555
1.43734 1.56
1.44014 1.565
1.44293 1.57
1.44571 1.575
1.44846 1.58
1.4512 1.585
1.45393 1.59
1.45663 1.595
1.45933 1.6
1.462 1.605
1.46466 1.61
1.4673 1.615
1.46993 1.62
1.47254 1.625
1.47513 1.63
1.47771 1.635
1.48027 1.64
1.48282 1.645
1.48535 1.65
1.48786 1.655
1.49035 1.66
1.49283 1.665
1.49529 1.67
1.49774 1.675
1.50017 1.68
1.50258 1.685
1.50497 1.69
1.50735 1.695
1.50972 1.7
1.51206 1.705
1.51439 1.71
1.5167 1.715
1.519 1.72
1.52127 1.725
1.52353 1.73
1.52578 1.735
1.52801 1.74
1.53022 1.745
1.53241 1.75
1.53458 1.755
1.53674 1.76
1.53889 1.765
1.54101 1.77
1.54312 1.775
1.54521 1.78
1.54728 1.785
1.54934 1.79
1.55138 1.795
1.5534 1.8
1.5554 1.805
1.55739 1.81
1.55936 1.815
1.56131 1.82
1.56325 1.825
1.56517 1.83
1.56707 1.835
1.56895 1.84
1.57081 1.845
1.57266 1.85
1.57449 1.855
1.57631 1.86
1.5781 1.865
1.57988 1.87
1.58164 1.875
1.58338 1.88
1.58511 1.885
1.58682 1.89
1.58851 1.895
1.59018 1.9
1.59183 1.905
1.59347 1.91
1.59509 1.915
1.59669 1.92
1.59828 1.925
1.59984 1.93
1.60139 1.935
1.60292 1.94
1.60444 1.945
1.60593 1.95
1.60741 1.955
1.60887 1.96
1.61031 1.965
1.61173 1.97
1.61314 1.975
1.61453 1.98
1.61589 1.985
1.61725 1.99
1.61858 1.995
1.6199 2
1.62119 2.005
1.62247 2.01
1.62374 2.015
1.62498 2.02
1.62621 2.025
1.62741 2.03
1.6286 2.035
1.62977 2.04
1.63093 2.045
1.63206 2.05
1.63318 2.055
1.63428 2.06
1.63536 2.065
1.63642 2.07
1.63747 2.075
1.63849 2.08
1.6395 2.085
1.64049 2.09
1.64146 2.095
1.64242 2.1
1.64335 2.105
1.64427 2.11
1.64517 2.115
1.64605 2.12
1.64691 2.125
1.64775 2.13
1.64858 2.135
1.64939 2.14
1.65017 2.145
1.65094 2.15
1.6517 2.155
1.65243 2.16
1.65315 2.165
1.65384 2.17
1.65452 2.175
1.65518 2.18
1.65582 2.185
1.65645 2.19
1.65705 2.195
1.65764 2.2
1.65821 2.205
1.65876 2.21
1.65929 2.215
1.6598 2.22
1.6603 2.225
1.66077 2.23
1.66123 2.235
1.66167 2.24
1.66209 2.245
1.66249 2.25
1.66288 2.255
1.66324 2.26
1.66359 2.265
1.66392 2.27
1.66423 2.275
1.66452 2.28
1.66479 2.285
1.66504 2.29
1.66528 2.295
1.6655 2.3
1.6657 2.305
1.66588 2.31
1.66604 2.315
1.66618 2.32
1.66631 2.325
1.66641 2.33
1.6665 2.335
1.66657 2.34
1.66662 2.345
1.66665 2.35
1.66667 2.355
1.66666 2.36
1.66664 2.365
1.6666 2.37
1.66654 2.375
1.66646 2.38
1.66636 2.385
1.66624 2.39
1.66611 2.395
1.66596 2.4
1.66578 2.405
1.66559 2.41
1.66539 2.415
1.66516 2.42
1.66491 2.425
1.66465 2.43
1.66437 2.435
1.66407 2.44
1.66375 2.445
1.66341 2.45
1.66305 2.455
1.66268 2.46
1.66228 2.465
1.66187 2.47
1.66144 2.475
1.66099 2.48
1.66053 2.485
1.66004 2.49
1.65954 2.495
1.65901 2.5
1.65847 2.505
1.65791 2.51
1.65733 2.515
1.65674 2.52
1.65612 2.525
1.65549 2.53
1.65484 2.535
1.65417 2.54
1.65348 2.545
1.65277 2.55
1.65205 2.555
1.65131 2.56
1.65054 2.565
1.64976 2.57
1.64897 2.575
1.64815 2.58
1.64731 2.585
1.64646 2.59
1.64559 2.595
1.6447 2.6
1.64379 2.605
1.64287 2.61
1.64192 2.615
1.64096 2.62
1.63998 2.625
1.63898 2.63
1.63796 2.635
1.63692 2.64
1.63587 2.645
1.6348 2.65
1.63371 2.655
1.6326 2.66
1.63147 2.665
1.63033 2.67
1.62916 2.675
1.62798 2.68
1.62678 2.685
1.62557 2.69
1.62433 2.695
1.62308 2.7
1.62181 2.705
1.62052 2.71
1.61921 2.715
1.61789 2.72
1.61654 2.725
1.61518 2.73
1.6138 2.735
1.61241 2.74
1.61099 2.745
1.60956 2.75
1.60811 2.755
1.60664 2.76
1.60515 2.765
1.60365 2.77
1.60213 2.775
1.60059 2.78
1.59903 2.785
1.59745 2.79
1.59586 2.795
1.59425 2.8
1.59262 2.805
1.59097 2.81
1.58931 2.815
1.58763 2.82
1.58593 2.825
1.58421 2.83
1.58248 2.835
1.58072 2.84
1.57895 2.845
1.57717 2.85
1.57536 2.855
1.57354 2.86
1.5717 2.865
1.56984 2.87
1.56797 2.875
1.56608 2.88
1.56417 2.885
1.56224 2.89
1.5603 2.895
1.55833 2.9
1.55635 2.905
1.55436 2.91
1.55234 2.915
1.55031 2.92
1.54827 2.925
1.5462 2.93
1.54412 2.935
1.54202 2.94
1.5399 2.945
1.53777 2.95
1.53562 2.955
1.53345 2.96
1.53127 2.965
1.52906 2.97
1.52684 2.975
1.52461 2.98
1.52236 2.985
1.52009 2.99
1.5178 2.995
1.5155 3
1.51318 3.005
1.51084 3.01
1.50848 3.015
1.50611 3.02
1.50373 3.025
1.50132 3.03
1.4989 3.035
1.49646 3.04
1.49401 3.045
1.49154 3.05
1.48905 3.055
1.48655 3.06
1.48403 3.065
1.48149 3.07
1.47894 3.075
1.47637 3.08
1.47378 3.085
1.47118 3.09
1.46856 3.095
1.46592 3.1
1.46327 3.105
1.46061 3.11
1.45792 3.115
1.45522 3.12
1.45251 3.125
1.44977 3.13
1.44702 3.135
1.44426 3.14
1.44148 3.145
1.43868 3.15
1.43587 3.155
1.43304 3.16
1.4302 3.165
1.42734 3.17
1.42446 3.175
1.42157 3.18
1.41866 3.185
1.41574 3.19
1.4128 3.195
1.40984 3.2
1.40687 3.205
1.40388 3.21
1.40088 3.215
1.39786 3.22
1.39483 3.225
1.39178 3.23
1.38872 3.235
1.38564 3.24
1.38254 3.245
1.37943 3.25
1.37631 3.255
1.37317 3.26
1.37001 3.265
1.36684 3.27
1.36365 3.275
1.36045 3.28
1.35723 3.285
1.354 3.29
1.35076 3.295
1.34749 3.3
1.34422 3.305
1.34093 3.31
1.33762 3.315
1.3343 3.32
1.33096 3.325
1.32761 3.33
1.32424 3.335
1.32086 3.34
1.31747 3.345
1.31406 3.35
1.31063 3.355
1.30719 3.36
1.30374 3.365
1.30027 3.37
1.29679 3.375
1.29329 3.38
1.28978 3.385
1.28625 3.39
1.28271 3.395
1.27916 3.4
1.27559 3.405
1.27201 3.41
1.26841 3.415
1.2648 3.42
1.26118 3.425
1.25754 3.43
1.25388 3.435
1.25022 3.44
1.24654 3.445
1.24284 3.45
1.23913 3.455
1.23541 3.46
1.23168 3.465
1.22793 3.47
1.22416 3.475
1.22039 3.48
1.2166 3.485
1.21279 3.49
1.20897 3.495
1.20514 3.5
1.2013 3.505
1.19744 3.51
1.19357 3.515
1.18969 3.52
1.18579 3.525
1.18188 3.53
1.17795 3.535
1.17402 3.54
1.17007 3.545
1.16611 3.55
1.16213 3.555
1.15814 3.56
1.15414 3.565
1.15012 3.57
1.1461 3.575
1.14206 3.58
1.13801 3.585
1.13394 3.59
1.12986 3.595
1.12577 3.6
1.12167 3.605
1.11755 3.61
1.11343 3.615
1.10929 3.62
1.10513 3.625
1.10097 3.63
1.09679 3.635
1.0926 3.64
1.0884 3.645
1.08419 3.65
1.07996 3.655
1.07572 3.66
1.07148 3.665
1.06721 3.67
1.06294 3.675
1.05866 3.68
1.05436 3.685
1.05005 3.69
1.04573 3.695
1.0414 3.7
1.03706 3.705
1.0327 3.71
1.02833 3.715
1.02396 3.72
1.01957 3.725
1.01517 3.73
1.01076 3.735
1.00633 3.74
1.0019 3.745
0.997454 3.75
0.992997 3.755
0.98853 3.76
0.984052 3.765
0.979562 3.77
0.975062 3.775
0.970551 3.78
0.966029 3.785
0.961497 3.79
0.956954 3.795
0.9524 3.8
0.947835 3.805
0.94326 3.81
0.938675 3.815
0.934079 3.82
0.929473 3.825
0.924856 3.83
0.920229 3.835
0.915592 3.84
0.910945 3.845
0.906288 3.85
0.90162 3.855
0.896943 3.86
0.892256 3.865
0.887558 3.87
0.882851 3.875
0.878134 3.88
0.873407 3.885
0.868671 3.89
0.863925 3.895
0.859169 3.9
0.854404 3.905
0.849629 3.91
0.844845 3.915
0.840051 3.92
0.835248 3.925
0.830436 3.93
0.825615 3.935
0.820784 3.94
0.815944 3.945
0.811096 3.95
0.806238 3.955
0.801371 3.96
0.796495 3.965
0.791611 3.97
0.786718 3.975
0.781816 3.98
0.776905 3.985
0.771985 3.99
0.767058 3.995
0.762121 4
0.757176 4.005
0.752223 4.01
0.747261 4.015
0.742291 4.02
0.737313 4.025
0.732326 4.03
0.727332 4.035
0.722329 4.04
0.717318 4.045
0.7123 4.05
0.707273 4.055
0.702239 4.06
0.697197 4.065
0.692147 4.07
0.687089 4.075
0.682024 4.08
0.676951 4.085
0.67187 4.09
0.666782 4.095
0.661687 4.1
0.656585 4.105
0.651475 4.11
0.646357 4.115
0.641233 4.12
0.636102 4.125
0.630963 4.13
0.625818 4.135
0.620665 4.14
0.615506 4.145
0.610339 4.15
0.605166 4.155
0.599987 4.16
0.5948 4.165
0.589607 4.17
0.584408 4.175
0.579202 4.18
0.573989 4.185
0.56877 4.19
0.563545 4.195
0.558314 4.2
0.553076 4.205
0.547832 4.21
0.542582 4.215
0.537326 4.22
0.532064 4.225
0.526797 4.23
0.521523 4.235
0.516243 4.24
0.510958 4.245
0.505667 4.25
0.500371 4.255
0.495069 4.26
0.489761 4.265
0.484448 4.27
0.47913 4.275
0.473806 4.28
0.468477 4.285
0.463143 4.29
0.457804 4.295
0.45246 4.3
0.44711 4.305
0.441756 4.31
0.436396 4.315
0.431032 4.32
0.425663 4.325
0.42029 4.33
0.414911 4.335
0.409528 4.34
0.404141 4.345
0.398749 4.35
0.393352 4.355
0.387952 4.36
0.382547 4.365
0.377137 4.37
0.371724 4.375
0.366306 4.38
0.360884 4.385
0.355459 4.39
0.350029 4.395
0.344595 4.4
0.339158 4.405
0.333717 4.41
0.328272 4.415
0.322823 4.42
0.317371 4.425
0.311915 4.43
0 0
0.00555555 0.005
0.011111 0.01
0.0166664 0.015
0.0222216 0.02
0.0277765 0.025
0.0333311 0.03
0.0388854 0.035
0.0444392 0.04
0.0499925 0.045
0.0555453 0.05
0.0610974 0.055
0.0666489 0.06
0.0721996 0.065
0.0777496 0.07
0.0832986 0.075
0.0888468 0.08
0.0943939 0.085
0.09994 0.09
0.105485 0.095
0.111029 0.1
0.116571 0.105
0.122113 0.11
0.127653 0.115
0.133191 0.12
0.138728 0.125
0.144264 0.13
0.149798 0.135
0.15533 0.14
0.16086 0.145
0.166389 0.15
0.171916 0.155
0.177441 0.16
0.182964 0.165
0.188485 0.17
0.194004 0.175
0.19952 0.18
0.205035 0.185
0.210547 0.19
0.216057 0.195
0.221564 0.2
0.227069 0.205
0.232572 0.21
0.238072 0.215
0.243569 0.22
0.249064 0.225
0.254555 0.23
0.260044 0.235
0.26553 0.24
0.271013 0.245
0.276494 0.25
0.281971 0.255
0.287444 0.26
0.292915 0.265
0.298383 0.27
0.303847 0.275
0.309308 0.28
0.314765 0.285
0.320219 0.29
0.325669 0.295
0.331116 0.3
0.336559 0.305
0.341998 0.31
0.347433 0.315
0.352865 0.32
0.358292 0.325
0.363716 0.33
0.369136 0.335
0.374551 0.34
0.379963 0.345
0.38537 0.35
0.390773 0.355
0.396171 0.36
0.401565 0.365
0.406955 0.37
0.41234 0.375
0.41772 0.38
0.423096 0.385
0.428468 0.39
0.433834 0.395
0.439196 0.4
0.444552 0.405
0.449904 0.41
0.455251 0.415
0.460593 0.42
0.465929 0.425
0.471261 0.43
0.476587 0.435
0.481908 0.44
0.487224 0.445
0.492534 0.45
0.497838 0.455
0.503138 0.46
0.508431 0.465
0.513719 0.47
0.519001 0.475
0.524278 0.48
0.529548 0.485
0.534813 0.49
0.540072 0.495
0.545324 0.5
0.550571 0.505
0.555812 0.51
0.561046 0.515
0.566274 0.52
0.571496 0.525
0.576712 0.53
0.581921 0.535
0.587124 0.54
0.59232 0.545
0.597509 0.55
0.602692 0.555
0.607869 0.56
0.613038 0.565
0.618201 0.57
0.623357 0.575
0.628505 0.58
0.633647 0.585
0.638782 0.59
0.64391 0.595
0.649031 0.6
0.654144 0.605
0.65925 0.61
0.664349 0.615
0.66944 0.62
0.674524 0.625
0.679601 0.63
0.68467 0.635
0.689731 0.64
0.694785 0.645
0.699831 0.65
0.704869 0.655
0.709899 0.66
0.714922 0.665
0.719936 0.67
0.724943 0.675
0.729941 0.68
0.734931 0.685
0.739914 0.69
0.744887 0.695
0.749853 0.7
0.75481 0.705
0.759759 0.71
0.7647 0.715
0.769632 0.72
0.774555 0.725
0.77947 0.73
0.784376 0.735
0.789274 0.74
0.794163 0.745
0.799043 0.75
0.803914 0.755
0.808776 0.76
0.813629 0.765
0.818473 0.77
0.823308 0.775
0.828134 0.78
0.83295 0.785
0.837758 0.79
0.842556 0.795
0.847344 0.8
0.852124 0.805
0.856893 0.81
0.861654 0.815
0.866404 0.82
0.871145 0.825
0.875877 0.83
0.880598 0.835
0.88531 0.84
0.890012 0.845
0.894705 0.85
0.899387 0.855
0.904059 0.86
0.908721 0.865
0.913373 0.87
0.918015 0.875
0.922647 0.88
0.927268 0.885
0.93188 0.89
0.93648 0.895
0.941071 0.9
0.945651 0.905
0.95022 0.91
0.954779 0.915
0.959327 0.92
0.963865 0.925
0.968392 0.93
0.972908 0.935
0.977413 0.94
0.981908 0.945
0.986392 0.95
0.990864 0.955
0.995326 0.96
0.999776 0.965
1.00422 0.97
1.00864 0.975
1.01306 0.98
1.01747 0.985
1.02186 0.99
1.02624 0.995
1.03062 1
1.03498 1.005
1.03933 1.01
1.04366 1.015
1.04799 1.02
1.0523 1.025
1.0566 1.03
1.0609 1.035
1.06517 1.04
1.06944 1.045
1.0737 1.05
1.07794 1.055
1.08217 1.06
1.08639 1.065
1.0906 1.07
1.09479 1.075
1.09897 1.08
1.10315 1.085
1.1073 1.09
1.11145 1.095
1.11558 1.1
1.1197 1.105
1.12381 1.11
1.12791 1.115
1.13199 1.12
1.13606 1.125
1.14012 1.13
1.14417 1.135
1.1482 1.14
1.15222 1.145
1.15623 1.15
1.16023 1.155
1.16421 1.16
1.16818 1.165
1.17213 1.17
1.17608 1.175
1.18001 1.18
1.18392 1.185
1.18783 1.19
1.19172 1.195
1.19559 1.2
1.19946 1.205
1.20331 1.21
1.20715 1.215
1.21097 1.22
1.21478 1.225
1.21858 1.23
1.22236 1.235
1.22613 1.24
1.22989 1.245
1.23363 1.25
1.23736 1.255
1.24107 1.26
1.24477 1.265
1.24846 1.27
1.25213 1.275
1.25579 1.28
1.25944 1.285
1.26307 1.29
1.26669 1.295
1.27029 1.3
1.27388 1.305
1.27746 1.31
1.28102 1.315
1.28456 1.32
1.2881 1.325
1.29162 1.33
1.29512 1.335
1.29861 1.34
1.30208 1.345
1.30554 1.35
1.30899 1.355
1.31242 1.36
1.31584 1.365
1.31924 1.37
1.32263 1.375
1.326 1.38
1.32936 1.385
1.3327 1.39
1.33603 1.395
1.33935 1.4
1.34265 1.405
1.34593 1.41
1.3492 1.415
1.35245 1.42
1.35569 1.425
1.35892 1.43
1.36213 1.435
1.36532 1.44
1.3685 1.445
1.37166 1.45
1.37481 1.455
1.37794 1.46
1.38106 1.465
1.38416 1.47
1.38725 1.475
1.39032 1.48
1.39338 1.485
1.39642 1.49
1.39944 1.495
1.40245 1.5
1.40545 1.505
1.40842 1.51
1.41139 1.515
1.41433 1.52
1.41726 1.525
1.42018 1.53
1.42308 1.535
1.42596 1.54
1.42883 1.545
1.43168 1.55
1.43452 1.555
1.43734 1.56
1.44014 1.565
1.44293 1.57
1.44571 1.575
1.44846 1.58
1.4512 1.585
1.45393 1.59
1.45663 1.595
1.45933 1.6
1.462 1.605
1.46466 1.61
1.4673 1.615
1.46993 1.62
1.47254 1.625
1.47513 1.63
1.47771 1.635
1.48027 1.64
1.48282 1.645
1.48535 1.65
1.48786 1.655
1.49035 1.66
1.49283 1.665
1.49529 1.67
1.49774 1.675
1.50017 1.68
1.50258 1.685
1.50497 1.69
1.50735 1.695
1.50972 1.7
1.51206 1.705
1.51439 1.71
1.5167 1.715
1.519 1.72
1.52127 1.725
1.52353 1.73
1.52578 1.735
1.52801 1.74
1.53022 1.745
1.53241 1.75
1.53458 1.755
1.53674 1.76
1.53889 1.765
1.54101 1.77
1.54312 1.775
1.54521 1.78
1.54728 1.785
1.54934 1.79
1.55138 1.795
1.5534 1.8
1.5554 1.805
1.55739 1.81
1.55936 1.815
1.56131 1.82
1.56325 1.825
1.56517 1.83
1.56707 1.835
1.56895 1.84
1.57081 1.845
1.57266 1.85
1.57449 1.855
1.57631 1.86
1.5781 1.865
1.57988 1.87
1.58164 1.875
1.58338 1.88
1.58511 1.885
1.58682 1.89
1.58851 1.895
1.59018 1.9
1.59183 1.905
1.59347 1.91
1.59509 1.915
1.59669 1.92
1.59828 1.925
1.59984 1.93
1.60139 1.935
1.60292 1.94
1.60444 1.945
1.60593 1.95
1.60741 1.955
1.60887 1.96
1.61031 1.965
1.61173 1.97
1.61314 1.975
1.61453 1.98
1.61589 1.985
1.61725 1.99
1.61858 1.995
1.6199 2
1.62119 2.005
1.62247 2.01
1.62374 2.015
1.62498 2.02
1.62621 2.025
1.62741 2.03
1.6286 2.035
1.62977 2.04
1.63093 2.045
1.63206 2.05
1.63318 2.055
1.63428 2.06
1.63536 2.065
1.63642 2.07
1.63747 2.075
1.63849 2.08
1.6395 2.085
1.64049 2.09
1.64146 2.095
1.64242 2.1
1.64335 2.105
1.64427 2.11
1.64517 2.115
1.64605 2.12
1.64691 2.125
1.64775 2.13
1.64858 2.135
1.64939 2.14
1.65017 2.145
1.65094 2.15
1.6517 2.155
1.65243 2.16
1.65315 2.165
1.65384 2.17
1.65452 2.175
1.65518 2.18
1.65582 2.185
1.65645 2.19
1.65705 2.195
1.65764 2.2
1.65821 2.205
1.65876 2.21
1.65929 2.215
1.6598 2.22
1.6603 2.225
1.66077 2.23
1.66123 2.235
1.66167 2.24
1.66209 2.245
1.66249 2.25
1.66288 2.255
1.66324 2.26
1.66359 2.265
1.66392 2.27
1.66423 2.275
1.66452 2.28
1.66479 2.285
1.66504 2.29
1.66528 2.295
1.6655 2.3
1.6657 2.305
1.66588 2.31
1.66604 2.315
1.66618 2.32
1.66631 2.325
1.66641 2.33
1.6665 2.335
1.66657 2.34
1.66662 2.345
1.66665 2.35
1.66667 2.355
1.66666 2.36
1.66664 2.365
1.6666 2.37
1.66654 2.375
1.66646 2.38
1.66636 2.385
1.66624 2.39
1.66611 2.395
1.66596 2.4
1.66578 2.405
1.66559 2.41
1.66539 2.415
1.66516 2.42
1.66491 2.425
1.66465 2.43
1.66437 2.435
1.66407 2.44
1.66375 2.445
1.66341 2.45
1.66305 2.455
1.66268 2.46
1.66228 2.465
1.66187 2.47
1.66144 2.475
1.66099 2.48
1.66053 2.485
1.66004 2.49
1.65954 2.495
1.65901 2.5
1.65847 2.505
1.65791 2.51
1.65733 2.515
1.65674 2.52
1.65612 2.525
1.65549 2.53
1.65484 2.535
1.65417 2.54
1.65348 2.545
1.65277 2.55
1.65205 2.555
1.65131 2.56
1.65054 2.565
1.64976 2.57
1.64897 2.575
1.64815 2.58
1.64731 2.585
1.64646 2.59
1.64559 2.595
1.6447 2.6
1.64379 2.605
1.64287 2.61
1.64192 2.615
1.64096 2.62
1.63998 2.625
1.63898 2.63
1.63796 2.635
1.63692 2.64
1.63587 2.645
1.6348 2.65
1.63371 2.655
1.6326 2.66
1.63147 2.665
1.63033 2.67
1.62916 2.675
1.62798 2.68
1.62678 2.685
1.62557 2.69
1.62433 2.695
1.62308 2.7
1.62181 2.705
1.62052 2.71
1.61921 2.715
1.61789 2.72
1.61654 2.725
1.61518 2.73
1.6138 2.735
1.61241 2.74
1.61099 2.745
1.60956 2.75
1.60811 2.755
1.60664 2.76
1.60515 2.765
1.60365 2.77
1.60213 2.775
1.60059 2.78
1.59903 2.785
1.59745 2.79
1.59586 2.795
1.59425 2.8
1.59262 2.805
1.59097 2.81
1.58931 2.815
1.58763 2.82
1.58593 2.825
1.58421 2.83
1.58248 2.835
1.58072 2.84
1.57895 2.845
1.57717 2.85
1.57536 2.855
1.57354 2.86
1.5717 2.865
1.56984 2.87
1.56797 2.875
1.56608 2.88
1.56417 2.885
1.56224 2.89
1.5603 2.895
1.55833 2.9
1.55635 2.905
1.55436 2.91
1.55234 2.915
1.55031 2.92
1.54827 2.925
1.5462 2.93
1.54412 2.935
1.54202 2.94
1.5399 2.945
1.53777 2.95
1.53562 2.955
1.53345 2.96
1.53127 2.965
1.52906 2.97
1.52684 2.975
1.52461 2.98
1.52236 2.985
1.52009 2.99
1.5178 2.995
1.5155 3
1.51318 3.005
1.51084 3.01
1.50848 3.015
1.50611 3.02
1.50373 3.025
1.50132 3.03
1.4989 3.035
1.49646 3.04
1.49401 3.045
1.49154 3.05
1.48905 3.055
1.48655 3.06
1.48403 3.065
1.48149 3.07
1.47894 3.075
1.47637 3.08
1.47378 3.085
1.47118 3.09
1.46856 3.095
1.46592 3.1
1.46327 3.105
1.46061 3.11
1.45792 3.115
1.45522 3.12
1.45251 3.125
1.44977 3.13
1.44702 3.135
1.44426 3.14
1.44148 3.145
1.43868 3.15
1.43587 3.155
1.43304 3.16
1.4302 3.165
1.42734 3.17
1.42446 3.175
1.42157 3.18
1.41866 3.185
1.41574 3.19
1.4128 3.195
1.40984 3.2
1.40687 3.205
1.40388 3.21
1.40088 3.215
1.39786 3.22
1.39483 3.225
1.39178 3.23
1.38872 3.235
1.38564 3.24
1.38254 3.245
1.37943 3.25
1.37631 3.255
1.37317 3.26
1.37001 3.265
1.36684 3.27
1.36365 3.275
1.36045 3.28
1.35723 3.285
1.354 3.29
1.35076 3.295
1.34749 3.3
1.34422 3.305
1.34093 3.31
1.33762 3.315
1.3343 3.32
1.33096 3.325
1.32761 3.33
1.32424 3.335
1.32086 3.34
1.31747 3.345
1.31406 3.35
1.31063 3.355
1.30719 3.36
1.30374 3.365
1.30027 3.37
1.29679 3.375
1.29329 3.38
1.28978 3.385
1.28625 3.39
1.28271 3.395
1.27916 3.4
1.27559 3.405
1.27201 3.41
1.26841 3.415
1.2648 3.42
1.26118 3.425
1.25754 3.43
1.25388 3.435
1.25022 3.44
1.24654 3.445
1.24284 3.45
1.23913 3.455
1.23541 3.46
1.23168 3.465
1.22793 3.47
1.22416 3.475
1.22039 3.48
1.2166 3.485
1.21279 3.49
1.20897 3.495
1.20514 3.5
1.2013 3.505
1.19744 3.51
1.19357 3.515
1.18969 3.52
1.18579 3.525
1.18188 3.53
1.17795 3.535
1.17402 3.54
1.17007 3.545
1.16611 3.55
1.16213 3.555
1.15814 3.56
1.15414 3.565
1.15012 3.57
1.1461 3.575
1.14206 3.58
1.13801 3.585
1.13394 3.59
1.12986 3.595
1.12577 3.6
1.12167 3.605
1.11755 3.61
1.11343 3.615
1.10929 3.62
1.10513 3.625
1.10097 3.63
1.09679 3.635
1.0926 3.64
1.0884 3.645
1.08419 3.65
1.07996 3.655
1.07572 3.66
1.07148 3.665
1.06721 3.67
1.06294 3.675
1.05866 3.68
1.05436 3.685
1.05005 3.69
1.04573 3.695
1.0414 3.7
1.03706 3.705
1.0327 3.71
1.02833 3.715
1.02396 3.72
1.01957 3.725
1.01517 3.73
1.01076 3.735
1.00633 3.74
1.0019 3.745
0.997454 3.75
0.992997 3.755
0.98853 3.76
0.984052 3.765
0.979562 3.77
0.975062 3.775
0.970551 3.78
0.966029 3.785
0.961497 3.79
0.956954 3.795
0.9524 3.8
0.947835 3.805
0.94326 3.81
0.938675 3.815
0.934079 3.82
0.929473 3.825
0.924856 3.83
0.920229 3.835
0.915592 3.84
0.910945 3.845
0.906288 3.85
0.90162 3.855
0.896943 3.86
0.892256 3.865
0.887558 3.87
0.882851 3.875
0.878134 3.88
0.873407 3.885
0.868671 3.89
0.863925 3.895
0.859169 3.9
0.854404 3.905
0.849629 3.91
0.844845 3.915
0.840051 3.92
0.835248 3.925
0.830436 3.93
0.825615 3.935
0.820784 3.94
0.815944 3.945
0.811096 3.95
0.806238 3.955
0.801371 3.96
0.796495 3.965
0.791611 3.97
0.786718 3.975
0.781816 3.98
0.776905 3.985
0.771985 3.99
0.767058 3.995
0.762121 4
0.757176 4.005
0.752223 4.01
0.747261 4.015
0.742291 4.02
0.737313 4.025
0.732326 4.03
0.727332 4.035
0.722329 4.04
0.717318 4.045
0.7123 4.05
0.707273 4.055
0.702239 4.06
0.697197 4.065
0.692147 4.07
0.687089 4.075
0.682024 4.08
0.676951 4.085
0.67187 4.09
0.666782 4.095
0.661687 4.1
0.656585 4.105
0.651475 4.11
0.646357 4.115
0.641233 4.12
0.636102 4.125
0.630963 4.13
0.625818 4.135
0.620665 4.14
0.615506 4.145
0.610339 4.15
0.605166 4.155
0.599987 4.16
0.5948 4.165
0.589607 4.17
0.584408 4.175
0.579202 4.18
0.573989 4.185
0.56877 4.19
0.563545 4.195
0.558314 4.2
0.553076 4.205
0.547832 4.21
0.542582 4.215
0.537326 4.22
0.532064 4.225
0.526797 4.23
0.521523 4.235
0.516243 4.24
0.510958 4.245
0.505667 4.25
0.500371 4.255
0.495069 4.26
0.489761 4.265
0.484448 4.27
0.47913 4.275
0.473806 4.28
0.468477 4.285
0.463143 4.29
0.457804 4.295
0.45246 4.3
0.44711 4.305
0.441756 4.31
0.436396 4.315
0.431032 4.32
0.425663 4.325
0.42029 4.33
0.414911 4.335
0.409528 4.34
0.404141 4.345
0.398749 4.35
0.393352 4.355
0.387952 4.36
0.382547 4.365
0.377137 4.37
0.371724 4.375
0.366306 4.38
0.360884 4.385
0.355459 4.39
0.350029 4.395
0.344595 4.4
0.339158 4.405
0.333717 4.41
0.328272 4.415
0.322823 4.42
0.317371 4.425
0.311915 4.43
