0.0833333 0
0.134565 0.05
0.144267 0.1
0.108039 0.15
0.0238069 0.2
-0.10254 0.25
-0.24289 0.3
-0.360785 0.35
-0.433492 0.4
-0.452092 0.45
-0.418001 0.5
-0.338522 0.55
-0.234292 0.6
-0.126138 0.65
-0.0212421 0.7
0.0647793 0.75
0.119567 0.8
0.138251 0.85
0.121074 0.9
0.0716565 0.95
-0.00319911 1
-0.0937827 1.05
-0.189116 1.1
-0.279478 1.15
-0.357254 1.2
-0.416381 1.25
-0.451787 1.3
-0.459268 1.35
-0.435831 1.4
-0.380899 1.45
-0.296863 1.5
-0.190364 1.55
-0.0726467 1.6
0.0400051 1.65
0.130371 1.7
0.18648 1.75
0.205527 1.8
0.191877 1.85
0.154341 1.9
0.101822 1.95
0.0441844 2
-0.00996891 2.05
-0.052601 2.1
-0.0794534 2.15
-0.0882791 2.2
-0.0796646 2.25
-0.0548975 2.3
-0.0167978 2.35
0.0307015 2.4
0.0820928 2.45
0.130778 2.5
0.169979 2.55
0.194293 2.6
0.200424 2.65
0.18788 2.7
0.157366 2.75
0.112354 2.8
0.0573361 2.85
-0.00043366 2.9
-0.0555278 2.95
-0.103837 3
-0.144194 3.05
-0.175269 3.1
-0.195843 3.15
-0.205145 3.2
-0.203444 3.25
-0.191607 3.3
-0.17098 3.35
-0.143288 3.4
-0.111304 3.45
-0.0785538 3.5
-0.0491367 3.55
-0.0264564 3.6
-0.0135683 3.65
-0.0119757 3.7
-0.0220246 3.75
-0.0419945 3.8
-0.0687271 3.85
-0.0973065 3.9
-0.122416 3.95
-0.138587 4
-0.141965 4.05
-0.130514 4.1
-0.104642 4.15
-0.0663953 4.2
-0.0196225 4.25
0.0309122 4.3
0.0786079 4.35
0.117934 4.4
0.144368 4.45
0.155833 4.5
0.151864 4.55
0.133699 4.6
0.1042 4.65
0.0677994 4.7
0.0294914 4.75
-0.00527962 4.8
-0.0328932 4.85
-0.0505663 4.9
-0.0582958 4.95
-0.0569753 5
-0.0486137 5.05
-0.0348511 5.1
-0.0176178 5.15
0.001333 5.2
0.0197803 5.25
0.0363672 5.3
0.04988 5.35
0.0599541 5.4
0.0663971 5.45
0.069339 5.5
0.0688833 5.55
0.0655071 5.6
0.0589833 5.65
0.0493205 5.7
0.0354791 5.75
0.0180115 5.8
-0.00137731 5.85
-0.019867 5.9
-0.0348201 5.95
-0.0440907 6
-0.0459496 6.05
-0.0385218 6.1
-0.0205639 6.15
0.00812691 6.2
0.0452164 6.25
0.0872674 6.3
0.129403 6.35
0.167017 6.4
0.195508 6.45
0.211112 6.5
0.212674 6.55
0.202008 6.6
0.177512 6.65
0.142126 6.7
0.0978567 6.75
0.0498193 6.8
0.00249404 6.85
-0.0378919 6.9
-0.0667044 6.95
-0.0803702 7
-0.0771244 7.05
-0.0597853 7.1
-0.0304131 7.15
0.00345683 7.2
0.035982 7.25
0.0609119 7.3
0.072635 7.35
0.0704075 7.4
0.0519384 7.45
0.0210962 7.5
-0.0201701 7.55
-0.0659857 7.6
-0.110981 7.65
-0.150346 7.7
-0.17818 7.75
-0.19295 7.8
-0.190934 7.85
-0.173907 7.9
-0.142201 7.95
-0.100581 8
-0.0539852 8.05
-0.00790841 8.1
0.0316687 8.15
0.0630104 8.2
0.0829774 8.25
0.0944206 8.3
0.0951658 8.35
0.0900884 8.4
0.0770522 8.45
0.0611841 8.5
0.0416732 8.55
0.0231407 8.6
0.00667661 8.65
-0.00459525 8.7
-0.00880517 8.75
-0.00558276 8.8
0.00627264 8.85
0.0244703 8.9
0.0483087 8.95
0.074197 9
0.0992302 9.05
0.12092 9.1
0.135925 9.15
0.144165 9.2
0.144297 9.25
0.138263 9.3
0.127278 9.35
0.112739 9.4
0.0967188 9.45
0.0794025 9.5
0.062729 9.55
0.0459344 9.6
0.0297779 9.65
0.0136811 9.7
-0.00235823 9.75
-0.0172897 9.8
-0.0311578 9.85
-0.0427237 9.9
-0.0516995 9.95
-0.0580082 10
-0.060376 10.05
-0.0611832 10.1
-0.0592995 10.15
-0.0588429 10.2
-0.0592339 10.25
-0.0640584 10.3
-0.0729535 10.35
-0.0873222 10.4
-0.106003 10.45
-0.128059 10.5
-0.151034 10.55
-0.172892 10.6
-0.190204 10.65
-0.201131 10.7
-0.202135 10.75
-0.192805 10.8
-0.170866 10.85
-0.138547 10.9
-0.0964426 10.95
-0.0500398 11
-0.00322831 11.05
0.0378681 11.1
0.0690561 11.15
0.0884244 11.2
0.0945767 11.25
0.0898816 11.3
0.0757409 11.35
0.056475 11.4
0.0353742 11.45
0.0164642 11.5
0.00287555 11.55
-0.00348013 11.6
-0.00139197 11.65
0.00868465 11.7
0.0255549 11.75
0.0473225 11.8
0.0712252 11.85
0.0950222 11.9
0.115943 11.95
