0.0166667 0
0.0323683 0.01
0.0470213 0.02
0.0605512 0.03
0.0728845 0.04
0.0839594 0.05
0.0937157 0.06
0.102106 0.07
0.109087 0.08
0.114626 0.09
0.118701 0.1
0.121323 0.11
0.122458 0.12
0.122122 0.13
0.120311 0.14
0.117035 0.15
0.112291 0.16
0.106076 0.17
0.0983688 0.18
0.0891405 0.19
0.0783432 0.2
0.0659445 0.21
0.0518992 0.22
0.0362251 0.23
0.0189483 0.24
0.000183637 0.25
-0.0199268 0.26
-0.0411803 0.27
-0.0633397 0.28
-0.0861295 0.29
-0.109285 0.3
-0.132498 0.31
-0.155513 0.32
-0.178032 0.33
-0.199829 0.34
-0.220648 0.35
-0.240306 0.36
-0.258606 0.37
-0.275412 0.38
-0.290588 0.39
-0.304037 0.4
-0.31568 0.41
-0.325451 0.42
-0.333301 0.43
-0.339198 0.44
-0.343092 0.45
-0.344985 0.46
-0.344805 0.47
-0.342583 0.48
-0.338235 0.49
-0.331844 0.5
-0.323373 0.51
-0.312986 0.52
-0.300765 0.53
-0.28694 0.54
-0.271713 0.55
-0.255324 0.56
-0.238 0.57
-0.219944 0.58
-0.20134 0.59
-0.18232 0.6
-0.163027 0.61
-0.143546 0.62
-0.124005 0.63
-0.104487 0.64
-0.0857851 0.65
-0.0674761 0.66
-0.049438 0.67
-0.0319737 0.68
-0.0151926 0.69
0.000773989 0.7
0.0157891 0.71
0.0297157 0.72
0.0424451 0.73
0.053877 0.74
0.0639466 0.75
0.0725845 0.76
0.0798089 0.77
0.0856122 0.78
0.090032 0.79
0.0931329 0.8
0.0949397 0.81
0.0955632 0.82
0.0949735 0.83
0.0933146 0.84
0.0905071 0.85
0.0867043 0.86
0.0818031 0.87
0.0759543 0.88
0.0690533 0.89
0.0612431 0.9
0.0524312 0.91
0.0427523 0.92
0.0321303 0.93
0.0206938 0.94
0.00838267 0.95
-0.00467791 0.96
-0.0185354 0.97
-0.0330647 0.98
-0.0483055 0.99
-0.0641294 1
-0.0805728 1.01
-0.0975013 1.02
-0.114953 1.03
-0.132783 1.04
-0.151037 1.05
-0.169556 1.06
-0.188396 1.07
-0.207382 1.08
-0.226583 1.09
-0.245807 1.1
-0.265139 1.11
-0.284365 1.12
-0.303592 1.13
-0.322581 1.14
-0.341466 1.15
-0.359984 1.16
-0.378298 1.17
-0.396125 1.18
-0.413656 1.19
-0.430602 1.2
-0.447175 1.21
-0.463091 1.22
-0.478578 1.23
-0.493376 1.24
-0.507702 1.25
-0.52134 1.26
-0.534474 1.27
-0.546942 1.28
-0.558873 1.29
-0.570154 1.3
-0.580851 1.31
-0.590888 1.32
-0.600273 1.33
-0.60895 1.34
-0.616879 1.35
-0.624012 1.36
-0.630275 1.37
-0.635618 1.38
-0.639947 1.39
-0.643206 1.4
-0.645292 1.41
-0.646139 1.42
-0.645643 1.43
-0.643735 1.44
-0.64031 1.45
-0.635297 1.46
-0.628599 1.47
-0.620146 1.48
-0.609849 1.49
-0.597649 1.5
-0.58347 1.51
-0.567266 1.52
-0.548985 1.53
-0.528607 1.54
-0.506109 1.55
-0.481512 1.56
-0.454836 1.57
-0.426162 1.58
-0.395567 1.59
-0.36321 1.6
-0.329241 1.61
-0.293919 1.62
-0.257471 1.63
-0.220265 1.64
-0.182602 1.65
-0.144934 1.66
-0.107612 1.67
-0.0711013 1.68
-0.0357447 1.69
-0.0019058 1.7
0.0301808 1.71
0.0603665 1.72
0.0886283 1.73
0.115055 1.74
0.139809 1.75
0.163079 1.76
0.185019 1.77
0.205752 1.78
0.225292 1.79
0.243647 1.8
0.26068 1.81
0.276326 1.82
0.290431 1.83
0.302893 1.84
0.313597 1.85
0.322452 1.86
0.329644 1.87
0.334815 1.88
0.338134 1.89
0.339472 1.9
0.338963 1.91
0.336535 1.92
0.332319 1.93
0.326296 1.94
0.318587 1.95
0.309214 1.96
0.298277 1.97
0.285839 1.98
0.271969 1.99
0.256768 2
0.240276 2.01
0.222626 2.02
0.203854 2.03
0.184114 2.04
0.16347 2.05
0.142086 2.06
0.120075 2.07
0.0976046 2.08
0.0748273 2.09
0.0519086 2.1
0.0290156 2.11
0.00630695 2.12
-0.0160627 2.13
-0.0379526 2.14
-0.0592354 2.15
-0.0797994 2.16
-0.099548 2.17
-0.118402 2.18
-0.136285 2.19
-0.15315 2.2
-0.168915 2.21
-0.183549 2.22
-0.196979 2.23
-0.209186 2.24
-0.220105 2.25
-0.229733 2.26
-0.238018 2.27
-0.244969 2.28
-0.250544 2.29
-0.254762 2.3
-0.257586 2.31
-0.25904 2.32
-0.259097 2.33
-0.257752 2.34
-0.255038 2.35
-0.250957 2.36
-0.245512 2.37
-0.238722 2.38
-0.230595 2.39
-0.221153 2.4
-0.210413 2.41
-0.198401 2.42
-0.185141 2.43
-0.170588 2.44
-0.154851 2.45
-0.137965 2.46
-0.119985 2.47
-0.100954 2.48
-0.0809475 2.49
-0.0600222 2.5
-0.0382703 2.51
-0.0157698 2.52
0.00736887 2.53
0.0310448 2.54
0.05513 2.55
0.0795011 2.56
0.104015 2.57
0.128531 2.58
0.152924 2.59
0.177008 2.6
0.200636 2.61
0.223653 2.62
0.245906 2.63
0.267246 2.64
0.287525 2.65
0.306608 2.66
0.324358 2.67
0.340654 2.68
0.35537 2.69
0.3684 2.7
0.379633 2.71
0.38898 2.72
0.396344 2.73
0.401656 2.74
0.404842 2.75
0.405859 2.76
0.404661 2.77
0.401237 2.78
0.395558 2.79
0.387666 2.8
0.377614 2.81
0.365461 2.82
0.351299 2.83
0.335231 2.84
0.317381 2.85
0.297915 2.86
0.276943 2.87
0.254739 2.88
0.231358 2.89
0.207165 2.9
0.182169 2.91
0.156778 2.92
0.13095 2.93
0.105074 2.94
0.0790601 2.95
0.0532064 2.96
0.0274252 2.97
0.00235658 2.98
-0.0219339 2.99
-0.0458952 3
-0.0693417 3.01
-0.0919787 3.02
-0.113962 3.03
-0.134891 3.04
-0.154951 3.05
-0.173639 3.06
-0.191206 3.07
-0.207069 3.08
-0.221582 3.09
-0.234166 3.1
-0.245289 3.11
-0.254486 3.12
-0.262287 3.13
-0.268493 3.14
-0.273274 3.15
-0.276975 3.16
-0.279509 3.17
-0.281162 3.18
-0.281904 3.19
-0.281884 3.2
-0.281106 3.21
-0.279621 3.22
-0.277458 3.23
-0.274614 3.24
-0.271144 3.25
-0.267019 3.26
-0.262318 3.27
-0.257009 3.28
-0.25119 3.29
-0.244836 3.3
-0.238056 3.31
-0.23084 3.32
-0.223304 3.33
-0.215447 3.34
-0.207391 3.35
-0.199143 3.36
-0.19082 3.37
-0.182439 3.38
-0.174104 3.39
-0.165838 3.4
-0.157727 3.41
-0.149798 3.42
-0.142113 3.43
-0.1347 3.44
-0.127597 3.45
-0.120819 3.46
-0.114394 3.47
-0.10833 3.48
-0.102628 3.49
-0.0973003 3.5
-0.0923331 3.51
-0.0877405 3.52
-0.083508 3.53
-0.079647 3.54
-0.076152 3.55
-0.0730336 3.56
-0.0702956 3.57
-0.0679492 3.58
-0.0660044 3.59
-0.0644742 3.6
-0.0633709 3.61
-0.0627071 3.62
-0.0624952 3.63
-0.0627454 3.64
-0.0634682 3.65
-0.0646701 3.66
-0.066358 3.67
-0.0685335 3.68
-0.0711992 3.69
-0.0743509 3.7
-0.0779856 3.71
-0.0820932 3.72
-0.0866191 3.73
-0.0916028 3.74
-0.0970027 3.75
-0.102754 3.76
-0.108891 3.77
-0.11536 3.78
-0.122125 3.79
-0.12915 3.8
-0.136384 3.81
-0.143789 3.82
-0.151302 3.83
-0.158879 3.84
-0.166445 3.85
-0.173953 3.86
-0.181321 3.87
-0.188494 3.88
-0.195386 3.89
-0.201941 3.9
-0.208067 3.91
-0.213712 3.92
-0.218785 3.93
-0.223239 3.94
-0.22699 3.95
-0.230003 3.96
-0.232211 3.97
-0.233591 3.98
-0.234103 3.99
-0.233745 4
-0.232499 4.01
-0.230392 4.02
-0.227423 4.03
-0.223641 4.04
-0.219058 4.05
-0.213731 4.06
-0.207676 4.07
-0.200948 4.08
-0.193561 4.09
-0.185561 4.1
-0.176963 4.11
-0.167803 4.12
-0.158099 4.13
-0.147885 4.14
-0.137186 4.15
-0.12604 4.16
-0.114486 4.17
-0.102569 4.18
-0.0903471 4.19
-0.0778769 4.2
-0.0652346 4.21
-0.05249 4.22
-0.039737 4.23
-0.0270527 4.24
-0.014544 4.25
-0.00228603 4.26
0.00960864 4.27
0.0210744 4.28
0.0319964 4.29
0.0423121 4.3
0.0519018 4.31
0.0606936 4.32
0.0685697 4.33
0.0754637 4.34
0.0812917 4.35
0.0860455 4.36
0.0897185 4.37
0.0923943 4.38
0.0941639 4.39
0.0951711 4.4
0.095571 4.41
0.0954896 4.42
0.0950777 4.43
0.0944499 4.44
0.0936723 4.45
0.0928508 4.46
0.0920224 4.47
0.0912459 4.48
0.0905498 4.49
0.0899751 4.5
0.0895449 4.51
0.0892871 4.52
0.0892223 4.53
0.0893704 4.54
0.0897498 4.55
0.0903772 4.56
0.0912689 4.57
0.0924397 4.58
0.0939052 4.59
0.0956786 4.6
0.0977717 4.61
0.100194 4.62
0.102972 4.63
0.106078 4.64
0.109515 4.65
0.113269 4.66
0.117321 4.67
0.121646 4.68
0.126198 4.69
0.130918 4.7
0.135767 4.71
0.140676 4.72
0.145571 4.73
0.15038 4.74
0.155027 4.75
0.159452 4.76
0.163582 4.77
0.16738 4.78
0.170794 4.79
0.173803 4.8
0.176375 4.81
0.178502 4.82
0.180165 4.83
0.181362 4.84
0.182084 4.85
0.182334 4.86
0.182103 4.87
0.181398 4.88
0.180214 4.89
0.178556 4.9
0.176419 4.91
0.17381 4.92
0.170725 4.93
0.167173 4.94
0.163149 4.95
0.158666 4.96
0.153726 4.97
0.148347 4.98
0.14254 4.99
0.136332 5
0.129754 5.01
0.122844 5.02
0.115656 5.03
0.108244 5.04
0.100687 5.05
0.0930505 5.06
0.0854301 5.07
0.0778929 5.08
0.0705273 5.09
0.0633897 5.1
0.0565445 5.11
0.050029 5.12
0.0438802 5.13
0.0381173 5.14
0.0327567 5.15
0.0278054 5.16
0.0232686 5.17
0.0191465 5.18
0.0154401 5.19
0.0121473 5.2
0.00926821 5.21
0.006801 5.22
0.00474727 5.23
0.00310669 5.24
0.00188306 5.25
0.00107823 5.26
0.000698159 5.27
0.000747064 5.28
0.00123233 5.29
0.00216013 5.3
0.00353782 5.31
0.00537222 5.32
0.00766819 5.33
0.0104302 5.34
0.0136564 5.35
0.0173433 5.36
0.021475 5.37
0.0260322 5.38
0.0309748 5.39
0.0362591 5.4
0.0418123 5.41
0.047565 5.42
0.0534136 5.43
0.0592761 5.44
0.0650372 5.45
0.0706281 5.46
0.0759489 5.47
0.0809653 5.48
0.0856098 5.49
0.0898846 5.5
0.0937557 5.51
0.0972473 5.52
0.10035 5.53
0.103094 5.54
0.105484 5.55
0.107549 5.56
0.10929 5.57
0.110736 5.58
0.111884 5.59
0.112757 5.6
0.113345 5.61
0.113664 5.62
0.113702 5.63
0.113464 5.64
0.112938 5.65
0.112126 5.66
0.111018 5.67
0.109614 5.68
0.10791 5.69
0.105906 5.7
0.103605 5.71
0.101014 5.72
0.0981465 5.73
0.0950186 5.74
0.0916359 5.75
0.0880453 5.76
0.0842545 5.77
0.080311 5.78
0.0762854 5.79
0.072192 5.8
0.0680977 5.81
0.064021 5.82
0.0600248 5.83
0.0561297 5.84
0.0523978 5.85
0.048863 5.86
0.0455946 5.87
0.0426487 5.88
0.0401006 5.89
0.0380169 5.9
0.0364693 5.91
0.0355136 5.92
0.035201 5.93
0.0355614 5.94
0.0366183 5.95
0.0378476 5.96
0.0400478 5.97
0.0429703 5.98
0.0466488 5.99
0.0510608 6
0.0561774 6.01
0.061965 6.02
0.0683862 6.03
0.0754009 6.04
0.0829506 6.05
0.0910074 6.06
0.0995282 6.07
0.108436 6.08
0.117754 6.09
0.127424 6.1
0.137348 6.11
0.14756 6.12
0.157937 6.13
0.168533 6.14
0.179207 6.15
0.190034 6.16
0.200878 6.17
0.211817 6.18
0.222696 6.19
0.233611 6.2
0.244391 6.21
0.255139 6.22
0.265671 6.23
0.276092 6.24
0.28621 6.25
0.29612 6.26
0.305624 6.27
0.314804 6.28
0.32348 6.29
0.331635 6.3
0.339232 6.31
0.346111 6.32
0.352275 6.33
0.35764 6.34
0.362073 6.35
0.365593 6.36
0.367937 6.37
0.369094 6.38
0.369179 6.39
0.368152 6.4
0.365963 6.41
0.362584 6.42
0.358005 6.43
0.352215 6.44
0.345218 6.45
0.337023 6.46
0.327644 6.47
0.317098 6.48
0.305418 6.49
0.292624 6.5
0.278767 6.51
0.263869 6.52
0.248009 6.53
0.2312 6.54
0.213555 6.55
0.195076 6.56
0.175917 6.57
0.156062 6.58
0.135714 6.59
0.114843 6.6
0.093696 6.61
0.0722535 6.62
0.0507055 6.63
0.0292368 6.64
0.00881513 6.65
-0.0111437 6.66
-0.0304276 6.67
-0.0486077 6.68
-0.0659811 6.69
-0.0807507 6.7
-0.0947772 6.71
-0.108228 6.72
-0.120192 6.73
-0.130755 6.74
-0.139806 6.75
-0.147497 6.76
-0.15373 6.77
-0.158684 6.78
-0.162303 6.79
-0.164754 6.8
-0.166047 6.81
-0.166122 6.82
-0.165004 6.83
-0.16303 6.84
-0.160047 6.85
-0.156066 6.86
-0.151125 6.87
-0.145247 6.88
-0.138453 6.89
-0.13077 6.9
-0.122247 6.91
-0.112936 6.92
-0.102901 6.93
-0.0922012 6.94
-0.0809133 6.95
-0.0691153 6.96
-0.0568981 6.97
-0.0443387 6.98
-0.0315512 6.99
-0.0186017 7
-0.00561832 7.01
0.00734198 7.02
0.0201571 7.03
0.0327703 7.04
0.0451666 7.05
0.0571725 7.06
0.0687632 7.07
0.0799015 7.08
0.0904936 7.09
0.100487 7.1
0.109841 7.11
0.118501 7.12
0.126435 7.13
0.133598 7.14
0.139963 7.15
0.145496 7.16
0.150172 7.17
0.153971 7.18
0.156871 7.19
0.158862 7.2
0.159926 7.21
0.16006 7.22
0.159249 7.23
0.157496 7.24
0.154791 7.25
0.15114 7.26
0.146534 7.27
0.140988 7.28
0.134493 7.29
0.127076 7.3
0.118728 7.31
0.109487 7.32
0.0993487 7.33
0.0883628 7.34
0.0765331 7.35
0.0639174 7.36
0.0505331 7.37
0.0364437 7.38
0.0216823 7.39
0.0063163 7.4
-0.00960585 7.41
-0.0260147 7.42
-0.0428453 7.43
-0.060029 7.44
-0.0774913 7.45
-0.0951587 7.46
-0.112955 7.47
-0.130803 7.48
-0.148625 7.49
-0.166346 7.5
-0.18389 7.51
-0.20118 7.52
-0.218147 7.53
-0.234714 7.54
-0.250819 7.55
-0.266386 7.56
-0.28136 7.57
-0.295667 7.58
-0.309257 7.59
-0.32206 7.6
-0.33403 7.61
-0.345098 7.62
-0.355224 7.63
-0.364341 7.64
-0.372414 7.65
-0.379375 7.66
-0.385195 7.67
-0.389809 7.68
-0.393193 7.69
-0.395288 7.7
-0.396076 7.71
-0.395507 7.72
-0.393567 7.73
-0.390223 7.74
-0.385466 7.75
-0.379281 7.76
-0.3716 7.77
-0.36244 7.78
-0.351834 7.79
-0.339784 7.8
-0.326298 7.81
-0.311417 7.82
-0.295164 7.83
-0.277601 7.84
-0.258767 7.85
-0.23875 7.86
-0.217609 7.87
-0.195457 7.88
-0.172376 7.89
-0.148499 7.9
-0.12393 7.91
-0.0988162 7.92
-0.0732756 7.93
-0.0474627 7.94
-0.0214973 7.95
0.00447135 7.96
0.0303295 7.97
0.0559431 7.98
0.0812107 7.99
0.106018 8
0.130276 8.01
0.153891 8.02
0.176786 8.03
0.198883 8.04
0.220116 8.05
0.240423 8.06
0.25975 8.07
0.278049 8.08
0.295284 8.09
0.311423 8.1
0.326448 8.11
0.340343 8.12
0.353109 8.13
0.364742 8.14
0.375257 8.15
0.384657 8.16
0.392964 8.17
0.400181 8.18
0.406331 8.19
0.411414 8.2
0.415449 8.21
0.418425 8.22
0.420357 8.23
0.421223 8.24
0.421026 8.25
0.41973 8.26
0.417329 8.27
0.413769 8.28
0.40903 8.29
0.403045 8.3
0.395778 8.31
0.387151 8.32
0.377123 8.33
0.365614 8.34
0.352586 8.35
0.337979 8.36
0.321778 8.37
0.303967 8.38
0.284572 8.39
0.263648 8.4
0.241274 8.41
0.217566 8.42
0.192652 8.43
0.166683 8.44
0.139816 8.45
0.112216 8.46
0.0840477 8.47
0.0555714 8.48
0.0268307 8.49
-0.00187861 8.5
-0.030565 8.51
-0.0589238 8.52
-0.087038 8.53
-0.114641 8.54
-0.141839 8.55
-0.168449 8.56
-0.194533 8.57
-0.22 8.58
-0.244812 8.59
-0.26889 8.6
-0.292129 8.61
-0.314419 8.62
-0.335631 8.63
-0.35564 8.64
-0.374325 8.65
-0.391574 8.66
-0.407293 8.67
-0.421394 8.68
-0.433582 8.69
-0.444106 8.7
-0.452681 8.71
-0.459492 8.72
-0.464261 8.73
-0.46724 8.74
-0.468122 8.75
-0.46722 8.76
-0.464201 8.77
-0.459431 8.78
-0.452568 8.79
-0.444016 8.8
-0.433456 8.81
-0.42131 8.82
-0.407327 8.83
-0.391913 8.84
-0.374929 8.85
-0.356718 8.86
-0.337273 8.87
-0.316835 8.88
-0.29551 8.89
-0.273429 8.9
-0.250769 8.91
-0.227578 8.92
-0.204058 8.93
-0.180215 8.94
-0.156248 8.95
-0.132156 8.96
-0.108117 8.97
-0.0841492 8.98
-0.0604066 8.99
-0.0369309 9
-0.0138579 9.01
0.00874904 9.02
0.030768 9.03
0.0521207 9.04
0.0726946 9.05
0.0924037 9.06
0.111143 9.07
0.128823 9.08
0.145345 9.09
0.160621 9.1
0.174556 9.11
0.187067 9.12
0.198062 9.13
0.207463 9.14
0.215189 9.15
0.22117 9.16
0.225339 9.17
0.22765 9.18
0.228065 9.19
0.226578 9.2
0.223207 9.21
0.217911 9.22
0.210931 9.23
0.202328 9.24
0.192294 9.25
0.180977 9.26
0.16856 9.27
0.155208 9.28
0.141052 9.29
0.126237 9.3
0.110838 9.31
0.0949705 9.32
0.0786727 9.33
0.0620337 9.34
0.0450792 9.35
0.0278794 9.36
0.0104618 9.37
-0.00711326 9.38
-0.0248085 9.39
-0.0425674 9.4
-0.0603391 9.41
-0.0780626 9.42
-0.0956774 9.43
-0.113111 9.44
-0.130298 9.45
-0.147154 9.46
-0.163608 9.47
-0.179567 9.48
-0.194957 9.49
-0.209679 9.5
-0.223659 9.51
-0.236794 9.52
-0.249018 9.53
-0.260231 9.54
-0.270404 9.55
-0.279424 9.56
-0.287257 9.57
-0.293852 9.58
-0.299113 9.59
-0.303122 9.6
-0.305806 9.61
-0.307283 9.62
-0.307492 9.63
-0.306455 9.64
-0.30426 9.65
-0.301172 9.66
-0.297033 9.67
-0.292219 9.68
-0.286556 9.69
-0.280393 9.7
-0.27357 9.71
-0.266336 9.72
-0.25855 9.73
-0.250343 9.74
-0.241578 9.75
-0.232336 9.76
-0.222513 9.77
-0.212176 9.78
-0.201301 9.79
-0.189928 9.8
-0.178111 9.81
-0.165896 9.82
-0.153382 9.83
-0.140642 9.84
-0.127786 9.85
-0.114909 9.86
-0.102113 9.87
-0.0894981 9.88
-0.0771484 9.89
-0.0651499 9.9
-0.0537171 9.91
-0.042837 9.92
-0.0324761 9.93
-0.0227291 9.94
-0.013638 9.95
-0.00522258 9.96
0.00247826 9.97
0.00945506 9.98
0.0156749 9.99
0.0211357 10
0.0258062 10.01
0.0296873 10.02
0.0327498 10.03
0.0349938 10.04
0.0363947 10.05
0.0369514 10.06
0.0366484 10.07
0.0354871 10.08
0.0334651 10.09
0.0305936 10.1
0.0268863 10.11
0.0223722 10.12
0.0170825 10.13
0.011068 10.14
0.0043765 10.15
-0.00292043 10.16
-0.0107641 10.17
-0.0190698 10.18
-0.0277757 10.19
-0.0367957 10.2
-0.0460714 10.21
-0.0555255 10.22
-0.0651039 10.23
-0.0747412 10.24
-0.0843842 10.25
-0.0939753 10.26
-0.103458 10.27
-0.112777 10.28
-0.121872 10.29
-0.130687 10.3
-0.13916 10.31
-0.147239 10.32
-0.154867 10.33
-0.161998 10.34
-0.168586 10.35
-0.174595 10.36
-0.179992 10.37
-0.184755 10.38
-0.188864 10.39
-0.192307 10.4
-0.195078 10.41
-0.197175 10.42
-0.198599 10.43
-0.199358 10.44
-0.199458 10.45
-0.198915 10.46
-0.197736 10.47
-0.195941 10.48
-0.19354 10.49
-0.190552 10.5
-0.186986 10.51
-0.182863 10.52
-0.17819 10.53
-0.172984 10.54
-0.167253 10.55
-0.161013 10.56
-0.154273 10.57
-0.147051 10.58
-0.139359 10.59
-0.131221 10.6
-0.122659 10.61
-0.113705 10.62
-0.104395 10.63
-0.0947757 10.64
-0.0848941 10.65
-0.0748135 10.66
-0.0645912 10.67
-0.0543021 10.68
-0.0436631 10.69
-0.0331209 10.7
-0.0226857 10.71
-0.0124519 10.72
-0.00248574 10.73
0.0071533 10.74
0.0164134 10.75
0.0252488 10.76
0.0336228 10.77
0.0415045 10.78
0.0488687 10.79
0.0556957 10.8
0.0619698 10.81
0.067679 10.82
0.0728142 10.83
0.0774916 10.84
0.0814784 10.85
0.0848575 10.86
0.087622 10.87
0.0898392 10.88
0.0914102 10.89
0.0924404 10.9
0.0928214 10.91
0.092665 10.92
0.0918635 10.93
0.0905277 10.94
0.0885605 10.95
0.086063 10.96
0.0829613 10.97
0.079337 10.98
0.0751596 10.99
0.0704673 11
0.0652759 11.01
0.0596167 11.02
0.053541 11.03
0.0470518 11.04
0.0402492 11.05
0.0331111 11.06
0.0257331 11.07
0.0181596 11.08
0.0104485 11.09
0.00266204 11.1
-0.0051443 11.11
-0.0129154 11.12
-0.0206015 11.13
-0.0279925 11.14
-0.0351242 11.15
-0.0420919 11.16
-0.0486859 11.17
-0.0550408 11.18
-0.0609554 11.19
-0.0665864 11.2
-0.0717373 11.21
-0.0765673 11.22
-0.0808965 11.23
-0.0848728 11.24
-0.0883388 11.25
-0.0914234 11.26
-0.0939921 11.27
-0.0961532 11.28
-0.0990348 11.29
-0.102239 11.3
-0.10493 11.31
-0.105209 11.32
-0.110303 11.33
-0.111201 11.34
-0.111472 11.35
-0.111104 11.36
-0.110103 11.37
-0.108473 11.38
-0.106164 11.39
-0.103289 11.4
-0.0998448 11.41
-0.095884 11.42
-0.0914358 11.43
-0.0865509 11.44
-0.0812735 11.45
-0.0756536 11.46
-0.0697407 11.47
-0.0635841 11.48
-0.0572313 11.49
-0.0507298 11.5
-0.0441215 11.51
-0.0374501 11.52
-0.0307517 11.53
-0.0240637 11.54
-0.0174173 11.55
-0.0108435 11.56
-0.0043694 11.57
0.00197923 11.58
0.0081784 11.59
0.0142058 11.6
0.0200406 11.61
0.0256189 11.62
0.0309648 11.63
0.0359736 11.64
0.0407314 11.65
0.0451465 11.66
0.0492729 11.67
0.0530209 11.68
0.0564573 11.69
0.0594882 11.7
0.0621903 11.71
0.0644706 11.72
0.0664112 11.73
0.0679258 11.74
0.0690968 11.75
0.0698502 11.76
0.0702631 11.77
0.0702783 11.78
0.0699627 11.79
0.0692788 11.8
0.0682796 11.81
0.0669479 11.82
0.0653221 11.83
0.0634033 11.84
0.0612165 11.85
0.0587782 11.86
0.0561022 11.87
0.0532172 11.88
0.0501285 11.89
0.0468733 11.9
0.0434512 11.91
0.0399043 11.92
0.0362291 11.93
0.0324687 11.94
0.0286187 11.95
0.0247197 11.96
0.0207677 11.97
0.0167972 11.98
0.012806 11.99
0.00881932 12
