0.00833333 0
0.0164352 0.005
0.0242951 0.01
0.0319032 0.015
0.0392495 0.02
0.046325 0.025
0.0531203 0.03
0.0596273 0.035
0.0658373 0.04
0.071743 0.045
0.0773367 0.05
0.0826121 0.055
0.0875626 0.06
0.0921825 0.065
0.0964667 0.07
0.10041 0.075
0.10401 0.08
0.107261 0.085
0.110161 0.09
0.112708 0.095
0.114901 0.1
0.116749 0.105
0.11824 0.11
0.119382 0.115
0.120165 0.12
0.120602 0.125
0.120681 0.13
0.120419 0.135
0.119798 0.14
0.118839 0.145
0.117522 0.15
0.115871 0.155
0.113858 0.16
0.111511 0.165
0.108796 0.17
0.105742 0.175
0.102309 0.18
0.0985264 0.185
0.094352 0.19
0.0898094 0.195
0.0848603 0.2
0.0795205 0.205
0.0737615 0.21
0.0675895 0.215
0.0609916 0.22
0.0539649 0.225
0.0465161 0.23
0.0386348 0.235
0.030349 0.24
0.0216432 0.245
0.0125656 0.25
0.00309485 0.255
-0.00669903 0.26
-0.0168384 0.265
-0.0272481 0.27
-0.0379434 0.275
-0.0488438 0.28
-0.0599619 0.285
-0.0712148 0.29
-0.0826122 0.295
-0.0940716 0.3
-0.1056 0.305
-0.117118 0.31
-0.12863 0.315
-0.14006 0.32
-0.151413 0.325
-0.162617 0.33
-0.173675 0.335
-0.184524 0.34
-0.195166 0.345
-0.205542 0.35
-0.215657 0.355
-0.225457 0.36
-0.234948 0.365
-0.244084 0.37
-0.252869 0.375
-0.261265 0.38
-0.269276 0.385
-0.276869 0.39
-0.284049 0.395
-0.290787 0.4
-0.297086 0.405
-0.302923 0.41
-0.308298 0.415
-0.313192 0.42
-0.317601 0.425
-0.321511 0.43
-0.324912 0.435
-0.327792 0.44
-0.330139 0.445
-0.331943 0.45
-0.333186 0.455
-0.333863 0.46
-0.333954 0.465
-0.333458 0.47
-0.332353 0.475
-0.330648 0.48
-0.328322 0.485
-0.325395 0.49
-0.321852 0.495
-0.317726 0.5
-0.313008 0.505
-0.307746 0.51
-0.301939 0.515
-0.295645 0.52
-0.288873 0.525
-0.281683 0.53
-0.274092 0.535
-0.266158 0.54
-0.2579 0.545
-0.24937 0.55
-0.240587 0.555
-0.231591 0.56
-0.222402 0.565
-0.213045 0.57
-0.20354 0.575
-0.193903 0.58
-0.184149 0.585
-0.174292 0.59
-0.165123 0.595
-0.155852 0.6
-0.146546 0.605
-0.137251 0.61
-0.127943 0.615
-0.118631 0.62
-0.109328 0.625
-0.100045 0.63
-0.0907967 0.635
-0.0815986 0.64
-0.0725793 0.645
-0.0635098 0.65
-0.0545628 0.655
-0.0457343 0.66
-0.037048 0.665
-0.0285198 0.67
-0.020174 0.675
-0.012026 0.68
-0.00408083 0.685
0.00362693 0.69
0.0110778 0.695
0.0182574 0.7
0.0251513 0.705
0.0317468 0.71
0.0380342 0.715
0.0440045 0.72
0.0496534 0.725
0.0549752 0.73
0.0599715 0.735
0.0646386 0.74
0.0689837 0.745
0.0730037 0.75
0.0767103 0.755
0.0800993 0.76
0.0831858 0.765
0.0859634 0.77
0.0884492 0.775
0.0906338 0.78
0.0925355 0.785
0.0941422 0.79
0.0954719 0.795
0.0965109 0.8
0.0972764 0.805
0.0977538 0.81
0.0979592 0.815
0.097878 0.82
0.0975251 0.825
0.0968868 0.83
0.0959766 0.835
0.094782 0.84
0.0933157 0.845
0.0915668 0.85
0.0895471 0.855
0.0872473 0.86
0.0846787 0.865
0.0818338 0.87
0.0787236 0.875
0.0753419 0.88
0.0716997 0.885
0.0677923 0.89
0.0636308 0.895
0.0592117 0.9
0.0545461 0.905
0.0496317 0.91
0.0444799 0.915
0.0390892 0.92
0.0334714 0.925
0.0276257 0.93
0.0215642 0.935
0.0152866 0.94
0.00880553 0.945
0.00212085 0.95
-0.0047543 0.955
-0.0118199 0.96
-0.0190623 0.965
-0.0264816 0.97
-0.0340637 0.975
-0.0418088 0.98
-0.0497022 0.985
-0.0577445 0.99
-0.0659206 0.995
-0.0742314 1
-0.0826613 1.005
-0.0912118 1.01
-0.0998666 1.015
-0.108628 1.02
-0.117479 1.025
-0.126423 1.03
-0.135442 1.035
-0.144539 1.04
-0.153698 1.045
-0.162922 1.05
-0.172192 1.055
-0.181515 1.06
-0.190869 1.065
-0.200264 1.07
-0.209676 1.075
-0.219116 1.08
-0.228559 1.085
-0.238019 1.09
-0.247467 1.095
-0.256923 1.1
-0.266354 1.105
-0.275783 1.11
-0.285173 1.115
-0.294554 1.12
-0.303884 1.125
-0.313199 1.13
-0.322454 1.135
-0.331689 1.14
-0.340855 1.145
-0.350001 1.15
-0.359072 1.155
-0.368123 1.16
-0.377098 1.165
-0.386053 1.17
-0.394935 1.175
-0.403799 1.18
-0.412595 1.185
-0.421377 1.19
-0.430096 1.195
-0.438805 1.2
-0.44746 1.205
-0.456107 1.21
-0.464708 1.215
-0.473301 1.22
-0.481857 1.225
-0.490404 1.23
-0.49892 1.235
-0.507424 1.24
-0.5159 1.245
-0.524359 1.25
-0.532791 1.255
-0.541201 1.26
-0.549579 1.265
-0.557927 1.27
-0.566238 1.275
-0.574508 1.28
-0.582731 1.285
-0.590902 1.29
-0.599015 1.295
-0.60706 1.3
-0.615033 1.305
-0.622923 1.31
-0.630725 1.315
-0.638426 1.32
-0.646019 1.325
-0.653493 1.33
-0.660839 1.335
-0.668044 1.34
-0.675101 1.345
-0.681994 1.35
-0.688715 1.355
-0.695249 1.36
-0.701586 1.365
-0.707712 1.37
-0.713616 1.375
-0.719283 1.38
-0.724701 1.385
-0.729854 1.39
-0.734732 1.395
-0.739317 1.4
-0.743599 1.405
-0.747559 1.41
-0.751186 1.415
-0.754463 1.42
-0.757377 1.425
-0.759911 1.43
-0.762052 1.435
-0.763782 1.44
-0.765087 1.445
-0.765951 1.45
-0.76636 1.455
-0.766295 1.46
-0.765743 1.465
-0.764687 1.47
-0.763112 1.475
-0.761 1.48
-0.758338 1.485
-0.755107 1.49
-0.751294 1.495
-0.746882 1.5
-0.741855 1.505
-0.736199 1.51
-0.729898 1.515
-0.722937 1.52
-0.715302 1.525
-0.706978 1.53
-0.697953 1.535
-0.688212 1.54
-0.677744 1.545
-0.666536 1.55
-0.654579 1.555
-0.641863 1.56
-0.628379 1.565
-0.61412 1.57
-0.599082 1.575
-0.583261 1.58
-0.566656 1.585
-0.549267 1.59
-0.531102 1.595
-0.512164 1.6
-0.492467 1.605
-0.472024 1.61
-0.450859 1.615
-0.428989 1.62
-0.406452 1.625
-0.383275 1.63
-0.359507 1.635
-0.335188 1.64
-0.310382 1.645
-0.285137 1.65
-0.259536 1.655
-0.233633 1.66
-0.207531 1.665
-0.181284 1.67
-0.15502 1.675
-0.128785 1.68
-0.10273 1.685
-0.0768853 1.69
-0.0514284 1.695
-0.0263606 1.7
-0.00188974 1.705
0.0220265 1.71
0.0451437 1.715
0.0675619 1.72
0.088996 1.725
0.109613 1.73
0.129088 1.735
0.147656 1.74
0.164964 1.745
0.181308 1.75
0.196333 1.755
0.210373 1.76
0.223117 1.765
0.234903 1.77
0.245513 1.775
0.255245 1.78
0.264001 1.785
0.271998 1.79
0.279259 1.795
0.285893 1.8
0.292003 1.805
0.297612 1.81
0.30287 1.815
0.3077 1.82
0.312291 1.825
0.316506 1.83
0.320534 1.835
0.324208 1.84
0.327707 1.845
0.330852 1.85
0.333804 1.855
0.336387 1.86
0.338743 1.865
0.340706 1.87
0.342396 1.875
0.343668 1.88
0.344619 1.885
0.345126 1.89
0.345265 1.895
0.34494 1.9
0.344204 1.905
0.342989 1.91
0.341329 1.915
0.339181 1.92
0.336562 1.925
0.333453 1.93
0.329859 1.935
0.325779 1.94
0.321217 1.945
0.316177 1.95
0.310665 1.955
0.304688 1.96
0.298257 1.965
0.29138 1.97
0.28407 1.975
0.27634 1.98
0.268203 1.985
0.259674 1.99
0.250771 1.995
0.241509 2
0.231907 2.005
0.22186 2.01
0.211476 2.015
0.200808 2.02
0.189868 2.025
0.178682 2.03
0.16727 2.035
0.155658 2.04
0.143866 2.045
0.131922 2.05
0.119846 2.055
0.107665 2.06
0.0954004 2.065
0.0830789 2.07
0.0707208 2.075
0.0583531 2.08
0.045995 2.085
0.0336727 2.09
0.0214044 2.095
0.00921503 2.1
-0.00287814 2.105
-0.0148521 2.11
-0.0266905 2.115
-0.0383724 2.12
-0.0498827 2.125
-0.0612024 2.13
-0.0723175 2.135
-0.0832114 2.14
-0.093871 2.145
-0.104282 2.15
-0.114432 2.155
-0.124309 2.16
-0.133902 2.165
-0.143201 2.17
-0.152194 2.175
-0.160873 2.18
-0.169229 2.185
-0.177253 2.19
-0.184938 2.195
-0.192277 2.2
-0.199261 2.205
-0.205886 2.21
-0.212142 2.215
-0.218027 2.22
-0.223531 2.225
-0.228653 2.23
-0.233383 2.235
-0.237721 2.24
-0.241656 2.245
-0.24519 2.25
-0.248312 2.255
-0.251025 2.26
-0.253316 2.265
-0.255193 2.27
-0.256637 2.275
-0.257664 2.28
-0.25825 2.285
-0.258415 2.29
-0.258131 2.295
-0.257427 2.3
-0.256267 2.305
-0.254689 2.31
-0.252652 2.315
-0.250201 2.32
-0.24729 2.325
-0.243973 2.33
-0.240198 2.335
-0.236029 2.34
-0.23141 2.345
-0.226411 2.35
-0.220974 2.355
-0.215175 2.36
-0.208958 2.365
-0.202398 2.37
-0.195444 2.375
-0.188169 2.38
-0.18053 2.385
-0.172593 2.39
-0.164325 2.395
-0.155782 2.4
-0.146945 2.405
-0.137854 2.41
-0.12851 2.415
-0.118927 2.42
-0.109124 2.425
-0.0991145 2.43
-0.0889063 2.435
-0.0785221 2.44
-0.0679591 2.445
-0.0572483 2.45
-0.0463773 2.455
-0.0353835 2.46
-0.0242475 2.465
-0.0130111 2.47
-0.00164963 2.475
0.00979211 2.48
0.021342 2.485
0.0329539 2.49
0.044657 2.495
0.0564051 2.5
0.068227 2.505
0.0800777 2.51
0.0919842 2.515
0.103903 2.52
0.11586 2.525
0.127812 2.53
0.139782 2.535
0.151732 2.54
0.163677 2.545
0.175584 2.55
0.187466 2.555
0.19929 2.56
0.211064 2.565
0.222761 2.57
0.234384 2.575
0.245908 2.58
0.257332 2.585
0.268633 2.59
0.279809 2.595
0.290837 2.6
0.301712 2.605
0.312413 2.61
0.322933 2.615
0.333253 2.62
0.343363 2.625
0.353245 2.63
0.362887 2.635
0.372273 2.64
0.381389 2.645
0.39022 2.65
0.398752 2.655
0.406968 2.66
0.414842 2.665
0.422376 2.67
0.429548 2.675
0.436345 2.68
0.442748 2.685
0.448745 2.69
0.454317 2.695
0.45945 2.7
0.464127 2.705
0.468332 2.71
0.472046 2.715
0.475255 2.72
0.47794 2.725
0.480083 2.73
0.481667 2.735
0.482672 2.74
0.48308 2.745
0.482871 2.75
0.482027 2.755
0.480526 2.76
0.478349 2.765
0.475474 2.77
0.471882 2.775
0.467552 2.78
0.462466 2.785
0.456601 2.79
0.449944 2.795
0.442474 2.8
0.434181 2.805
0.425051 2.81
0.415077 2.815
0.404255 2.82
0.392593 2.825
0.380095 2.83
0.366776 2.835
0.352661 2.84
0.337783 2.845
0.322178 2.85
0.305893 2.855
0.288977 2.86
0.271489 2.865
0.253486 2.87
0.235032 2.875
0.216191 2.88
0.197026 2.885
0.1776 2.89
0.157976 2.895
0.138209 2.9
0.118361 2.905
0.0984779 2.91
0.0786227 2.915
0.0588245 2.92
0.0391542 2.925
0.0196209 2.93
0.000306146 2.935
-0.0188024 2.94
-0.0376107 2.945
-0.0561516 2.95
-0.0743305 2.955
-0.0921458 2.96
-0.109603 2.965
-0.126599 2.97
-0.143203 2.975
-0.159307 2.98
-0.174984 2.985
-0.190142 2.99
-0.20486 2.995
-0.219069 3
-0.232855 3.005
-0.246188 3.01
-0.259152 3.015
-0.271775 3.02
-0.284126 3.025
-0.296259 3.03
-0.308235 3.035
-0.320095 3.04
-0.331861 3.045
-0.343539 3.05
-0.355103 3.055
-0.366531 3.06
-0.378046 3.065
-0.38928 3.07
-0.400309 3.075
-0.411032 3.08
-0.421469 3.085
-0.431539 3.09
-0.441256 3.095
-0.450551 3.1
-0.459436 3.105
-0.467853 3.11
-0.475812 3.115
-0.483264 3.12
-0.490217 3.125
-0.49663 3.13
-0.502511 3.135
-0.507825 3.14
-0.512578 3.145
-0.516743 3.15
-0.520323 3.155
-0.523298 3.16
-0.52567 3.165
-0.527422 3.17
-0.528556 3.175
-0.529057 3.18
-0.528928 3.185
-0.528154 3.19
-0.526736 3.195
-0.524663 3.2
-0.521933 3.205
-0.518535 3.21
-0.514469 3.215
-0.509721 3.22
-0.504292 3.225
-0.49796 3.23
-0.490894 3.235
-0.483111 3.24
-0.474585 3.245
-0.465298 3.25
-0.455251 3.255
-0.444423 3.26
-0.432818 3.265
-0.420417 3.27
-0.407227 3.275
-0.393236 3.28
-0.378455 3.285
-0.362885 3.29
-0.346547 3.295
-0.329457 3.3
-0.311651 3.305
-0.293167 3.31
-0.27406 3.315
-0.254392 3.32
-0.234237 3.325
-0.213679 3.33
-0.192804 3.335
-0.171707 3.34
-0.150479 3.345
-0.129213 3.35
-0.107989 3.355
-0.0868916 3.36
-0.0659854 3.365
-0.0453246 3.37
-0.0250092 3.375
-0.00499138 3.38
0.0145893 3.385
0.0337505 3.39
0.0525035 3.395
0.0707434 3.4
0.0885088 3.405
0.105804 3.41
0.122555 3.415
0.138802 3.42
0.154549 3.425
0.16974 3.43
0.184432 3.435
0.198572 3.44
0.212207 3.445
0.225297 3.45
0.237879 3.455
0.249925 3.46
0.261464 3.465
0.272476 3.47
0.282985 3.475
0.292978 3.48
0.302473 3.485
0.311462 3.49
0.319959 3.495
0.327962 3.5
0.33548 3.505
0.342513 3.51
0.34907 3.515
0.355152 3.52
0.360766 3.525
0.365915 3.53
0.370603 3.535
0.374835 3.54
0.378614 3.545
0.381946 3.55
0.384833 3.555
0.38728 3.56
0.389289 3.565
0.390866 3.57
0.392012 3.575
0.392733 3.58
0.393028 3.585
0.392903 3.59
0.392359 3.595
0.391401 3.6
0.390028 3.605
0.388246 3.61
0.386053 3.615
0.383455 3.62
0.380451 3.625
0.377044 3.63
0.373234 3.635
0.369025 3.64
0.364416 3.645
0.35941 3.65
0.354007 3.655
0.348208 3.66
0.342015 3.665
0.335428 3.67
0.328449 3.675
0.321078 3.68
0.313316 3.685
0.305165 3.69
0.296625 3.695
0.287699 3.7
0.278387 3.705
0.268691 3.71
0.258614 3.715
0.248157 3.72
0.237324 3.725
0.226117 3.73
0.21454 3.735
0.202596 3.74
0.190292 3.745
0.177631 3.75
0.164621 3.755
0.151266 3.76
0.137577 3.765
0.123507 3.77
0.10914 3.775
0.0944598 3.78
0.0794853 3.785
0.0642203 3.79
0.0486871 3.795
0.0328914 3.8
0.0168568 3.805
0.000591834 3.81
-0.0158786 3.815
-0.0325435 3.82
-0.0493768 3.825
-0.0663654 3.83
-0.0834819 3.835
-0.100712 3.84
-0.118026 3.845
-0.135409 3.85
-0.152832 3.855
-0.170277 3.86
-0.187714 3.865
-0.205126 3.87
-0.222482 3.875
-0.239765 3.88
-0.256942 3.885
-0.273998 3.89
-0.290898 3.895
-0.307628 3.9
-0.324151 3.905
-0.340454 3.91
-0.356501 3.915
-0.372276 3.92
-0.387744 3.925
-0.40289 3.93
-0.417677 3.935
-0.432088 3.94
-0.446089 3.945
-0.459661 3.95
-0.47277 3.955
-0.485395 3.96
-0.497502 3.965
-0.509071 3.97
-0.520067 3.975
-0.530469 3.98
-0.540244 3.985
-0.54937 3.99
-0.557814 3.995
-0.565555 4
-0.572564 4.005
-0.578819 4.01
-0.584296 4.015
-0.58893 4.02
-0.592757 4.025
-0.599789 4.03
-0.60451 4.035
-0.608807 4.04
-0.612418 4.045
-0.615559 4.05
-0.618021 4.055
-0.619993 4.06
-0.621277 4.065
-0.622051 4.07
-0.62213 4.075
-0.621662 4.08
-0.620492 4.085
-0.618776 4.09
-0.616328 4.095
-0.613333 4.1
-0.609614 4.105
-0.605329 4.11
-0.600316 4.115
-0.594729 4.12
-0.58841 4.125
-0.581512 4.13
-0.57388 4.135
-0.565668 4.14
-0.55672 4.145
-0.547196 4.15
-0.536935 4.155
-0.52611 4.16
-0.514549 4.165
-0.502439 4.17
-0.489599 4.175
-0.476237 4.18
-0.46215 4.185
-0.447577 4.19
-0.43229 4.195
-0.416567 4.2
-0.400142 4.205
-0.383348 4.21
-0.365866 4.215
-0.348104 4.22
-0.329666 4.225
-0.311066 4.23
-0.291798 4.235
-0.272517 4.24
-0.252571 4.245
-0.232799 4.25
-0.212354 4.255
-0.192306 4.26
-0.171567 4.265
-0.151472 4.27
-0.131058 4.275
-0.110292 4.28
-0.0905219 4.285
-0.070026 4.29
-0.0506768 4.295
-0.0306312 4.3
-0.0117682 4.305
0.00771271 4.31
0.0260943 4.315
0.0449683 4.32
0.0629119 4.325
0.0811985 4.33
0.0987493 4.335
0.116495 4.34
0.13367 4.345
0.150912 4.35
0.167696 4.355
0.184366 4.36
0.200793 4.365
0.216974 4.37
0.232711 4.375
0.248254 4.38
0.263439 4.385
0.278247 4.39
0.292674 4.395
0.306758 4.4
0.32041 4.405
0.333644 4.41
0.346472 4.415
0.358863 4.42
0.370806 4.425
0.382291 4.43
0.00833333 0
0.0164352 0.005
0.0242951 0.01
0.0319032 0.015
0.0392495 0.02
0.046325 0.025
0.0531203 0.03
0.0596273 0.035
0.0658373 0.04
0.071743 0.045
0.0773367 0.05
0.0826121 0.055
0.0875626 0.06
0.0921825 0.065
0.0964667 0.07
0.10041 0.075
0.10401 0.08
0.107261 0.085
0.110161 0.09
0.112708 0.095
0.114901 0.1
0.116749 0.105
0.11824 0.11
0.119382 0.115
0.120165 0.12
0.120602 0.125
0.120681 0.13
0.120419 0.135
0.119798 0.14
0.118839 0.145
0.117522 0.15
0.115871 0.155
0.113858 0.16
0.111511 0.165
0.108796 0.17
0.105742 0.175
0.102309 0.18
0.0985264 0.185
0.094352 0.19
0.0898094 0.195
0.0848603 0.2
0.0795205 0.205
0.0737615 0.21
0.0675895 0.215
0.0609916 0.22
0.0539649 0.225
0.0465161 0.23
0.0386348 0.235
0.030349 0.24
0.0216432 0.245
0.0125656 0.25
0.00309485 0.255
-0.00669903 0.26
-0.0168384 0.265
-0.0272481 0.27
-0.0379434 0.275
-0.0488438 0.28
-0.0599619 0.285
-0.0712148 0.29
-0.0826122 0.295
-0.0940716 0.3
-0.1056 0.305
-0.117118 0.31
-0.12863 0.315
-0.14006 0.32
-0.151413 0.325
-0.162617 0.33
-0.173675 0.335
-0.184524 0.34
-0.195166 0.345
-0.205542 0.35
-0.215657 0.355
-0.225457 0.36
-0.234948 0.365
-0.244084 0.37
-0.252869 0.375
-0.261265 0.38
-0.269276 0.385
-0.276869 0.39
-0.284049 0.395
-0.290787 0.4
-0.297086 0.405
-0.302923 0.41
-0.308298 0.415
-0.313192 0.42
-0.317601 0.425
-0.321511 0.43
-0.324912 0.435
-0.327792 0.44
-0.330139 0.445
-0.331943 0.45
-0.333186 0.455
-0.333863 0.46
-0.333954 0.465
-0.333458 0.47
-0.332353 0.475
-0.330648 0.48
-0.328322 0.485
-0.325395 0.49
-0.321852 0.495
-0.317726 0.5
-0.313008 0.505
-0.307746 0.51
-0.301939 0.515
-0.295645 0.52
-0.288873 0.525
-0.281683 0.53
-0.274092 0.535
-0.266158 0.54
-0.2579 0.545
-0.24937 0.55
-0.240587 0.555
-0.231591 0.56
-0.222402 0.565
-0.213045 0.57
-0.20354 0.575
-0.193903 0.58
-0.184149 0.585
-0.174292 0.59
-0.165123 0.595
-0.155852 0.6
-0.146546 0.605
-0.137251 0.61
-0.127943 0.615
-0.118631 0.62
-0.109328 0.625
-0.100045 0.63
-0.0907967 0.635
-0.0815986 0.64
-0.0725793 0.645
-0.0635098 0.65
-0.0545628 0.655
-0.0457343 0.66
-0.037048 0.665
-0.0285198 0.67
-0.020174 0.675
-0.012026 0.68
-0.00408083 0.685
0.00362693 0.69
0.0110778 0.695
0.0182574 0.7
0.0251513 0.705
0.0317468 0.71
0.0380342 0.715
0.0440045 0.72
0.0496534 0.725
0.0549752 0.73
0.0599715 0.735
0.0646386 0.74
0.0689837 0.745
0.0730037 0.75
0.0767103 0.755
0.0800993 0.76
0.0831858 0.765
0.0859634 0.77
0.0884492 0.775
0.0906338 0.78
0.0925355 0.785
0.0941422 0.79
0.0954719 0.795
0.0965109 0.8
0.0972764 0.805
0.0977538 0.81
0.0979592 0.815
0.097878 0.82
0.0975251 0.825
0.0968868 0.83
0.0959766 0.835
0.094782 0.84
0.0933157 0.845
0.0915668 0.85
0.0895471 0.855
0.0872473 0.86
0.0846787 0.865
0.0818338 0.87
0.0787236 0.875
0.0753419 0.88
0.0716997 0.885
0.0677923 0.89
0.0636308 0.895
0.0592117 0.9
0.0545461 0.905
0.0496317 0.91
0.0444799 0.915
0.0390892 0.92
0.0334714 0.925
0.0276257 0.93
0.0215642 0.935
0.0152866 0.94
0.00880553 0.945
0.00212085 0.95
-0.0047543 0.955
-0.0118199 0.96
-0.0190623 0.965
-0.0264816 0.97
-0.0340637 0.975
-0.0418088 0.98
-0.0497022 0.985
-0.0577445 0.99
-0.0659206 0.995
-0.0742314 1
-0.0826613 1.005
-0.0912118 1.01
-0.0998666 1.015
-0.108628 1.02
-0.117479 1.025
-0.126423 1.03
-0.135442 1.035
-0.144539 1.04
-0.153698 1.045
-0.162922 1.05
-0.172192 1.055
-0.181515 1.06
-0.190869 1.065
-0.200264 1.07
-0.209676 1.075
-0.219116 1.08
-0.228559 1.085
-0.238019 1.09
-0.247467 1.095
-0.256923 1.1
-0.266354 1.105
-0.275783 1.11
-0.285173 1.115
-0.294554 1.12
-0.303884 1.125
-0.313199 1.13
-0.322454 1.135
-0.331689 1.14
-0.340855 1.145
-0.350001 1.15
-0.359072 1.155
-0.368123 1.16
-0.377098 1.165
-0.386053 1.17
-0.394935 1.175
-0.403799 1.18
-0.412595 1.185
-0.421377 1.19
-0.430096 1.195
-0.438805 1.2
-0.44746 1.205
-0.456107 1.21
-0.464708 1.215
-0.473301 1.22
-0.481857 1.225
-0.490404 1.23
-0.49892 1.235
-0.507424 1.24
-0.5159 1.245
-0.524359 1.25
-0.532791 1.255
-0.541201 1.26
-0.549579 1.265
-0.557927 1.27
-0.566238 1.275
-0.574508 1.28
-0.582731 1.285
-0.590902 1.29
-0.599015 1.295
-0.60706 1.3
-0.615033 1.305
-0.622923 1.31
-0.630725 1.315
-0.638426 1.32
-0.646019 1.325
-0.653493 1.33
-0.660839 1.335
-0.668044 1.34
-0.675101 1.345
-0.681994 1.35
-0.688715 1.355
-0.695249 1.36
-0.701586 1.365
-0.707712 1.37
-0.713616 1.375
-0.719283 1.38
-0.724701 1.385
-0.729854 1.39
-0.734732 1.395
-0.739317 1.4
-0.743599 1.405
-0.747559 1.41
-0.751186 1.415
-0.754463 1.42
-0.757377 1.425
-0.759911 1.43
-0.762052 1.435
-0.763782 1.44
-0.765087 1.445
-0.765951 1.45
-0.76636 1.455
-0.766295 1.46
-0.765743 1.465
-0.764687 1.47
-0.763112 1.475
-0.761 1.48
-0.758338 1.485
-0.755107 1.49
-0.751294 1.495
-0.746882 1.5
-0.741855 1.505
-0.736199 1.51
-0.729898 1.515
-0.722937 1.52
-0.715302 1.525
-0.706978 1.53
-0.697953 1.535
-0.688212 1.54
-0.677744 1.545
-0.666536 1.55
-0.654579 1.555
-0.641863 1.56
-0.628379 1.565
-0.61412 1.57
-0.599082 1.575
-0.583261 1.58
-0.566656 1.585
-0.549267 1.59
-0.531102 1.595
-0.512164 1.6
-0.492467 1.605
-0.472024 1.61
-0.450859 1.615
-0.428989 1.62
-0.406452 1.625
-0.383275 1.63
-0.359507 1.635
-0.335188 1.64
-0.310382 1.645
-0.285137 1.65
-0.259536 1.655
-0.233633 1.66
-0.207531 1.665
-0.181284 1.67
-0.15502 1.675
-0.128785 1.68
-0.10273 1.685
-0.0768853 1.69
-0.0514284 1.695
-0.0263606 1.7
-0.00188974 1.705
0.0220265 1.71
0.0451437 1.715
0.0675619 1.72
0.088996 1.725
0.109613 1.73
0.129088 1.735
0.147656 1.74
0.164964 1.745
0.181308 1.75
0.196333 1.755
0.210373 1.76
0.223117 1.765
0.234903 1.77
0.245513 1.775
0.255245 1.78
0.264001 1.785
0.271998 1.79
0.279259 1.795
0.285893 1.8
0.292003 1.805
0.297612 1.81
0.30287 1.815
0.3077 1.82
0.312291 1.825
0.316506 1.83
0.320534 1.835
0.324208 1.84
0.327707 1.845
0.330852 1.85
0.333804 1.855
0.336387 1.86
0.338743 1.865
0.340706 1.87
0.342396 1.875
0.343668 1.88
0.344619 1.885
0.345126 1.89
0.345265 1.895
0.34494 1.9
0.344204 1.905
0.342989 1.91
0.341329 1.915
0.339181 1.92
0.336562 1.925
0.333453 1.93
0.329859 1.935
0.325779 1.94
0.321217 1.945
0.316177 1.95
0.310665 1.955
0.304688 1.96
0.298257 1.965
0.29138 1.97
0.28407 1.975
0.27634 1.98
0.268203 1.985
0.259674 1.99
0.250771 1.995
0.241509 2
0.231907 2.005
0.22186 2.01
0.211476 2.015
0.200808 2.02
0.189868 2.025
0.178682 2.03
0.16727 2.035
0.155658 2.04
0.143866 2.045
0.131922 2.05
0.119846 2.055
0.107665 2.06
0.0954004 2.065
0.0830789 2.07
0.0707208 2.075
0.0583531 2.08
0.045995 2.085
0.0336727 2.09
0.0214044 2.095
0.00921503 2.1
-0.00287814 2.105
-0.0148521 2.11
-0.0266905 2.115
-0.0383724 2.12
-0.0498827 2.125
-0.0612024 2.13
-0.0723175 2.135
-0.0832114 2.14
-0.093871 2.145
-0.104282 2.15
-0.114432 2.155
-0.124309 2.16
-0.133902 2.165
-0.143201 2.17
-0.152194 2.175
-0.160873 2.18
-0.169229 2.185
-0.177253 2.19
-0.184938 2.195
-0.192277 2.2
-0.199261 2.205
-0.205886 2.21
-0.212142 2.215
-0.218027 2.22
-0.223531 2.225
-0.228653 2.23
-0.233383 2.235
-0.237721 2.24
-0.241656 2.245
-0.24519 2.25
-0.248312 2.255
-0.251025 2.26
-0.253316 2.265
-0.255193 2.27
-0.256637 2.275
-0.257664 2.28
-0.25825 2.285
-0.258415 2.29
-0.258131 2.295
-0.257427 2.3
-0.256267 2.305
-0.254689 2.31
-0.252652 2.315
-0.250201 2.32
-0.24729 2.325
-0.243973 2.33
-0.240198 2.335
-0.236029 2.34
-0.23141 2.345
-0.226411 2.35
-0.220974 2.355
-0.215175 2.36
-0.208958 2.365
-0.202398 2.37
-0.195444 2.375
-0.188169 2.38
-0.18053 2.385
-0.172593 2.39
-0.164325 2.395
-0.155782 2.4
-0.146945 2.405
-0.137854 2.41
-0.12851 2.415
-0.118927 2.42
-0.109124 2.425
-0.0991145 2.43
-0.0889063 2.435
-0.0785221 2.44
-0.0679591 2.445
-0.0572483 2.45
-0.0463773 2.455
-0.0353835 2.46
-0.0242475 2.465
-0.0130111 2.47
-0.00164963 2.475
0.00979211 2.48
0.021342 2.485
0.0329539 2.49
0.044657 2.495
0.0564051 2.5
0.068227 2.505
0.0800777 2.51
0.0919842 2.515
0.103903 2.52
0.11586 2.525
0.127812 2.53
0.139782 2.535
0.151732 2.54
0.163677 2.545
0.175584 2.55
0.187466 2.555
0.19929 2.56
0.211064 2.565
0.222761 2.57
0.234384 2.575
0.245908 2.58
0.257332 2.585
0.268633 2.59
0.279809 2.595
0.290837 2.6
0.301712 2.605
0.312413 2.61
0.322933 2.615
0.333253 2.62
0.343363 2.625
0.353245 2.63
0.362887 2.635
0.372273 2.64
0.381389 2.645
0.39022 2.65
0.398752 2.655
0.406968 2.66
0.414842 2.665
0.422376 2.67
0.429548 2.675
0.436345 2.68
0.442748 2.685
0.448745 2.69
0.454317 2.695
0.45945 2.7
0.464127 2.705
0.468332 2.71
0.472046 2.715
0.475255 2.72
0.47794 2.725
0.480083 2.73
0.481667 2.735
0.482672 2.74
0.48308 2.745
0.482871 2.75
0.482027 2.755
0.480526 2.76
0.478349 2.765
0.475474 2.77
0.471882 2.775
0.467552 2.78
0.462466 2.785
0.456601 2.79
0.449944 2.795
0.442474 2.8
0.434181 2.805
0.425051 2.81
0.415077 2.815
0.404255 2.82
0.392593 2.825
0.380095 2.83
0.366776 2.835
0.352661 2.84
0.337783 2.845
0.322178 2.85
0.305893 2.855
0.288977 2.86
0.271489 2.865
0.253486 2.87
0.235032 2.875
0.216191 2.88
0.197026 2.885
0.1776 2.89
0.157976 2.895
0.138209 2.9
0.118361 2.905
0.0984779 2.91
0.0786227 2.915
0.0588245 2.92
0.0391542 2.925
0.0196209 2.93
0.000306146 2.935
-0.0188024 2.94
-0.0376107 2.945
-0.0561516 2.95
-0.0743305 2.955
-0.0921458 2.96
-0.109603 2.965
-0.126599 2.97
-0.143203 2.975
-0.159307 2.98
-0.174984 2.985
-0.190142 2.99
-0.20486 2.995
-0.219069 3
-0.232855 3.005
-0.246188 3.01
-0.259152 3.015
-0.271775 3.02
-0.284126 3.025
-0.296259 3.03
-0.308235 3.035
-0.320095 3.04
-0.331861 3.045
-0.343539 3.05
-0.355103 3.055
-0.366531 3.06
-0.378046 3.065
-0.38928 3.07
-0.400309 3.075
-0.411032 3.08
-0.421469 3.085
-0.431539 3.09
-0.441256 3.095
-0.450551 3.1
-0.459436 3.105
-0.467853 3.11
-0.475812 3.115
-0.483264 3.12
-0.490217 3.125
-0.49663 3.13
-0.502511 3.135
-0.507825 3.14
-0.512578 3.145
-0.516743 3.15
-0.520323 3.155
-0.523298 3.16
-0.52567 3.165
-0.527422 3.17
-0.528556 3.175
-0.529057 3.18
-0.528928 3.185
-0.528154 3.19
-0.526736 3.195
-0.524663 3.2
-0.521933 3.205
-0.518535 3.21
-0.514469 3.215
-0.509721 3.22
-0.504292 3.225
-0.49796 3.23
-0.490894 3.235
-0.483111 3.24
-0.474585 3.245
-0.465298 3.25
-0.455251 3.255
-0.444423 3.26
-0.432818 3.265
-0.420417 3.27
-0.407227 3.275
-0.393236 3.28
-0.378455 3.285
-0.362885 3.29
-0.346547 3.295
-0.329457 3.3
-0.311651 3.305
-0.293167 3.31
-0.27406 3.315
-0.254392 3.32
-0.234237 3.325
-0.213679 3.33
-0.192804 3.335
-0.171707 3.34
-0.150479 3.345
-0.129213 3.35
-0.107989 3.355
-0.0868916 3.36
-0.0659854 3.365
-0.0453246 3.37
-0.0250092 3.375
-0.00499138 3.38
0.0145893 3.385
0.0337505 3.39
0.0525035 3.395
0.0707434 3.4
0.0885088 3.405
0.105804 3.41
0.122555 3.415
0.138802 3.42
0.154549 3.425
0.16974 3.43
0.184432 3.435
0.198572 3.44
0.212207 3.445
0.225297 3.45
0.237879 3.455
0.249925 3.46
0.261464 3.465
0.272476 3.47
0.282985 3.475
0.292978 3.48
0.302473 3.485
0.311462 3.49
0.319959 3.495
0.327962 3.5
0.33548 3.505
0.342513 3.51
0.34907 3.515
0.355152 3.52
0.360766 3.525
0.365915 3.53
0.370603 3.535
0.374835 3.54
0.378614 3.545
0.381946 3.55
0.384833 3.555
0.38728 3.56
0.389289 3.565
0.390866 3.57
0.392012 3.575
0.392733 3.58
0.393028 3.585
0.392903 3.59
0.392359 3.595
0.391401 3.6
0.390028 3.605
0.388246 3.61
0.386053 3.615
0.383455 3.62
0.380451 3.625
0.377044 3.63
0.373234 3.635
0.369025 3.64
0.364416 3.645
0.35941 3.65
0.354007 3.655
0.348208 3.66
0.342015 3.665
0.335428 3.67
0.328449 3.675
0.321078 3.68
0.313316 3.685
0.305165 3.69
0.296625 3.695
0.287699 3.7
0.278387 3.705
0.268691 3.71
0.258614 3.715
0.248157 3.72
0.237324 3.725
0.226117 3.73
0.21454 3.735
0.202596 3.74
0.190292 3.745
0.177631 3.75
0.164621 3.755
0.151266 3.76
0.137577 3.765
0.123507 3.77
0.10914 3.775
0.0944598 3.78
0.0794853 3.785
0.0642203 3.79
0.0486871 3.795
0.0328914 3.8
0.0168568 3.805
0.000591834 3.81
-0.0158786 3.815
-0.0325435 3.82
-0.0493768 3.825
-0.0663654 3.83
-0.0834819 3.835
-0.100712 3.84
-0.118026 3.845
-0.135409 3.85
-0.152832 3.855
-0.170277 3.86
-0.187714 3.865
-0.205126 3.87
-0.222482 3.875
-0.239765 3.88
-0.256942 3.885
-0.273998 3.89
-0.290898 3.895
-0.307628 3.9
-0.324151 3.905
-0.340454 3.91
-0.356501 3.915
-0.372276 3.92
-0.387744 3.925
-0.40289 3.93
-0.417677 3.935
-0.432088 3.94
-0.446089 3.945
-0.459661 3.95
-0.47277 3.955
-0.485395 3.96
-0.497502 3.965
-0.509071 3.97
-0.520067 3.975
-0.530469 3.98
-0.540244 3.985
-0.54937 3.99
-0.557814 3.995
-0.565555 4
-0.572564 4.005
-0.578819 4.01
-0.584296 4.015
-0.58893 4.02
-0.592757 4.025
-0.599789 4.03
-0.60451 4.035
-0.608807 4.04
-0.612418 4.045
-0.615559 4.05
-0.618021 4.055
-0.619993 4.06
-0.621277 4.065
-0.622051 4.07
-0.62213 4.075
-0.621662 4.08
-0.620492 4.085
-0.618776 4.09
-0.616328 4.095
-0.613333 4.1
-0.609614 4.105
-0.605329 4.11
-0.600316 4.115
-0.594729 4.12
-0.58841 4.125
-0.581512 4.13
-0.57388 4.135
-0.565668 4.14
-0.55672 4.145
-0.547196 4.15
-0.536935 4.155
-0.52611 4.16
-0.514549 4.165
-0.502439 4.17
-0.489599 4.175
-0.476237 4.18
-0.46215 4.185
-0.447577 4.19
-0.43229 4.195
-0.416567 4.2
-0.400142 4.205
-0.383348 4.21
-0.365866 4.215
-0.348104 4.22
-0.329666 4.225
-0.311066 4.23
-0.291798 4.235
-0.272517 4.24
-0.252571 4.245
-0.232799 4.25
-0.212354 4.255
-0.192306 4.26
-0.171567 4.265
-0.151472 4.27
-0.131058 4.275
-0.110292 4.28
-0.0905219 4.285
-0.070026 4.29
-0.0506768 4.295
-0.0306312 4.3
-0.0117682 4.305
0.00771271 4.31
0.0260943 4.315
0.0449683 4.32
0.0629119 4.325
0.0811985 4.33
0.0987493 4.335
0.116495 4.34
0.13367 4.345
0.150912 4.35
0.167696 4.355
0.184366 4.36
0.200793 4.365
0.216974 4.37
0.232711 4.375
0.248254 4.38
0.263439 4.385
0.278247 4.39
0.292674 4.395
0.306758 4.4
0.32041 4.405
0.333644 4.41
0.346472 4.415
0.358863 4.42
0.370806 4.425
0.382291 4.43
