0 0
0.00089714 0.005
9.9702e-06 0.01
0.000934734 0.015
9.9702e-06 0.02
0.000964712 0.025
9.9702e-06 0.03
0.000995628 0.035
9.9702e-06 0.04
0.00102559 0.045
9.9702e-06 0.05
0.00105225 0.055
9.9702e-06 0.06
0.00107275 0.065
9.9702e-06 0.07
0.00108364 0.075
9.9702e-06 0.08
0.00108096 0.085
9.9702e-06 0.09
0.00106041 0.095
9.9702e-06 0.1
0.00174758 0.105
9.9702e-06 0.11
0.0011127 0.115
9.9702e-06 0.12
0.000987121 0.125
9.9702e-06 0.13
0.000813677 0.135
9.9702e-06 0.14
0.000584437 0.145
9.9702e-06 0.15
0.000299619 0.155
-0.000123882 0.16
0.00111899 0.165
9.9702e-06 0.17
-0.000384355 0.175
-9.9702e-06 0.18
-0.000709451 0.185
-9.9702e-06 0.19
-0.000962043 0.195
-9.9702e-06 0.2
-0.00108368 0.205
-9.9702e-06 0.21
-0.00103527 0.215
-9.9702e-06 0.22
-0.000808611 0.225
-9.9702e-06 0.23
-0.000430065 0.235
-9.9702e-06 0.24
4.94367e-05 0.245
-0.000720296 0.25
0.00200126 0.255
9.9702e-06 0.26
0.00107694 0.265
9.9702e-06 0.27
0.00155182 0.275
9.9702e-06 0.28
0.00195208 0.285
9.9702e-06 0.29
0.00227103 0.295
9.9702e-06 0.3
0.00250237 0.305
9.9702e-06 0.31
0.00264383 0.315
9.9702e-06 0.32
0.00269539 0.325
9.9702e-06 0.33
0.0026579 0.335
9.9702e-06 0.34
0.00253169 0.345
9.9702e-06 0.35
0.00231533 0.355
9.9702e-06 0.36
0.00200511 0.365
9.9702e-06 0.37
0.00159625 0.375
9.9702e-06 0.38
0.00108708 0.385
9.9702e-06 0.39
0.00048607 0.395
9.9702e-06 0.4
-0.000184078 0.405
-9.9702e-06 0.41
-0.000875604 0.415
-9.9702e-06 0.42
-0.00155448 0.425
-9.9702e-06 0.43
-0.00219322 0.435
-9.9702e-06 0.44
-0.00278566 0.445
-9.9702e-06 0.45
-0.00332725 0.455
-9.9702e-06 0.46
-0.00379342 0.465
-9.9702e-06 0.47
-0.0041285 0.475
-9.9702e-06 0.48
-0.00424841 0.485
-9.55425e-06 0.49
-0.00405567 0.495
-9.20431e-06 0.5
-0.00346784 0.505
-9.23003e-06 0.51
-0.0024591 0.515
-9.91719e-06 0.52
-0.00110255 0.525
-9.9702e-06 0.53
0.000415007 0.535
9.9702e-06 0.54
0.00183443 0.545
9.9702e-06 0.55
0.00292253 0.555
9.9702e-06 0.56
0.00357741 0.565
9.9702e-06 0.57
0.0038548 0.575
9.9702e-06 0.58
0.00390215 0.585
9.9702e-06 0.59
0.0780838 0.595
0.0780838 0.6
0.0780838 0.605
0.0685128 0.61
0.0602663 0.615
0.0533495 0.62
0.0477661 0.625
0.0435189 0.63
0.0406114 0.635
0.0390487 0.64
0.0273711 0.645
9.9702e-06 0.65
0.0013952 0.655
9.9702e-06 0.66
0.00147708 0.665
9.9702e-06 0.67
0.00163261 0.675
9.9702e-06 0.68
0.00419042 0.685
9.9702e-06 0.69
0.00186228 0.695
9.9702e-06 0.7
0.00171577 0.705
9.9702e-06 0.71
0.00156056 0.715
9.9702e-06 0.72
0.00138718 0.725
9.9702e-06 0.73
0.00120084 0.735
9.9702e-06 0.74
0.00101192 0.745
9.9702e-06 0.75
0.000833381 0.755
9.9702e-06 0.76
0.00067728 0.765
9.9702e-06 0.77
0.000551862 0.775
9.9702e-06 0.78
0.000460247 0.785
9.9702e-06 0.79
0.0004009 0.795
9.9702e-06 0.8
0.000369179 0.805
9.9702e-06 0.81
0.000359063 0.815
9.9702e-06 0.82
0.000364517 0.825
9.9702e-06 0.83
0.00038028 0.835
9.9702e-06 0.84
0.000402189 0.845
9.9702e-06 0.85
0.000427186 0.855
9.9702e-06 0.86
0.000453174 0.865
9.9702e-06 0.87
0.000478813 0.875
9.9702e-06 0.88
0.000503321 0.885
9.9702e-06 0.89
0.000526299 0.895
9.9702e-06 0.9
0.00054759 0.905
9.9702e-06 0.91
0.000567168 0.915
9.9702e-06 0.92
0.000585047 0.925
9.9702e-06 0.93
0.000601211 0.935
9.9702e-06 0.94
0.000615558 0.945
9.9702e-06 0.95
0.000627847 0.955
9.9702e-06 0.96
0.000637656 0.965
9.9702e-06 0.97
0.000644346 0.975
9.9702e-06 0.98
0.000647029 0.985
9.9702e-06 0.99
0.000644549 0.995
9.9702e-06 1
0.000635466 1.005
9.9702e-06 1.01
0.000618064 1.015
9.9702e-06 1.02
0.000590373 1.025
9.9702e-06 1.03
0.000550217 1.035
9.9702e-06 1.04
0.000495298 1.045
9.9702e-06 1.05
0.000423314 1.055
9.9702e-06 1.06
0.000332137 1.065
9.9702e-06 1.07
0.00022004 1.075
9.9702e-06 1.08
8.59905e-05 1.085
-0.000243199 1.09
0.000601421 1.095
9.9702e-06 1.1
-0.000249819 1.105
-9.9702e-06 1.11
-0.000440204 1.115
-9.9702e-06 1.12
-0.000645634 1.125
-9.9702e-06 1.13
-0.000855083 1.135
-9.9702e-06 1.14
-0.00105873 1.145
-9.9702e-06 1.15
-0.00124535 1.155
-9.9702e-06 1.16
-0.00140347 1.165
-9.9702e-06 1.17
-0.00152294 1.175
-9.9702e-06 1.18
-0.00159658 1.185
-9.9702e-06 1.19
-0.00163181 1.195
-9.9702e-06 1.2
-0.00161771 1.205
-9.9702e-06 1.21
-0.00154805 1.215
-9.9702e-06 1.22
-0.00143599 1.225
-9.9702e-06 1.23
-0.00131333 1.235
-9.9702e-06 1.24
-0.00117537 1.245
-9.9702e-06 1.25
-0.00103008 1.255
-9.9702e-06 1.26
-0.000883773 1.265
-9.9702e-06 1.27
-0.000741083 1.275
-9.9702e-06 1.28
-0.000605124 1.285
-9.9702e-06 1.29
-0.000477796 1.295
-9.9702e-06 1.3
-0.000360099 1.305
-9.9702e-06 1.31
-0.00025241 1.315
-9.9702e-06 1.32
-0.000154695 1.325
-9.9702e-06 1.33
-6.66614e-05 1.335
-9.9702e-06 1.34
1.21451e-05 1.345
-4.5914e-05 1.35
0.000205081 1.355
9.9702e-06 1.36
0.000143803 1.365
9.9702e-06 1.37
0.000199083 1.375
9.9702e-06 1.38
0.000247134 1.385
9.9702e-06 1.39
0.000289246 1.395
9.9702e-06 1.4
0.000326168 1.405
9.9702e-06 1.41
0.000358645 1.415
9.9702e-06 1.42
0.000387421 1.425
9.9702e-06 1.43
0.00041322 1.435
9.9702e-06 1.44
0.000436751 1.445
9.9702e-06 1.45
0.000458704 1.455
9.9702e-06 1.46
0.000479755 1.465
9.9702e-06 1.47
0.000500579 1.475
9.9702e-06 1.48
0.000521866 1.485
9.9702e-06 1.49
0.00054435 1.495
9.9702e-06 1.5
0.000568836 1.505
9.9702e-06 1.51
0.000596248 1.515
9.9702e-06 1.52
0.000627672 1.525
9.9702e-06 1.53
0.000664427 1.535
9.9702e-06 1.54
0.000708129 1.545
9.9702e-06 1.55
0.000760837 1.555
9.9702e-06 1.56
0.000824799 1.565
9.9702e-06 1.57
0.000903414 1.575
9.9702e-06 1.58
0.00100019 1.585
9.9702e-06 1.59
0.0011197 1.595
9.9702e-06 1.6
0.00126728 1.605
9.9702e-06 1.61
0.00144917 1.615
9.9702e-06 1.62
0.0016726 1.625
9.9702e-06 1.63
0.00194595 1.635
9.9702e-06 1.64
0.00227937 1.645
9.9702e-06 1.65
0.002686 1.655
9.9702e-06 1.66
0.00318396 1.665
9.9702e-06 1.67
0.00379859 1.675
9.9702e-06 1.68
0.0045621 1.685
9.9702e-06 1.69
0.00550503 1.695
9.9702e-06 1.7
0.00663174 1.705
9.9702e-06 1.71
0.00787636 1.715
9.9702e-06 1.72
0.00905571 1.725
9.9702e-06 1.73
0.00986792 1.735
9.9702e-06 1.74
0.00998873 1.745
9.9702e-06 1.75
0.00923688 1.755
9.9702e-06 1.76
0.00768119 1.765
9.9702e-06 1.77
0.0056095 1.775
9.9702e-06 1.78
0.00341341 1.785
9.9702e-06 1.79
0.00145547 1.795
-0.00144667 1.8
0.0041901 1.805
9.9702e-06 1.81
-0.00107688 1.815
-9.9702e-06 1.82
-0.0016206 1.825
-9.9702e-06 1.83
-0.00187322 1.835
-9.9702e-06 1.84
-0.00190258 1.845
-9.9702e-06 1.85
-0.00178619 1.855
-9.9702e-06 1.86
-0.00158539 1.865
-9.9702e-06 1.87
-0.00134948 1.875
-9.9702e-06 1.88
-0.00111723 1.885
-9.9702e-06 1.89
-0.000916897 1.895
-9.9702e-06 1.9
-0.000766231 1.905
-9.9702e-06 1.91
-0.000673302 1.915
-9.9702e-06 1.92
-0.000638042 1.925
-9.9702e-06 1.93
-0.000660993 1.935
-9.9702e-06 1.94
-0.000687932 1.945
-9.9702e-06 1.95
-0.000751665 1.955
-9.9702e-06 1.96
-0.000840903 1.965
-9.9702e-06 1.97
-0.000936997 1.975
-9.9702e-06 1.98
-0.00102141 1.985
-9.9702e-06 1.99
-0.00107823 1.995
-9.9702e-06 2
-0.00109699 2.005
-9.9702e-06 2.01
-0.00169162 2.015
-9.9702e-06 2.02
-0.00135112 2.025
-9.9702e-06 2.03
-0.00133754 2.035
-9.9702e-06 2.04
-0.0013062 2.045
-9.9702e-06 2.05
-0.00125699 2.055
-9.9702e-06 2.06
-0.00119076 2.065
-9.9702e-06 2.07
-0.00110883 2.075
-9.9702e-06 2.08
-0.00101286 2.085
-9.9702e-06 2.09
-0.000904797 2.095
-9.9702e-06 2.1
-0.000786773 2.105
-9.9702e-06 2.11
-0.000660986 2.115
-9.9702e-06 2.12
-0.000529608 2.125
-9.9702e-06 2.13
-0.000394669 2.135
-9.9702e-06 2.14
-0.000257965 2.145
-9.9702e-06 2.15
-0.000120964 2.155
-9.9702e-06 2.16
1.52413e-05 2.165
-5.13758e-05 2.17
7.78853e-05 2.175
9.9702e-06 2.18
0.000260444 2.185
9.9702e-06 2.19
0.00040137 2.195
9.9702e-06 2.2
0.000532713 2.205
-2.88793e-05 2.21
0.000618204 2.215
9.9702e-06 2.22
0.000756559 2.225
9.9702e-06 2.23
0.000870421 2.235
9.9702e-06 2.24
0.000978533 2.245
9.9702e-06 2.25
0.00108286 2.255
9.9702e-06 2.26
0.00118281 2.265
9.9702e-06 2.27
0.00127681 2.275
9.9702e-06 2.28
0.00136211 2.285
9.9702e-06 2.29
0.0014346 2.295
9.9702e-06 2.3
0.0014888 2.305
9.9702e-06 2.31
0.00151794 2.315
9.9702e-06 2.32
0.00151434 2.325
9.9702e-06 2.33
0.00147016 2.335
9.9702e-06 2.34
0.00137847 2.345
9.9702e-06 2.35
0.00123471 2.355
9.9702e-06 2.36
0.00103818 2.365
9.9702e-06 2.37
0.000793203 2.375
9.9702e-06 2.38
0.00050938 2.385
9.9702e-06 2.39
0.000200753 2.395
9.9702e-06 2.4
-0.000116139 2.405
0.000132117 2.41
-0.00106036 2.415
-9.9702e-06 2.42
-0.000195424 2.425
-9.9702e-06 2.43
-0.000452528 2.435
-9.9702e-06 2.44
-0.000676158 2.445
-9.9702e-06 2.45
-0.000863492 2.455
-9.9702e-06 2.46
-0.00101435 2.465
-9.9702e-06 2.47
-0.00113038 2.475
-9.9702e-06 2.48
-0.00121436 2.485
-9.9702e-06 2.49
-0.0012695 2.495
-9.9702e-06 2.5
-0.00129907 2.505
-9.9702e-06 2.51
-0.00130611 2.515
-9.9702e-06 2.52
-0.00129324 2.525
-9.9702e-06 2.53
-0.00126266 2.535
-9.9702e-06 2.54
-0.0012161 2.545
-9.9702e-06 2.55
-0.00115494 2.555
-9.9702e-06 2.56
-0.00108024 2.565
-9.9702e-06 2.57
-0.000992845 2.575
-9.9702e-06 2.58
-0.000893483 2.585
-9.9702e-06 2.59
-0.000782842 2.595
-9.9702e-06 2.6
-0.000661656 2.605
-9.9702e-06 2.61
-0.000530778 2.615
-9.9702e-06 2.62
-0.000391235 2.625
-9.9702e-06 2.63
-0.000244278 2.635
-9.9702e-06 2.64
-9.14085e-05 2.645
-9.9702e-06 2.65
6.56057e-05 2.655
-3.46135e-05 2.66
0.000703203 2.665
9.9702e-06 2.67
0.000241731 2.675
9.9702e-06 2.68
0.000240905 2.685
9.9702e-06 2.69
0.000230104 2.695
9.9702e-06 2.7
0.000208465 2.705
9.9702e-06 2.71
0.000174944 2.715
9.9702e-06 2.72
0.000128189 2.725
9.9702e-06 2.73
6.63761e-05 2.735
9.9702e-06 2.74
-1.29947e-05 2.745
-9.9702e-06 2.75
-0.00011969 2.755
-9.9702e-06 2.76
-0.000246214 2.765
-9.9702e-06 2.77
-0.000405235 2.775
-9.9702e-06 2.78
-0.000605338 2.785
-9.9702e-06 2.79
-0.000857403 2.795
-9.9702e-06 2.8
-0.00117445 2.805
-9.9702e-06 2.81
-0.00185546 2.815
-9.9702e-06 2.82
-0.00214658 2.825
-9.9702e-06 2.83
-0.00313901 2.835
-9.9702e-06 2.84
-0.00346546 2.845
-9.9702e-06 2.85
-0.00407975 2.855
-9.9702e-06 2.86
-0.00464044 2.865
-9.9702e-06 2.87
-0.00508082 2.875
-9.9702e-06 2.88
-0.00533885 2.885
-9.9702e-06 2.89
-0.00535946 2.895
-9.9702e-06 2.9
-0.00509525 2.905
-9.9702e-06 2.91
-0.00450673 2.915
-9.9702e-06 2.92
-0.00356574 2.925
-9.9702e-06 2.93
-0.00226519 2.935
-9.9702e-06 2.94
-0.00063698 2.945
0.000747434 2.95
-0.0018062 2.955
0.000984234 2.96
9.9702e-06 2.965
0.00405753 2.97
9.9702e-06 2.975
0.00557226 2.98
9.9702e-06 2.985
0.00635504 2.99
9.9702e-06 2.995
0.00597549 3
9.9702e-06 3.005
0.00394569 3.01
9.9702e-06 3.015
-3.44699e-05 3.02
-9.9702e-06 3.025
-0.00516584 3.03
-9.9702e-06 3.035
-0.0077825 3.04
-9.9702e-06 3.045
-0.00570582 3.05
-9.9702e-06 3.055
-0.00198354 3.06
0.00147231 3.065
9.9702e-06 3.07
-0.000180494 3.075
-9.9702e-06 3.08
-0.000273787 3.085
-9.9702e-06 3.09
-0.000566235 3.095
-9.9702e-06 3.1
-0.000897837 3.105
-9.9702e-06 3.11
-0.00119112 3.115
-9.9702e-06 3.12
-0.00141901 3.125
-9.9702e-06 3.13
-0.00157903 3.135
-9.9702e-06 3.14
-0.00167857 3.145
-9.9702e-06 3.15
-0.00173657 3.155
-9.9702e-06 3.16
-0.00171924 3.165
-9.9702e-06 3.17
-0.0016489 3.175
-9.9702e-06 3.18
-0.0015458 3.185
-9.9702e-06 3.19
-0.00143776 3.195
-9.9702e-06 3.2
-0.00137463 3.205
-9.9702e-06 3.21
-0.00143769 3.215
-9.9702e-06 3.22
-0.00174709 3.225
-9.9702e-06 3.23
-0.00256042 3.235
-9.9702e-06 3.24
-0.00186908 3.245
-9.9702e-06 3.25
-0.00185591 3.255
-9.9702e-06 3.26
-0.00183985 3.265
-9.9702e-06 3.27
-0.00181457 3.275
-9.9702e-06 3.28
-0.00177165 3.285
-9.9702e-06 3.29
-0.00169765 3.295
-9.9702e-06 3.3
-0.00157555 3.305
-9.9702e-06 3.31
-0.00139006 3.315
-9.9702e-06 3.32
-0.00113674 3.325
-9.9702e-06 3.33
-0.00082956 3.335
-9.9702e-06 3.34
-0.000498691 3.345
-9.9702e-06 3.35
-0.000177388 3.355
-9.9702e-06 3.36
0.000111559 3.365
-0.000846312 3.37
-9.9702e-06 3.375
0.000813053 3.38
-0.00130036 3.385
-9.9702e-06 3.39
0.00100017 3.395
-0.00102136 3.4
-9.9702e-06 3.405
0.00112869 3.41
-0.000804395 3.415
0.000195575 3.42
9.9702e-06 3.425
0.000852304 3.43
9.9702e-06 3.435
0.000923241 3.44
9.9702e-06 3.445
0.000965813 3.45
9.9702e-06 3.455
0.000986353 3.46
9.9702e-06 3.465
0.000989673 3.47
9.9702e-06 3.475
0.000980005 3.48
9.9702e-06 3.485
0.000960952 3.49
9.9702e-06 3.495
0.000935482 3.5
9.9702e-06 3.505
0.000905978 3.51
9.9702e-06 3.515
0.000874305 3.52
9.9702e-06 3.525
0.000841887 3.53
9.9702e-06 3.535
0.000809778 3.54
9.9702e-06 3.545
0.000778733 3.55
9.9702e-06 3.555
0.000749265 3.56
9.9702e-06 3.565
0.000723135 3.57
9.9702e-06 3.575
0.000703304 3.58
9.9702e-06 3.585
0.000685111 3.59
9.9702e-06 3.595
0.000668594 3.6
9.9702e-06 3.605
0.000654116 3.61
1.94134e-06 3.615
0.000615405 3.62
9.9702e-06 3.625
0.000610569 3.63
9.9702e-06 3.635
0.000591312 3.64
9.9702e-06 3.645
0.000573473 3.65
9.9702e-06 3.655
0.000556832 3.66
9.9702e-06 3.665
0.000541221 3.67
9.9702e-06 3.675
0.000526593 3.68
9.9702e-06 3.685
0.00051312 3.69
9.9702e-06 3.695
0.000501319 3.7
9.9702e-06 3.705
0.000492211 3.71
9.9702e-06 3.715
0.0004875 3.72
9.9702e-06 3.725
0.000489734 3.73
9.9702e-06 3.735
0.000502407 3.74
9.9702e-06 3.745
0.000529934 3.75
9.9702e-06 3.755
0.000577419 3.76
9.9702e-06 3.765
0.000985505 3.77
9.9702e-06 3.775
0.000664144 3.78
9.9702e-06 3.785
0.000697112 3.79
9.9702e-06 3.795
0.000744842 3.8
9.9702e-06 3.805
0.000807449 3.81
9.9702e-06 3.815
0.000883793 3.82
9.9702e-06 3.825
0.000971471 3.83
9.9702e-06 3.835
0.00106704 3.84
9.9702e-06 3.845
0.0011663 3.85
9.9702e-06 3.855
0.00126468 3.86
9.9702e-06 3.865
0.0013575 3.87
9.9702e-06 3.875
0.00144024 3.88
9.9702e-06 3.885
0.00150883 3.89
9.9702e-06 3.895
0.00156071 3.9
9.9702e-06 3.905
0.00160271 3.91
9.9702e-06 3.915
0.00163069 3.92
9.9702e-06 3.925
0.00163463 3.93
9.9702e-06 3.935
0.00160934 3.94
9.9702e-06 3.945
0.00155458 3.95
9.9702e-06 3.955
0.00147236 3.96
9.9702e-06 3.965
0.00136682 3.97
9.9702e-06 3.975
0.00124381 3.98
9.9702e-06 3.985
0.00110999 3.99
9.9702e-06 3.995
0.000971689 4
9.9702e-06 4.005
0.000833847 4.01
9.9702e-06 4.015
-0.000595967 4.02
-9.9702e-06 4.025
-0.0429972 4.03
-9.9702e-06 4.035
-0.00254209 4.04
-9.9702e-06 4.045
-0.00230108 4.05
-9.9702e-06 4.055
-0.00246423 4.06
-9.9702e-06 4.065
-0.00264725 4.07
-9.9702e-06 4.075
-0.00351434 4.08
-9.9702e-06 4.085
-0.00313145 4.09
-9.9702e-06 4.095
-0.0032582 4.1
-9.9702e-06 4.105
-0.00336052 4.11
-9.9702e-06 4.115
-0.00347488 4.12
-9.9702e-06 4.125
-0.00360924 4.13
-9.9702e-06 4.135
-0.00376606 4.14
-9.9702e-06 4.145
-0.00394612 4.15
-9.9702e-06 4.155
-0.00414868 4.16
-9.9702e-06 4.165
-0.00437147 4.17
-9.9702e-06 4.175
-0.00461031 4.18
-9.9702e-06 4.185
-0.00485822 4.19
-9.9702e-06 4.195
-0.00510368 4.2
-9.9702e-06 4.205
-0.005328 4.21
-9.9702e-06 4.215
-0.005502 4.22
-9.9702e-06 4.225
-0.00558303 4.23
-9.9702e-06 4.235
-0.005515 4.24
-9.9702e-06 4.245
-0.00523474 4.25
-9.9702e-06 4.255
-0.00468777 4.26
-9.9702e-06 4.265
-0.00344364 4.27
-9.9702e-06 4.275
-0.00579173 4.28
-9.9702e-06 4.285
-0.00651083 4.29
-9.9702e-06 4.295
-0.00681653 4.3
-9.9702e-06 4.305
-0.00661803 4.31
-9.9702e-06 4.315
-0.00590103 4.32
-9.9702e-06 4.325
-0.00452114 4.33
-9.9702e-06 4.335
-0.00272286 4.34
0.000287924 4.345
-0.000288408 4.35
0.0047937 4.355
0.00778944 4.36
0.0106724 4.365
0.0122176 4.37
0.00486662 4.375
0.00688126 4.38
0.00337291 4.385
0.00163582 4.39
0.00474786 4.395
0.00660153 4.4
0.00279916 4.405
0.0019118 4.41
0.001921 4.415
0.00183837 4.42
0.00179069 4.425
0.00185519 4.43
0 0
0.00089714 0.005
9.9702e-06 0.01
0.000934734 0.015
9.9702e-06 0.02
0.000964712 0.025
9.9702e-06 0.03
0.000995628 0.035
9.9702e-06 0.04
0.00102559 0.045
9.9702e-06 0.05
0.00105225 0.055
9.9702e-06 0.06
0.00107275 0.065
9.9702e-06 0.07
0.00108364 0.075
9.9702e-06 0.08
0.00108096 0.085
9.9702e-06 0.09
0.00106041 0.095
9.9702e-06 0.1
0.00174758 0.105
9.9702e-06 0.11
0.0011127 0.115
9.9702e-06 0.12
0.000987121 0.125
9.9702e-06 0.13
0.000813677 0.135
9.9702e-06 0.14
0.000584437 0.145
9.9702e-06 0.15
0.000299619 0.155
-0.000123882 0.16
0.00111899 0.165
9.9702e-06 0.17
-0.000384355 0.175
-9.9702e-06 0.18
-0.000709451 0.185
-9.9702e-06 0.19
-0.000962043 0.195
-9.9702e-06 0.2
-0.00108368 0.205
-9.9702e-06 0.21
-0.00103527 0.215
-9.9702e-06 0.22
-0.000808611 0.225
-9.9702e-06 0.23
-0.000430065 0.235
-9.9702e-06 0.24
4.94367e-05 0.245
-0.000720296 0.25
0.00200126 0.255
9.9702e-06 0.26
0.00107694 0.265
9.9702e-06 0.27
0.00155182 0.275
9.9702e-06 0.28
0.00195208 0.285
9.9702e-06 0.29
0.00227103 0.295
9.9702e-06 0.3
0.00250237 0.305
9.9702e-06 0.31
0.00264383 0.315
9.9702e-06 0.32
0.00269539 0.325
9.9702e-06 0.33
0.0026579 0.335
9.9702e-06 0.34
0.00253169 0.345
9.9702e-06 0.35
0.00231533 0.355
9.9702e-06 0.36
0.00200511 0.365
9.9702e-06 0.37
0.00159625 0.375
9.9702e-06 0.38
0.00108708 0.385
9.9702e-06 0.39
0.00048607 0.395
9.9702e-06 0.4
-0.000184078 0.405
-9.9702e-06 0.41
-0.000875604 0.415
-9.9702e-06 0.42
-0.00155448 0.425
-9.9702e-06 0.43
-0.00219322 0.435
-9.9702e-06 0.44
-0.00278566 0.445
-9.9702e-06 0.45
-0.00332725 0.455
-9.9702e-06 0.46
-0.00379342 0.465
-9.9702e-06 0.47
-0.0041285 0.475
-9.9702e-06 0.48
-0.00424841 0.485
-9.55425e-06 0.49
-0.00405567 0.495
-9.20431e-06 0.5
-0.00346784 0.505
-9.23003e-06 0.51
-0.0024591 0.515
-9.91719e-06 0.52
-0.00110255 0.525
-9.9702e-06 0.53
0.000415007 0.535
9.9702e-06 0.54
0.00183443 0.545
9.9702e-06 0.55
0.00292253 0.555
9.9702e-06 0.56
0.00357741 0.565
9.9702e-06 0.57
0.0038548 0.575
9.9702e-06 0.58
0.00390215 0.585
9.9702e-06 0.59
0.0780838 0.595
0.0780838 0.6
0.0780838 0.605
0.0685128 0.61
0.0602663 0.615
0.0533495 0.62
0.0477661 0.625
0.0435189 0.63
0.0406114 0.635
0.0390487 0.64
0.0273711 0.645
9.9702e-06 0.65
0.0013952 0.655
9.9702e-06 0.66
0.00147708 0.665
9.9702e-06 0.67
0.00163261 0.675
9.9702e-06 0.68
0.00419042 0.685
9.9702e-06 0.69
0.00186228 0.695
9.9702e-06 0.7
0.00171577 0.705
9.9702e-06 0.71
0.00156056 0.715
9.9702e-06 0.72
0.00138718 0.725
9.9702e-06 0.73
0.00120084 0.735
9.9702e-06 0.74
0.00101192 0.745
9.9702e-06 0.75
0.000833381 0.755
9.9702e-06 0.76
0.00067728 0.765
9.9702e-06 0.77
0.000551862 0.775
9.9702e-06 0.78
0.000460247 0.785
9.9702e-06 0.79
0.0004009 0.795
9.9702e-06 0.8
0.000369179 0.805
9.9702e-06 0.81
0.000359063 0.815
9.9702e-06 0.82
0.000364517 0.825
9.9702e-06 0.83
0.00038028 0.835
9.9702e-06 0.84
0.000402189 0.845
9.9702e-06 0.85
0.000427186 0.855
9.9702e-06 0.86
0.000453174 0.865
9.9702e-06 0.87
0.000478813 0.875
9.9702e-06 0.88
0.000503321 0.885
9.9702e-06 0.89
0.000526299 0.895
9.9702e-06 0.9
0.00054759 0.905
9.9702e-06 0.91
0.000567168 0.915
9.9702e-06 0.92
0.000585047 0.925
9.9702e-06 0.93
0.000601211 0.935
9.9702e-06 0.94
0.000615558 0.945
9.9702e-06 0.95
0.000627847 0.955
9.9702e-06 0.96
0.000637656 0.965
9.9702e-06 0.97
0.000644346 0.975
9.9702e-06 0.98
0.000647029 0.985
9.9702e-06 0.99
0.000644549 0.995
9.9702e-06 1
0.000635466 1.005
9.9702e-06 1.01
0.000618064 1.015
9.9702e-06 1.02
0.000590373 1.025
9.9702e-06 1.03
0.000550217 1.035
9.9702e-06 1.04
0.000495298 1.045
9.9702e-06 1.05
0.000423314 1.055
9.9702e-06 1.06
0.000332137 1.065
9.9702e-06 1.07
0.00022004 1.075
9.9702e-06 1.08
8.59905e-05 1.085
-0.000243199 1.09
0.000601421 1.095
9.9702e-06 1.1
-0.000249819 1.105
-9.9702e-06 1.11
-0.000440204 1.115
-9.9702e-06 1.12
-0.000645634 1.125
-9.9702e-06 1.13
-0.000855083 1.135
-9.9702e-06 1.14
-0.00105873 1.145
-9.9702e-06 1.15
-0.00124535 1.155
-9.9702e-06 1.16
-0.00140347 1.165
-9.9702e-06 1.17
-0.00152294 1.175
-9.9702e-06 1.18
-0.00159658 1.185
-9.9702e-06 1.19
-0.00163181 1.195
-9.9702e-06 1.2
-0.00161771 1.205
-9.9702e-06 1.21
-0.00154805 1.215
-9.9702e-06 1.22
-0.00143599 1.225
-9.9702e-06 1.23
-0.00131333 1.235
-9.9702e-06 1.24
-0.00117537 1.245
-9.9702e-06 1.25
-0.00103008 1.255
-9.9702e-06 1.26
-0.000883773 1.265
-9.9702e-06 1.27
-0.000741083 1.275
-9.9702e-06 1.28
-0.000605124 1.285
-9.9702e-06 1.29
-0.000477796 1.295
-9.9702e-06 1.3
-0.000360099 1.305
-9.9702e-06 1.31
-0.00025241 1.315
-9.9702e-06 1.32
-0.000154695 1.325
-9.9702e-06 1.33
-6.66614e-05 1.335
-9.9702e-06 1.34
1.21451e-05 1.345
-4.5914e-05 1.35
0.000205081 1.355
9.9702e-06 1.36
0.000143803 1.365
9.9702e-06 1.37
0.000199083 1.375
9.9702e-06 1.38
0.000247134 1.385
9.9702e-06 1.39
0.000289246 1.395
9.9702e-06 1.4
0.000326168 1.405
9.9702e-06 1.41
0.000358645 1.415
9.9702e-06 1.42
0.000387421 1.425
9.9702e-06 1.43
0.00041322 1.435
9.9702e-06 1.44
0.000436751 1.445
9.9702e-06 1.45
0.000458704 1.455
9.9702e-06 1.46
0.000479755 1.465
9.9702e-06 1.47
0.000500579 1.475
9.9702e-06 1.48
0.000521866 1.485
9.9702e-06 1.49
0.00054435 1.495
9.9702e-06 1.5
0.000568836 1.505
9.9702e-06 1.51
0.000596248 1.515
9.9702e-06 1.52
0.000627672 1.525
9.9702e-06 1.53
0.000664427 1.535
9.9702e-06 1.54
0.000708129 1.545
9.9702e-06 1.55
0.000760837 1.555
9.9702e-06 1.56
0.000824799 1.565
9.9702e-06 1.57
0.000903414 1.575
9.9702e-06 1.58
0.00100019 1.585
9.9702e-06 1.59
0.0011197 1.595
9.9702e-06 1.6
0.00126728 1.605
9.9702e-06 1.61
0.00144917 1.615
9.9702e-06 1.62
0.0016726 1.625
9.9702e-06 1.63
0.00194595 1.635
9.9702e-06 1.64
0.00227937 1.645
9.9702e-06 1.65
0.002686 1.655
9.9702e-06 1.66
0.00318396 1.665
9.9702e-06 1.67
0.00379859 1.675
9.9702e-06 1.68
0.0045621 1.685
9.9702e-06 1.69
0.00550503 1.695
9.9702e-06 1.7
0.00663174 1.705
9.9702e-06 1.71
0.00787636 1.715
9.9702e-06 1.72
0.00905571 1.725
9.9702e-06 1.73
0.00986792 1.735
9.9702e-06 1.74
0.00998873 1.745
9.9702e-06 1.75
0.00923688 1.755
9.9702e-06 1.76
0.00768119 1.765
9.9702e-06 1.77
0.0056095 1.775
9.9702e-06 1.78
0.00341341 1.785
9.9702e-06 1.79
0.00145547 1.795
-0.00144667 1.8
0.0041901 1.805
9.9702e-06 1.81
-0.00107688 1.815
-9.9702e-06 1.82
-0.0016206 1.825
-9.9702e-06 1.83
-0.00187322 1.835
-9.9702e-06 1.84
-0.00190258 1.845
-9.9702e-06 1.85
-0.00178619 1.855
-9.9702e-06 1.86
-0.00158539 1.865
-9.9702e-06 1.87
-0.00134948 1.875
-9.9702e-06 1.88
-0.00111723 1.885
-9.9702e-06 1.89
-0.000916897 1.895
-9.9702e-06 1.9
-0.000766231 1.905
-9.9702e-06 1.91
-0.000673302 1.915
-9.9702e-06 1.92
-0.000638042 1.925
-9.9702e-06 1.93
-0.000660993 1.935
-9.9702e-06 1.94
-0.000687932 1.945
-9.9702e-06 1.95
-0.000751665 1.955
-9.9702e-06 1.96
-0.000840903 1.965
-9.9702e-06 1.97
-0.000936997 1.975
-9.9702e-06 1.98
-0.00102141 1.985
-9.9702e-06 1.99
-0.00107823 1.995
-9.9702e-06 2
-0.00109699 2.005
-9.9702e-06 2.01
-0.00169162 2.015
-9.9702e-06 2.02
-0.00135112 2.025
-9.9702e-06 2.03
-0.00133754 2.035
-9.9702e-06 2.04
-0.0013062 2.045
-9.9702e-06 2.05
-0.00125699 2.055
-9.9702e-06 2.06
-0.00119076 2.065
-9.9702e-06 2.07
-0.00110883 2.075
-9.9702e-06 2.08
-0.00101286 2.085
-9.9702e-06 2.09
-0.000904797 2.095
-9.9702e-06 2.1
-0.000786773 2.105
-9.9702e-06 2.11
-0.000660986 2.115
-9.9702e-06 2.12
-0.000529608 2.125
-9.9702e-06 2.13
-0.000394669 2.135
-9.9702e-06 2.14
-0.000257965 2.145
-9.9702e-06 2.15
-0.000120964 2.155
-9.9702e-06 2.16
1.52413e-05 2.165
-5.13758e-05 2.17
7.78853e-05 2.175
9.9702e-06 2.18
0.000260444 2.185
9.9702e-06 2.19
0.00040137 2.195
9.9702e-06 2.2
0.000532713 2.205
-2.88793e-05 2.21
0.000618204 2.215
9.9702e-06 2.22
0.000756559 2.225
9.9702e-06 2.23
0.000870421 2.235
9.9702e-06 2.24
0.000978533 2.245
9.9702e-06 2.25
0.00108286 2.255
9.9702e-06 2.26
0.00118281 2.265
9.9702e-06 2.27
0.00127681 2.275
9.9702e-06 2.28
0.00136211 2.285
9.9702e-06 2.29
0.0014346 2.295
9.9702e-06 2.3
0.0014888 2.305
9.9702e-06 2.31
0.00151794 2.315
9.9702e-06 2.32
0.00151434 2.325
9.9702e-06 2.33
0.00147016 2.335
9.9702e-06 2.34
0.00137847 2.345
9.9702e-06 2.35
0.00123471 2.355
9.9702e-06 2.36
0.00103818 2.365
9.9702e-06 2.37
0.000793203 2.375
9.9702e-06 2.38
0.00050938 2.385
9.9702e-06 2.39
0.000200753 2.395
9.9702e-06 2.4
-0.000116139 2.405
0.000132117 2.41
-0.00106036 2.415
-9.9702e-06 2.42
-0.000195424 2.425
-9.9702e-06 2.43
-0.000452528 2.435
-9.9702e-06 2.44
-0.000676158 2.445
-9.9702e-06 2.45
-0.000863492 2.455
-9.9702e-06 2.46
-0.00101435 2.465
-9.9702e-06 2.47
-0.00113038 2.475
-9.9702e-06 2.48
-0.00121436 2.485
-9.9702e-06 2.49
-0.0012695 2.495
-9.9702e-06 2.5
-0.00129907 2.505
-9.9702e-06 2.51
-0.00130611 2.515
-9.9702e-06 2.52
-0.00129324 2.525
-9.9702e-06 2.53
-0.00126266 2.535
-9.9702e-06 2.54
-0.0012161 2.545
-9.9702e-06 2.55
-0.00115494 2.555
-9.9702e-06 2.56
-0.00108024 2.565
-9.9702e-06 2.57
-0.000992845 2.575
-9.9702e-06 2.58
-0.000893483 2.585
-9.9702e-06 2.59
-0.000782842 2.595
-9.9702e-06 2.6
-0.000661656 2.605
-9.9702e-06 2.61
-0.000530778 2.615
-9.9702e-06 2.62
-0.000391235 2.625
-9.9702e-06 2.63
-0.000244278 2.635
-9.9702e-06 2.64
-9.14085e-05 2.645
-9.9702e-06 2.65
6.56057e-05 2.655
-3.46135e-05 2.66
0.000703203 2.665
9.9702e-06 2.67
0.000241731 2.675
9.9702e-06 2.68
0.000240905 2.685
9.9702e-06 2.69
0.000230104 2.695
9.9702e-06 2.7
0.000208465 2.705
9.9702e-06 2.71
0.000174944 2.715
9.9702e-06 2.72
0.000128189 2.725
9.9702e-06 2.73
6.63761e-05 2.735
9.9702e-06 2.74
-1.29947e-05 2.745
-9.9702e-06 2.75
-0.00011969 2.755
-9.9702e-06 2.76
-0.000246214 2.765
-9.9702e-06 2.77
-0.000405235 2.775
-9.9702e-06 2.78
-0.000605338 2.785
-9.9702e-06 2.79
-0.000857403 2.795
-9.9702e-06 2.8
-0.00117445 2.805
-9.9702e-06 2.81
-0.00185546 2.815
-9.9702e-06 2.82
-0.00214658 2.825
-9.9702e-06 2.83
-0.00313901 2.835
-9.9702e-06 2.84
-0.00346546 2.845
-9.9702e-06 2.85
-0.00407975 2.855
-9.9702e-06 2.86
-0.00464044 2.865
-9.9702e-06 2.87
-0.00508082 2.875
-9.9702e-06 2.88
-0.00533885 2.885
-9.9702e-06 2.89
-0.00535946 2.895
-9.9702e-06 2.9
-0.00509525 2.905
-9.9702e-06 2.91
-0.00450673 2.915
-9.9702e-06 2.92
-0.00356574 2.925
-9.9702e-06 2.93
-0.00226519 2.935
-9.9702e-06 2.94
-0.00063698 2.945
0.000747434 2.95
-0.0018062 2.955
0.000984234 2.96
9.9702e-06 2.965
0.00405753 2.97
9.9702e-06 2.975
0.00557226 2.98
9.9702e-06 2.985
0.00635504 2.99
9.9702e-06 2.995
0.00597549 3
9.9702e-06 3.005
0.00394569 3.01
9.9702e-06 3.015
-3.44699e-05 3.02
-9.9702e-06 3.025
-0.00516584 3.03
-9.9702e-06 3.035
-0.0077825 3.04
-9.9702e-06 3.045
-0.00570582 3.05
-9.9702e-06 3.055
-0.00198354 3.06
0.00147231 3.065
9.9702e-06 3.07
-0.000180494 3.075
-9.9702e-06 3.08
-0.000273787 3.085
-9.9702e-06 3.09
-0.000566235 3.095
-9.9702e-06 3.1
-0.000897837 3.105
-9.9702e-06 3.11
-0.00119112 3.115
-9.9702e-06 3.12
-0.00141901 3.125
-9.9702e-06 3.13
-0.00157903 3.135
-9.9702e-06 3.14
-0.00167857 3.145
-9.9702e-06 3.15
-0.00173657 3.155
-9.9702e-06 3.16
-0.00171924 3.165
-9.9702e-06 3.17
-0.0016489 3.175
-9.9702e-06 3.18
-0.0015458 3.185
-9.9702e-06 3.19
-0.00143776 3.195
-9.9702e-06 3.2
-0.00137463 3.205
-9.9702e-06 3.21
-0.00143769 3.215
-9.9702e-06 3.22
-0.00174709 3.225
-9.9702e-06 3.23
-0.00256042 3.235
-9.9702e-06 3.24
-0.00186908 3.245
-9.9702e-06 3.25
-0.00185591 3.255
-9.9702e-06 3.26
-0.00183985 3.265
-9.9702e-06 3.27
-0.00181457 3.275
-9.9702e-06 3.28
-0.00177165 3.285
-9.9702e-06 3.29
-0.00169765 3.295
-9.9702e-06 3.3
-0.00157555 3.305
-9.9702e-06 3.31
-0.00139006 3.315
-9.9702e-06 3.32
-0.00113674 3.325
-9.9702e-06 3.33
-0.00082956 3.335
-9.9702e-06 3.34
-0.000498691 3.345
-9.9702e-06 3.35
-0.000177388 3.355
-9.9702e-06 3.36
0.000111559 3.365
-0.000846312 3.37
-9.9702e-06 3.375
0.000813053 3.38
-0.00130036 3.385
-9.9702e-06 3.39
0.00100017 3.395
-0.00102136 3.4
-9.9702e-06 3.405
0.00112869 3.41
-0.000804395 3.415
0.000195575 3.42
9.9702e-06 3.425
0.000852304 3.43
9.9702e-06 3.435
0.000923241 3.44
9.9702e-06 3.445
0.000965813 3.45
9.9702e-06 3.455
0.000986353 3.46
9.9702e-06 3.465
0.000989673 3.47
9.9702e-06 3.475
0.000980005 3.48
9.9702e-06 3.485
0.000960952 3.49
9.9702e-06 3.495
0.000935482 3.5
9.9702e-06 3.505
0.000905978 3.51
9.9702e-06 3.515
0.000874305 3.52
9.9702e-06 3.525
0.000841887 3.53
9.9702e-06 3.535
0.000809778 3.54
9.9702e-06 3.545
0.000778733 3.55
9.9702e-06 3.555
0.000749265 3.56
9.9702e-06 3.565
0.000723135 3.57
9.9702e-06 3.575
0.000703304 3.58
9.9702e-06 3.585
0.000685111 3.59
9.9702e-06 3.595
0.000668594 3.6
9.9702e-06 3.605
0.000654116 3.61
1.94134e-06 3.615
0.000615405 3.62
9.9702e-06 3.625
0.000610569 3.63
9.9702e-06 3.635
0.000591312 3.64
9.9702e-06 3.645
0.000573473 3.65
9.9702e-06 3.655
0.000556832 3.66
9.9702e-06 3.665
0.000541221 3.67
9.9702e-06 3.675
0.000526593 3.68
9.9702e-06 3.685
0.00051312 3.69
9.9702e-06 3.695
0.000501319 3.7
9.9702e-06 3.705
0.000492211 3.71
9.9702e-06 3.715
0.0004875 3.72
9.9702e-06 3.725
0.000489734 3.73
9.9702e-06 3.735
0.000502407 3.74
9.9702e-06 3.745
0.000529934 3.75
9.9702e-06 3.755
0.000577419 3.76
9.9702e-06 3.765
0.000985505 3.77
9.9702e-06 3.775
0.000664144 3.78
9.9702e-06 3.785
0.000697112 3.79
9.9702e-06 3.795
0.000744842 3.8
9.9702e-06 3.805
0.000807449 3.81
9.9702e-06 3.815
0.000883793 3.82
9.9702e-06 3.825
0.000971471 3.83
9.9702e-06 3.835
0.00106704 3.84
9.9702e-06 3.845
0.0011663 3.85
9.9702e-06 3.855
0.00126468 3.86
9.9702e-06 3.865
0.0013575 3.87
9.9702e-06 3.875
0.00144024 3.88
9.9702e-06 3.885
0.00150883 3.89
9.9702e-06 3.895
0.00156071 3.9
9.9702e-06 3.905
0.00160271 3.91
9.9702e-06 3.915
0.00163069 3.92
9.9702e-06 3.925
0.00163463 3.93
9.9702e-06 3.935
0.00160934 3.94
9.9702e-06 3.945
0.00155458 3.95
9.9702e-06 3.955
0.00147236 3.96
9.9702e-06 3.965
0.00136682 3.97
9.9702e-06 3.975
0.00124381 3.98
9.9702e-06 3.985
0.00110999 3.99
9.9702e-06 3.995
0.000971689 4
9.9702e-06 4.005
0.000833847 4.01
9.9702e-06 4.015
-0.000595967 4.02
-9.9702e-06 4.025
-0.0429972 4.03
-9.9702e-06 4.035
-0.00254209 4.04
-9.9702e-06 4.045
-0.00230108 4.05
-9.9702e-06 4.055
-0.00246423 4.06
-9.9702e-06 4.065
-0.00264725 4.07
-9.9702e-06 4.075
-0.00351434 4.08
-9.9702e-06 4.085
-0.00313145 4.09
-9.9702e-06 4.095
-0.0032582 4.1
-9.9702e-06 4.105
-0.00336052 4.11
-9.9702e-06 4.115
-0.00347488 4.12
-9.9702e-06 4.125
-0.00360924 4.13
-9.9702e-06 4.135
-0.00376606 4.14
-9.9702e-06 4.145
-0.00394612 4.15
-9.9702e-06 4.155
-0.00414868 4.16
-9.9702e-06 4.165
-0.00437147 4.17
-9.9702e-06 4.175
-0.00461031 4.18
-9.9702e-06 4.185
-0.00485822 4.19
-9.9702e-06 4.195
-0.00510368 4.2
-9.9702e-06 4.205
-0.005328 4.21
-9.9702e-06 4.215
-0.005502 4.22
-9.9702e-06 4.225
-0.00558303 4.23
-9.9702e-06 4.235
-0.005515 4.24
-9.9702e-06 4.245
-0.00523474 4.25
-9.9702e-06 4.255
-0.00468777 4.26
-9.9702e-06 4.265
-0.00344364 4.27
-9.9702e-06 4.275
-0.00579173 4.28
-9.9702e-06 4.285
-0.00651083 4.29
-9.9702e-06 4.295
-0.00681653 4.3
-9.9702e-06 4.305
-0.00661803 4.31
-9.9702e-06 4.315
-0.00590103 4.32
-9.9702e-06 4.325
-0.00452114 4.33
-9.9702e-06 4.335
-0.00272286 4.34
0.000287924 4.345
-0.000288408 4.35
0.0047937 4.355
0.00778944 4.36
0.0106724 4.365
0.0122176 4.37
0.00486662 4.375
0.00688126 4.38
0.00337291 4.385
0.00163582 4.39
0.00474786 4.395
0.00660153 4.4
0.00279916 4.405
0.0019118 4.41
0.001921 4.415
0.00183837 4.42
0.00179069 4.425
0.00185519 4.43
