0 0
0.00362491 0.01
9.9702e-06 0.02
0.00384997 0.03
9.9702e-06 0.04
0.00408028 0.05
9.9702e-06 0.06
0.00425705 0.07
9.9702e-06 0.08
0.00427805 0.09
9.9702e-06 0.1
0.00554727 0.11
9.9702e-06 0.12
0.00326596 0.13
9.9702e-06 0.14
0.00133705 0.15
9.9702e-06 0.16
-0.00145816 0.17
0.00229336 0.18
-0.00216877 0.19
0.00290806 0.2
-0.00325127 0.21
0.00350846 0.22
-0.00180089 0.23
0.0038628 0.24
9.9702e-06 0.25
0.000101784 0.26
9.9702e-06 0.27
0.00389683 0.28
9.9702e-06 0.29
0.00675502 0.3
9.9702e-06 0.31
0.00841602 0.32
9.9702e-06 0.33
0.00884412 0.34
9.9702e-06 0.35
0.00804217 0.36
9.9702e-06 0.37
0.00598407 0.38
9.9702e-06 0.39
0.00270364 0.4
9.9702e-06 0.41
-0.00132142 0.42
0.000159482 0.43
-0.00490406 0.44
0.00103725 0.45
-0.00709441 0.46
0.00237462 0.47
-0.00861124 0.48
0.0037925 0.49
-0.00935776 0.5
0.0049884 0.51
-0.00770778 0.52
0.00556281 0.53
-0.00219356 0.54
0.00518562 0.55
9.9702e-06 0.56
0.00536938 0.57
9.9702e-06 0.58
0.012436 0.59
9.9702e-06 0.6
0.0139673 0.61
9.9702e-06 0.62
0.0117162 0.63
9.9702e-06 0.64
0.0875303 0.65
0.0221721 0.66
0.019752 0.67
-0.00489964 0.68
-9.9702e-06 0.69
0.00310703 0.7
9.9702e-06 0.71
0.00229719 0.72
9.9702e-06 0.73
0.00180694 0.74
9.9702e-06 0.75
0.00731892 0.76
9.9702e-06 0.77
0.00118459 0.78
-0.00115123 0.79
0.00432975 0.8
9.9702e-06 0.81
-0.000651936 0.82
-9.9702e-06 0.83
-0.000537782 0.84
-8.36548e-06 0.85
-3.83576e-05 0.86
-9.9702e-06 0.87
0.000602537 0.88
9.9702e-06 0.89
0.00121915 0.9
9.9702e-06 0.91
0.00173873 0.92
9.9702e-06 0.93
0.00214271 0.94
9.9702e-06 0.95
0.00243683 0.96
9.9702e-06 0.97
0.00263426 0.98
9.9702e-06 0.99
0.00274789 1
9.9702e-06 1.01
0.00278745 1.02
9.9702e-06 1.03
0.00275914 1.04
9.9702e-06 1.05
0.00266658 1.06
9.9702e-06 1.07
0.00251235 1.08
9.9702e-06 1.09
0.00229975 1.1
9.9702e-06 1.11
0.0020347 1.12
9.9702e-06 1.13
0.00172794 1.14
9.9702e-06 1.15
0.00139812 1.16
9.9702e-06 1.17
0.00107583 1.18
9.9702e-06 1.19
0.000807426 1.2
-0.000153534 1.21
0.00285829 1.22
9.9702e-06 1.23
0.000666268 1.24
-0.000298151 1.25
0.00296342 1.26
9.9702e-06 1.27
0.00131119 1.28
9.9702e-06 1.29
0.00181854 1.3
9.9702e-06 1.31
0.0022771 1.32
9.9702e-06 1.33
0.00258254 1.34
9.9702e-06 1.35
0.00267824 1.36
9.9702e-06 1.37
0.00256331 1.38
9.9702e-06 1.39
0.00227161 1.4
9.9702e-06 1.41
0.00184458 1.42
9.9702e-06 1.43
0.00131128 1.44
9.9702e-06 1.45
0.000682481 1.46
9.9702e-06 1.47
-4.13599e-05 1.48
-9.9702e-06 1.49
-0.000853568 1.5
-9.9702e-06 1.51
-0.00172319 1.52
-9.9702e-06 1.53
-0.00257486 1.54
-9.40673e-06 1.55
-0.00327299 1.56
-9.17561e-06 1.57
-0.00360419 1.58
-9.3548e-06 1.59
-0.00327711 1.6
-9.16298e-06 1.61
-0.00199144 1.62
-9.9702e-06 1.63
0.000333775 1.64
9.9702e-06 1.65
0.00316418 1.66
9.9702e-06 1.67
0.00512212 1.68
9.9702e-06 1.69
0.00454775 1.7
9.9702e-06 1.71
0.000660768 1.72
-0.000845669 1.73
-9.9702e-06 1.74
-0.00849454 1.75
-9.9702e-06 1.76
-0.0169663 1.77
-9.9702e-06 1.78
-0.0247982 1.79
-9.9702e-06 1.8
-0.012927 1.81
-9.9702e-06 1.82
-0.00427089 1.83
-9.9702e-06 1.84
0.0052765 1.85
9.9702e-06 1.86
0.0162954 1.87
9.9702e-06 1.88
0.0181692 1.89
9.9702e-06 1.9
0.0193051 1.91
9.9702e-06 1.92
0.0190379 1.93
9.9702e-06 1.94
0.0178738 1.95
9.9702e-06 1.96
0.0158308 1.97
9.9702e-06 1.98
0.0133729 1.99
9.9702e-06 2
0.0113497 2.01
9.9702e-06 2.02
0.00996715 2.03
9.9702e-06 2.04
0.00882453 2.05
9.9702e-06 2.06
0.00752962 2.07
9.9702e-06 2.08
0.00592782 2.09
9.9702e-06 2.1
0.00415808 2.11
9.9702e-06 2.12
0.00194261 2.13
9.9702e-06 2.14
-0.00141629 2.15
-9.9702e-06 2.16
-0.00645064 2.17
-9.9702e-06 2.18
-0.012856 2.19
-9.9702e-06 2.2
-0.0192296 2.21
-9.9702e-06 2.22
-0.0210072 2.23
-9.9702e-06 2.24
-0.0178921 2.25
-9.9702e-06 2.26
-0.0127869 2.27
-9.9702e-06 2.28
-0.00844359 2.29
-9.9702e-06 2.3
-0.00561827 2.31
-9.9702e-06 2.32
-0.0041287 2.33
-9.9702e-06 2.34
-0.00307293 2.35
-9.9702e-06 2.36
-0.00253163 2.37
-9.9702e-06 2.38
-0.0021385 2.39
-9.9702e-06 2.4
-0.00179193 2.41
-9.9702e-06 2.42
-0.00134346 2.43
0.000527211 2.44
-4.38458e-05 2.45
0.000322464 2.46
9.9702e-06 2.47
0.000767042 2.48
9.9702e-06 2.49
0.00120436 2.5
9.9702e-06 2.51
0.00162007 2.52
9.9702e-06 2.53
0.00188834 2.54
9.9702e-06 2.55
0.00187967 2.56
9.9702e-06 2.57
0.00152906 2.58
9.9702e-06 2.59
0.00127534 2.6
9.9702e-06 2.61
0.000458282 2.62
9.9702e-06 2.63
-0.00036875 2.64
-3.88462e-06 2.65
-0.00113015 2.66
-9.9702e-06 2.67
-0.00175546 2.68
-9.9702e-06 2.69
-0.00218591 2.7
-9.9702e-06 2.71
-0.00264012 2.72
-9.9702e-06 2.73
-0.00325084 2.74
-9.9702e-06 2.75
-0.00409276 2.76
-9.9702e-06 2.77
-0.00518535 2.78
-9.9702e-06 2.79
-0.00664553 2.8
-9.9702e-06 2.81
-0.00263171 2.82
-9.9702e-06 2.83
0.00125427 2.84
-0.00236876 2.85
0.00262988 2.86
9.9702e-06 2.87
0.00719995 2.88
9.9702e-06 2.89
0.00857039 2.9
9.9702e-06 2.91
0.00649971 2.92
9.9702e-06 2.93
-0.000159522 2.94
-9.9702e-06 2.95
-0.0105408 2.96
-9.9702e-06 2.97
0.0335643 2.98
-0.00101481 2.99
-9.9702e-06 3
-0.00498331 3.01
-9.9702e-06 3.02
-0.00538303 3.03
-9.9702e-06 3.04
-0.00484325 3.05
-9.9702e-06 3.06
-0.00346578 3.07
-9.9702e-06 3.08
-0.0016874 3.09
-9.9702e-06 3.1
-0.00023093 3.11
-9.9702e-06 3.12
0.000288917 3.13
-0.00650279 3.14
-9.9702e-06 3.15
-0.000605029 3.16
-9.9702e-06 3.17
-0.00169318 3.18
-9.9702e-06 3.19
-0.00294266 3.2
-9.9702e-06 3.21
-0.00438045 3.22
-9.9702e-06 3.23
-0.00595912 3.24
-9.9702e-06 3.25
-0.00748321 3.26
-9.9702e-06 3.27
-0.00869642 3.28
-9.9702e-06 3.29
-0.00938919 3.3
-9.9702e-06 3.31
-0.00944802 3.32
-9.9702e-06 3.33
-0.00885112 3.34
-9.9702e-06 3.35
-0.00764932 3.36
-9.9702e-06 3.37
-0.00595756 3.38
-9.9702e-06 3.39
-0.00395316 3.4
-9.9702e-06 3.41
-0.00186175 3.42
-9.9702e-06 3.43
8.04137e-05 3.44
-0.00285749 3.45
-9.9702e-06 3.46
0.00231054 3.47
-0.00237869 3.48
0.000397575 3.49
9.9702e-06 3.5
0.00283658 3.51
9.9702e-06 3.52
0.00326418 3.53
9.9702e-06 3.54
0.00338106 3.55
9.9702e-06 3.56
0.00331734 3.57
-9.58265e-05 3.58
0.00285974 3.59
9.9702e-06 3.6
0.0026743 3.61
9.9702e-06 3.62
0.00239991 3.63
9.9702e-06 3.64
0.00215223 3.65
9.9702e-06 3.66
0.00190975 3.67
9.9702e-06 3.68
0.00165126 3.69
9.9702e-06 3.7
0.00136295 3.71
9.9702e-06 3.72
0.00249594 3.73
9.9702e-06 3.74
0.000386057 3.75
9.9702e-06 3.76
-0.000619947 3.77
0.000407402 3.78
-0.00111596 3.79
0.000397453 3.8
-0.00204613 3.81
0.000422939 3.82
-0.00284872 3.83
0.000465605 3.84
-0.00345439 3.85
0.000523738 3.86
-0.00377582 3.87
0.000596754 3.88
-0.00374079 3.89
0.000690362 3.9
-0.00329758 3.91
0.000808285 3.92
-0.00242857 3.93
0.000938207 3.94
-0.00116452 3.95
0.0010905 3.96
9.9702e-06 3.97
0.000267919 3.98
9.9702e-06 3.99
0.00185715 4
9.9702e-06 4.01
0.0032907 4.02
9.9702e-06 4.03
0.00442851 4.04
9.9702e-06 4.05
0.00520439 4.06
9.9702e-06 4.07
0.00563437 4.08
9.9702e-06 4.09
0.00578578 4.1
9.9702e-06 4.11
0.00573947 4.12
9.9702e-06 4.13
0.00557273 4.14
9.9702e-06 4.15
0.00536912 4.16
9.9702e-06 4.17
0.00524557 4.18
9.9702e-06 4.19
0.0053785 4.2
9.9702e-06 4.21
0.00599002 4.22
9.9702e-06 4.23
0.00720186 4.24
9.9702e-06 4.25
0.00864338 4.26
9.9702e-06 4.27
0.00911499 4.28
9.9702e-06 4.29
0.00762389 4.3
9.9702e-06 4.31
0.00563783 4.32
9.9702e-06 4.33
0.005911 4.34
9.9702e-06 4.35
0.00877275 4.36
9.9702e-06 4.37
0.00970314 4.38
9.9702e-06 4.39
0.00608636 4.4
9.9702e-06 4.41
-0.00274379 4.42
-9.9702e-06 4.43
-0.0064154 4.44
-9.9702e-06 4.45
-0.00764197 4.46
-9.9702e-06 4.47
-0.00739604 4.48
-9.9702e-06 4.49
-0.00617944 4.5
-9.9702e-06 4.51
-0.00457131 4.52
-9.9702e-06 4.53
-0.00299923 4.54
-9.9702e-06 4.55
-0.00169963 4.56
-9.9702e-06 4.57
-0.000728285 4.58
-9.9702e-06 4.59
7.07244e-05 4.6
9.9702e-06 4.61
0.000942727 4.62
9.9702e-06 4.63
0.000456925 4.64
9.9702e-06 4.65
0.000425145 4.66
9.9702e-06 4.67
0.000469626 4.68
9.9702e-06 4.69
0.00263336 4.7
9.9702e-06 4.71
-3.67791e-05 4.72
0.00122534 4.73
9.9702e-06 4.74
-0.0009049 4.75
0.000964214 4.76
-0.000221871 4.77
0.000992706 4.78
-6.82318e-05 4.79
0.00105148 4.8
9.9702e-06 4.81
-0.000808983 4.82
0.0012281 4.83
9.9702e-06 4.84
4.20954e-05 4.85
9.9702e-06 4.86
0.000461287 4.87
9.9702e-06 4.88
0.000814986 4.89
9.9702e-06 4.9
0.00106375 4.91
9.9702e-06 4.92
0.00115097 4.93
9.9702e-06 4.94
0.00100971 4.95
9.9702e-06 4.96
0.000561375 4.97
9.9702e-06 4.98
-0.000270616 4.99
0.0011875 5
-0.000347567 5.01
0.00111335 5.02
-0.00195865 5.03
0.000960612 5.04
-0.00359349 5.05
0.000726352 5.06
-0.00475362 5.07
0.000474519 5.08
-0.00500127 5.09
0.000321062 5.1
-0.00424669 5.11
0.000289937 5.12
-0.00277029 5.13
0.000337667 5.14
-0.00100924 5.15
0.000406258 5.16
9.9702e-06 5.17
0.0010511 5.18
9.9702e-06 5.19
0.00228312 5.2
9.9702e-06 5.21
0.00322171 5.22
9.9702e-06 5.23
0.00388298 5.24
9.9702e-06 5.25
0.00428122 5.26
9.9702e-06 5.27
0.00442288 5.28
9.9702e-06 5.29
0.00431958 5.3
9.9702e-06 5.31
0.00401692 5.32
9.9702e-06 5.33
0.00362535 5.34
9.9702e-06 5.35
0.00332129 5.36
9.9702e-06 5.37
0.00328758 5.38
9.9702e-06 5.39
0.00360817 5.4
9.9702e-06 5.41
0.00419888 5.42
9.9702e-06 5.43
0.00484438 5.44
9.9702e-06 5.45
0.00527602 5.46
9.9702e-06 5.47
0.0051802 5.48
9.9702e-06 5.49
0.00425482 5.5
9.9702e-06 5.51
0.00243379 5.52
9.9702e-06 5.53
2.2407e-05 5.54
-0.0010188 5.55
0.000889066 5.56
-0.00253646 5.57
0.000641697 5.58
-0.00452046 5.59
0.000348368 5.6
-0.00565159 5.61
-9.14998e-06 5.62
-0.00590844 5.63
-9.9702e-06 5.64
-0.00472389 5.65
-9.9702e-06 5.66
-0.00286538 5.67
-9.9702e-06 5.68
-0.000740415 5.69
-9.9702e-06 5.7
0.00106306 5.71
9.9702e-06 5.72
0.00188188 5.73
9.9702e-06 5.74
-0.000910918 5.75
8.05525e-05 5.76
-0.0045589 5.77
-9.9702e-06 5.78
-0.000728011 5.79
-9.9702e-06 5.8
-0.00213041 5.81
-9.9702e-06 5.82
-0.00286813 5.83
-9.9702e-06 5.84
-0.00257504 5.85
-9.9702e-06 5.86
-0.00171861 5.87
-9.9702e-06 5.88
-0.00108142 5.89
-9.9702e-06 5.9
-0.000956604 5.91
-9.9702e-06 5.92
-0.00121199 5.93
-9.9702e-06 5.94
-0.00162237 5.95
0.0516501 5.96
0.0516501 5.97
0.0552516 5.98
0.0574596 5.99
0.0582573 6
0.0576347 6.01
0.0555872 6.02
0.0521142 6.03
0.0472184 6.04
0.0409047 6.05
0.0331728 6.06
0.0240454 6.07
-0.00907658 6.08
-9.9702e-06 6.09
-0.004486 6.1
-9.9702e-06 6.11
-0.00450087 6.12
-9.9702e-06 6.13
-0.00436071 6.14
-9.9702e-06 6.15
-0.00413693 6.16
-9.9702e-06 6.17
-0.00357077 6.18
-9.9702e-06 6.19
-0.00297353 6.2
-9.9702e-06 6.21
-0.0022116 6.22
-9.9702e-06 6.23
-0.00136738 6.24
-9.9702e-06 6.25
-0.000498407 6.26
-9.9702e-06 6.27
0.00031538 6.28
-0.00451857 6.29
-9.9702e-06 6.3
0.00159991 6.31
-0.00823168 6.32
-9.9702e-06 6.33
0.00193413 6.34
-0.00746552 6.35
-9.9702e-06 6.36
0.00674556 6.37
-0.0156384 6.38
-9.93926e-06 6.39
-0.00126633 6.4
-9.9702e-06 6.41
-0.00163894 6.42
-9.9702e-06 6.43
-0.00193532 6.44
-9.9702e-06 6.45
-0.00274118 6.46
-9.9702e-06 6.47
-0.00263304 6.48
-9.9702e-06 6.49
-0.00346068 6.5
-9.9702e-06 6.51
-0.00317955 6.52
-9.9702e-06 6.53
-0.00306323 6.54
-9.9702e-06 6.55
-0.00262788 6.56
-9.9702e-06 6.57
-0.00177378 6.58
-9.9702e-06 6.59
-0.000460093 6.6
0.00156686 6.61
-0.00243361 6.62
0.000778806 6.63
0.000778495 6.64
-0.00935734 6.65
-0.00935734 6.66
0.00249478 6.67
-0.00253229 6.68
0.00866863 6.69
-0.00319778 6.7
0.0095832 6.71
9.9702e-06 6.72
0.00871219 6.73
9.9702e-06 6.74
0.00567175 6.75
9.9702e-06 6.76
0.00279497 6.77
9.9702e-06 6.78
-0.000161909 6.79
-9.9702e-06 6.8
-0.00270809 6.81
-0.00688428 6.82
-0.000746573 6.83
-1.85971e-05 6.84
0.000514179 6.85
-0.000948037 6.86
0.00388547 6.87
-0.00156607 6.88
0.00531508 6.89
0.00169895 6.9
-0.00138095 6.91
0.00117887 6.92
9.9702e-06 6.93
-0.00248031 6.94
-9.9702e-06 6.95
-0.00695451 6.96
-9.9702e-06 6.97
-0.0101152 6.98
-9.9702e-06 6.99
-0.0109714 7
-9.9702e-06 7.01
-0.00906438 7.02
-9.9702e-06 7.03
-0.00497664 7.04
0.00259686 7.05
9.9702e-06 7.06
-8.72769e-05 7.07
0.00156595 7.08
9.9702e-06 7.09
0.00250024 7.1
9.9702e-06 7.11
0.00333189 7.12
9.9702e-06 7.13
0.00363746 7.14
9.9702e-06 7.15
0.00356267 7.16
9.9702e-06 7.17
0.00314835 7.18
9.9702e-06 7.19
0.00240365 7.2
9.9702e-06 7.21
0.00135953 7.22
9.9702e-06 7.23
8.9511e-05 7.24
-0.000157655 7.25
0.00152178 7.26
-0.000113864 7.27
0.00159604 7.28
-0.00128884 7.29
0.00163014 7.3
-0.00218541 7.31
0.00162473 7.32
-0.00265276 7.33
0.00160381 7.34
-0.0025998 7.35
0.00158234 7.36
-0.00203562 7.37
0.0015655 7.38
-0.00105748 7.39
0.00154725 7.4
9.9702e-06 7.41
-0.000704066 7.42
0.00155983 7.43
9.9702e-06 7.44
0.00122328 7.45
9.9702e-06 7.46
0.00228698 7.47
9.9702e-06 7.48
0.00309065 7.49
9.9702e-06 7.5
0.00363807 7.51
9.9702e-06 7.52
0.00396829 7.53
9.9702e-06 7.54
0.00413896 7.55
9.9702e-06 7.56
0.00420713 7.57
9.9702e-06 7.58
0.004217 7.59
9.9702e-06 7.6
0.00419393 7.61
9.9702e-06 7.62
0.00414408 7.63
9.9702e-06 7.64
0.00405715 7.65
9.9702e-06 7.66
0.00396044 7.67
9.9702e-06 7.68
0.00371035 7.69
9.9702e-06 7.7
0.0031751 7.71
9.9702e-06 7.72
0.0022715 7.73
9.9702e-06 7.74
0.00100618 7.75
9.9702e-06 7.76
-0.00283127 7.77
-9.9702e-06 7.78
-0.00261374 7.79
-9.9702e-06 7.8
-0.00370967 7.81
-9.9702e-06 7.82
-0.00459683 7.83
-9.9702e-06 7.84
-0.00515573 7.85
-9.9702e-06 7.86
-0.00528655 7.87
-9.9702e-06 7.88
-0.00502049 7.89
-9.9702e-06 7.9
-0.00449358 7.91
-9.9702e-06 7.92
-0.00385854 7.93
-9.9702e-06 7.94
-0.00320647 7.95
-9.9702e-06 7.96
-0.00255492 7.97
-9.9702e-06 7.98
-0.00189771 7.99
-9.9702e-06 8
-0.00126837 8.01
-9.9702e-06 8.02
-0.000771059 8.03
-9.9702e-06 8.04
-0.000559098 8.05
-9.9702e-06 8.06
-0.000768032 8.07
-9.9702e-06 8.08
-0.00143626 8.09
-9.9702e-06 8.1
-0.0024643 8.11
-9.9702e-06 8.12
-0.00364521 8.13
-9.9702e-06 8.14
-0.00474993 8.15
-9.9702e-06 8.16
-0.00561549 8.17
-9.9702e-06 8.18
-0.00618188 8.19
-9.9702e-06 8.2
-0.00646654 8.21
-9.9702e-06 8.22
-0.00652087 8.23
-9.9702e-06 8.24
-0.00641501 8.25
-9.9702e-06 8.26
-0.00625055 8.27
-9.9702e-06 8.28
-0.00615938 8.29
-9.9702e-06 8.3
-0.00625104 8.31
-9.9702e-06 8.32
-0.00652658 8.33
-9.9702e-06 8.34
-0.00682036 8.35
-9.9702e-06 8.36
-0.00682641 8.37
-9.9702e-06 8.38
-0.00612079 8.39
-9.9702e-06 8.4
-0.00446176 8.41
-9.9702e-06 8.42
-0.00141212 8.43
-9.9702e-06 8.44
0.00198505 8.45
9.9702e-06 8.46
0.00610911 8.47
9.9702e-06 8.48
0.00690449 8.49
9.9702e-06 8.5
0.00757027 8.51
9.9702e-06 8.52
0.00827614 8.53
9.9702e-06 8.54
0.00943214 8.55
9.9702e-06 8.56
0.0107237 8.57
9.9702e-06 8.58
0.0106196 8.59
9.9702e-06 8.6
0.00740646 8.61
9.9702e-06 8.62
0.00174974 8.63
9.9702e-06 8.64
-0.0036584 8.65
-9.9702e-06 8.66
-0.00704543 8.67
-9.9702e-06 8.68
-0.00681346 8.69
-9.9702e-06 8.7
-0.00701362 8.71
-9.9702e-06 8.72
-0.00550745 8.73
-9.9702e-06 8.74
-0.00313884 8.75
-9.9702e-06 8.76
-0.000329232 8.77
-9.9702e-06 8.78
0.0024658 8.79
9.9702e-06 8.8
0.00485672 8.81
9.9702e-06 8.82
0.00662975 8.83
9.9702e-06 8.84
0.00775024 8.85
9.9702e-06 8.86
0.0083 8.87
9.9702e-06 8.88
0.00839768 8.89
9.9702e-06 8.9
0.00814942 8.91
9.9702e-06 8.92
0.0076327 8.93
9.9702e-06 8.94
0.00689963 8.95
9.9702e-06 8.96
0.00598767 8.97
9.9702e-06 8.98
0.00492989 8.99
9.9702e-06 9
0.00376103 9.01
9.9702e-06 9.02
0.00251903 9.03
9.9702e-06 9.04
0.00124377 9.05
9.9702e-06 9.06
-2.4033e-05 9.07
-9.9702e-06 9.08
-0.00123976 9.09
-9.9702e-06 9.1
-0.00235415 9.11
-9.9702e-06 9.12
-0.00302819 9.13
-9.9702e-06 9.14
-0.00339415 9.15
-9.9702e-06 9.16
-0.00359947 9.17
-9.9702e-06 9.18
-0.00420752 9.19
-9.9702e-06 9.2
-0.00639406 9.21
-9.9702e-06 9.22
-0.00720483 9.23
-9.9702e-06 9.24
-0.00754059 9.25
-9.9702e-06 9.26
-0.00721732 9.27
-9.9702e-06 9.28
-0.0061274 9.29
-9.9702e-06 9.3
-0.00442435 9.31
-9.9702e-06 9.32
-0.002371 9.33
-9.9702e-06 9.34
-0.000220443 9.35
-9.9702e-06 9.36
0.00178957 9.37
-0.000781105 9.38
0.0026776 9.39
-0.000249924 9.4
0.00441113 9.41
9.9702e-06 9.42
0.00545777 9.43
9.9702e-06 9.44
0.0059772 9.45
9.9702e-06 9.46
0.00644883 9.47
9.9702e-06 9.48
0.00705559 9.49
9.9702e-06 9.5
0.00789638 9.51
9.9702e-06 9.52
0.00894297 9.53
9.9702e-06 9.54
0.0104056 9.55
9.9702e-06 9.56
0.0102917 9.57
9.9702e-06 9.58
0.00840645 9.59
9.9702e-06 9.6
0.00670004 9.61
9.9702e-06 9.62
0.00294439 9.63
-0.00513747 9.64
-9.9702e-06 9.65
-0.00320029 9.66
-9.9702e-06 9.67
-0.0113859 9.68
-9.9702e-06 9.69
-0.0218146 9.7
-9.9702e-06 9.71
-0.0309324 9.72
-9.9702e-06 9.73
-0.0322623 9.74
-9.9702e-06 9.75
-0.0226389 9.76
-9.9702e-06 9.77
-0.00802497 9.78
-9.9702e-06 9.79
0.00275245 9.8
-0.000217895 9.81
0.00579595 9.82
9.9702e-06 9.83
0.00365355 9.84
9.9702e-06 9.85
-0.000101851 9.86
-9.9702e-06 9.87
-0.00220858 9.88
-9.9702e-06 9.89
-0.0022577 9.9
0.00603005 9.91
9.9702e-06 9.92
-0.000425477 9.93
0.00150378 9.94
9.9702e-06 9.95
0.00103679 9.96
9.9702e-06 9.97
0.00225459 9.98
9.9702e-06 9.99
0.00361748 10
9.9702e-06 10.01
0.00500016 10.02
9.9702e-06 10.03
0.00619727 10.04
9.9702e-06 10.05
0.0069862 10.06
9.9702e-06 10.07
0.00727015 10.08
9.9702e-06 10.09
0.00715831 10.1
9.9702e-06 10.11
0.00690309 10.12
9.9702e-06 10.13
0.00675471 10.14
9.9702e-06 10.15
0.00681279 10.16
9.9702e-06 10.17
0.00692338 10.18
9.9702e-06 10.19
0.00671419 10.2
9.9702e-06 10.21
0.00586739 10.22
9.9702e-06 10.23
0.00448519 10.24
9.9702e-06 10.25
0.00312396 10.26
9.9702e-06 10.27
0.00233927 10.28
9.9702e-06 10.29
0.00220996 10.3
9.9702e-06 10.31
0.00233368 10.32
9.9702e-06 10.33
0.00219202 10.34
9.9702e-06 10.35
0.00148432 10.36
9.9702e-06 10.37
0.000230634 10.38
-0.000173893 10.39
0.000345815 10.4
-0.00161148 10.41
0.000384497 10.42
-0.00288898 10.43
0.000395769 10.44
-0.00374809 10.45
0.00037822 10.46
-0.00408325 10.47
0.000346119 10.48
-0.0039365 10.49
0.000314253 10.5
-0.00343516 10.51
0.00029584 10.52
-0.00274082 10.53
0.000297502 10.54
-0.00198898 10.55
0.000321774 10.56
-0.00125728 10.57
0.000379496 10.58
-0.000556832 10.59
0.000456679 10.6
9.9702e-06 10.61
4.3459e-05 10.62
9.9702e-06 10.63
0.000783153 10.64
9.9702e-06 10.65
0.00163669 10.66
9.9702e-06 10.67
0.00259946 10.68
-0.0161591 10.69
-0.0156216 10.7
-0.014853 10.71
-0.0121015 10.72
-0.00718412 10.73
6.82534e-05 10.74
1e-05 10.75
1e-05 10.76
1e-05 10.77
1e-05 10.78
1e-05 10.79
1e-05 10.8
1e-05 10.81
1e-05 10.82
1e-05 10.83
-0.00860149 10.84
-0.00211049 10.85
0.00762368 10.86
9.9702e-06 10.87
0.00351414 10.88
9.9702e-06 10.89
0.00289349 10.9
9.9702e-06 10.91
0.00211206 10.92
9.9702e-06 10.93
0.00119652 10.94
9.9702e-06 10.95
0.000201687 10.96
9.9702e-06 10.97
-0.000774101 10.98
0.00909278 10.99
9.9702e-06 11
0.0021746 11.01
9.9702e-06 11.02
0.00199036 11.03
-6.28665e-05 11.04
0.00708067 11.05
9.9702e-06 11.06
-0.000499585 11.07
-6.81326e-06 11.08
-0.000721951 11.09
-9.9702e-06 11.1
-0.000227893 11.11
-9.9702e-06 11.12
0.000235936 11.13
-0.00342209 11.14
-9.9702e-06 11.15
-0.00086341 11.16
-9.9702e-06 11.17
-0.00228312 11.18
-9.9702e-06 11.19
-0.00378547 11.2
-9.9702e-06 11.21
-0.00515081 11.22
-9.9702e-06 11.23
-0.00620078 11.24
-9.9702e-06 11.25
-0.0068171 11.26
-9.9702e-06 11.27
-0.00696384 11.28
-9.9702e-06 11.29
-0.00656576 11.3
-9.9702e-06 11.31
-0.00558921 11.32
0.0142826 11.33
0.0118969 11.34
-0.00476257 11.35
-9.9702e-06 11.36
-0.00287058 11.37
-9.9702e-06 11.38
-0.0085914 11.39
-9.9702e-06 11.4
-0.0052288 11.41
-9.9702e-06 11.42
-0.00498733 11.43
-9.9702e-06 11.44
-0.00458845 11.45
-9.9702e-06 11.46
-0.00401256 11.47
-9.9702e-06 11.48
-0.00327867 11.49
-9.9702e-06 11.5
-0.00244045 11.51
-9.9702e-06 11.52
-0.00169805 11.53
-9.9702e-06 11.54
-0.000878785 11.55
-9.9702e-06 11.56
0.000106113 11.57
9.9702e-06 11.58
0.00114234 11.59
9.9702e-06 11.6
0.00199558 11.61
9.9702e-06 11.62
0.00300289 11.63
9.9702e-06 11.64
0.00308823 11.65
9.9702e-06 11.66
0.00309402 11.67
9.9702e-06 11.68
0.00292309 11.69
9.9702e-06 11.7
0.00264728 11.71
9.9702e-06 11.72
0.00238555 11.73
9.9702e-06 11.74
0.0022709 11.75
9.9702e-06 11.76
0.00240165 11.77
9.9702e-06 11.78
0.00279588 11.79
9.9702e-06 11.8
0.00337573 11.81
9.9702e-06 11.82
0.00399653 11.83
9.9702e-06 11.84
0.00450484 11.85
9.9702e-06 11.86
0.00478837 11.87
9.9702e-06 11.88
0.00479372 11.89
9.9702e-06 11.9
0.00451828 11.91
9.9702e-06 11.92
0.00399379 11.93
9.9702e-06 11.94
0.00327209 11.95
9.9702e-06 11.96
0.00241405 11.97
9.9702e-06 11.98
0.00148021 11.99
9.9702e-06 12
