0 0
0.09684 0.05
9.9702e-06 0.1
0.105769 0.15
9.9702e-06 0.2
-0.126131 0.25
0.0752945 0.3
9.9702e-06 0.35
0.176067 0.4
9.9702e-06 0.45
0.0893252 0.5
9.9702e-06 0.55
0.136644 0.6
9.9702e-06 0.65
0.0487449 0.7
9.9702e-06 0.75
0.0498978 0.8
9.9702e-06 0.85
0.0798553 0.9
9.9702e-06 0.95
0.0413056 1
9.9702e-06 1.05
0.0296975 1.1
9.9702e-06 1.15
0.0496855 1.2
9.9702e-06 1.25
0.0506697 1.3
9.9702e-06 1.35
0.0493442 1.4
9.9702e-06 1.45
0.0552642 1.5
9.9702e-06 1.55
0.0233368 1.6
-0.00612252 1.65
0.0463879 1.7
9.9702e-06 1.75
0.0690857 1.8
9.9702e-06 1.85
0.0939972 1.9
9.9702e-06 1.95
0.140762 2
9.9702e-06 2.05
0.100779 2.1
9.9702e-06 2.15
0.0656112 2.2
9.9702e-06 2.25
0.0310734 2.3
9.9702e-06 2.35
0.00317756 2.4
9.9702e-06 2.45
0.0131412 2.5
9.9702e-06 2.55
0.0493972 2.6
9.9702e-06 2.65
0.0875077 2.7
9.9702e-06 2.75
0.130833 2.8
9.9702e-06 2.85
0.152357 2.9
9.9702e-06 2.95
0.169091 3
9.9702e-06 3.05
0.115703 3.1
9.9702e-06 3.15
0.0568385 3.2
9.9702e-06 3.25
0.0167586 3.3
9.9702e-06 3.35
0.0147756 3.4
9.9702e-06 3.45
0.0498278 3.5
9.9702e-06 3.55
0.0644816 3.6
9.9702e-06 3.65
0.0644909 3.7
9.9702e-06 3.75
0.0646823 3.8
9.9702e-06 3.85
0.0531739 3.9
9.9702e-06 3.95
0.0257292 4
9.9702e-06 4.05
0.0306061 4.1
9.9702e-06 4.15
0.0558389 4.2
9.9702e-06 4.25
0.112752 4.3
9.9702e-06 4.35
0.0805392 4.4
9.9702e-06 4.45
0.0179603 4.5
9.9702e-06 4.55
0.00815231 4.6
9.9702e-06 4.65
0.0616389 4.7
9.9702e-06 4.75
0.107031 4.8
9.9702e-06 4.85
0.0769185 4.9
9.9702e-06 4.95
0.0342761 5
9.9702e-06 5.05
0.0826126 5.1
9.9702e-06 5.15
0.0891071 5.2
9.9702e-06 5.25
0.0583468 5.3
9.9702e-06 5.35
0.013031 5.4
9.9702e-06 5.45
0.0305395 5.5
9.9702e-06 5.55
0.103717 5.6
9.9702e-06 5.65
0.0796238 5.7
9.9702e-06 5.75
0.0323824 5.8
9.9702e-06 5.85
0.0204671 5.9
9.9702e-06 5.95
0.019707 6
9.9702e-06 6.05
0.0596097 6.1
9.9702e-06 6.15
0.100059 6.2
9.9702e-06 6.25
0.0894843 6.3
9.9702e-06 6.35
0.0583497 6.4
1e-05 6.45
-0.0366561 6.5
0.140327 6.55
9.9702e-06 6.6
0.143371 6.65
9.9702e-06 6.7
0.0527666 6.75
9.9702e-06 6.8
0.0149692 6.85
-0.0145014 6.9
0.0635405 6.95
9.9702e-06 7
0.147473 7.05
9.9702e-06 7.1
0.183307 7.15
9.9702e-06 7.2
0.173324 7.25
9.9702e-06 7.3
0.136102 7.35
9.9702e-06 7.4
0.107313 7.45
9.9702e-06 7.5
0.105595 7.55
9.9702e-06 7.6
0.112086 7.65
9.9702e-06 7.7
0.108063 7.75
9.9702e-06 7.8
0.101357 7.85
9.9702e-06 7.9
0.105324 7.95
9.9702e-06 8
0.109156 8.05
9.9702e-06 8.1
0.101278 8.15
9.9702e-06 8.2
0.102763 8.25
9.9702e-06 8.3
0.0719488 8.35
9.9702e-06 8.4
0.0357895 8.45
9.9702e-06 8.5
0.0463115 8.55
9.9702e-06 8.6
0.0788402 8.65
9.9702e-06 8.7
0.100679 8.75
9.9702e-06 8.8
0.0937297 8.85
9.9702e-06 8.9
0.0705053 8.95
9.9702e-06 9
0.0778537 9.05
9.9702e-06 9.1
0.0981517 9.15
9.9702e-06 9.2
0.0905394 9.25
9.9702e-06 9.3
0.0746 9.35
9.9702e-06 9.4
0.0702521 9.45
9.9702e-06 9.5
0.063895 9.55
9.9702e-06 9.6
0.0675306 9.65
9.9702e-06 9.7
0.106083 9.75
9.9702e-06 9.8
0.146658 9.85
9.9702e-06 9.9
0.15851 9.95
9.9702e-06 10
0.12742 10.05
9.9702e-06 10.1
0.0932711 10.15
9.9702e-06 10.2
0.091022 10.25
9.9702e-06 10.3
0.102198 10.35
9.9702e-06 10.4
0.102517 10.45
9.9702e-06 10.5
0.095666 10.55
9.9702e-06 10.6
0.0981918 10.65
9.9702e-06 10.7
0.118765 10.75
9.9702e-06 10.8
0.149869 10.85
9.9702e-06 10.9
0.174276 10.95
9.9702e-06 11
0.180684 11.05
9.9702e-06 11.1
0.168027 11.15
9.9702e-06 11.2
0.135444 11.25
9.9702e-06 11.3
0.0966877 11.35
9.9702e-06 11.4
0.076783 11.45
9.9702e-06 11.5
0.0814345 11.55
9.9702e-06 11.6
0.107807 11.65
9.9702e-06 11.7
0.132908 11.75
9.9702e-06 11.8
0.12399 11.85
9.9702e-06 11.9
0.0957462 11.95
