0 0
6.17734e-05 0.005
0.000181793 0.01
0.000366185 0.015
0.000609603 0.02
0.000919796 0.025
0.00129059 0.03
0.00172981 0.035
0.00223132 0.04
0.00280314 0.045
0.00343925 0.05
0.00414809 0.055
0.00492387 0.06
0.00577597 0.065
0.00669878 0.07
0.00770342 0.075
0.00878439 0.08
0.00995565 0.085
0.0112116 0.09
0.0125705 0.095
0.0140263 0.1
0.014 0.105
0.0141415 0.11
0.014 0.115
0.0141679 0.12
0.014 0.125
0.0142051 0.13
0.014 0.135
0.0142519 0.14
0.014 0.145
0.0143085 0.15
0.014 0.155
0.014374 0.16
0.0139927 0.165
0.0144368 0.17
0.014 0.175
0.0145162 0.18
0.014 0.185
0.0145848 0.19
0.014 0.195
0.0146446 0.2
0.014 0.205
0.0146902 0.21
0.014 0.215
0.0147174 0.22
0.014 0.225
0.0147247 0.23
0.014 0.235
0.0147131 0.24
0.014 0.245
0.014688 0.25
0.0139873 0.255
0.0146319 0.26
0.014 0.265
0.0145985 0.27
0.014 0.275
0.0145504 0.28
0.014 0.285
0.0145043 0.29
0.014 0.295
0.0144627 0.3
0.014 0.305
0.0144273 0.31
0.014 0.315
0.0143992 0.32
0.014 0.325
0.0143791 0.33
0.014 0.335
0.0143677 0.34
0.014 0.345
0.0143652 0.35
0.014 0.355
0.0143721 0.36
0.014 0.365
0.0143888 0.37
0.014 0.375
0.0144156 0.38
0.014 0.385
0.0144522 0.39
0.014 0.395
0.014497 0.4
0.014 0.405
0.0145472 0.41
0.014 0.415
0.0145986 0.42
0.014 0.425
0.0146473 0.43
0.014 0.435
0.0146918 0.44
0.014 0.445
0.0147319 0.45
0.014 0.455
0.0147676 0.46
0.014 0.465
0.014797 0.47
0.014 0.475
0.0148171 0.48
0.014 0.485
0.0148242 0.49
0.014 0.495
0.014816 0.5
0.014 0.505
0.0147914 0.51
0.014 0.515
0.0147515 0.52
0.014 0.525
0.0146983 0.53
0.014 0.535
0.0146311 0.54
0.014 0.545
0.0145498 0.55
0.014 0.555
0.0144741 0.56
0.014 0.565
0.0144144 0.57
0.014 0.575
0.0143762 0.58
0.014 0.585
0.014356 0.59
0.0079003 0.595
0.00205424 0.6
-0.00359436 0.605
-0.00354911 0.61
-0.00332092 0.615
-0.00291558 0.62
-0.00233778 0.625
-0.00159127 0.63
-0.00067887 0.635
0.000397446 0.64
0.00141905 0.645
0.00292426 0.65
0.00447943 0.655
0.00620483 0.66
0.00808085 0.665
0.0101324 0.67
0.0123403 0.675
0.0147338 0.68
0.014 0.685
0.0142054 0.69
0.014 0.695
0.0142153 0.7
0.014 0.705
0.0142365 0.71
0.014 0.715
0.0142588 0.72
0.014 0.725
0.0142789 0.73
0.014 0.735
0.0142933 0.74
0.014 0.745
0.0142993 0.75
0.014 0.755
0.014296 0.76
0.014 0.765
0.0142839 0.77
0.014 0.775
0.0142651 0.78
0.014 0.785
0.0142421 0.79
0.014 0.795
0.0142173 0.8
0.014 0.805
0.0141927 0.81
0.014 0.815
0.0141696 0.82
0.014 0.825
0.0141489 0.83
0.014 0.835
0.0141308 0.84
0.014 0.845
0.0141156 0.85
0.014 0.855
0.0141031 0.86
0.014 0.865
0.0140933 0.87
0.014 0.875
0.0140857 0.88
0.014 0.885
0.0140804 0.89
0.014 0.895
0.0140769 0.9
0.014 0.905
0.0140751 0.91
0.014 0.915
0.0140748 0.92
0.014 0.925
0.0140757 0.93
0.014 0.935
0.0140777 0.94
0.014 0.945
0.0140806 0.95
0.014 0.955
0.0140844 0.96
0.014 0.965
0.0140888 0.97
0.014 0.975
0.014094 0.98
0.014 0.985
0.0140997 0.99
0.014 0.995
0.014106 1
0.014 1.005
0.014113 1.01
0.014 1.015
0.0141208 1.02
0.014 1.025
0.0141294 1.03
0.014 1.035
0.014139 1.04
0.014 1.045
0.0141499 1.05
0.014 1.055
0.0141622 1.06
0.014 1.065
0.0141764 1.07
0.014 1.075
0.0141926 1.08
0.014 1.085
0.0142118 1.09
0.0139944 1.095
0.0142238 1.1
0.014 1.105
0.0142535 1.11
0.014 1.115
0.0142775 1.12
0.014 1.125
0.0143025 1.13
0.014 1.135
0.0143274 1.14
0.014 1.145
0.0143506 1.15
0.014 1.155
0.0143702 1.16
0.014 1.165
0.0143846 1.17
0.014 1.175
0.0143925 1.18
0.014 1.185
0.0143932 1.19
0.014 1.195
0.0143866 1.2
0.014 1.205
0.0143734 1.21
0.014 1.215
0.0143544 1.22
0.014 1.225
0.0143311 1.23
0.014 1.235
0.0143047 1.24
0.014 1.245
0.0142767 1.25
0.014 1.255
0.0142482 1.26
0.014 1.265
0.0142201 1.27
0.014 1.275
0.0141933 1.28
0.014 1.285
0.0141682 1.29
0.014 1.295
0.0141453 1.3
0.014 1.305
0.0141247 1.31
0.014 1.315
0.0141066 1.32
0.014 1.325
0.0140909 1.33
0.014 1.335
0.0140774 1.34
0.014 1.345
0.0140661 1.35
0.0139988 1.355
0.0140547 1.36
0.014 1.365
0.0140476 1.37
0.014 1.375
0.0140407 1.38
0.014 1.385
0.014035 1.39
0.014 1.395
0.0140303 1.4
0.014 1.405
0.0140264 1.41
0.014 1.415
0.0140231 1.42
0.014 1.425
0.0140204 1.43
0.014 1.435
0.014018 1.44
0.014 1.445
0.0140159 1.45
0.014 1.455
0.0140141 1.46
0.014 1.465
0.0140124 1.47
0.014 1.475
0.0140108 1.48
0.014 1.485
0.0140093 1.49
0.014 1.495
0.0140079 1.5
0.014 1.505
0.0140067 1.51
0.014 1.515
0.0140055 1.52
0.014 1.525
0.0140047 1.53
0.014 1.535
0.0140041 1.54
0.014 1.545
0.014004 1.55
0.014 1.555
0.0140045 1.56
0.014 1.565
0.0140061 1.57
0.014 1.575
0.014009 1.58
0.014 1.585
0.0140139 1.59
0.014 1.595
0.0140216 1.6
0.014 1.605
0.0140334 1.61
0.014 1.615
0.0140507 1.62
0.014 1.625
0.0140761 1.63
0.014 1.635
0.0141125 1.64
0.014 1.645
0.0141639 1.65
0.014 1.655
0.0142353 1.66
0.014 1.665
0.0143318 1.67
0.014 1.675
0.0144584 1.68
0.014 1.685
0.0146183 1.69
0.014 1.695
0.0148111 1.7
0.014 1.705
0.0150314 1.71
0.014 1.715
0.0152686 1.72
0.014 1.725
0.0155085 1.73
0.014 1.735
0.0157361 1.74
0.014 1.745
0.0159357 1.75
0.014 1.755
0.0160872 1.76
0.014 1.765
0.0161642 1.77
0.014 1.775
0.0161449 1.78
0.014 1.785
0.0160284 1.79
0.014 1.795
0.0158443 1.8
0.0139715 1.805
0.0155786 1.81
0.014 1.815
0.0153936 1.82
0.014 1.825
0.0151849 1.83
0.014 1.835
0.0149983 1.84
0.014 1.845
0.0148329 1.85
0.014 1.855
0.0146854 1.86
0.014 1.865
0.0145533 1.87
0.014 1.875
0.0144344 1.88
0.014 1.885
0.0143277 1.89
0.014 1.895
0.0142326 1.9
0.014 1.905
0.0141488 1.91
0.014 1.915
0.0140756 1.92
0.014 1.925
0.0140127 1.93
0.014 1.935
0.0139592 1.94
0.0138596 1.945
0.0136756 1.95
0.0133917 1.955
0.0129863 1.96
0.0124479 1.965
0.0117576 1.97
0.0109071 1.975
0.00987958 1.98
0.00866991 1.985
0.00726265 1.99
0.00565539 1.995
0.00383411 2
0.00179848 2.005
-0.000346094 2.01
-9.9702e-06 2.015
-0.000229139 2.02
-9.9702e-06 2.025
-0.000223542 2.03
-9.9702e-06 2.035
-0.000218712 2.04
-9.9702e-06 2.045
-0.000210468 2.05
-9.9702e-06 2.055
-0.000199077 2.06
-9.9702e-06 2.065
-0.000184893 2.07
-9.9702e-06 2.075
-0.000168365 2.08
-9.9702e-06 2.085
-0.000150033 2.09
-9.9702e-06 2.095
-0.000130526 2.1
-9.9702e-06 2.105
-0.000110532 2.11
-9.9702e-06 2.115
-9.07657e-05 2.12
-9.9702e-06 2.125
-7.19309e-05 2.13
-9.9702e-06 2.135
-5.46805e-05 2.14
-9.9702e-06 2.145
-3.95821e-05 2.15
-9.9702e-06 2.155
-2.70927e-05 2.16
-9.9702e-06 2.165
-1.88699e-05 2.17
-9.9702e-06 2.175
-1.57644e-05 2.18
-9.9702e-06 2.185
-1.05512e-05 2.19
-9.60537e-06 2.195
-9.79632e-06 2.2
-2.02454e-05 2.205
3.29095e-06 2.21
9.49042e-07 2.215
-1.5196e-05 2.22
-9.9702e-06 2.225
-3.00677e-05 2.23
-9.9702e-06 2.235
-4.32507e-05 2.24
-9.9702e-06 2.245
-5.9184e-05 2.25
-9.9702e-06 2.255
-7.75455e-05 2.26
-9.9702e-06 2.265
-9.8075e-05 2.27
-9.9702e-06 2.275
-0.000120541 2.28
-9.9702e-06 2.285
-0.000144717 2.29
-9.9702e-06 2.295
-0.000170348 2.3
-9.9702e-06 2.305
-0.000197098 2.31
-9.9702e-06 2.315
-0.000224503 2.32
-9.9702e-06 2.325
-0.000251929 2.33
-9.9702e-06 2.335
-0.000278556 2.34
-9.9702e-06 2.345
-0.000303407 2.35
-9.9702e-06 2.355
-0.000325424 2.36
-9.9702e-06 2.365
-0.000343596 2.37
-9.9702e-06 2.375
-0.0003571 2.38
-9.9702e-06 2.385
-0.000365427 2.39
-9.9702e-06 2.395
-0.000368442 2.4
-9.9702e-06 2.405
-0.000366079 2.41
-0.000291885 2.415
-9.9702e-06 2.42
-0.000349696 2.425
-9.9702e-06 2.43
-0.000334212 2.435
-9.9702e-06 2.44
-0.000316217 2.445
-9.9702e-06 2.45
-0.000296529 2.455
-9.9702e-06 2.46
-0.000275831 2.465
-9.9702e-06 2.47
-0.000254657 2.475
-9.9702e-06 2.48
-0.000233402 2.485
-9.9702e-06 2.49
-0.000212354 2.495
-9.9702e-06 2.5
-0.000191723 2.505
-9.9702e-06 2.51
-0.000171668 2.515
-9.9702e-06 2.52
-0.000152323 2.525
-9.9702e-06 2.53
-0.000133811 2.535
-9.9702e-06 2.54
-0.000116254 2.545
-9.9702e-06 2.55
-9.97751e-05 2.555
-9.9702e-06 2.56
-8.44929e-05 2.565
-9.9702e-06 2.57
-7.05179e-05 2.575
-9.9702e-06 2.58
-5.79404e-05 2.585
-9.9702e-06 2.59
-4.68188e-05 2.595
-9.9702e-06 2.6
-3.71677e-05 2.605
-9.9702e-06 2.61
-2.89454e-05 2.615
-9.9702e-06 2.62
-2.20435e-05 2.625
-9.9702e-06 2.63
-1.62785e-05 2.635
-9.9702e-06 2.64
-1.13846e-05 2.645
-8.34153e-06 2.65
-3.75388e-06 2.655
1.07623e-05 2.66
6.18739e-05 2.665
0.000113564 2.67
0.000169525 2.675
0.000235615 2.68
0.000308645 2.685
0.000391851 2.69
0.000481973 2.695
0.000581741 2.7
0.000687996 2.705
0.000802712 2.71
0.000923007 2.715
0.00104983 2.72
0.00118075 2.725
0.00131538 2.73
0.00145195 2.735
0.00158836 2.74
0.00172369 2.745
0.00185383 2.75
0.00197864 2.755
0.00209163 2.76
0.00219393 2.765
0.0022758 2.77
0.00233999 2.775
0.0023728 2.78
0.00237897 2.785
0.00233997 2.79
0.00226306 2.795
0.00212388 2.8
0.00193297 2.805
0.00165903 2.81
0.00135656 2.815
0.000937948 2.82
0.000456481 2.825
-0.00016998 2.83
-9.9702e-06 2.835
-0.000172017 2.84
-9.9702e-06 2.845
-0.000205849 2.85
-9.9702e-06 2.855
-0.000244299 2.86
-9.9702e-06 2.865
-0.000283906 2.87
-9.9702e-06 2.875
-0.000322222 2.88
-9.9702e-06 2.885
-0.000356839 2.89
-9.9702e-06 2.895
-0.000385948 2.9
-9.9702e-06 2.905
-0.000408738 2.91
-9.9702e-06 2.915
-0.000425528 2.92
-9.9702e-06 2.925
-0.000437664 2.93
-9.9702e-06 2.935
-0.000447154 2.94
-9.9702e-06 2.945
-0.000458986 2.95
-0.000209304 2.955
-9.9702e-06 2.96
-0.000466205 2.965
-9.9702e-06 2.97
-0.000447198 2.975
-9.9702e-06 2.98
-0.000429715 2.985
-9.9702e-06 2.99
-0.000383576 2.995
-9.9702e-06 3
-0.000281648 3.005
-9.9702e-06 3.01
-9.23595e-05 3.015
-9.9702e-06 3.02
0.000191276 3.025
0.000755649 3.03
0.0018106 3.035
0.00346207 3.04
0.00573338 3.045
0.00862792 3.05
0.0120871 3.055
0.0160659 3.06
0.0139953 3.065
0.0143913 3.07
0.014 3.075
0.0143101 3.08
0.014 3.085
0.0142507 3.09
0.014 3.095
0.0142058 3.1
0.014 3.105
0.014167 3.11
0.014 3.115
0.0141297 3.12
0.014 3.125
0.0140919 3.13
0.014 3.135
0.0140527 3.14
0.014 3.145
0.014012 3.15
0.014 3.155
0.0139698 3.16
0.0139067 3.165
0.0137731 3.17
0.0135605 3.175
0.0132335 3.18
0.0127827 3.185
0.0121721 3.19
0.0113914 3.195
0.0104037 3.2
0.00919709 3.205
0.00773294 3.21
0.00599802 3.215
0.00394992 3.22
0.00157493 3.225
-0.000920674 3.23
-9.9702e-06 3.235
-0.000420275 3.24
-9.9702e-06 3.245
-0.00046202 3.25
-9.9702e-06 3.255
-0.000521411 3.26
-9.9702e-06 3.265
-0.000587205 3.27
-9.9702e-06 3.275
-0.000659678 3.28
-9.9702e-06 3.285
-0.000737419 3.29
-9.9702e-06 3.295
-0.000815917 3.3
-9.9702e-06 3.305
-0.000886349 3.31
-9.9702e-06 3.315
-0.000935858 3.32
-9.9702e-06 3.325
-0.000950939 3.33
-9.9702e-06 3.335
-0.000923642 3.34
-9.9702e-06 3.345
-0.000856578 3.35
-9.9702e-06 3.355
-0.000762063 3.36
-9.9702e-06 3.365
-0.000674696 3.37
-9.9702e-06 3.375
-0.000625944 3.38
-0.00025458 3.385
-9.9702e-06 3.39
-0.000478828 3.395
-0.00013348 3.4
-9.9702e-06 3.405
-0.00036113 3.41
-6.6667e-05 3.415
-9.9702e-06 3.42
-0.000267488 3.425
-9.9702e-06 3.43
-0.000215838 3.435
-9.9702e-06 3.44
-0.000177308 3.445
-9.9702e-06 3.45
-0.000146104 3.455
-9.9702e-06 3.46
-0.000120859 3.465
-9.9702e-06 3.47
-0.000100435 3.475
-9.9702e-06 3.48
-8.38872e-05 3.485
-9.9702e-06 3.49
-7.0446e-05 3.495
-9.9702e-06 3.5
-5.94816e-05 3.505
-9.9702e-06 3.51
-5.04806e-05 3.515
-9.9702e-06 3.52
-4.30245e-05 3.525
-9.9702e-06 3.53
-3.67699e-05 3.535
-9.9702e-06 3.54
-3.14345e-05 3.545
-9.9702e-06 3.55
-2.67839e-05 3.555
-9.9702e-06 3.56
-2.26218e-05 3.565
-9.9702e-06 3.57
-1.87745e-05 3.575
-9.9702e-06 3.58
-1.50857e-05 3.585
-9.9702e-06 3.59
-1.14561e-05 3.595
-9.9702e-06 3.6
-7.7754e-06 3.605
-1.0603e-05 3.61
-2.33257e-06 3.615
5.83814e-06 3.62
2.2655e-05 3.625
4.51393e-05 3.63
8.07542e-05 3.635
0.000127036 3.64
0.00019126 3.645
0.000271586 3.65
0.000375112 3.655
0.000500632 3.66
0.000655105 3.665
0.000837971 3.67
0.00105608 3.675
0.00130951 3.68
0.00160503 3.685
0.00194334 3.69
0.00233114 3.695
0.00276973 3.7
0.00326573 3.705
0.00382096 3.71
0.00444195 3.715
0.00513097 3.72
0.00589442 3.725
0.00673487 3.73
0.00765855 3.735
0.00866811 3.74
0.00976959 3.745
0.0109655 3.75
0.0122615 3.755
0.0136598 3.76
0.0151657 3.765
0.014 3.77
0.0141104 3.775
0.014 3.78
0.0141139 3.785
0.014 3.79
0.0141153 3.795
0.014 3.8
0.0141143 3.805
0.014 3.81
0.0141108 3.815
0.014 3.82
0.0141048 3.825
0.014 3.83
0.0140965 3.835
0.014 3.84
0.0140863 3.845
0.014 3.85
0.0140745 3.855
0.014 3.86
0.0140616 3.865
0.014 3.87
0.0140482 3.875
0.014 3.88
0.0140348 3.885
0.014 3.89
0.0140219 3.895
0.014 3.9
0.0140099 3.905
0.014 3.91
0.0139992 3.915
0.0139829 3.92
0.0139627 3.925
0.0139117 3.93
0.0138496 3.935
0.0137487 3.94
0.0136304 3.945
0.0134669 3.95
0.0132804 3.955
0.0130431 3.96
0.0127771 3.965
0.012455 3.97
0.0120976 3.975
0.0116777 3.98
0.0112141 3.985
0.0106795 3.99
0.0100891 3.995
0.00941569 4
0.00866949 4.005
0.00782228 4.01
0.00687833 4.015
0.00600435 4.02
0.00491722 4.025
0.00552847 4.03
0.004972 4.035
0.004627 4.04
0.0041622 4.045
0.00367347 4.05
0.00307358 4.055
0.00241933 4.06
0.0016525 4.065
0.000803636 4.07
-0.00015994 4.075
-9.9702e-06 4.08
-0.00012985 4.085
-9.9702e-06 4.09
-6.95338e-05 4.095
-9.9702e-06 4.1
-0.000123801 4.105
-9.9702e-06 4.11
-0.000128777 4.115
-9.9702e-06 4.12
-0.00013349 4.125
-9.9702e-06 4.13
-0.000138143 4.135
-9.9702e-06 4.14
-0.000142813 4.145
-9.9702e-06 4.15
-0.000147607 4.155
-9.9702e-06 4.16
-0.000152649 4.165
-9.9702e-06 4.17
-0.000158044 4.175
-9.9702e-06 4.18
-0.000163832 4.185
-9.9702e-06 4.19
-0.000169908 4.195
-9.9702e-06 4.2
-0.000175926 4.205
-9.9702e-06 4.21
-0.000181188 4.215
-9.9702e-06 4.22
-0.000184549 4.225
-9.9702e-06 4.23
-0.000184404 4.235
-9.9702e-06 4.24
-0.000178855 4.245
-9.9702e-06 4.25
-0.000165682 4.255
-9.9702e-06 4.26
-0.000141527 4.265
-9.99998e-06 4.27
-0.000233816 4.275
-9.9702e-06 4.28
-0.000298972 4.285
-9.9702e-06 4.29
-0.000172073 4.295
-9.9702e-06 4.3
-1.09676e-05 4.305
1.20486e-05 4.31
0.000262477 4.315
0.000494858 4.32
0.00114944 4.325
0.00175789 4.33
0.00290275 4.335
0.00400048 4.34
0.00566485 4.345
0.00730399 4.35
0.00946531 4.355
0.0117511 4.36
0.0142953 4.365
0.0143998 4.37
0.0143184 4.375
0.0144446 4.38
0.0141972 4.385
0.0140879 4.39
0.0142288 4.395
0.0143064 4.4
0.0140982 4.405
0.0140544 4.41
0.0140419 4.415
0.0140278 4.42
0.0140155 4.425
0.0140043 4.43
0 0
6.17734e-05 0.005
0.000181793 0.01
0.000366185 0.015
0.000609603 0.02
0.000919796 0.025
0.00129059 0.03
0.00172981 0.035
0.00223132 0.04
0.00280314 0.045
0.00343925 0.05
0.00414809 0.055
0.00492387 0.06
0.00577597 0.065
0.00669878 0.07
0.00770342 0.075
0.00878439 0.08
0.00995565 0.085
0.0112116 0.09
0.0125705 0.095
0.0140263 0.1
0.014 0.105
0.0141415 0.11
0.014 0.115
0.0141679 0.12
0.014 0.125
0.0142051 0.13
0.014 0.135
0.0142519 0.14
0.014 0.145
0.0143085 0.15
0.014 0.155
0.014374 0.16
0.0139927 0.165
0.0144368 0.17
0.014 0.175
0.0145162 0.18
0.014 0.185
0.0145848 0.19
0.014 0.195
0.0146446 0.2
0.014 0.205
0.0146902 0.21
0.014 0.215
0.0147174 0.22
0.014 0.225
0.0147247 0.23
0.014 0.235
0.0147131 0.24
0.014 0.245
0.014688 0.25
0.0139873 0.255
0.0146319 0.26
0.014 0.265
0.0145985 0.27
0.014 0.275
0.0145504 0.28
0.014 0.285
0.0145043 0.29
0.014 0.295
0.0144627 0.3
0.014 0.305
0.0144273 0.31
0.014 0.315
0.0143992 0.32
0.014 0.325
0.0143791 0.33
0.014 0.335
0.0143677 0.34
0.014 0.345
0.0143652 0.35
0.014 0.355
0.0143721 0.36
0.014 0.365
0.0143888 0.37
0.014 0.375
0.0144156 0.38
0.014 0.385
0.0144522 0.39
0.014 0.395
0.014497 0.4
0.014 0.405
0.0145472 0.41
0.014 0.415
0.0145986 0.42
0.014 0.425
0.0146473 0.43
0.014 0.435
0.0146918 0.44
0.014 0.445
0.0147319 0.45
0.014 0.455
0.0147676 0.46
0.014 0.465
0.014797 0.47
0.014 0.475
0.0148171 0.48
0.014 0.485
0.0148242 0.49
0.014 0.495
0.014816 0.5
0.014 0.505
0.0147914 0.51
0.014 0.515
0.0147515 0.52
0.014 0.525
0.0146983 0.53
0.014 0.535
0.0146311 0.54
0.014 0.545
0.0145498 0.55
0.014 0.555
0.0144741 0.56
0.014 0.565
0.0144144 0.57
0.014 0.575
0.0143762 0.58
0.014 0.585
0.014356 0.59
0.0079003 0.595
0.00205424 0.6
-0.00359436 0.605
-0.00354911 0.61
-0.00332092 0.615
-0.00291558 0.62
-0.00233778 0.625
-0.00159127 0.63
-0.00067887 0.635
0.000397446 0.64
0.00141905 0.645
0.00292426 0.65
0.00447943 0.655
0.00620483 0.66
0.00808085 0.665
0.0101324 0.67
0.0123403 0.675
0.0147338 0.68
0.014 0.685
0.0142054 0.69
0.014 0.695
0.0142153 0.7
0.014 0.705
0.0142365 0.71
0.014 0.715
0.0142588 0.72
0.014 0.725
0.0142789 0.73
0.014 0.735
0.0142933 0.74
0.014 0.745
0.0142993 0.75
0.014 0.755
0.014296 0.76
0.014 0.765
0.0142839 0.77
0.014 0.775
0.0142651 0.78
0.014 0.785
0.0142421 0.79
0.014 0.795
0.0142173 0.8
0.014 0.805
0.0141927 0.81
0.014 0.815
0.0141696 0.82
0.014 0.825
0.0141489 0.83
0.014 0.835
0.0141308 0.84
0.014 0.845
0.0141156 0.85
0.014 0.855
0.0141031 0.86
0.014 0.865
0.0140933 0.87
0.014 0.875
0.0140857 0.88
0.014 0.885
0.0140804 0.89
0.014 0.895
0.0140769 0.9
0.014 0.905
0.0140751 0.91
0.014 0.915
0.0140748 0.92
0.014 0.925
0.0140757 0.93
0.014 0.935
0.0140777 0.94
0.014 0.945
0.0140806 0.95
0.014 0.955
0.0140844 0.96
0.014 0.965
0.0140888 0.97
0.014 0.975
0.014094 0.98
0.014 0.985
0.0140997 0.99
0.014 0.995
0.014106 1
0.014 1.005
0.014113 1.01
0.014 1.015
0.0141208 1.02
0.014 1.025
0.0141294 1.03
0.014 1.035
0.014139 1.04
0.014 1.045
0.0141499 1.05
0.014 1.055
0.0141622 1.06
0.014 1.065
0.0141764 1.07
0.014 1.075
0.0141926 1.08
0.014 1.085
0.0142118 1.09
0.0139944 1.095
0.0142238 1.1
0.014 1.105
0.0142535 1.11
0.014 1.115
0.0142775 1.12
0.014 1.125
0.0143025 1.13
0.014 1.135
0.0143274 1.14
0.014 1.145
0.0143506 1.15
0.014 1.155
0.0143702 1.16
0.014 1.165
0.0143846 1.17
0.014 1.175
0.0143925 1.18
0.014 1.185
0.0143932 1.19
0.014 1.195
0.0143866 1.2
0.014 1.205
0.0143734 1.21
0.014 1.215
0.0143544 1.22
0.014 1.225
0.0143311 1.23
0.014 1.235
0.0143047 1.24
0.014 1.245
0.0142767 1.25
0.014 1.255
0.0142482 1.26
0.014 1.265
0.0142201 1.27
0.014 1.275
0.0141933 1.28
0.014 1.285
0.0141682 1.29
0.014 1.295
0.0141453 1.3
0.014 1.305
0.0141247 1.31
0.014 1.315
0.0141066 1.32
0.014 1.325
0.0140909 1.33
0.014 1.335
0.0140774 1.34
0.014 1.345
0.0140661 1.35
0.0139988 1.355
0.0140547 1.36
0.014 1.365
0.0140476 1.37
0.014 1.375
0.0140407 1.38
0.014 1.385
0.014035 1.39
0.014 1.395
0.0140303 1.4
0.014 1.405
0.0140264 1.41
0.014 1.415
0.0140231 1.42
0.014 1.425
0.0140204 1.43
0.014 1.435
0.014018 1.44
0.014 1.445
0.0140159 1.45
0.014 1.455
0.0140141 1.46
0.014 1.465
0.0140124 1.47
0.014 1.475
0.0140108 1.48
0.014 1.485
0.0140093 1.49
0.014 1.495
0.0140079 1.5
0.014 1.505
0.0140067 1.51
0.014 1.515
0.0140055 1.52
0.014 1.525
0.0140047 1.53
0.014 1.535
0.0140041 1.54
0.014 1.545
0.014004 1.55
0.014 1.555
0.0140045 1.56
0.014 1.565
0.0140061 1.57
0.014 1.575
0.014009 1.58
0.014 1.585
0.0140139 1.59
0.014 1.595
0.0140216 1.6
0.014 1.605
0.0140334 1.61
0.014 1.615
0.0140507 1.62
0.014 1.625
0.0140761 1.63
0.014 1.635
0.0141125 1.64
0.014 1.645
0.0141639 1.65
0.014 1.655
0.0142353 1.66
0.014 1.665
0.0143318 1.67
0.014 1.675
0.0144584 1.68
0.014 1.685
0.0146183 1.69
0.014 1.695
0.0148111 1.7
0.014 1.705
0.0150314 1.71
0.014 1.715
0.0152686 1.72
0.014 1.725
0.0155085 1.73
0.014 1.735
0.0157361 1.74
0.014 1.745
0.0159357 1.75
0.014 1.755
0.0160872 1.76
0.014 1.765
0.0161642 1.77
0.014 1.775
0.0161449 1.78
0.014 1.785
0.0160284 1.79
0.014 1.795
0.0158443 1.8
0.0139715 1.805
0.0155786 1.81
0.014 1.815
0.0153936 1.82
0.014 1.825
0.0151849 1.83
0.014 1.835
0.0149983 1.84
0.014 1.845
0.0148329 1.85
0.014 1.855
0.0146854 1.86
0.014 1.865
0.0145533 1.87
0.014 1.875
0.0144344 1.88
0.014 1.885
0.0143277 1.89
0.014 1.895
0.0142326 1.9
0.014 1.905
0.0141488 1.91
0.014 1.915
0.0140756 1.92
0.014 1.925
0.0140127 1.93
0.014 1.935
0.0139592 1.94
0.0138596 1.945
0.0136756 1.95
0.0133917 1.955
0.0129863 1.96
0.0124479 1.965
0.0117576 1.97
0.0109071 1.975
0.00987958 1.98
0.00866991 1.985
0.00726265 1.99
0.00565539 1.995
0.00383411 2
0.00179848 2.005
-0.000346094 2.01
-9.9702e-06 2.015
-0.000229139 2.02
-9.9702e-06 2.025
-0.000223542 2.03
-9.9702e-06 2.035
-0.000218712 2.04
-9.9702e-06 2.045
-0.000210468 2.05
-9.9702e-06 2.055
-0.000199077 2.06
-9.9702e-06 2.065
-0.000184893 2.07
-9.9702e-06 2.075
-0.000168365 2.08
-9.9702e-06 2.085
-0.000150033 2.09
-9.9702e-06 2.095
-0.000130526 2.1
-9.9702e-06 2.105
-0.000110532 2.11
-9.9702e-06 2.115
-9.07657e-05 2.12
-9.9702e-06 2.125
-7.19309e-05 2.13
-9.9702e-06 2.135
-5.46805e-05 2.14
-9.9702e-06 2.145
-3.95821e-05 2.15
-9.9702e-06 2.155
-2.70927e-05 2.16
-9.9702e-06 2.165
-1.88699e-05 2.17
-9.9702e-06 2.175
-1.57644e-05 2.18
-9.9702e-06 2.185
-1.05512e-05 2.19
-9.60537e-06 2.195
-9.79632e-06 2.2
-2.02454e-05 2.205
3.29095e-06 2.21
9.49042e-07 2.215
-1.5196e-05 2.22
-9.9702e-06 2.225
-3.00677e-05 2.23
-9.9702e-06 2.235
-4.32507e-05 2.24
-9.9702e-06 2.245
-5.9184e-05 2.25
-9.9702e-06 2.255
-7.75455e-05 2.26
-9.9702e-06 2.265
-9.8075e-05 2.27
-9.9702e-06 2.275
-0.000120541 2.28
-9.9702e-06 2.285
-0.000144717 2.29
-9.9702e-06 2.295
-0.000170348 2.3
-9.9702e-06 2.305
-0.000197098 2.31
-9.9702e-06 2.315
-0.000224503 2.32
-9.9702e-06 2.325
-0.000251929 2.33
-9.9702e-06 2.335
-0.000278556 2.34
-9.9702e-06 2.345
-0.000303407 2.35
-9.9702e-06 2.355
-0.000325424 2.36
-9.9702e-06 2.365
-0.000343596 2.37
-9.9702e-06 2.375
-0.0003571 2.38
-9.9702e-06 2.385
-0.000365427 2.39
-9.9702e-06 2.395
-0.000368442 2.4
-9.9702e-06 2.405
-0.000366079 2.41
-0.000291885 2.415
-9.9702e-06 2.42
-0.000349696 2.425
-9.9702e-06 2.43
-0.000334212 2.435
-9.9702e-06 2.44
-0.000316217 2.445
-9.9702e-06 2.45
-0.000296529 2.455
-9.9702e-06 2.46
-0.000275831 2.465
-9.9702e-06 2.47
-0.000254657 2.475
-9.9702e-06 2.48
-0.000233402 2.485
-9.9702e-06 2.49
-0.000212354 2.495
-9.9702e-06 2.5
-0.000191723 2.505
-9.9702e-06 2.51
-0.000171668 2.515
-9.9702e-06 2.52
-0.000152323 2.525
-9.9702e-06 2.53
-0.000133811 2.535
-9.9702e-06 2.54
-0.000116254 2.545
-9.9702e-06 2.55
-9.97751e-05 2.555
-9.9702e-06 2.56
-8.44929e-05 2.565
-9.9702e-06 2.57
-7.05179e-05 2.575
-9.9702e-06 2.58
-5.79404e-05 2.585
-9.9702e-06 2.59
-4.68188e-05 2.595
-9.9702e-06 2.6
-3.71677e-05 2.605
-9.9702e-06 2.61
-2.89454e-05 2.615
-9.9702e-06 2.62
-2.20435e-05 2.625
-9.9702e-06 2.63
-1.62785e-05 2.635
-9.9702e-06 2.64
-1.13846e-05 2.645
-8.34153e-06 2.65
-3.75388e-06 2.655
1.07623e-05 2.66
6.18739e-05 2.665
0.000113564 2.67
0.000169525 2.675
0.000235615 2.68
0.000308645 2.685
0.000391851 2.69
0.000481973 2.695
0.000581741 2.7
0.000687996 2.705
0.000802712 2.71
0.000923007 2.715
0.00104983 2.72
0.00118075 2.725
0.00131538 2.73
0.00145195 2.735
0.00158836 2.74
0.00172369 2.745
0.00185383 2.75
0.00197864 2.755
0.00209163 2.76
0.00219393 2.765
0.0022758 2.77
0.00233999 2.775
0.0023728 2.78
0.00237897 2.785
0.00233997 2.79
0.00226306 2.795
0.00212388 2.8
0.00193297 2.805
0.00165903 2.81
0.00135656 2.815
0.000937948 2.82
0.000456481 2.825
-0.00016998 2.83
-9.9702e-06 2.835
-0.000172017 2.84
-9.9702e-06 2.845
-0.000205849 2.85
-9.9702e-06 2.855
-0.000244299 2.86
-9.9702e-06 2.865
-0.000283906 2.87
-9.9702e-06 2.875
-0.000322222 2.88
-9.9702e-06 2.885
-0.000356839 2.89
-9.9702e-06 2.895
-0.000385948 2.9
-9.9702e-06 2.905
-0.000408738 2.91
-9.9702e-06 2.915
-0.000425528 2.92
-9.9702e-06 2.925
-0.000437664 2.93
-9.9702e-06 2.935
-0.000447154 2.94
-9.9702e-06 2.945
-0.000458986 2.95
-0.000209304 2.955
-9.9702e-06 2.96
-0.000466205 2.965
-9.9702e-06 2.97
-0.000447198 2.975
-9.9702e-06 2.98
-0.000429715 2.985
-9.9702e-06 2.99
-0.000383576 2.995
-9.9702e-06 3
-0.000281648 3.005
-9.9702e-06 3.01
-9.23595e-05 3.015
-9.9702e-06 3.02
0.000191276 3.025
0.000755649 3.03
0.0018106 3.035
0.00346207 3.04
0.00573338 3.045
0.00862792 3.05
0.0120871 3.055
0.0160659 3.06
0.0139953 3.065
0.0143913 3.07
0.014 3.075
0.0143101 3.08
0.014 3.085
0.0142507 3.09
0.014 3.095
0.0142058 3.1
0.014 3.105
0.014167 3.11
0.014 3.115
0.0141297 3.12
0.014 3.125
0.0140919 3.13
0.014 3.135
0.0140527 3.14
0.014 3.145
0.014012 3.15
0.014 3.155
0.0139698 3.16
0.0139067 3.165
0.0137731 3.17
0.0135605 3.175
0.0132335 3.18
0.0127827 3.185
0.0121721 3.19
0.0113914 3.195
0.0104037 3.2
0.00919709 3.205
0.00773294 3.21
0.00599802 3.215
0.00394992 3.22
0.00157493 3.225
-0.000920674 3.23
-9.9702e-06 3.235
-0.000420275 3.24
-9.9702e-06 3.245
-0.00046202 3.25
-9.9702e-06 3.255
-0.000521411 3.26
-9.9702e-06 3.265
-0.000587205 3.27
-9.9702e-06 3.275
-0.000659678 3.28
-9.9702e-06 3.285
-0.000737419 3.29
-9.9702e-06 3.295
-0.000815917 3.3
-9.9702e-06 3.305
-0.000886349 3.31
-9.9702e-06 3.315
-0.000935858 3.32
-9.9702e-06 3.325
-0.000950939 3.33
-9.9702e-06 3.335
-0.000923642 3.34
-9.9702e-06 3.345
-0.000856578 3.35
-9.9702e-06 3.355
-0.000762063 3.36
-9.9702e-06 3.365
-0.000674696 3.37
-9.9702e-06 3.375
-0.000625944 3.38
-0.00025458 3.385
-9.9702e-06 3.39
-0.000478828 3.395
-0.00013348 3.4
-9.9702e-06 3.405
-0.00036113 3.41
-6.6667e-05 3.415
-9.9702e-06 3.42
-0.000267488 3.425
-9.9702e-06 3.43
-0.000215838 3.435
-9.9702e-06 3.44
-0.000177308 3.445
-9.9702e-06 3.45
-0.000146104 3.455
-9.9702e-06 3.46
-0.000120859 3.465
-9.9702e-06 3.47
-0.000100435 3.475
-9.9702e-06 3.48
-8.38872e-05 3.485
-9.9702e-06 3.49
-7.0446e-05 3.495
-9.9702e-06 3.5
-5.94816e-05 3.505
-9.9702e-06 3.51
-5.04806e-05 3.515
-9.9702e-06 3.52
-4.30245e-05 3.525
-9.9702e-06 3.53
-3.67699e-05 3.535
-9.9702e-06 3.54
-3.14345e-05 3.545
-9.9702e-06 3.55
-2.67839e-05 3.555
-9.9702e-06 3.56
-2.26218e-05 3.565
-9.9702e-06 3.57
-1.87745e-05 3.575
-9.9702e-06 3.58
-1.50857e-05 3.585
-9.9702e-06 3.59
-1.14561e-05 3.595
-9.9702e-06 3.6
-7.7754e-06 3.605
-1.0603e-05 3.61
-2.33257e-06 3.615
5.83814e-06 3.62
2.2655e-05 3.625
4.51393e-05 3.63
8.07542e-05 3.635
0.000127036 3.64
0.00019126 3.645
0.000271586 3.65
0.000375112 3.655
0.000500632 3.66
0.000655105 3.665
0.000837971 3.67
0.00105608 3.675
0.00130951 3.68
0.00160503 3.685
0.00194334 3.69
0.00233114 3.695
0.00276973 3.7
0.00326573 3.705
0.00382096 3.71
0.00444195 3.715
0.00513097 3.72
0.00589442 3.725
0.00673487 3.73
0.00765855 3.735
0.00866811 3.74
0.00976959 3.745
0.0109655 3.75
0.0122615 3.755
0.0136598 3.76
0.0151657 3.765
0.014 3.77
0.0141104 3.775
0.014 3.78
0.0141139 3.785
0.014 3.79
0.0141153 3.795
0.014 3.8
0.0141143 3.805
0.014 3.81
0.0141108 3.815
0.014 3.82
0.0141048 3.825
0.014 3.83
0.0140965 3.835
0.014 3.84
0.0140863 3.845
0.014 3.85
0.0140745 3.855
0.014 3.86
0.0140616 3.865
0.014 3.87
0.0140482 3.875
0.014 3.88
0.0140348 3.885
0.014 3.89
0.0140219 3.895
0.014 3.9
0.0140099 3.905
0.014 3.91
0.0139992 3.915
0.0139829 3.92
0.0139627 3.925
0.0139117 3.93
0.0138496 3.935
0.0137487 3.94
0.0136304 3.945
0.0134669 3.95
0.0132804 3.955
0.0130431 3.96
0.0127771 3.965
0.012455 3.97
0.0120976 3.975
0.0116777 3.98
0.0112141 3.985
0.0106795 3.99
0.0100891 3.995
0.00941569 4
0.00866949 4.005
0.00782228 4.01
0.00687833 4.015
0.00600435 4.02
0.00491722 4.025
0.00552847 4.03
0.004972 4.035
0.004627 4.04
0.0041622 4.045
0.00367347 4.05
0.00307358 4.055
0.00241933 4.06
0.0016525 4.065
0.000803636 4.07
-0.00015994 4.075
-9.9702e-06 4.08
-0.00012985 4.085
-9.9702e-06 4.09
-6.95338e-05 4.095
-9.9702e-06 4.1
-0.000123801 4.105
-9.9702e-06 4.11
-0.000128777 4.115
-9.9702e-06 4.12
-0.00013349 4.125
-9.9702e-06 4.13
-0.000138143 4.135
-9.9702e-06 4.14
-0.000142813 4.145
-9.9702e-06 4.15
-0.000147607 4.155
-9.9702e-06 4.16
-0.000152649 4.165
-9.9702e-06 4.17
-0.000158044 4.175
-9.9702e-06 4.18
-0.000163832 4.185
-9.9702e-06 4.19
-0.000169908 4.195
-9.9702e-06 4.2
-0.000175926 4.205
-9.9702e-06 4.21
-0.000181188 4.215
-9.9702e-06 4.22
-0.000184549 4.225
-9.9702e-06 4.23
-0.000184404 4.235
-9.9702e-06 4.24
-0.000178855 4.245
-9.9702e-06 4.25
-0.000165682 4.255
-9.9702e-06 4.26
-0.000141527 4.265
-9.99998e-06 4.27
-0.000233816 4.275
-9.9702e-06 4.28
-0.000298972 4.285
-9.9702e-06 4.29
-0.000172073 4.295
-9.9702e-06 4.3
-1.09676e-05 4.305
1.20486e-05 4.31
0.000262477 4.315
0.000494858 4.32
0.00114944 4.325
0.00175789 4.33
0.00290275 4.335
0.00400048 4.34
0.00566485 4.345
0.00730399 4.35
0.00946531 4.355
0.0117511 4.36
0.0142953 4.365
0.0143998 4.37
0.0143184 4.375
0.0144446 4.38
0.0141972 4.385
0.0140879 4.39
0.0142288 4.395
0.0143064 4.4
0.0140982 4.405
0.0140544 4.41
0.0140419 4.415
0.0140278 4.42
0.0140155 4.425
0.0140043 4.43
