0 0
0.000249763 0.01
0.000735556 0.02
0.00148847 0.03
0.00248772 0.04
0.00376816 0.05
0.0053109 0.06
0.00715861 0.07
0.00930027 0.08
0.0118016 0.09
0.0146653 0.1
0.014 0.11
0.0145529 0.12
0.014 0.13
0.0147767 0.14
0.014 0.15
0.015164 0.16
0.014 0.17
0.0156525 0.18
0.014 0.19
0.0161597 0.2
0.014 0.21
0.0164816 0.22
0.014 0.23
0.016534 0.24
0.014 0.25
0.0163512 0.26
0.014 0.27
0.0160123 0.28
0.014 0.29
0.0156881 0.3
0.014 0.31
0.0154488 0.32
0.014 0.33
0.0153244 0.34
0.014 0.35
0.0153278 0.36
0.014 0.37
0.0154641 0.38
0.014 0.39
0.0157173 0.4
0.014 0.41
0.0160034 0.42
0.0139986 0.43
0.0161829 0.44
0.013978 0.45
0.0162125 0.46
0.0139268 0.47
0.016197 0.48
0.0138558 0.49
0.0161642 0.5
0.0137934 0.51
0.0160447 0.52
0.0137914 0.53
0.0158121 0.54
0.0138938 0.55
0.0155541 0.56
0.014 0.57
0.015229 0.58
0.014 0.59
0.0149065 0.6
0.014 0.61
0.0147024 0.62
0.014 0.63
0.01464 0.64
0.0077076 0.65
0.000985406 0.66
-0.00448145 0.67
-0.000607088 0.68
0.000552513 0.69
0.0016971 0.7
0.00353054 0.71
0.0060941 0.72
0.00952882 0.73
0.0139179 0.74
0.0194131 0.75
0.014 0.76
0.0154071 0.77
0.014 0.78
0.0155516 0.79
0.0139693 0.8
0.0155065 0.81
0.014 0.82
0.0153899 0.83
0.014 0.84
0.0151773 0.85
0.014 0.86
0.0149651 0.87
0.014 0.88
0.0147819 0.89
0.014 0.9
0.0146396 0.91
0.014 0.92
0.0145371 0.93
0.014 0.94
0.0144699 0.95
0.014 0.96
0.0144328 0.97
0.014 0.98
0.014421 0.99
0.014 1
0.0144303 1.01
0.014 1.02
0.0144573 1.03
0.014 1.04
0.0144993 1.05
0.014 1.06
0.014554 1.07
0.014 1.08
0.0146197 1.09
0.014 1.1
0.0146953 1.11
0.014 1.12
0.0147791 1.13
0.014 1.14
0.0148693 1.15
0.014 1.16
0.014962 1.17
0.014 1.18
0.0150506 1.19
0.014 1.2
0.0151254 1.21
0.0139881 1.22
0.01516 1.23
0.014 1.24
0.015178 1.25
0.0139882 1.26
0.0151228 1.27
0.014 1.28
0.0150451 1.29
0.014 1.3
0.0149228 1.31
0.014 1.32
0.0147851 1.33
0.014 1.34
0.0146482 1.35
0.014 1.36
0.014523 1.37
0.014 1.38
0.0144147 1.39
0.014 1.4
0.0143241 1.41
0.014 1.42
0.0142497 1.43
0.014 1.44
0.0141888 1.45
0.014 1.46
0.0141391 1.47
0.014 1.48
0.0140993 1.49
0.014 1.5
0.0140632 1.51
0.014 1.52
0.0140407 1.53
0.014 1.54
0.0140397 1.55
0.014 1.56
0.0140716 1.57
0.014 1.58
0.0141511 1.59
0.014 1.6
0.0142909 1.61
0.014 1.62
0.014491 1.63
0.014 1.64
0.0147113 1.65
0.014 1.66
0.0148239 1.67
0.014 1.68
0.0146794 1.69
0.014 1.7
0.014165 1.71
0.0139494 1.72
0.0133758 1.73
0.0120298 1.74
0.00992065 1.75
0.00700137 1.76
0.00379252 1.77
0.000236797 1.78
-0.00241816 1.79
-9.9702e-06 1.8
0.000775501 1.81
0.00233262 1.82
0.00504356 1.83
0.00888816 1.84
0.0139694 1.85
0.0203635 1.86
0.014 1.87
0.0154011 1.88
0.014 1.89
0.0151501 1.9
0.014 1.91
0.0149455 1.92
0.014 1.93
0.0148341 1.94
0.014 1.95
0.014836 1.96
0.014 1.97
0.0149333 1.98
0.014 1.99
0.0150506 2
0.014 2.01
0.0150947 2.02
0.014 2.03
0.0150128 2.04
0.014 2.05
0.014806 2.06
0.014 2.07
0.0145199 2.08
0.014 2.09
0.0142239 2.1
0.014 2.11
0.0139858 2.12
0.0138566 2.13
0.0135888 2.14
0.0131477 2.15
0.0125364 2.16
0.0118161 2.17
0.0109926 2.18
0.010179 2.19
0.00949488 2.2
0.00885749 2.21
0.00833597 2.22
0.00792088 2.23
0.00757532 2.24
0.0072539 2.25
0.00683806 2.26
0.00633206 2.27
0.00557799 2.28
0.00464583 2.29
0.00337408 2.3
0.00187757 2.31
5.48187e-07 2.32
-0.002114 2.33
-9.9702e-06 2.34
-0.000263646 2.35
-9.9702e-06 2.36
-0.000187527 2.37
-9.9702e-06 2.38
-0.000110136 2.39
-9.9702e-06 2.4
-2.78225e-05 2.41
-9.9702e-06 2.42
5.3619e-05 2.43
0.000196472 2.44
0.000439366 2.45
0.000770203 2.46
0.00120336 2.47
0.00174902 2.48
0.00242014 2.49
0.00322462 2.5
0.00417803 2.51
0.00528394 2.52
0.00655788 2.53
0.00799603 2.54
0.00961008 2.55
0.0113881 2.56
0.013333 2.57
0.0154283 2.58
0.014 2.59
0.0141276 2.6
0.014 2.61
0.014073 2.62
0.014 2.63
0.0140167 2.64
0.0139893 2.65
0.0139426 2.66
0.0138124 2.67
0.0136025 2.68
0.0132613 2.69
0.0128083 2.7
0.0121829 2.71
0.0114162 2.72
0.0104339 2.73
0.0092743 2.74
0.00783907 2.75
0.00617018 2.76
0.00413212 2.77
0.00176677 2.78
-0.00082467 2.79
-9.9702e-06 2.8
-0.000612994 2.81
-9.9702e-06 2.82
-0.000690919 2.83
-9.9702e-06 2.84
-0.000810241 2.85
-9.9702e-06 2.86
-0.00111986 2.87
-9.9702e-06 2.88
-0.00122232 2.89
-9.9702e-06 2.9
-0.00129459 2.91
-9.9702e-06 2.92
-0.00124377 2.93
-9.9702e-06 2.94
-0.000961318 2.95
-9.9702e-06 2.96
-0.000413262 2.97
-0.00265048 2.98
-0.000458781 2.99
-9.9702e-06 3
-0.00101666 3.01
-9.9702e-06 3.02
-0.00123802 3.03
-9.9702e-06 3.04
-0.00156967 3.05
-9.9702e-06 3.06
-0.00198799 3.07
-9.9702e-06 3.08
-0.00240753 3.09
-9.9702e-06 3.1
-0.00269156 3.11
-9.9702e-06 3.12
-0.00273023 3.13
-0.00249807 3.14
-9.9702e-06 3.15
-0.00239157 3.16
-9.9702e-06 3.17
-0.00206468 3.18
-9.9702e-06 3.19
-0.00175927 3.2
-9.9702e-06 3.21
-0.00149562 3.22
-9.9702e-06 3.23
-0.00127104 3.24
-9.9702e-06 3.25
-0.00108346 3.26
-9.9702e-06 3.27
-0.000935376 3.28
-9.9702e-06 3.29
-0.000829527 3.3
-9.9702e-06 3.31
-0.000764701 3.32
-9.9702e-06 3.33
-0.000734254 3.34
-9.9702e-06 3.35
-0.000726791 3.36
-9.9702e-06 3.37
-0.000727898 3.38
-9.9702e-06 3.39
-0.000722368 3.4
-9.9702e-06 3.41
-0.000696738 3.42
-9.9702e-06 3.43
-0.000642038 3.44
-0.000592559 3.45
-9.9702e-06 3.46
-0.000503481 3.47
-9.51171e-05 3.48
-9.9702e-06 3.49
-0.000299996 3.5
-9.9702e-06 3.51
-0.000140632 3.52
-9.9702e-06 3.53
-3.03266e-05 3.54
-9.9702e-06 3.55
5.09338e-05 3.56
9.72025e-05 3.57
0.000251065 3.58
0.000450965 3.59
0.000781814 3.6
0.00119535 3.61
0.00176079 3.62
0.00243034 3.63
0.00326401 3.64
0.00421751 3.65
0.00534304 3.66
0.00660102 3.67
0.00803723 3.68
0.00961797 3.69
0.0113834 3.7
0.0133068 3.71
0.0154233 3.72
0.014 3.73
0.0142098 3.74
0.014 3.75
0.0140195 3.76
0.014 3.77
0.0141861 3.78
0.014 3.79
0.0142059 3.8
0.014 3.81
0.0142322 3.82
0.014 3.83
0.0142757 3.84
0.014 3.85
0.0143426 3.86
0.014 3.87
0.014435 3.88
0.014 3.89
0.0145544 3.9
0.014 3.91
0.0147014 3.92
0.014 3.93
0.0148722 3.94
0.014 3.95
0.0150573 3.96
0.014 3.97
0.0152391 3.98
0.014 3.99
0.0153793 4
0.014 4.01
0.0154636 4.02
0.014 4.03
0.0154709 4.04
0.014 4.05
0.0153989 4.06
0.014 4.07
0.0152662 4.08
0.014 4.09
0.0151034 4.1
0.014 4.11
0.0149419 4.12
0.014 4.13
0.0148076 4.14
0.014 4.15
0.0147203 4.16
0.014 4.17
0.0146946 4.18
0.014 4.19
0.0147388 4.2
0.014 4.21
0.0148457 4.22
0.014 4.23
0.0149783 4.24
0.014 4.25
0.0150619 4.26
0.014 4.27
0.0150171 4.28
0.014 4.29
0.0148217 4.3
0.014 4.31
0.0145068 4.32
0.014 4.33
0.0141193 4.34
0.014 4.35
0.0137092 4.36
0.0131151 4.37
0.0119801 4.38
0.0104756 4.39
0.00848725 4.4
0.00622594 4.41
0.00404529 4.42
0.0016989 4.43
-0.000532384 4.44
-9.9702e-06 4.45
5.04383e-05 4.46
3.47273e-05 4.47
0.000150754 4.48
0.000214324 4.49
0.000410173 4.5
0.000597035 4.51
0.000932596 4.52
0.00132335 4.53
0.00189066 4.54
0.00258788 4.55
0.00349969 4.56
0.00461986 4.57
0.00601057 4.58
0.0076895 4.59
0.0097054 4.6
0.0120979 4.61
0.0149073 4.62
0.014 4.63
0.0145394 4.64
0.014 4.65
0.0146046 4.66
0.014 4.67
0.0146719 4.68
0.014 4.69
0.0143165 4.7
0.014 4.71
0.0146961 4.72
0.0139914 4.73
0.0147484 4.74
0.014 4.75
0.0147869 4.76
0.014 4.77
0.0147725 4.78
0.014 4.79
0.0147128 4.8
0.014 4.81
0.0146505 4.82
0.0139838 4.83
0.0145645 4.84
0.014 4.85
0.0145516 4.86
0.014 4.87
0.0145341 4.88
0.014 4.89
0.0145335 4.9
0.014 4.91
0.0145486 4.92
0.014 4.93
0.014579 4.94
0.014 4.95
0.0146258 4.96
0.014 4.97
0.0146922 4.98
0.014 4.99
0.0147803 5
0.014 5.01
0.0149111 5.02
0.014 5.03
0.0150624 5.04
0.014 5.05
0.0152091 5.06
0.014 5.07
0.0152923 5.08
0.014 5.09
0.0152687 5.1
0.014 5.11
0.0151467 5.12
0.014 5.13
0.0149751 5.14
0.014 5.15
0.0148042 5.16
0.014 5.17
0.0146607 5.18
0.014 5.19
0.0145526 5.2
0.014 5.21
0.0144842 5.22
0.014 5.23
0.014452 5.24
0.014 5.25
0.0144511 5.26
0.014 5.27
0.0144754 5.28
0.014 5.29
0.0145188 5.3
0.014 5.31
0.014576 5.32
0.014 5.33
0.0146451 5.34
0.014 5.35
0.0147288 5.36
0.014 5.37
0.0148351 5.38
0.014 5.39
0.0149732 5.4
0.014 5.41
0.0151422 5.42
0.014 5.43
0.015315 5.44
0.014 5.45
0.0154365 5.46
0.014 5.47
0.01545 5.48
0.014 5.49
0.015335 5.5
0.014 5.51
0.0151173 5.52
0.014 5.53
0.0148492 5.54
0.014 5.55
0.0145676 5.56
0.014 5.57
0.0143209 5.58
0.014 5.59
0.0141123 5.6
0.014 5.61
0.0139536 5.62
0.0139669 5.63
0.0138537 5.64
0.0136998 5.65
0.0133683 5.66
0.0129331 5.67
0.0122974 5.68
0.0114939 5.69
0.0104707 5.7
0.00920877 5.71
0.00769392 5.72
0.00586816 5.73
0.00373822 5.74
0.00146983 5.75
-0.00119255 5.76
-0.00112485 5.77
-9.9702e-06 5.78
-0.00038541 5.79
-9.9702e-06 5.8
-0.000330897 5.81
-9.9702e-06 5.82
-0.000243825 5.83
-9.9702e-06 5.84
-0.000131982 5.85
-9.9702e-06 5.86
-2.44416e-06 5.87
6.49233e-05 5.88
0.000272459 5.89
0.000658313 5.9
0.00128059 5.91
0.00214904 5.92
0.00328723 5.93
0.00467125 5.94
0.00629978 5.95
0.00572234 5.96
0.00628776 5.97
0.0068058 5.98
0.00744452 5.99
0.0081502 6
0.00887111 6.01
0.00955839 6.02
0.0101666 6.03
0.010654 6.04
0.0110534 6.05
0.0112796 6.06
0.0113048 6.07
0.0109668 6.08
0.0104429 6.09
0.00988115 6.1
0.00869411 6.11
0.00754946 6.12
0.00573043 6.13
0.00391388 6.14
0.00139333 6.15
-0.00119349 6.16
-9.9702e-06 6.17
-0.000346812 6.18
-9.9702e-06 6.19
-0.000439354 6.2
-9.9702e-06 6.21
-0.000565683 6.22
-9.9702e-06 6.23
-0.000701741 6.24
-9.9702e-06 6.25
-0.000821197 6.26
-9.9702e-06 6.27
-0.000886896 6.28
-0.000766381 6.29
-9.9702e-06 6.3
-0.000906529 6.31
-0.000615527 6.32
-9.9702e-06 6.33
-0.000597208 6.34
-0.000341708 6.35
-9.9702e-06 6.36
0.000340517 6.37
0.00116403 6.38
0.00183187 6.39
0.00233836 6.4
0.00273393 6.41
0.00301819 6.42
0.00314461 6.43
0.00311272 6.44
0.0028655 6.45
0.0025003 6.46
0.00184301 6.47
0.000989906 6.48
-0.000262218 6.49
-9.9702e-06 6.5
-0.000484632 6.51
-9.9702e-06 6.52
-0.000588578 6.53
-9.9702e-06 6.54
-0.00070758 6.55
-9.9702e-06 6.56
-0.000842184 6.57
-9.9702e-06 6.58
-0.000992365 6.59
-9.9702e-06 6.6
-0.0011563 6.61
-0.000456385 6.62
-9.9702e-06 6.63
-0.00139869 6.64
-0.00464409 6.65
-0.00464409 6.66
-0.00464409 6.67
-0.00427737 6.68
-0.00427737 6.69
-0.00302362 6.7
-9.97112e-06 6.71
-0.0017899 6.72
-9.9702e-06 6.73
-0.00148162 6.74
-9.9702e-06 6.75
-0.00111224 6.76
-9.9702e-06 6.77
-0.000707421 6.78
-9.9702e-06 6.79
-0.000340588 6.8
-0.000340919 6.81
-0.000408641 6.82
-2.64657e-05 6.83
-1.02152e-05 6.84
-5.79483e-05 6.85
-2.66449e-05 6.86
-2.3234e-05 6.87
9.97053e-05 6.88
-0.000482357 6.89
-0.000336278 6.9
-9.89889e-05 6.91
-9.9702e-06 6.92
-0.000245693 6.93
-9.9702e-06 6.94
-2.87485e-05 6.95
0.000168975 6.96
0.000511359 6.97
0.0012919 6.98
0.00241584 6.99
0.00414748 7
0.006378 7.01
0.00929358 7.02
0.0127935 7.03
0.0169682 7.04
0.0139623 7.05
0.0145748 7.06
0.014 7.07
0.0144002 7.08
0.014 7.09
0.0145186 7.1
0.014 7.11
0.0145558 7.12
0.014 7.13
0.0146233 7.14
0.014 7.15
0.0147045 7.16
0.014 7.17
0.0147918 7.18
0.014 7.19
0.014883 7.2
0.014 7.21
0.0149754 7.22
0.014 7.23
0.0150637 7.24
0.014 7.25
0.0151309 7.26
0.014 7.27
0.0151835 7.28
0.014 7.29
0.0152037 7.3
0.014 7.31
0.0151961 7.32
0.014 7.33
0.0151606 7.34
0.014 7.35
0.0151005 7.36
0.014 7.37
0.0150206 7.38
0.014 7.39
0.0149267 7.4
0.014 7.41
0.0148316 7.42
0.0139843 7.43
0.0146957 7.44
0.014 7.45
0.014617 7.46
0.014 7.47
0.014528 7.48
0.014 7.49
0.0144496 7.5
0.014 7.51
0.0143816 7.52
0.014 7.53
0.0143222 7.54
0.014 7.55
0.0142655 7.56
0.014 7.57
0.0142121 7.58
0.014 7.59
0.0141598 7.6
0.014 7.61
0.014106 7.62
0.014 7.63
0.0140483 7.64
0.014 7.65
0.0139767 7.66
0.0138569 7.67
0.0136496 7.68
0.013244 7.69
0.0126566 7.7
0.0117781 7.71
0.0106085 7.72
0.00904297 7.73
0.00705936 7.74
0.00456068 7.75
0.00149711 7.76
-0.00186886 7.77
-9.9702e-06 7.78
-0.000754427 7.79
-9.9702e-06 7.8
-0.000886651 7.81
-9.9702e-06 7.82
-0.00103498 7.83
-9.9702e-06 7.84
-0.00117035 7.85
-9.9702e-06 7.86
-0.00127577 7.87
-9.9702e-06 7.88
-0.00133695 7.89
-9.9702e-06 7.9
-0.00134925 7.91
-9.9702e-06 7.92
-0.00132155 7.93
-9.9702e-06 7.94
-0.00127332 7.95
-9.9702e-06 7.96
-0.00122647 7.97
-9.9702e-06 7.98
-0.00119688 7.99
-9.9702e-06 8
-0.00118972 8.01
-9.9702e-06 8.02
-0.00119926 8.03
-9.9702e-06 8.04
-0.00121148 8.05
-9.9702e-06 8.06
-0.0012081 8.07
-9.9702e-06 8.08
-0.00117109 8.09
-9.9702e-06 8.1
-0.00108838 8.11
-9.9702e-06 8.12
-0.000961174 8.13
-9.9702e-06 8.14
-0.000806649 8.15
-9.9702e-06 8.16
-0.000650141 8.17
-9.9702e-06 8.18
-0.000512654 8.19
-9.9702e-06 8.2
-0.000404626 8.21
-9.9702e-06 8.22
-0.000327011 8.23
-9.9702e-06 8.24
-0.000274851 8.25
-9.9702e-06 8.26
-0.000238483 8.27
-9.9702e-06 8.28
-0.000205797 8.29
-9.9702e-06 8.3
-0.000163351 8.31
-9.9702e-06 8.32
-9.79807e-05 8.33
-9.9702e-06 8.34
1.59826e-06 8.35
-5.6181e-05 8.36
8.49763e-05 8.37
0.00029732 8.38
0.000876283 8.39
0.00181144 8.4
0.00335366 8.41
0.00553943 8.42
0.00857859 8.43
0.012558 8.44
0.0176079 8.45
0.014 8.46
0.0152955 8.47
0.014 8.48
0.0152519 8.49
0.014 8.5
0.0150825 8.51
0.014 8.52
0.0148104 8.53
0.014 8.54
0.0144771 8.55
0.014 8.56
0.0141433 8.57
0.014 8.58
0.0139074 8.59
0.013691 8.6
0.013345 8.61
0.0129452 8.62
0.0125767 8.63
0.0123684 8.64
0.0124485 8.65
0.012931 8.66
0.0139622 8.67
0.0156106 8.68
0.014 8.69
0.0147912 8.7
0.014 8.71
0.0149572 8.72
0.014 8.73
0.0151299 8.74
0.014 8.75
0.0153134 8.76
0.014 8.77
0.0155062 8.78
0.014 8.79
0.01568 8.8
0.014 8.81
0.0158201 8.82
0.014 8.83
0.01589 8.84
0.014 8.85
0.0158558 8.86
0.014 8.87
0.0157098 8.88
0.014 8.89
0.0154786 8.9
0.014 8.91
0.0152072 8.92
0.014 8.93
0.0149373 8.94
0.014 8.95
0.0146968 8.96
0.014 8.97
0.0144998 8.98
0.014 8.99
0.0143505 9
0.014 9.01
0.0142453 9.02
0.014 9.03
0.0141741 9.04
0.014 9.05
0.0141224 9.06
0.014 9.07
0.0140723 9.08
0.014 9.09
0.0139942 9.1
0.0139873 9.11
0.0138803 9.12
0.0136685 9.13
0.0132224 9.14
0.0125311 9.15
0.0114359 9.16
0.00991694 9.17
0.0077961 9.18
0.00505222 9.19
0.00149203 9.2
-0.00287732 9.21
-9.9702e-06 9.22
-0.000980886 9.23
-9.9702e-06 9.24
-0.00101125 9.25
-9.9702e-06 9.26
-0.00092542 9.27
-9.9702e-06 9.28
-0.000759093 9.29
-9.9702e-06 9.3
-0.000568206 9.31
-9.9702e-06 9.32
-0.000391536 9.33
-9.9702e-06 9.34
-0.000242285 9.35
-9.9702e-06 9.36
-0.000118963 9.37
3.48602e-05 9.38
7.09994e-05 9.39
0.000211485 9.4
0.000405563 9.41
0.000768587 9.42
0.00123538 9.43
0.0019153 9.44
0.00271632 9.45
0.00373477 9.46
0.00485722 9.47
0.006163 9.48
0.00751807 9.49
0.00898823 9.5
0.0104193 9.51
0.0118705 9.52
0.0131681 9.53
0.0143717 9.54
0.014 9.55
0.0137435 9.56
0.0130873 9.57
0.0120476 9.58
0.0106004 9.59
0.00851105 9.6
0.00574585 9.61
0.00210215 9.62
-0.00241778 9.63
-0.000943049 9.64
-9.9702e-06 9.65
-0.00133568 9.66
-9.9702e-06 9.67
-0.00120763 9.68
-9.9702e-06 9.69
-0.000844649 9.7
-9.9702e-06 9.71
-0.000344623 9.72
-9.9702e-06 9.73
3.99597e-05 9.74
1.55939e-05 9.75
0.000156678 9.76
0.000145057 9.77
0.00020803 9.78
9.33502e-05 9.79
-1.65533e-05 9.8
7.8099e-05 9.81
0.000229052 9.82
0.000618295 9.83
0.00130255 9.84
0.00247967 9.85
0.00422095 9.86
0.00663268 9.87
0.00979721 9.88
0.0137421 9.89
0.0185428 9.9
0.0139409 9.91
0.0144483 9.92
0.014 9.93
0.014768 9.94
0.014 9.95
0.0147507 9.96
0.014 9.97
0.0147146 9.98
0.014 9.99
0.014684 10
0.014 10.01
0.0146668 10.02
0.014 10.03
0.0146734 10.04
0.014 10.05
0.0147117 10.06
0.014 10.07
0.0147826 10.08
0.014 10.09
0.0148744 10.1
0.014 10.11
0.0149623 10.12
0.014 10.13
0.0150135 10.14
0.014 10.15
0.014999 10.16
0.014 10.17
0.0149098 10.18
0.014 10.19
0.0147654 10.2
0.014 10.21
0.0146041 10.22
0.014 10.23
0.0144592 10.24
0.014 10.25
0.0143429 10.26
0.014 10.27
0.0142525 10.28
0.014 10.29
0.0141848 10.3
0.014 10.31
0.0141414 10.32
0.014 10.33
0.0141246 10.34
0.014 10.35
0.0141314 10.36
0.014 10.37
0.0141528 10.38
0.014 10.39
0.014167 10.4
0.014 10.41
0.0141643 10.42
0.014 10.43
0.0141577 10.44
0.014 10.45
0.0141559 10.46
0.014 10.47
0.0141502 10.48
0.014 10.49
0.0141651 10.5
0.014 10.51
0.0141841 10.52
0.014 10.53
0.0142225 10.54
0.014 10.55
0.0142755 10.56
0.014 10.57
0.0143471 10.58
0.014 10.59
0.0144338 10.6
0.014 10.61
0.014529 10.62
0.014 10.63
0.0146167 10.64
0.014 10.65
0.0146916 10.66
0.014 10.67
0.014744 10.68
0.0146509 10.69
0.0145856 10.7
0.0145856 10.71
0.0145856 10.72
0.0145856 10.73
0.0145856 10.74
0.0145837 10.75
0.0145837 10.76
0.0145837 10.77
0.0145837 10.78
0.0145837 10.79
0.0145837 10.8
0.0145837 10.81
0.0145837 10.82
0.0145837 10.83
0.014 10.84
0.0148694 10.85
0.0148694 10.86
0.014 10.87
0.0148177 10.88
0.014 10.89
0.0148168 10.9
0.014 10.91
0.0148227 10.92
0.014 10.93
0.0148282 10.94
0.014 10.95
0.014821 10.96
0.014 10.97
0.0147826 10.98
0.0139743 10.99
0.0146612 11
0.014 11.01
0.0145162 11.02
0.014 11.03
0.014261 11.04
0.0139586 11.05
0.0139009 11.06
0.0135561 11.07
0.0128239 11.08
0.0115673 11.09
0.00965473 11.1
0.00699294 11.11
0.00350365 11.12
-0.000866166 11.13
-0.000719644 11.14
-9.9702e-06 11.15
-0.00104207 11.16
-9.9702e-06 11.17
-0.000999565 11.18
-9.9702e-06 11.19
-0.000921642 11.2
-9.9702e-06 11.21
-0.000829882 11.22
-9.9702e-06 11.23
-0.000739938 11.24
-9.9702e-06 11.25
-0.000661765 11.26
-9.9702e-06 11.27
-0.000599995 11.28
0.000964648 11.29
0.00307425 11.3
0.00453737 11.31
0.0029392 11.32
0.00801957 11.33
0.00763126 11.34
0.00666118 11.35
0.0049717 11.36
0.00268694 11.37
-0.000240376 11.38
-9.9702e-06 11.39
-0.000636578 11.4
-9.9702e-06 11.41
-0.000539865 11.42
-9.9702e-06 11.43
-0.00043502 11.44
-9.9702e-06 11.45
-0.000311317 11.46
-9.9702e-06 11.47
-0.000177689 11.48
-9.9702e-06 11.49
-4.36471e-05 11.5
2.75355e-05 11.51
0.000144837 11.52
0.000447318 11.53
0.000945162 11.54
0.00172067 11.55
0.0027962 11.56
0.00422898 11.57
0.00605768 11.58
0.00831528 11.59
0.0110576 11.6
0.0142976 11.61
0.014 11.62
0.0145995 11.63
0.014 11.64
0.0146629 11.65
0.014 11.66
0.0147234 11.67
0.014 11.68
0.0147849 11.69
0.014 11.7
0.0148436 11.71
0.014 11.72
0.0148939 11.73
0.014 11.74
0.0149298 11.75
0.014 11.76
0.0149472 11.77
0.014 11.78
0.0149459 11.79
0.014 11.8
0.0149295 11.81
0.014 11.82
0.0149045 11.83
0.014 11.84
0.0148773 11.85
0.014 11.86
0.0148529 11.87
0.014 11.88
0.0148336 11.89
0.014 11.9
0.0148194 11.91
0.014 11.92
0.0148085 11.93
0.014 11.94
0.014798 11.95
0.014 11.96
0.0147846 11.97
0.014 11.98
0.0147655 11.99
0.014 12
