0 0
0.0066861 0.05
0.0199679 0.1
0.014 0.15
0.0407567 0.2
0.014 0.25
0.0414385 0.3
0.014 0.35
0.036068 0.4
0.014 0.45
0.047367 0.5
0.014 0.55
0.0524589 0.6
0.014 0.65
0.0546671 0.7
0.014 0.75
0.0418155 0.8
0.014 0.85
0.0320055 0.9
0.014 0.95
0.0343375 1
0.014 1.05
0.0347232 1.1
0.014 1.15
0.0296188 1.2
0.014 1.25
0.0283427 1.3
0.014 1.35
0.0310155 1.4
0.014 1.45
0.0332959 1.5
0.014 1.55
0.0341754 1.6
0.014 1.65
0.043696 1.7
0.014 1.75
0.0542106 1.8
0.014 1.85
0.0462779 1.9
0.014 1.95
0.0362888 2
0.014 2.05
0.0341569 2.1
0.014 2.15
0.0333551 2.2
0.014 2.25
0.0292788 2.3
0.014 2.35
0.0275992 2.4
0.014 2.45
0.0305005 2.5
0.014 2.55
0.0351952 2.6
0.014 2.65
0.0365058 2.7
0.014 2.75
0.0364424 2.8
0.014 2.85
0.0433464 2.9
0.014 2.95
0.0480528 3
0.014 3.05
0.0403351 3.1
0.014 3.15
0.0334838 3.2
0.014 3.25
0.0339087 3.3
0.014 3.35
0.0353991 3.4
0.014 3.45
0.0329935 3.5
0.014 3.55
0.0317859 3.6
0.014 3.65
0.0321132 3.7
0.014 3.75
0.0323274 3.8
0.014 3.85
0.0324974 3.9
0.014 3.95
0.0337214 4
0.014 4.05
0.035272 4.1
0.014 4.15
0.0379638 4.2
0.014 4.25
0.0401348 4.3
0.014 4.35
0.0356208 4.4
0.014 4.45
0.0316487 4.5
0.014 4.55
0.0324066 4.6
0.014 4.65
0.0345008 4.7
0.014 4.75
0.0347798 4.8
0.014 4.85
0.0350478 4.9
0.014 4.95
0.0364152 5
0.014 5.05
0.0333854 5.1
0.014 5.15
0.0308955 5.2
0.014 5.25
0.0298625 5.3
0.014 5.35
0.0281495 5.4
0.014 5.45
0.029959 5.5
0.014 5.55
0.033511 5.6
0.014 5.65
0.0359215 5.7
0.014 5.75
0.034426 5.8
0.014 5.85
0.0305543 5.9
0.014 5.95
0.0321295 6
0.014 6.05
0.0393148 6.1
0.014 6.15
0.0394114 6.2
0.014 6.25
0.0338284 6.3
0.014 6.35
0.0334419 6.4
0.0228283 6.45
0.0228283 6.5
0.0139607 6.55
0.0334624 6.6
0.014 6.65
0.028096 6.7
0.014 6.75
0.02471 6.8
0.014 6.85
0.028121 6.9
0.013885 6.95
0.03621 7
0.014 7.05
0.0410918 7.1
0.014 7.15
0.041783 7.2
0.014 7.25
0.0408171 7.3
0.014 7.35
0.0379987 7.4
0.014 7.45
0.036271 7.5
0.014 7.55
0.0364353 7.6
0.014 7.65
0.0363624 7.7
0.014 7.75
0.0359798 7.8
0.014 7.85
0.036876 7.9
0.014 7.95
0.0387504 8
0.014 8.05
0.0403902 8.1
0.014 8.15
0.04315 8.2
0.014 8.25
0.0441398 8.3
0.014 8.35
0.0389549 8.4
0.014 8.45
0.0359034 8.5
0.014 8.55
0.0360696 8.6
0.014 8.65
0.0373701 8.7
0.014 8.75
0.0385489 8.8
0.014 8.85
0.0392228 8.9
0.014 8.95
0.0380321 9
0.014 9.05
0.0356247 9.1
0.014 9.15
0.036346 9.2
0.014 9.25
0.0363054 9.3
0.014 9.35
0.0346123 9.4
0.014 9.45
0.0353516 9.5
0.014 9.55
0.0394036 9.6
0.014 9.65
0.0422689 9.7
0.014 9.75
0.0427903 9.8
0.014 9.85
0.042759 9.9
0.014 9.95
0.0425304 10
0.014 10.05
0.0401838 10.1
0.014 10.15
0.0383537 10.2
0.014 10.25
0.0381716 10.3
0.014 10.35
0.0368242 10.4
0.014 10.45
0.0344322 10.5
0.014 10.55
0.0331764 10.6
0.014 10.65
0.0337838 10.7
0.014 10.75
0.0358587 10.8
0.014 10.85
0.0393486 10.9
0.014 10.95
0.0432826 11
0.014 11.05
0.044706 11.1
0.014 11.15
0.0432822 11.2
0.014 11.25
0.0416418 11.3
0.014 11.35
0.0407311 11.4
0.014 11.45
0.0395704 11.5
0.014 11.55
0.0379238 11.6
0.014 11.65
0.036318 11.7
0.014 11.75
0.0363654 11.8
0.014 11.85
0.0369904 11.9
0.014 11.95
