0 0
0.000249763 0.01
9.9702e-06 0.02
0.000271285 0.03
9.9702e-06 0.04
0.000283525 0.05
9.9702e-06 0.06
0.000305576 0.07
9.9702e-06 0.08
0.000356965 0.09
9.9702e-06 0.1
0.000183453 0.11
9.9702e-06 0.12
0.000582977 0.13
9.9702e-06 0.14
0.000918633 0.15
9.9702e-06 0.16
0.00139142 0.17
-2.6594e-05 0.18
0.00187388 0.19
-4.47063e-05 0.2
0.00229639 0.21
-5.67701e-05 0.22
0.00246493 0.23
-4.20463e-05 0.24
0.00237894 0.25
9.9702e-06 0.26
0.00214341 0.27
9.9702e-06 0.28
0.00184174 0.29
9.9702e-06 0.3
0.00158139 0.31
9.9702e-06 0.32
0.00140286 0.33
9.9702e-06 0.34
0.00132546 0.35
9.9702e-06 0.36
0.00136485 0.37
9.9702e-06 0.38
0.00153453 0.39
9.9702e-06 0.4
0.00181009 0.41
9.9702e-06 0.42
0.00207442 0.43
9.9702e-06 0.44
0.00220863 0.45
9.9702e-06 0.46
0.0022691 0.47
9.9702e-06 0.48
0.00232869 0.49
9.9702e-06 0.5
0.00230596 0.51
9.9702e-06 0.52
0.00209046 0.53
9.9702e-06 0.54
0.00167918 0.55
9.9702e-06 0.56
0.00111004 0.57
9.9702e-06 0.58
0.000582253 0.59
9.9702e-06 0.6
0.000337357 0.61
9.9702e-06 0.62
0.000322672 0.63
9.9702e-06 0.64
-0.00330528 0.65
-0.00652258 0.66
-0.00848881 0.67
-0.00917513 0.68
-0.00968765 0.69
-0.00965142 0.7
-0.00893044 0.71
-0.00748623 0.72
-0.00517855 0.73
-0.00192744 0.74
0.00241807 0.75
9.9702e-06 0.76
0.00140404 0.77
9.9702e-06 0.78
0.00154392 0.79
-2.068e-05 0.8
0.00150247 0.81
9.9702e-06 0.82
0.00138447 0.83
9.9702e-06 0.84
0.0011728 0.85
9.9702e-06 0.86
0.000960625 0.87
9.9702e-06 0.88
0.000776919 0.89
9.9702e-06 0.9
0.00063384 0.91
9.9702e-06 0.92
0.000530514 0.93
9.9702e-06 0.94
0.00046217 0.95
9.9702e-06 0.96
0.000423424 0.97
9.9702e-06 0.98
0.000409365 0.99
9.9702e-06 1
0.000415843 1.01
9.9702e-06 1.02
0.000439502 1.03
9.9702e-06 1.04
0.000477743 1.05
9.9702e-06 1.06
0.000528674 1.07
9.9702e-06 1.08
0.000590985 1.09
9.9702e-06 1.1
0.000663724 1.11
9.9702e-06 1.12
0.00074587 1.13
9.9702e-06 1.14
0.000835635 1.15
9.9702e-06 1.16
0.000929438 1.17
9.9702e-06 1.18
0.00102066 1.19
9.9702e-06 1.2
0.00109915 1.21
-1.86742e-06 1.22
0.00114085 1.23
9.9702e-06 1.24
0.00116051 1.25
-1.83821e-06 1.26
0.0011112 1.27
9.9702e-06 1.28
0.00103386 1.29
9.9702e-06 1.3
0.000912749 1.31
9.9702e-06 1.32
0.000774759 1.33
9.9702e-06 1.34
0.000636326 1.35
9.9702e-06 1.36
0.00050874 1.37
9.9702e-06 1.38
0.000397635 1.39
9.9702e-06 1.4
0.000304345 1.41
9.9702e-06 1.42
0.000227701 1.43
9.9702e-06 1.44
0.000165557 1.45
9.9702e-06 1.46
0.000115929 1.47
9.9702e-06 1.48
7.76159e-05 1.49
9.9702e-06 1.5
4.48097e-05 1.51
9.9702e-06 1.52
2.73885e-05 1.53
9.9702e-06 1.54
3.26436e-05 1.55
9.9702e-06 1.56
7.13999e-05 1.57
9.9702e-06 1.58
0.000156785 1.59
9.9702e-06 1.6
0.00030006 1.61
9.9702e-06 1.62
0.000499897 1.63
9.9702e-06 1.64
0.000716149 1.65
9.9702e-06 1.66
0.000821671 1.67
9.9702e-06 1.68
0.000666612 1.69
9.9702e-06 1.7
0.000134414 1.71
-0.000132989 1.72
-0.000870452 1.73
-0.00247541 1.74
-0.00497078 1.75
-0.00842781 1.76
-0.0123754 1.77
-0.0168766 1.78
-0.014 1.79
-0.0137841 1.8
-0.0131222 1.81
-0.011976 1.82
-0.0100134 1.83
-0.00724696 1.84
-0.00358935 1.85
0.00102351 1.86
9.9702e-06 1.87
0.00113732 1.88
9.9702e-06 1.89
0.000974575 1.9
9.9702e-06 1.91
0.000841026 1.92
9.9702e-06 1.93
0.000766628 1.94
9.9702e-06 1.95
0.00076792 1.96
9.9702e-06 1.97
0.000836385 1.98
9.9702e-06 1.99
0.000913102 2
9.9702e-06 2.01
0.000919333 2.02
9.9702e-06 2.03
0.000807705 2.04
9.9702e-06 2.05
0.000578488 2.06
9.9702e-06 2.07
0.000274805 2.08
9.9702e-06 2.09
-3.48626e-05 2.1
-0.000345798 2.11
-0.000909541 2.12
-0.00189155 2.13
-0.00329217 2.14
-0.00515569 2.15
-0.00748644 2.16
-0.0102181 2.17
-0.0133609 2.18
-0.0167618 2.19
-0.014 2.2
-0.0141275 2.21
-0.014 2.22
-0.013997 2.23
-0.0140211 2.24
-0.014 2.25
-0.014153 2.26
-0.014 2.27
-0.0143261 2.28
-0.014 2.29
-0.0144487 2.3
-0.014 2.31
-0.0145031 2.32
-0.014 2.33
-0.0143061 2.34
-0.014 2.35
-0.0144134 2.36
-0.014 2.37
-0.0143437 2.38
-0.014 2.39
-0.0142596 2.4
-0.014 2.41
-0.0141689 2.42
-0.014 2.43
-0.014039 2.44
-0.013992 2.45
-0.013967 2.46
-0.0139153 2.47
-0.0138244 2.48
-0.0136825 2.49
-0.013479 2.5
-0.0132014 2.51
-0.0128427 2.52
-0.0123919 2.53
-0.0118488 2.54
-0.0112077 2.55
-0.0104762 2.56
-0.00965829 2.57
-0.00876655 2.58
-0.00811095 2.59
-0.00729482 2.6
-0.00649598 2.61
-0.0056926 2.62
-0.0049465 2.63
-0.00425161 2.64
-0.00365914 2.65
-0.0031736 2.66
-0.00284297 2.67
-0.00266469 2.68
-0.00268758 2.69
-0.00289611 2.7
-0.00334911 2.71
-0.00402208 2.72
-0.00498892 2.73
-0.00622103 2.74
-0.00781732 2.75
-0.00974984 2.76
-0.012155 2.77
-0.01501 2.78
-0.014 2.79
-0.014416 2.8
-0.014 2.81
-0.0147357 2.82
-0.014 2.83
-0.0149039 2.84
-0.0143242 2.85
-0.014 2.86
-0.0152244 2.87
-0.014 2.88
-0.0152952 2.89
-0.014 2.9
-0.015337 2.91
-0.014 2.92
-0.0152733 2.93
-0.014 2.94
-0.0149967 2.95
-0.014 2.96
-0.0144571 2.97
-0.0167962 2.98
-0.0144517 2.99
-0.014 3
-0.0150849 3.01
-0.014 3.02
-0.0153112 3.03
-0.014 3.04
-0.0156471 3.05
-0.014 3.06
-0.0160713 3.07
-0.014 3.08
-0.0165013 3.09
-0.014 3.1
-0.0168021 3.11
-0.014 3.12
-0.0168627 3.13
-0.0166193 3.14
-0.014 3.15
-0.016559 3.16
-0.014 3.17
-0.0162467 3.18
-0.014 3.19
-0.0159465 3.2
-0.014 3.21
-0.015678 3.22
-0.014 3.23
-0.0154397 3.24
-0.014 3.25
-0.0152326 3.26
-0.014 3.27
-0.0150638 3.28
-0.014 3.29
-0.0149412 3.3
-0.014 3.31
-0.0148673 3.32
-0.014 3.33
-0.0148367 3.34
-0.014 3.35
-0.0148365 3.36
-0.014 3.37
-0.0148483 3.38
-0.014 3.39
-0.0148525 3.4
-0.014 3.41
-0.0148312 3.42
-0.014 3.43
-0.0147733 3.44
-0.0147173 3.45
-0.014 3.46
-0.0146167 3.47
-0.0141246 3.48
-0.014 3.49
-0.0143868 3.5
-0.014 3.51
-0.0142118 3.52
-0.014 3.53
-0.0140855 3.54
-0.014 3.55
-0.0139913 3.56
-0.0140427 3.57
-0.0139173 3.58
-0.0138222 3.59
-0.013633 3.6
-0.0133959 3.61
-0.0130408 3.62
-0.0126151 3.63
-0.0120588 3.64
-0.0114171 3.65
-0.0106383 3.66
-0.00976401 3.67
-0.00874933 3.68
-0.00763077 3.69
-0.00636933 3.7
-0.00499473 3.71
-0.00347334 3.72
-0.00205669 3.73
-0.000385911 3.74
0.00138599 3.75
9.9702e-06 3.76
0.000166751 3.77
-8.60343e-06 3.78
0.000138719 3.79
-1.92303e-05 3.8
0.000148731 3.81
-3.13687e-05 3.82
0.000169837 3.83
-3.92214e-05 3.84
0.000215274 3.85
-4.18524e-05 3.86
0.000288749 3.87
-4.03345e-05 3.88
0.000391197 3.89
-3.41789e-05 3.9
0.000523603 3.91
-2.63259e-05 3.92
0.000681346 3.93
-1.6472e-05 3.94
0.000859507 3.95
-5.11055e-06 3.96
0.00104753 3.97
9.9702e-06 3.98
0.00122884 3.99
9.9702e-06 4
0.00135381 4.01
9.9702e-06 4.02
0.00141452 4.03
9.9702e-06 4.04
0.00139657 4.05
9.9702e-06 4.06
0.00130615 4.07
9.9702e-06 4.08
0.00116752 4.09
9.9702e-06 4.1
0.00101191 4.11
9.9702e-06 4.12
0.000867965 4.13
9.9702e-06 4.14
0.000758499 4.15
9.9702e-06 4.16
0.000701284 4.17
9.9702e-06 4.18
0.000709332 4.19
9.9702e-06 4.2
0.000786387 4.21
9.9702e-06 4.22
0.000914442 4.23
9.9702e-06 4.24
0.00103722 4.25
9.9702e-06 4.26
0.00106346 4.27
9.9702e-06 4.28
0.00091879 4.29
9.9702e-06 4.3
0.000607059 4.31
9.9702e-06 4.32
0.000202749 4.33
9.9702e-06 4.34
-0.000208381 4.35
-0.000919904 4.36
-0.00212507 4.37
-0.00411165 4.38
-0.00670523 4.39
-0.0100895 4.4
-0.0140671 4.41
-0.014 4.42
-0.0146614 4.43
-0.014 4.44
-0.0142385 4.45
-0.014 4.46
-0.0143047 4.47
-0.014 4.48
-0.0142367 4.49
-0.014 4.5
-0.0141669 4.51
-0.014 4.52
-0.0140874 4.53
-0.014 4.54
-0.0140092 4.55
-0.013956 4.56
-0.0138576 4.57
-0.0136423 4.58
-0.0133013 4.59
-0.012792 4.6
-0.0120854 4.61
-0.0111541 4.62
-0.0102085 4.63
-0.00892463 4.64
-0.00741487 4.65
-0.00550921 4.66
-0.00331004 4.67
-0.000616622 4.68
0.00245553 4.69
9.9702e-06 4.7
0.000567798 4.71
9.9702e-06 4.72
0.000582093 4.73
9.9702e-06 4.74
0.000657409 4.75
-6.48599e-06 4.76
0.000655978 4.77
-3.69085e-06 4.78
0.000637151 4.79
-3.20393e-06 4.8
0.000585802 4.81
9.9702e-06 4.82
0.000542068 4.83
9.9702e-06 4.84
0.000513383 4.85
9.9702e-06 4.86
0.000485726 4.87
9.9702e-06 4.88
0.000475384 4.89
9.9702e-06 4.9
0.000480705 4.91
9.9702e-06 4.92
0.000502328 4.93
9.9702e-06 4.94
0.000542091 4.95
9.9702e-06 4.96
0.000603566 4.97
9.9702e-06 4.98
0.000692463 4.99
-4.80265e-06 5
0.000789846 5.01
-8.70613e-06 5.02
0.000937206 5.03
-1.41896e-05 5.04
0.00109444 5.05
-1.19465e-05 5.06
0.0012292 5.07
-5.38448e-06 5.08
0.00127856 5.09
-7.93544e-08 5.1
0.00121356 5.11
2.06282e-06 5.12
0.00106341 5.13
3.34308e-06 5.14
0.000886165 5.15
6.64215e-06 5.16
0.000729671 5.17
9.9702e-06 5.18
0.000612474 5.19
9.9702e-06 5.2
0.000532902 5.21
9.9702e-06 5.22
0.000492242 5.23
9.9702e-06 5.24
0.000484612 5.25
9.9702e-06 5.26
0.000503142 5.27
9.9702e-06 5.28
0.00054057 5.29
9.9702e-06 5.3
0.00059035 5.31
9.9702e-06 5.32
0.000648755 5.33
9.9702e-06 5.34
0.000717355 5.35
9.9702e-06 5.36
0.000804219 5.37
9.9702e-06 5.38
0.000921226 5.39
9.9702e-06 5.4
0.00107459 5.41
9.9702e-06 5.42
0.00124907 5.43
9.9702e-06 5.44
0.00139756 5.45
9.9702e-06 5.46
0.00145636 5.47
9.9702e-06 5.48
0.00138444 5.49
9.9702e-06 5.5
0.00119011 5.51
9.9702e-06 5.52
0.000920517 5.53
9.9702e-06 5.54
0.000634084 5.55
-1.4041e-05 5.56
0.000349724 5.57
-4.09416e-05 5.58
0.000106643 5.59
-8.33392e-05 5.6
-0.000103899 5.61
-0.000184061 5.62
-0.000266452 5.63
-0.000511806 5.64
-0.000835223 5.65
-0.00137277 5.66
-0.00205439 5.67
-0.00297697 5.68
-0.00411115 5.69
-0.00550947 5.7
-0.00719188 5.71
-0.00917306 5.72
-0.011509 5.73
-0.0141932 5.74
-0.014 5.75
-0.0144241 5.76
-0.0143841 5.77
-0.014 5.78
-0.0144091 5.79
-0.014 5.8
-0.0143562 5.81
-0.014 5.82
-0.0142727 5.83
-0.014 5.84
-0.014166 5.85
-0.014 5.86
-0.0140422 5.87
-0.014 5.88
-0.0139185 5.89
-0.013717 5.9
-0.0133418 5.91
-0.0127868 5.92
-0.0120335 5.93
-0.0111099 5.94
-0.0100231 5.95
-0.0112273 5.96
-0.0113785 5.97
-0.0116591 5.98
-0.011906 5.99
-0.0121778 6
-0.0125315 6.01
-0.0130216 6.02
-0.0136994 6.03
-0.0146129 6.04
-0.0146129 6.05
-0.0146129 6.06
-0.0146129 6.07
-0.0139546 6.08
-0.0144198 6.09
-0.014 6.1
-0.0146051 6.11
-0.014 6.12
-0.0146392 6.13
-0.014 6.14
-0.0146652 6.15
-0.014 6.16
-0.0145533 6.17
-0.014 6.18
-0.0147054 6.19
-0.014 6.2
-0.0147693 6.21
-0.014 6.22
-0.0148429 6.23
-0.014 6.24
-0.0149136 6.25
-0.014 6.26
-0.0149354 6.27
-0.014 6.28
-0.0149243 6.29
-0.014 6.3
-0.0149771 6.31
-0.0146633 6.32
-0.014 6.33
-0.014658 6.34
-0.0143791 6.35
-0.014 6.36
-0.0137091 6.37
-0.0130033 6.38
-0.0125125 6.39
-0.0122483 6.4
-0.0121633 6.41
-0.0122624 6.42
-0.0125956 6.43
-0.0131689 6.44
-0.0140436 6.45
-0.014 6.46
-0.0143846 6.47
-0.014 6.48
-0.0144724 6.49
-0.014 6.5
-0.0145777 6.51
-0.014 6.52
-0.0146919 6.53
-0.014 6.54
-0.0148205 6.55
-0.014 6.56
-0.0149637 6.57
-0.014 6.58
-0.0151199 6.59
-0.014 6.6
-0.0152855 6.61
-0.0145035 6.62
-0.014 6.63
-0.0155179 6.64
-0.0187633 6.65
-0.0187633 6.66
-0.0187633 6.67
-0.0183796 6.68
-0.0183796 6.69
-0.0170511 6.7
-0.014 6.71
-0.0158545 6.72
-0.014 6.73
-0.0155678 6.74
-0.014 6.75
-0.0152312 6.76
-0.014 6.77
-0.0148576 6.78
-0.014 6.79
-0.0145142 6.8
-0.0145145 6.81
-0.0145822 6.82
-0.0140165 6.83
-0.0140002 6.84
-0.0140479 6.85
-0.0140166 6.86
-0.0140132 6.87
-0.0138903 6.88
-0.0147386 6.89
-0.0145874 6.9
-0.0141891 6.91
-0.014 6.92
-0.0145616 6.93
-0.014 6.94
-0.0143526 6.95
-0.014 6.96
-0.0141083 6.97
-0.0139706 6.98
-0.0138381 6.99
-0.0133247 7
-0.0125347 7.01
-0.0112424 7.02
-0.00955898 7.03
-0.00736833 7.04
-0.00513735 7.05
-0.00227862 7.06
0.000940149 7.07
9.9702e-06 7.08
0.000432609 7.09
9.9702e-06 7.1
0.000444901 7.11
9.9702e-06 7.12
0.000502679 7.13
9.9702e-06 7.14
0.000578768 7.15
9.9702e-06 7.16
0.000660661 7.17
9.9702e-06 7.18
0.000744211 7.19
9.9702e-06 7.2
0.000828448 7.21
9.9702e-06 7.22
0.000911554 7.23
9.9702e-06 7.24
0.000989952 7.25
-6.32816e-06 7.26
0.00104291 7.27
-1.33013e-05 7.28
0.00108856 7.29
-2.46741e-05 7.3
0.0010974 7.31
-3.19147e-05 7.32
0.00108164 7.33
-3.47455e-05 7.34
0.00104158 7.35
-3.3293e-05 7.36
0.00098026 7.37
-2.7642e-05 7.38
0.000903209 7.39
-1.76564e-05 7.4
0.000818427 7.41
9.9702e-06 7.42
0.000743305 7.43
9.9702e-06 7.44
0.000641198 7.45
9.9702e-06 7.46
0.000532474 7.47
9.9702e-06 7.48
0.000436773 7.49
9.9702e-06 7.5
0.000354548 7.51
9.9702e-06 7.52
0.000284709 7.53
9.9702e-06 7.54
0.000224408 7.55
9.9702e-06 7.56
0.000170317 7.57
9.9702e-06 7.58
0.000118666 7.59
9.9702e-06 7.6
6.62993e-05 7.61
9.9702e-06 7.62
1.06737e-05 7.63
9.9702e-06 7.64
-5.02474e-05 7.65
-0.000145433 7.66
-0.000394658 7.67
-0.000769707 7.68
-0.00139024 7.69
-0.00223803 7.7
-0.00343207 7.71
-0.00497101 7.72
-0.00696947 7.73
-0.00944966 7.74
-0.0125171 7.75
-0.0162237 7.76
-0.014 7.77
-0.0145695 7.78
-0.014 7.79
-0.0149089 7.8
-0.014 7.81
-0.0150621 7.82
-0.014 7.83
-0.0152011 7.84
-0.014 7.85
-0.0153127 7.86
-0.014 7.87
-0.0153833 7.88
-0.014 7.89
-0.0154056 7.9
-0.014 7.91
-0.0153837 7.92
-0.014 7.93
-0.0153329 7.94
-0.014 7.95
-0.0152747 7.96
-0.014 7.97
-0.0152279 7.98
-0.014 7.99
-0.0152026 8
-0.014 8.01
-0.0151987 8.02
-0.014 8.03
-0.0152069 8.04
-0.014 8.05
-0.0152123 8.06
-0.014 8.07
-0.0151973 8.08
-0.014 8.09
-0.0151458 8.1
-0.014 8.11
-0.0150501 8.12
-0.014 8.13
-0.0149182 8.14
-0.014 8.15
-0.0147724 8.16
-0.014 8.17
-0.014637 8.18
-0.014 8.19
-0.0145289 8.2
-0.014 8.21
-0.014454 8.22
-0.014 8.23
-0.0144057 8.24
-0.014 8.25
-0.0143816 8.26
-0.014 8.27
-0.0143716 8.28
-0.014 8.29
-0.0143618 8.3
-0.014 8.31
-0.0143382 8.32
-0.014 8.33
-0.0142872 8.34
-0.014 8.35
-0.0141991 8.36
-0.014 8.37
-0.0140369 8.38
-0.0139215 8.39
-0.0136945 8.4
-0.0131046 8.41
-0.0121151 8.42
-0.010548 8.43
-0.00832721 8.44
-0.00534356 8.45
-0.00192553 8.46
0.00258302 8.47
9.9702e-06 8.48
0.001087 8.49
9.9702e-06 8.5
0.000954615 8.51
9.9702e-06 8.52
0.000717483 8.53
9.9702e-06 8.54
0.000415516 8.55
9.9702e-06 8.56
0.000109051 8.57
9.9702e-06 8.58
-0.000106358 8.59
-0.000372831 8.6
-0.000782722 8.61
-0.00126162 8.62
-0.00172119 8.63
-0.00203322 8.64
-0.00207057 8.65
-0.00172035 8.66
-0.000842455 8.67
0.000629609 8.68
9.9702e-06 8.69
0.000759978 8.7
9.9702e-06 8.71
0.000896959 8.72
9.9702e-06 8.73
0.0010324 8.74
9.9702e-06 8.75
0.00117868 8.76
9.9702e-06 8.77
0.00134269 8.78
9.9702e-06 8.79
0.00150208 8.8
9.9702e-06 8.81
0.00164379 8.82
9.9702e-06 8.83
0.001729 8.84
9.9702e-06 8.85
0.00171884 8.86
9.9702e-06 8.87
0.00160081 8.88
9.9702e-06 8.89
0.00139759 8.9
9.9702e-06 8.91
0.00115148 8.92
9.9702e-06 8.93
0.00090256 8.94
9.9702e-06 8.95
0.000678062 8.96
9.9702e-06 8.97
0.000492285 8.98
9.9702e-06 8.99
0.000349858 9
9.9702e-06 9.01
0.000248147 9.02
9.9702e-06 9.03
0.0001785 9.04
9.9702e-06 9.05
0.000127344 9.06
9.9702e-06 9.07
7.78874e-05 9.08
9.9702e-06 9.09
6.53762e-07 9.1
-1.25488e-05 9.11
-0.000128215 9.12
-0.000350796 9.13
-0.00080946 9.14
-0.00151607 9.15
-0.00262911 9.16
-0.00417121 9.17
-0.0063208 9.18
-0.00910367 9.19
-0.0127133 9.2
-0.0171493 9.21
-0.014 9.22
-0.015006 9.23
-0.014 9.24
-0.0150556 9.25
-0.014 9.26
-0.0149934 9.27
-0.014 9.28
-0.0148522 9.29
-0.014 9.3
-0.0146833 9.31
-0.014 9.32
-0.0145216 9.33
-0.014 9.34
-0.0143778 9.35
-0.014 9.36
-0.0142502 9.37
-0.0139688 9.38
-0.0140605 9.39
-0.0139251 9.4
-0.0138997 9.41
-0.0138159 9.42
-0.0137238 9.43
-0.0135142 9.44
-0.0132661 9.45
-0.0128848 9.46
-0.0124742 9.47
-0.0119574 9.48
-0.0114626 9.49
-0.0109274 9.5
-0.0105052 9.51
-0.0101402 9.52
-0.0100136 9.53
-0.0100691 9.54
-0.010599 9.55
-0.011442 9.56
-0.0128727 9.57
-0.0148406 9.58
-0.014 9.59
-0.0148033 9.6
-0.014 9.61
-0.0151074 9.62
-0.014 9.63
-0.0151112 9.64
-0.014 9.65
-0.0155517 9.66
-0.014 9.67
-0.0154022 9.68
-0.014 9.69
-0.0149739 9.7
-0.014 9.71
-0.0143973 9.72
-0.014 9.73
-0.013999 9.74
-0.0140731 9.75
-0.014 9.76
-0.014198 9.77
-0.014 9.78
-0.014325 9.79
-0.014 9.8
-0.0141747 9.81
-0.014 9.82
-0.0138807 9.83
-0.0136054 9.84
-0.0129484 9.85
-0.0118226 9.86
-0.010118 9.87
-0.0077537 9.88
-0.00470256 9.89
-0.000902519 9.9
0.0030821 9.91
9.9702e-06 9.92
0.000713705 9.93
-3.89678e-06 9.94
0.000639922 9.95
9.9702e-06 9.96
0.000629053 9.97
9.9702e-06 9.98
0.000609207 9.99
9.9702e-06 10
0.000602692 10.01
9.9702e-06 10.02
0.000615888 10.03
9.9702e-06 10.04
0.000654982 10.05
9.9702e-06 10.06
0.000723574 10.07
9.9702e-06 10.08
0.000817684 10.09
9.9702e-06 10.1
0.000920916 10.11
9.9702e-06 10.12
0.00100468 10.13
9.9702e-06 10.14
0.00103674 10.15
9.9702e-06 10.16
0.000996215 10.17
9.9702e-06 10.18
0.000886243 10.19
9.9702e-06 10.2
0.000732509 10.21
9.9702e-06 10.22
0.000567416 10.23
9.9702e-06 10.24
0.000415464 10.25
9.9702e-06 10.26
0.000290318 10.27
9.9702e-06 10.28
0.000197935 10.29
9.9702e-06 10.3
0.000138591 10.31
9.9702e-06 10.32
0.000105229 10.33
9.9702e-06 10.34
9.35867e-05 10.35
9.9702e-06 10.36
9.64072e-05 10.37
9.9702e-06 10.38
0.000100873 10.39
-9.46982e-06 10.4
9.23369e-05 10.41
-4.0571e-05 10.42
5.89078e-05 10.43
-6.84911e-05 10.44
2.95136e-05 10.45
-8.65879e-05 10.46
1.41369e-05 10.47
-9.00294e-05 10.48
2.11508e-05 10.49
-6.90904e-05 10.5
6.13446e-05 10.51
-4.09421e-05 10.52
0.000121708 10.53
-2.28906e-05 10.54
0.000187017 10.55
-1.09189e-05 10.56
0.00026323 10.57
-2.94211e-06 10.58
0.000350876 10.59
3.14262e-06 10.6
0.000447429 10.61
9.9702e-06 10.62
0.000547793 10.63
9.9702e-06 10.64
0.000631845 10.65
9.9702e-06 10.66
0.000698485 10.67
9.9702e-06 10.68
0.001629 10.69
0.00156361 10.7
0.00156361 10.71
0.00156361 10.72
0.00156361 10.73
0.00156361 10.74
0.00155877 10.75
0.00155877 10.76
0.00155877 10.77
0.00155877 10.78
0.00155877 10.79
0.00155877 10.8
0.00155877 10.81
0.00155877 10.82
0.00155877 10.83
1.00492e-05 10.84
1.00492e-05 10.85
1.00492e-05 10.86
4.50742e-08 10.87
0.000741699 10.88
9.9702e-06 10.89
0.000747395 10.9
9.9702e-06 10.91
0.000750079 10.92
9.9702e-06 10.93
0.000753085 10.94
9.9702e-06 10.95
0.000744582 10.96
9.9702e-06 10.97
0.000706479 10.98
-1.57271e-05 10.99
0.000595573 11
9.9702e-06 11.01
0.000448677 11.02
9.9702e-06 11.03
0.000198837 11.04
-3.13878e-05 11.05
-0.000150559 11.06
-0.000620338 11.07
-0.00153833 11.08
-0.00303823 11.09
-0.00525025 11.1
-0.00826585 11.11
-0.0121634 11.12
-0.0169962 11.13
-0.0165 11.14
-0.014 11.15
-0.0150826 11.16
-0.014 11.17
-0.0150384 11.18
-0.014 11.19
-0.0149567 11.2
-0.014 11.21
-0.0148604 11.22
-0.014 11.23
-0.0147672 11.24
-0.014 11.25
-0.0146892 11.26
-0.014 11.27
-0.0146319 11.28
-0.0130672 11.29
-0.0110079 11.3
-0.00964411 11.31
-0.0114008 11.32
-0.00653835 11.33
-0.0071999 11.34
-0.00849985 11.35
-0.010578 11.36
-0.0133183 11.37
-0.0167685 11.38
-0.014 11.39
-0.0146874 11.4
-0.014 11.41
-0.0145972 11.42
-0.014 11.43
-0.0144955 11.44
-0.014 11.45
-0.0143749 11.46
-0.014 11.47
-0.0142441 11.48
-0.014 11.49
-0.0141124 11.5
-0.014 11.51
-0.0139872 11.52
-0.0138849 11.53
-0.0136665 11.54
-0.0132522 11.55
-0.0126175 11.56
-0.0117061 11.57
-0.0104792 11.58
-0.0089029 11.59
-0.00692288 11.6
-0.00452345 11.61
-0.00183024 11.62
0.00138195 11.63
9.9702e-06 11.64
0.000623336 11.65
9.9702e-06 11.66
0.000689496 11.67
9.9702e-06 11.68
0.000755865 11.69
9.9702e-06 11.7
0.000818362 11.71
9.9702e-06 11.72
0.000871291 11.73
9.9702e-06 11.74
0.000908958 11.75
9.9702e-06 11.76
0.000927741 11.77
9.9702e-06 11.78
0.000927655 11.79
9.9702e-06 11.8
0.000912455 11.81
9.9702e-06 11.82
0.00088813 11.83
9.9702e-06 11.84
0.000860677 11.85
9.9702e-06 11.86
0.000834416 11.87
9.9702e-06 11.88
0.000811446 11.89
9.9702e-06 11.9
0.000791949 11.91
9.9702e-06 11.92
0.000774789 11.93
9.9702e-06 11.94
0.000758093 11.95
9.9702e-06 11.96
0.000739765 11.97
9.9702e-06 11.98
0.00071797 11.99
9.9702e-06 12
