0 0
0.0066861 0.05
9.9702e-06 0.1
0.00946623 0.15
9.9702e-06 0.2
0.0414586 0.25
-0.00147403 0.3
0.0326407 0.35
9.9702e-06 0.4
0.0250943 0.45
9.9702e-06 0.5
0.0434132 0.55
9.9702e-06 0.6
0.0248148 0.65
9.9702e-06 0.7
0.0358348 0.75
9.9702e-06 0.8
0.0214392 0.85
9.9702e-06 0.9
0.0194568 0.95
9.9702e-06 1
0.0222497 1.05
9.9702e-06 1.1
0.0185269 1.15
9.9702e-06 1.2
0.0153497 1.25
9.9702e-06 1.3
0.0165541 1.35
9.9702e-06 1.4
0.0198861 1.45
9.9702e-06 1.5
0.0207718 1.55
9.9702e-06 1.6
0.0240452 1.65
-0.000405052 1.7
0.0368215 1.75
9.9702e-06 1.8
0.0381493 1.85
9.9702e-06 1.9
0.0281735 1.95
9.9702e-06 2
0.0232028 2.05
9.9702e-06 2.1
0.0222861 2.15
9.9702e-06 2.2
0.0186719 2.25
9.9702e-06 2.3
0.0143791 2.35
9.9702e-06 2.4
0.0146049 2.45
9.9702e-06 2.5
0.0191045 2.55
9.9702e-06 2.6
0.0232089 2.65
9.9702e-06 2.7
0.0234379 2.75
9.9702e-06 2.8
0.0268544 2.85
9.9702e-06 2.9
0.0358163 2.95
9.9702e-06 3
0.0338393 3.05
9.9702e-06 3.1
0.0236648 3.15
9.9702e-06 3.2
0.019532 3.25
9.9702e-06 3.3
0.0214228 3.35
9.9702e-06 3.4
0.0205372 3.45
9.9702e-06 3.5
0.0189284 3.55
9.9702e-06 3.6
0.0189917 3.65
9.9702e-06 3.7
0.0194747 3.75
9.9702e-06 3.8
0.0194916 3.85
9.9702e-06 3.9
0.0200715 3.95
9.9702e-06 4
0.0210132 4.05
9.9702e-06 4.1
0.0228434 4.15
9.9702e-06 4.2
0.0265486 4.25
9.9702e-06 4.3
0.0274767 4.35
9.9702e-06 4.4
0.0206443 4.45
9.9702e-06 4.5
0.0177791 4.55
9.9702e-06 4.6
0.0195786 4.65
9.9702e-06 4.7
0.021997 4.75
9.9702e-06 4.8
0.0230392 4.85
9.9702e-06 4.9
0.0232622 4.95
9.9702e-06 5
0.0221375 5.05
9.9702e-06 5.1
0.0188844 5.15
9.9702e-06 5.2
0.0185772 5.25
9.9702e-06 5.3
0.0159219 5.35
9.9702e-06 5.4
0.0144268 5.45
9.9702e-06 5.5
0.0175385 5.55
9.9702e-06 5.6
0.0225278 5.65
9.9702e-06 5.7
0.023416 5.75
9.9702e-06 5.8
0.0192021 5.85
9.9702e-06 5.9
0.0166267 5.95
9.9702e-06 6
0.0217328 6.05
9.9702e-06 6.1
0.027637 6.15
9.9702e-06 6.2
0.0242931 6.25
9.9702e-06 6.3
0.0202428 6.35
9.9702e-06 6.4
0.021731 6.45
0.021731 6.5
1.93056e-06 6.55
0.0187496 6.6
9.9702e-06 6.65
0.0139152 6.7
9.9702e-06 6.75
0.0106818 6.8
9.9702e-06 6.85
0.0140178 6.9
-0.000104959 6.95
0.0216366 7
9.9702e-06 7.05
0.0263977 7.1
9.9702e-06 7.15
0.0275092 7.2
9.9702e-06 7.25
0.0267652 7.3
9.9702e-06 7.35
0.0239461 7.4
9.9702e-06 7.45
0.0221863 7.5
9.9702e-06 7.55
0.0223335 7.6
9.9702e-06 7.65
0.0222537 7.7
9.9702e-06 7.75
0.021873 7.8
9.9702e-06 7.85
0.0227561 7.9
9.9702e-06 7.95
0.0245483 8
9.9702e-06 8.05
0.0259157 8.1
9.9702e-06 8.15
0.0280679 8.2
9.9702e-06 8.25
0.0286225 8.3
9.9702e-06 8.35
0.024071 8.4
9.9702e-06 8.45
0.0215353 8.5
9.9702e-06 8.55
0.0217272 8.6
9.9702e-06 8.65
0.0228031 8.7
9.9702e-06 8.75
0.0238587 8.8
9.9702e-06 8.85
0.0246497 8.9
9.9702e-06 8.95
0.0237447 9
9.9702e-06 9.05
0.0215712 9.1
9.9702e-06 9.15
0.0223001 9.2
9.9702e-06 9.25
0.0220958 9.3
9.9702e-06 9.35
0.020269 9.4
9.9702e-06 9.45
0.0210282 9.5
9.9702e-06 9.55
0.0250917 9.6
9.9702e-06 9.65
0.0278045 9.7
9.9702e-06 9.75
0.0281443 9.8
9.9702e-06 9.85
0.028232 9.9
9.9702e-06 9.95
0.0281852 10
9.9702e-06 10.05
0.0258916 10.1
9.9702e-06 10.15
0.0240494 10.2
9.9702e-06 10.25
0.0238235 10.3
9.9702e-06 10.35
0.0224659 10.4
9.9702e-06 10.45
0.0201601 10.5
9.9702e-06 10.55
0.0190198 10.6
9.9702e-06 10.65
0.0197044 10.7
9.9702e-06 10.75
0.0218288 10.8
9.9702e-06 10.85
0.0253497 10.9
9.9702e-06 10.95
0.0292417 11
9.9702e-06 11.05
0.0305141 11.1
9.9702e-06 11.15
0.0290104 11.2
9.9702e-06 11.25
0.027417 11.3
9.9702e-06 11.35
0.0266285 11.4
9.9702e-06 11.45
0.0255308 11.5
9.9702e-06 11.55
0.023888 11.6
9.9702e-06 11.65
0.0222806 11.7
9.9702e-06 11.75
0.0223309 11.8
9.9702e-06 11.85
0.022955 11.9
9.9702e-06 11.95
