0 0
6.17734e-05 0.005
9.9702e-06 0.01
7.34089e-05 0.015
9.9702e-06 0.02
7.49569e-05 0.025
9.9702e-06 0.03
7.6467e-05 0.035
9.9702e-06 0.04
7.81423e-05 0.045
9.9702e-06 0.05
8.03384e-05 0.055
9.9702e-06 0.06
8.35893e-05 0.065
9.9702e-06 0.07
8.86306e-05 0.075
9.9702e-06 0.08
9.64132e-05 0.085
9.9702e-06 0.09
0.000108098 0.095
9.9702e-06 0.1
9.25901e-06 0.105
0.000149008 0.11
9.9702e-06 0.115
0.000173815 0.12
9.9702e-06 0.125
0.000210543 0.13
9.9702e-06 0.135
0.000256956 0.14
9.9702e-06 0.145
0.000313122 0.15
9.9702e-06 0.155
0.000378383 0.16
2.73513e-06 0.165
0.000441363 0.17
9.9702e-06 0.175
0.000520561 0.18
9.9702e-06 0.185
0.000589272 0.19
9.9702e-06 0.195
0.000649088 0.2
9.9702e-06 0.205
0.000694267 0.21
9.9702e-06 0.215
0.000720541 0.22
9.9702e-06 0.225
0.000726263 0.23
9.9702e-06 0.235
0.000712783 0.24
9.9702e-06 0.245
0.000685639 0.25
-2.68121e-06 0.255
0.000627121 0.26
9.9702e-06 0.265
0.000593439 0.27
9.9702e-06 0.275
0.000544955 0.28
9.9702e-06 0.285
0.000499055 0.29
9.9702e-06 0.295
0.000458072 0.3
9.9702e-06 0.305
0.00042346 0.31
9.9702e-06 0.315
0.000396086 0.32
9.9702e-06 0.325
0.000376472 0.33
9.9702e-06 0.335
0.000364988 0.34
9.9702e-06 0.345
0.000362009 0.35
9.9702e-06 0.355
0.000368012 0.36
9.9702e-06 0.365
0.000383592 0.37
9.9702e-06 0.375
0.000409283 0.38
9.9702e-06 0.385
0.000445111 0.39
9.9702e-06 0.395
0.000489928 0.4
9.9702e-06 0.405
0.000541005 0.41
9.9702e-06 0.415
0.000594258 0.42
9.9702e-06 0.425
0.000645714 0.43
9.9702e-06 0.435
0.00069326 0.44
9.9702e-06 0.445
0.000736136 0.45
9.9702e-06 0.455
0.000773125 0.46
9.9702e-06 0.465
0.00080134 0.47
9.9702e-06 0.475
0.000816488 0.48
9.9702e-06 0.485
0.0008142 0.49
9.9702e-06 0.495
0.000791719 0.5
9.9702e-06 0.505
0.000749187 0.51
9.9702e-06 0.515
0.000689875 0.52
9.9702e-06 0.525
0.000619136 0.53
9.9702e-06 0.535
0.000539391 0.54
9.9702e-06 0.545
0.000452541 0.55
9.9702e-06 0.555
0.000378054 0.56
9.9702e-06 0.565
0.000324624 0.57
9.9702e-06 0.575
0.000295367 0.58
9.9702e-06 0.585
0.000285174 0.59
-0.00617055 0.595
-0.0120873 0.6
-0.0178068 0.605
-0.0177615 0.61
-0.0175348 0.615
-0.0171325 0.62
-0.0165596 0.625
-0.0158201 0.63
-0.0149169 0.635
-0.0138523 0.64
-0.0125854 0.645
-0.0110974 0.65
-0.00956263 0.655
-0.00786101 0.66
-0.00601333 0.665
-0.0039948 0.67
-0.00182579 0.675
0.000522857 0.68
9.9702e-06 0.685
0.000208663 0.69
9.9702e-06 0.695
0.000216022 0.7
9.9702e-06 0.705
0.000235933 0.71
9.9702e-06 0.715
0.000257132 0.72
9.9702e-06 0.725
0.000276366 0.73
9.9702e-06 0.735
0.000290222 0.74
9.9702e-06 0.745
0.000296056 0.75
9.9702e-06 0.755
0.000292762 0.76
9.9702e-06 0.765
0.000280957 0.77
9.9702e-06 0.775
0.000262551 0.78
9.9702e-06 0.785
0.000240013 0.79
9.9702e-06 0.795
0.000215713 0.8
9.9702e-06 0.805
0.000191544 0.81
9.9702e-06 0.815
0.00016881 0.82
9.9702e-06 0.825
0.000148291 0.83
9.9702e-06 0.835
0.000130367 0.84
9.9702e-06 0.845
0.000115146 0.85
9.9702e-06 0.855
0.000102566 0.86
9.9702e-06 0.865
9.24704e-05 0.87
9.9702e-06 0.875
8.46517e-05 0.88
9.9702e-06 0.885
7.88835e-05 0.89
9.9702e-06 0.895
7.49371e-05 0.9
9.9702e-06 0.905
7.25919e-05 0.91
9.9702e-06 0.915
7.16419e-05 0.92
9.9702e-06 0.925
7.18995e-05 0.93
9.9702e-06 0.935
7.31983e-05 0.94
9.9702e-06 0.945
7.53959e-05 0.95
9.9702e-06 0.955
7.83764e-05 0.96
9.9702e-06 0.965
8.20524e-05 0.97
9.9702e-06 0.975
8.63683e-05 0.98
9.9702e-06 0.985
9.13027e-05 0.99
9.9702e-06 0.995
9.68711e-05 1
9.9702e-06 1.005
0.00010313 1.01
9.9702e-06 1.015
0.000110178 1.02
9.9702e-06 1.025
0.000118162 1.03
9.9702e-06 1.035
0.000127276 1.04
9.9702e-06 1.045
0.000137764 1.05
9.9702e-06 1.055
0.000149911 1.06
9.9702e-06 1.065
0.000164029 1.07
9.9702e-06 1.075
0.000180422 1.08
9.9702e-06 1.085
0.000200135 1.09
4.42509e-06 1.095
0.000213605 1.1
9.9702e-06 1.105
0.000243713 1.11
9.9702e-06 1.115
0.000269133 1.12
9.9702e-06 1.125
0.000295893 1.13
9.9702e-06 1.135
0.000322729 1.14
9.9702e-06 1.145
0.000347967 1.15
9.9702e-06 1.155
0.000369743 1.16
9.9702e-06 1.165
0.000386279 1.17
9.9702e-06 1.175
0.00039617 1.18
9.9702e-06 1.185
0.000398606 1.19
9.9702e-06 1.195
0.000393466 1.2
9.9702e-06 1.205
0.000381281 1.21
9.9702e-06 1.215
0.000363077 1.22
9.9702e-06 1.225
0.000340181 1.23
9.9702e-06 1.235
0.000314018 1.24
9.9702e-06 1.245
0.000285963 1.25
9.9702e-06 1.255
0.000257243 1.26
9.9702e-06 1.265
0.00022888 1.27
9.9702e-06 1.275
0.000201679 1.28
9.9702e-06 1.285
0.000176236 1.29
9.9702e-06 1.295
0.000152954 1.3
9.9702e-06 1.305
0.000132066 1.31
9.9702e-06 1.315
0.000113664 1.32
9.9702e-06 1.325
9.77201e-05 1.33
9.9702e-06 1.335
8.41189e-05 1.34
9.9702e-06 1.345
7.27172e-05 1.35
8.77478e-06 1.355
6.12386e-05 1.36
9.9702e-06 1.365
5.42555e-05 1.37
9.9702e-06 1.375
4.74422e-05 1.38
9.9702e-06 1.385
4.18691e-05 1.39
9.9702e-06 1.395
3.73246e-05 1.4
9.9702e-06 1.405
3.36156e-05 1.41
9.9702e-06 1.415
3.05724e-05 1.42
9.9702e-06 1.425
2.80492e-05 1.43
9.9702e-06 1.435
2.59232e-05 1.44
9.9702e-06 1.445
2.40935e-05 1.45
9.9702e-06 1.455
2.24792e-05 1.46
9.9702e-06 1.465
2.1018e-05 1.47
9.9702e-06 1.475
1.96652e-05 1.48
9.9702e-06 1.485
1.8393e-05 1.49
9.9702e-06 1.495
1.71913e-05 1.5
9.9702e-06 1.505
1.60689e-05 1.51
9.9702e-06 1.515
1.50564e-05 1.52
9.9702e-06 1.525
1.42108e-05 1.53
9.9702e-06 1.535
1.36227e-05 1.54
9.9702e-06 1.545
1.34263e-05 1.55
9.86675e-06 1.555
1.3713e-05 1.56
9.9702e-06 1.565
1.50693e-05 1.57
9.9702e-06 1.575
1.75819e-05 1.58
9.9702e-06 1.585
2.19164e-05 1.59
9.9702e-06 1.595
2.8876e-05 1.6
9.9702e-06 1.605
3.96015e-05 1.61
9.9702e-06 1.615
5.56997e-05 1.62
9.9702e-06 1.625
7.93955e-05 1.63
9.9702e-06 1.635
0.000113682 1.64
9.9702e-06 1.645
0.000162412 1.65
9.9702e-06 1.655
0.000230226 1.66
9.9702e-06 1.665
0.000322163 1.67
9.9702e-06 1.675
0.000442795 1.68
9.9702e-06 1.685
0.00059479 1.69
9.9702e-06 1.695
0.0007771 1.7
9.9702e-06 1.705
0.000983404 1.71
9.9702e-06 1.715
0.001202 1.72
9.9702e-06 1.725
0.00141802 1.73
9.9702e-06 1.735
0.00161702 1.74
9.9702e-06 1.745
0.0017861 1.75
9.9702e-06 1.755
0.00191031 1.76
9.9702e-06 1.765
0.00196968 1.77
9.9702e-06 1.775
0.0019463 1.78
9.9702e-06 1.785
0.00183947 1.79
9.9702e-06 1.795
0.00167513 1.8
-1.85004e-05 1.805
0.00144485 1.81
9.9702e-06 1.815
0.001274 1.82
9.9702e-06 1.825
0.00108816 1.83
9.9702e-06 1.835
0.000920902 1.84
9.9702e-06 1.845
0.000770985 1.85
9.9702e-06 1.855
0.000635676 1.86
9.9702e-06 1.865
0.000512707 1.87
9.9702e-06 1.875
0.000400734 1.88
9.9702e-06 1.885
0.00029919 1.89
9.9702e-06 1.895
0.000207941 1.9
9.9702e-06 1.905
0.000126953 1.91
9.9702e-06 1.915
5.60785e-05 1.92
9.9702e-06 1.925
-5.04209e-06 1.93
-5.713e-05 1.935
-0.000174857 1.94
-0.000377229 1.945
-0.000688829 1.95
-0.00112419 1.955
-0.00170479 1.96
-0.00244131 1.965
-0.00335288 1.97
-0.00444671 1.975
-0.00574011 1.98
-0.00723726 1.985
-0.00895394 1.99
-0.0108918 1.995
-0.0130651 2
-0.0154735 2.005
-0.014 2.01
-0.0141658 2.015
-0.014 2.02
-0.0142248 2.025
-0.014 2.03
-0.014221 2.035
-0.014 2.04
-0.0142136 2.045
-0.014 2.05
-0.0142031 2.055
-0.014 2.06
-0.0141899 2.065
-0.014 2.07
-0.0141743 2.075
-0.014 2.08
-0.0141569 2.085
-0.014 2.09
-0.0141382 2.095
-0.014 2.1
-0.0141189 2.105
-0.014 2.11
-0.0140996 2.115
-0.014 2.12
-0.0140812 2.125
-0.014 2.13
-0.0140642 2.135
-0.014 2.14
-0.0140493 2.145
-0.014 2.15
-0.0140369 2.155
-0.014 2.16
-0.0140274 2.165
-0.0140218 2.17
-0.014 2.175
-0.0140182 2.18
-0.014 2.185
-0.0140127 2.19
-0.014 2.195
-0.0140116 2.2
-0.014 2.205
-0.0140128 2.21
-0.014 2.215
-0.0140214 2.22
-0.014 2.225
-0.014031 2.23
-0.014 2.235
-0.014044 2.24
-0.014 2.245
-0.0140599 2.25
-0.014 2.255
-0.0140784 2.26
-0.014 2.265
-0.0140994 2.27
-0.014 2.275
-0.0141226 2.28
-0.014 2.285
-0.0141478 2.29
-0.014 2.295
-0.014175 2.3
-0.014 2.305
-0.0142038 2.31
-0.014 2.315
-0.0142338 2.32
-0.014 2.325
-0.0142643 2.33
-0.014 2.335
-0.0142946 2.34
-0.014 2.345
-0.0143235 2.35
-0.014 2.355
-0.0143499 2.36
-0.014 2.365
-0.0143725 2.37
-0.014 2.375
-0.0143903 2.38
-0.014 2.385
-0.0144026 2.39
-0.014 2.395
-0.0144089 2.4
-0.014 2.405
-0.0144091 2.41
-0.0143245 2.415
-0.014 2.42
-0.014394 2.425
-0.014 2.43
-0.0143783 2.435
-0.014 2.44
-0.0143593 2.445
-0.014 2.45
-0.014338 2.455
-0.014 2.46
-0.0143151 2.465
-0.014 2.47
-0.0142914 2.475
-0.014 2.48
-0.0142674 2.485
-0.014 2.49
-0.0142435 2.495
-0.014 2.5
-0.0142201 2.505
-0.014 2.51
-0.0141973 2.515
-0.014 2.52
-0.0141754 2.525
-0.014 2.53
-0.0141546 2.535
-0.014 2.54
-0.0141349 2.545
-0.014 2.55
-0.0141166 2.555
-0.014 2.56
-0.0140997 2.565
-0.014 2.57
-0.0140843 2.575
-0.014 2.58
-0.0140706 2.585
-0.014 2.59
-0.0140585 2.595
-0.014 2.6
-0.0140481 2.605
-0.014 2.61
-0.0140393 2.615
-0.014 2.62
-0.0140319 2.625
-0.014 2.63
-0.0140258 2.635
-0.014 2.64
-0.0140206 2.645
-0.014 2.65
-0.0140161 2.655
-0.0139975 2.66
-0.0139677 2.665
-0.0139464 2.67
-0.0139218 2.675
-0.013888 2.68
-0.0138483 2.685
-0.0137996 2.69
-0.0137451 2.695
-0.0136822 2.7
-0.0136141 2.705
-0.0135391 2.71
-0.0134601 2.715
-0.0133764 2.72
-0.0132904 2.725
-0.0132028 2.73
-0.0131156 2.735
-0.013031 2.74
-0.0129501 2.745
-0.0128775 2.75
-0.0128132 2.755
-0.0127644 2.76
-0.0127298 2.765
-0.0127197 2.77
-0.0127315 2.775
-0.0127794 2.78
-0.0128585 2.785
-0.0129882 2.79
-0.013161 2.795
-0.013402 2.8
-0.0137005 2.805
-0.0140883 2.81
-0.014 2.815
-0.0141085 2.82
-0.014 2.825
-0.0141349 2.83
-0.014 2.835
-0.0141695 2.84
-0.014 2.845
-0.0142048 2.85
-0.014 2.855
-0.0142455 2.86
-0.014 2.865
-0.0142884 2.87
-0.014 2.875
-0.0143313 2.88
-0.014 2.885
-0.0143721 2.89
-0.014 2.895
-0.0144088 2.9
-0.014 2.905
-0.0144403 2.91
-0.014 2.915
-0.0144659 2.92
-0.014 2.925
-0.0144856 2.93
-0.014 2.935
-0.0145 2.94
-0.014 2.945
-0.0145122 2.95
-0.014232 2.955
-0.014 2.96
-0.0145087 2.965
-0.014 2.97
-0.0144796 2.975
-0.014 2.98
-0.0144494 2.985
-0.014 2.99
-0.0143937 2.995
-0.014 3
-0.0142892 3.005
-0.014 3.01
-0.014105 3.015
-0.014 3.02
-0.0138298 3.025
-0.0133284 3.03
-0.0123717 3.035
-0.0108478 3.04
-0.00873606 3.045
-0.00602765 3.05
-0.00278174 3.055
0.000957756 3.06
5.341e-06 3.065
0.00037775 3.07
9.9702e-06 3.075
0.000297855 3.08
9.9702e-06 3.085
0.000239271 3.09
9.9702e-06 3.095
0.000194856 3.1
9.9702e-06 3.105
0.000156188 3.11
9.9702e-06 3.115
0.000118641 3.12
9.9702e-06 3.125
8.00302e-05 3.13
9.9702e-06 3.135
3.95151e-05 3.14
9.9702e-06 3.145
-3.06028e-06 3.15
-3.60905e-05 3.155
-0.000123454 3.16
-0.000276716 3.165
-0.000530625 3.17
-0.000897236 3.175
-0.00141215 3.18
-0.00208855 3.185
-0.00296296 3.19
-0.00405007 3.195
-0.00538768 3.2
-0.00699234 3.205
-0.00890396 3.21
-0.011141 3.215
-0.0137473 3.22
-0.0167424 3.225
-0.014 3.23
-0.0143033 3.235
-0.014 3.24
-0.0144765 3.245
-0.014 3.25
-0.0145383 3.255
-0.014 3.26
-0.0146048 3.265
-0.014 3.27
-0.0146777 3.275
-0.014 3.28
-0.0147564 3.285
-0.014 3.29
-0.0148383 3.295
-0.014 3.3
-0.0149167 3.305
-0.014 3.31
-0.0149805 3.315
-0.014 3.32
-0.0150157 3.325
-0.014 3.33
-0.0150106 3.335
-0.014 3.34
-0.0149619 3.345
-0.014 3.35
-0.0148774 3.355
-0.014 3.36
-0.0147724 3.365
-0.0146082 3.37
-0.014 3.375
-0.014674 3.38
-0.0142687 3.385
-0.014 3.39
-0.0145185 3.395
-0.014138 3.4
-0.014 3.405
-0.0143928 3.41
-0.0140652 3.415
-0.014 3.42
-0.0142922 3.425
-0.014 3.43
-0.014237 3.435
-0.014 3.44
-0.0141945 3.445
-0.014 3.45
-0.0141596 3.455
-0.014 3.46
-0.0141311 3.465
-0.014 3.47
-0.0141078 3.475
-0.014 3.48
-0.0140887 3.485
-0.014 3.49
-0.014073 3.495
-0.014 3.5
-0.0140601 3.505
-0.014 3.51
-0.0140494 3.515
-0.014 3.52
-0.0140404 3.525
-0.014 3.53
-0.0140329 3.535
-0.014 3.54
-0.0140265 3.545
-0.014 3.55
-0.0140209 3.555
-0.014 3.56
-0.014016 3.565
-0.014 3.57
-0.0140114 3.575
-0.014 3.58
-0.0140072 3.585
-0.014 3.59
-0.0140031 3.595
-0.014 3.6
-0.013999 3.605
-0.014004 3.61
-0.0139931 3.615
-0.0139856 3.62
-0.0139701 3.625
-0.0139495 3.63
-0.0139163 3.635
-0.0138727 3.64
-0.0138116 3.645
-0.0137346 3.65
-0.0136347 3.655
-0.0135131 3.66
-0.0133627 3.665
-0.0131842 3.67
-0.0129707 3.675
-0.0127222 3.68
-0.0124319 3.685
-0.0120991 3.69
-0.0117172 3.695
-0.0112849 3.7
-0.0107957 3.705
-0.0102479 3.71
-0.00963493 3.715
-0.00895467 3.72
-0.00820073 3.725
-0.00737073 3.73
-0.00645845 3.735
-0.00546142 3.74
-0.00437364 3.745
-0.0031928 3.75
-0.0019132 3.755
-0.000532973 3.76
0.00095318 3.765
9.9702e-06 3.77
0.000118517 3.775
9.9702e-06 3.78
0.00012153 3.785
9.9702e-06 3.79
0.000122568 3.795
9.9702e-06 3.8
0.000121121 3.805
9.9702e-06 3.81
0.00011708 3.815
9.9702e-06 3.82
0.00011047 3.825
9.9702e-06 3.83
0.00010145 3.835
9.9702e-06 3.84
9.02996e-05 3.845
9.9702e-06 3.85
7.73976e-05 3.855
9.9702e-06 3.86
6.32013e-05 3.865
9.9702e-06 3.87
4.82191e-05 3.875
9.9702e-06 3.88
3.29774e-05 3.885
9.9702e-06 3.89
1.79838e-05 3.895
7.62765e-06 3.9
1.34794e-06 3.905
-3.17652e-05 3.91
-7.85784e-05 3.915
-0.00016783 3.92
-0.000282515 3.925
-0.000452762 3.93
-0.000658841 3.935
-0.000931858 3.94
-0.00125034 3.945
-0.00164598 3.95
-0.00209645 3.955
-0.00263372 3.96
-0.00323561 3.965
-0.00393411 3.97
-0.00470842 3.975
-0.00559044 3.98
-0.00656201 3.985
-0.0076551 3.99
-0.00885554 3.995
-0.0101958 4
-0.0116672 4.005
-0.0133035 4.01
-0.0151028 4.015
-0.014 4.02
-0.0142215 4.025
-0.0128238 4.03
-0.0126907 4.035
-0.0123633 4.04
-0.0121732 4.045
-0.0120215 4.05
-0.0119957 4.055
-0.0120366 4.06
-0.0122025 4.065
-0.0124606 4.07
-0.0128438 4.075
-0.0132671 4.08
-0.0138311 4.085
-0.0145078 4.09
-0.014 4.095
-0.0141353 4.1
-0.014 4.105
-0.0141459 4.11
-0.014 4.115
-0.014158 4.12
-0.014 4.125
-0.0141696 4.13
-0.014 4.135
-0.0141811 4.14
-0.014 4.145
-0.0141928 4.15
-0.014 4.155
-0.0142055 4.16
-0.014 4.165
-0.0142198 4.17
-0.014 4.175
-0.0142363 4.18
-0.014 4.185
-0.0142558 4.19
-0.014 4.195
-0.0142789 4.2
-0.014 4.205
-0.0143062 4.21
-0.014 4.215
-0.0143374 4.22
-0.014 4.225
-0.0143712 4.23
-0.014 4.235
-0.0144044 4.24
-0.014 4.245
-0.014431 4.25
-0.014 4.255
-0.0144423 4.26
-0.014 4.265
-0.0144268 4.27
-0.014 4.275
-0.014121 4.28
-0.014 4.285
-0.0140846 4.29
-0.014 4.295
-0.0140696 4.3
-0.014 4.305
-0.0140588 4.31
-0.0139713 4.315
-0.0139879 4.32
-0.0136658 4.325
-0.0134774 4.33
-0.0128391 4.335
-0.0123371 4.34
-0.0113587 4.345
-0.0104968 4.35
-0.00920665 4.355
-0.00788936 4.36
-0.0064101 4.365
-0.0050183 4.37
-0.00327773 4.375
-0.00156806 4.38
0.000283106 4.385
9.7897e-05 4.39
0.000238794 4.395
0.00031644 4.4
0.00010818 4.405
6.44397e-05 4.41
5.18822e-05 4.415
3.78438e-05 4.42
2.54678e-05 4.425
1.43152e-05 4.43
0 0
6.17734e-05 0.005
9.9702e-06 0.01
7.34089e-05 0.015
9.9702e-06 0.02
7.49569e-05 0.025
9.9702e-06 0.03
7.6467e-05 0.035
9.9702e-06 0.04
7.81423e-05 0.045
9.9702e-06 0.05
8.03384e-05 0.055
9.9702e-06 0.06
8.35893e-05 0.065
9.9702e-06 0.07
8.86306e-05 0.075
9.9702e-06 0.08
9.64132e-05 0.085
9.9702e-06 0.09
0.000108098 0.095
9.9702e-06 0.1
9.25901e-06 0.105
0.000149008 0.11
9.9702e-06 0.115
0.000173815 0.12
9.9702e-06 0.125
0.000210543 0.13
9.9702e-06 0.135
0.000256956 0.14
9.9702e-06 0.145
0.000313122 0.15
9.9702e-06 0.155
0.000378383 0.16
2.73513e-06 0.165
0.000441363 0.17
9.9702e-06 0.175
0.000520561 0.18
9.9702e-06 0.185
0.000589272 0.19
9.9702e-06 0.195
0.000649088 0.2
9.9702e-06 0.205
0.000694267 0.21
9.9702e-06 0.215
0.000720541 0.22
9.9702e-06 0.225
0.000726263 0.23
9.9702e-06 0.235
0.000712783 0.24
9.9702e-06 0.245
0.000685639 0.25
-2.68121e-06 0.255
0.000627121 0.26
9.9702e-06 0.265
0.000593439 0.27
9.9702e-06 0.275
0.000544955 0.28
9.9702e-06 0.285
0.000499055 0.29
9.9702e-06 0.295
0.000458072 0.3
9.9702e-06 0.305
0.00042346 0.31
9.9702e-06 0.315
0.000396086 0.32
9.9702e-06 0.325
0.000376472 0.33
9.9702e-06 0.335
0.000364988 0.34
9.9702e-06 0.345
0.000362009 0.35
9.9702e-06 0.355
0.000368012 0.36
9.9702e-06 0.365
0.000383592 0.37
9.9702e-06 0.375
0.000409283 0.38
9.9702e-06 0.385
0.000445111 0.39
9.9702e-06 0.395
0.000489928 0.4
9.9702e-06 0.405
0.000541005 0.41
9.9702e-06 0.415
0.000594258 0.42
9.9702e-06 0.425
0.000645714 0.43
9.9702e-06 0.435
0.00069326 0.44
9.9702e-06 0.445
0.000736136 0.45
9.9702e-06 0.455
0.000773125 0.46
9.9702e-06 0.465
0.00080134 0.47
9.9702e-06 0.475
0.000816488 0.48
9.9702e-06 0.485
0.0008142 0.49
9.9702e-06 0.495
0.000791719 0.5
9.9702e-06 0.505
0.000749187 0.51
9.9702e-06 0.515
0.000689875 0.52
9.9702e-06 0.525
0.000619136 0.53
9.9702e-06 0.535
0.000539391 0.54
9.9702e-06 0.545
0.000452541 0.55
9.9702e-06 0.555
0.000378054 0.56
9.9702e-06 0.565
0.000324624 0.57
9.9702e-06 0.575
0.000295367 0.58
9.9702e-06 0.585
0.000285174 0.59
-0.00617055 0.595
-0.0120873 0.6
-0.0178068 0.605
-0.0177615 0.61
-0.0175348 0.615
-0.0171325 0.62
-0.0165596 0.625
-0.0158201 0.63
-0.0149169 0.635
-0.0138523 0.64
-0.0125854 0.645
-0.0110974 0.65
-0.00956263 0.655
-0.00786101 0.66
-0.00601333 0.665
-0.0039948 0.67
-0.00182579 0.675
0.000522857 0.68
9.9702e-06 0.685
0.000208663 0.69
9.9702e-06 0.695
0.000216022 0.7
9.9702e-06 0.705
0.000235933 0.71
9.9702e-06 0.715
0.000257132 0.72
9.9702e-06 0.725
0.000276366 0.73
9.9702e-06 0.735
0.000290222 0.74
9.9702e-06 0.745
0.000296056 0.75
9.9702e-06 0.755
0.000292762 0.76
9.9702e-06 0.765
0.000280957 0.77
9.9702e-06 0.775
0.000262551 0.78
9.9702e-06 0.785
0.000240013 0.79
9.9702e-06 0.795
0.000215713 0.8
9.9702e-06 0.805
0.000191544 0.81
9.9702e-06 0.815
0.00016881 0.82
9.9702e-06 0.825
0.000148291 0.83
9.9702e-06 0.835
0.000130367 0.84
9.9702e-06 0.845
0.000115146 0.85
9.9702e-06 0.855
0.000102566 0.86
9.9702e-06 0.865
9.24704e-05 0.87
9.9702e-06 0.875
8.46517e-05 0.88
9.9702e-06 0.885
7.88835e-05 0.89
9.9702e-06 0.895
7.49371e-05 0.9
9.9702e-06 0.905
7.25919e-05 0.91
9.9702e-06 0.915
7.16419e-05 0.92
9.9702e-06 0.925
7.18995e-05 0.93
9.9702e-06 0.935
7.31983e-05 0.94
9.9702e-06 0.945
7.53959e-05 0.95
9.9702e-06 0.955
7.83764e-05 0.96
9.9702e-06 0.965
8.20524e-05 0.97
9.9702e-06 0.975
8.63683e-05 0.98
9.9702e-06 0.985
9.13027e-05 0.99
9.9702e-06 0.995
9.68711e-05 1
9.9702e-06 1.005
0.00010313 1.01
9.9702e-06 1.015
0.000110178 1.02
9.9702e-06 1.025
0.000118162 1.03
9.9702e-06 1.035
0.000127276 1.04
9.9702e-06 1.045
0.000137764 1.05
9.9702e-06 1.055
0.000149911 1.06
9.9702e-06 1.065
0.000164029 1.07
9.9702e-06 1.075
0.000180422 1.08
9.9702e-06 1.085
0.000200135 1.09
4.42509e-06 1.095
0.000213605 1.1
9.9702e-06 1.105
0.000243713 1.11
9.9702e-06 1.115
0.000269133 1.12
9.9702e-06 1.125
0.000295893 1.13
9.9702e-06 1.135
0.000322729 1.14
9.9702e-06 1.145
0.000347967 1.15
9.9702e-06 1.155
0.000369743 1.16
9.9702e-06 1.165
0.000386279 1.17
9.9702e-06 1.175
0.00039617 1.18
9.9702e-06 1.185
0.000398606 1.19
9.9702e-06 1.195
0.000393466 1.2
9.9702e-06 1.205
0.000381281 1.21
9.9702e-06 1.215
0.000363077 1.22
9.9702e-06 1.225
0.000340181 1.23
9.9702e-06 1.235
0.000314018 1.24
9.9702e-06 1.245
0.000285963 1.25
9.9702e-06 1.255
0.000257243 1.26
9.9702e-06 1.265
0.00022888 1.27
9.9702e-06 1.275
0.000201679 1.28
9.9702e-06 1.285
0.000176236 1.29
9.9702e-06 1.295
0.000152954 1.3
9.9702e-06 1.305
0.000132066 1.31
9.9702e-06 1.315
0.000113664 1.32
9.9702e-06 1.325
9.77201e-05 1.33
9.9702e-06 1.335
8.41189e-05 1.34
9.9702e-06 1.345
7.27172e-05 1.35
8.77478e-06 1.355
6.12386e-05 1.36
9.9702e-06 1.365
5.42555e-05 1.37
9.9702e-06 1.375
4.74422e-05 1.38
9.9702e-06 1.385
4.18691e-05 1.39
9.9702e-06 1.395
3.73246e-05 1.4
9.9702e-06 1.405
3.36156e-05 1.41
9.9702e-06 1.415
3.05724e-05 1.42
9.9702e-06 1.425
2.80492e-05 1.43
9.9702e-06 1.435
2.59232e-05 1.44
9.9702e-06 1.445
2.40935e-05 1.45
9.9702e-06 1.455
2.24792e-05 1.46
9.9702e-06 1.465
2.1018e-05 1.47
9.9702e-06 1.475
1.96652e-05 1.48
9.9702e-06 1.485
1.8393e-05 1.49
9.9702e-06 1.495
1.71913e-05 1.5
9.9702e-06 1.505
1.60689e-05 1.51
9.9702e-06 1.515
1.50564e-05 1.52
9.9702e-06 1.525
1.42108e-05 1.53
9.9702e-06 1.535
1.36227e-05 1.54
9.9702e-06 1.545
1.34263e-05 1.55
9.86675e-06 1.555
1.3713e-05 1.56
9.9702e-06 1.565
1.50693e-05 1.57
9.9702e-06 1.575
1.75819e-05 1.58
9.9702e-06 1.585
2.19164e-05 1.59
9.9702e-06 1.595
2.8876e-05 1.6
9.9702e-06 1.605
3.96015e-05 1.61
9.9702e-06 1.615
5.56997e-05 1.62
9.9702e-06 1.625
7.93955e-05 1.63
9.9702e-06 1.635
0.000113682 1.64
9.9702e-06 1.645
0.000162412 1.65
9.9702e-06 1.655
0.000230226 1.66
9.9702e-06 1.665
0.000322163 1.67
9.9702e-06 1.675
0.000442795 1.68
9.9702e-06 1.685
0.00059479 1.69
9.9702e-06 1.695
0.0007771 1.7
9.9702e-06 1.705
0.000983404 1.71
9.9702e-06 1.715
0.001202 1.72
9.9702e-06 1.725
0.00141802 1.73
9.9702e-06 1.735
0.00161702 1.74
9.9702e-06 1.745
0.0017861 1.75
9.9702e-06 1.755
0.00191031 1.76
9.9702e-06 1.765
0.00196968 1.77
9.9702e-06 1.775
0.0019463 1.78
9.9702e-06 1.785
0.00183947 1.79
9.9702e-06 1.795
0.00167513 1.8
-1.85004e-05 1.805
0.00144485 1.81
9.9702e-06 1.815
0.001274 1.82
9.9702e-06 1.825
0.00108816 1.83
9.9702e-06 1.835
0.000920902 1.84
9.9702e-06 1.845
0.000770985 1.85
9.9702e-06 1.855
0.000635676 1.86
9.9702e-06 1.865
0.000512707 1.87
9.9702e-06 1.875
0.000400734 1.88
9.9702e-06 1.885
0.00029919 1.89
9.9702e-06 1.895
0.000207941 1.9
9.9702e-06 1.905
0.000126953 1.91
9.9702e-06 1.915
5.60785e-05 1.92
9.9702e-06 1.925
-5.04209e-06 1.93
-5.713e-05 1.935
-0.000174857 1.94
-0.000377229 1.945
-0.000688829 1.95
-0.00112419 1.955
-0.00170479 1.96
-0.00244131 1.965
-0.00335288 1.97
-0.00444671 1.975
-0.00574011 1.98
-0.00723726 1.985
-0.00895394 1.99
-0.0108918 1.995
-0.0130651 2
-0.0154735 2.005
-0.014 2.01
-0.0141658 2.015
-0.014 2.02
-0.0142248 2.025
-0.014 2.03
-0.014221 2.035
-0.014 2.04
-0.0142136 2.045
-0.014 2.05
-0.0142031 2.055
-0.014 2.06
-0.0141899 2.065
-0.014 2.07
-0.0141743 2.075
-0.014 2.08
-0.0141569 2.085
-0.014 2.09
-0.0141382 2.095
-0.014 2.1
-0.0141189 2.105
-0.014 2.11
-0.0140996 2.115
-0.014 2.12
-0.0140812 2.125
-0.014 2.13
-0.0140642 2.135
-0.014 2.14
-0.0140493 2.145
-0.014 2.15
-0.0140369 2.155
-0.014 2.16
-0.0140274 2.165
-0.0140218 2.17
-0.014 2.175
-0.0140182 2.18
-0.014 2.185
-0.0140127 2.19
-0.014 2.195
-0.0140116 2.2
-0.014 2.205
-0.0140128 2.21
-0.014 2.215
-0.0140214 2.22
-0.014 2.225
-0.014031 2.23
-0.014 2.235
-0.014044 2.24
-0.014 2.245
-0.0140599 2.25
-0.014 2.255
-0.0140784 2.26
-0.014 2.265
-0.0140994 2.27
-0.014 2.275
-0.0141226 2.28
-0.014 2.285
-0.0141478 2.29
-0.014 2.295
-0.014175 2.3
-0.014 2.305
-0.0142038 2.31
-0.014 2.315
-0.0142338 2.32
-0.014 2.325
-0.0142643 2.33
-0.014 2.335
-0.0142946 2.34
-0.014 2.345
-0.0143235 2.35
-0.014 2.355
-0.0143499 2.36
-0.014 2.365
-0.0143725 2.37
-0.014 2.375
-0.0143903 2.38
-0.014 2.385
-0.0144026 2.39
-0.014 2.395
-0.0144089 2.4
-0.014 2.405
-0.0144091 2.41
-0.0143245 2.415
-0.014 2.42
-0.014394 2.425
-0.014 2.43
-0.0143783 2.435
-0.014 2.44
-0.0143593 2.445
-0.014 2.45
-0.014338 2.455
-0.014 2.46
-0.0143151 2.465
-0.014 2.47
-0.0142914 2.475
-0.014 2.48
-0.0142674 2.485
-0.014 2.49
-0.0142435 2.495
-0.014 2.5
-0.0142201 2.505
-0.014 2.51
-0.0141973 2.515
-0.014 2.52
-0.0141754 2.525
-0.014 2.53
-0.0141546 2.535
-0.014 2.54
-0.0141349 2.545
-0.014 2.55
-0.0141166 2.555
-0.014 2.56
-0.0140997 2.565
-0.014 2.57
-0.0140843 2.575
-0.014 2.58
-0.0140706 2.585
-0.014 2.59
-0.0140585 2.595
-0.014 2.6
-0.0140481 2.605
-0.014 2.61
-0.0140393 2.615
-0.014 2.62
-0.0140319 2.625
-0.014 2.63
-0.0140258 2.635
-0.014 2.64
-0.0140206 2.645
-0.014 2.65
-0.0140161 2.655
-0.0139975 2.66
-0.0139677 2.665
-0.0139464 2.67
-0.0139218 2.675
-0.013888 2.68
-0.0138483 2.685
-0.0137996 2.69
-0.0137451 2.695
-0.0136822 2.7
-0.0136141 2.705
-0.0135391 2.71
-0.0134601 2.715
-0.0133764 2.72
-0.0132904 2.725
-0.0132028 2.73
-0.0131156 2.735
-0.013031 2.74
-0.0129501 2.745
-0.0128775 2.75
-0.0128132 2.755
-0.0127644 2.76
-0.0127298 2.765
-0.0127197 2.77
-0.0127315 2.775
-0.0127794 2.78
-0.0128585 2.785
-0.0129882 2.79
-0.013161 2.795
-0.013402 2.8
-0.0137005 2.805
-0.0140883 2.81
-0.014 2.815
-0.0141085 2.82
-0.014 2.825
-0.0141349 2.83
-0.014 2.835
-0.0141695 2.84
-0.014 2.845
-0.0142048 2.85
-0.014 2.855
-0.0142455 2.86
-0.014 2.865
-0.0142884 2.87
-0.014 2.875
-0.0143313 2.88
-0.014 2.885
-0.0143721 2.89
-0.014 2.895
-0.0144088 2.9
-0.014 2.905
-0.0144403 2.91
-0.014 2.915
-0.0144659 2.92
-0.014 2.925
-0.0144856 2.93
-0.014 2.935
-0.0145 2.94
-0.014 2.945
-0.0145122 2.95
-0.014232 2.955
-0.014 2.96
-0.0145087 2.965
-0.014 2.97
-0.0144796 2.975
-0.014 2.98
-0.0144494 2.985
-0.014 2.99
-0.0143937 2.995
-0.014 3
-0.0142892 3.005
-0.014 3.01
-0.014105 3.015
-0.014 3.02
-0.0138298 3.025
-0.0133284 3.03
-0.0123717 3.035
-0.0108478 3.04
-0.00873606 3.045
-0.00602765 3.05
-0.00278174 3.055
0.000957756 3.06
5.341e-06 3.065
0.00037775 3.07
9.9702e-06 3.075
0.000297855 3.08
9.9702e-06 3.085
0.000239271 3.09
9.9702e-06 3.095
0.000194856 3.1
9.9702e-06 3.105
0.000156188 3.11
9.9702e-06 3.115
0.000118641 3.12
9.9702e-06 3.125
8.00302e-05 3.13
9.9702e-06 3.135
3.95151e-05 3.14
9.9702e-06 3.145
-3.06028e-06 3.15
-3.60905e-05 3.155
-0.000123454 3.16
-0.000276716 3.165
-0.000530625 3.17
-0.000897236 3.175
-0.00141215 3.18
-0.00208855 3.185
-0.00296296 3.19
-0.00405007 3.195
-0.00538768 3.2
-0.00699234 3.205
-0.00890396 3.21
-0.011141 3.215
-0.0137473 3.22
-0.0167424 3.225
-0.014 3.23
-0.0143033 3.235
-0.014 3.24
-0.0144765 3.245
-0.014 3.25
-0.0145383 3.255
-0.014 3.26
-0.0146048 3.265
-0.014 3.27
-0.0146777 3.275
-0.014 3.28
-0.0147564 3.285
-0.014 3.29
-0.0148383 3.295
-0.014 3.3
-0.0149167 3.305
-0.014 3.31
-0.0149805 3.315
-0.014 3.32
-0.0150157 3.325
-0.014 3.33
-0.0150106 3.335
-0.014 3.34
-0.0149619 3.345
-0.014 3.35
-0.0148774 3.355
-0.014 3.36
-0.0147724 3.365
-0.0146082 3.37
-0.014 3.375
-0.014674 3.38
-0.0142687 3.385
-0.014 3.39
-0.0145185 3.395
-0.014138 3.4
-0.014 3.405
-0.0143928 3.41
-0.0140652 3.415
-0.014 3.42
-0.0142922 3.425
-0.014 3.43
-0.014237 3.435
-0.014 3.44
-0.0141945 3.445
-0.014 3.45
-0.0141596 3.455
-0.014 3.46
-0.0141311 3.465
-0.014 3.47
-0.0141078 3.475
-0.014 3.48
-0.0140887 3.485
-0.014 3.49
-0.014073 3.495
-0.014 3.5
-0.0140601 3.505
-0.014 3.51
-0.0140494 3.515
-0.014 3.52
-0.0140404 3.525
-0.014 3.53
-0.0140329 3.535
-0.014 3.54
-0.0140265 3.545
-0.014 3.55
-0.0140209 3.555
-0.014 3.56
-0.014016 3.565
-0.014 3.57
-0.0140114 3.575
-0.014 3.58
-0.0140072 3.585
-0.014 3.59
-0.0140031 3.595
-0.014 3.6
-0.013999 3.605
-0.014004 3.61
-0.0139931 3.615
-0.0139856 3.62
-0.0139701 3.625
-0.0139495 3.63
-0.0139163 3.635
-0.0138727 3.64
-0.0138116 3.645
-0.0137346 3.65
-0.0136347 3.655
-0.0135131 3.66
-0.0133627 3.665
-0.0131842 3.67
-0.0129707 3.675
-0.0127222 3.68
-0.0124319 3.685
-0.0120991 3.69
-0.0117172 3.695
-0.0112849 3.7
-0.0107957 3.705
-0.0102479 3.71
-0.00963493 3.715
-0.00895467 3.72
-0.00820073 3.725
-0.00737073 3.73
-0.00645845 3.735
-0.00546142 3.74
-0.00437364 3.745
-0.0031928 3.75
-0.0019132 3.755
-0.000532973 3.76
0.00095318 3.765
9.9702e-06 3.77
0.000118517 3.775
9.9702e-06 3.78
0.00012153 3.785
9.9702e-06 3.79
0.000122568 3.795
9.9702e-06 3.8
0.000121121 3.805
9.9702e-06 3.81
0.00011708 3.815
9.9702e-06 3.82
0.00011047 3.825
9.9702e-06 3.83
0.00010145 3.835
9.9702e-06 3.84
9.02996e-05 3.845
9.9702e-06 3.85
7.73976e-05 3.855
9.9702e-06 3.86
6.32013e-05 3.865
9.9702e-06 3.87
4.82191e-05 3.875
9.9702e-06 3.88
3.29774e-05 3.885
9.9702e-06 3.89
1.79838e-05 3.895
7.62765e-06 3.9
1.34794e-06 3.905
-3.17652e-05 3.91
-7.85784e-05 3.915
-0.00016783 3.92
-0.000282515 3.925
-0.000452762 3.93
-0.000658841 3.935
-0.000931858 3.94
-0.00125034 3.945
-0.00164598 3.95
-0.00209645 3.955
-0.00263372 3.96
-0.00323561 3.965
-0.00393411 3.97
-0.00470842 3.975
-0.00559044 3.98
-0.00656201 3.985
-0.0076551 3.99
-0.00885554 3.995
-0.0101958 4
-0.0116672 4.005
-0.0133035 4.01
-0.0151028 4.015
-0.014 4.02
-0.0142215 4.025
-0.0128238 4.03
-0.0126907 4.035
-0.0123633 4.04
-0.0121732 4.045
-0.0120215 4.05
-0.0119957 4.055
-0.0120366 4.06
-0.0122025 4.065
-0.0124606 4.07
-0.0128438 4.075
-0.0132671 4.08
-0.0138311 4.085
-0.0145078 4.09
-0.014 4.095
-0.0141353 4.1
-0.014 4.105
-0.0141459 4.11
-0.014 4.115
-0.014158 4.12
-0.014 4.125
-0.0141696 4.13
-0.014 4.135
-0.0141811 4.14
-0.014 4.145
-0.0141928 4.15
-0.014 4.155
-0.0142055 4.16
-0.014 4.165
-0.0142198 4.17
-0.014 4.175
-0.0142363 4.18
-0.014 4.185
-0.0142558 4.19
-0.014 4.195
-0.0142789 4.2
-0.014 4.205
-0.0143062 4.21
-0.014 4.215
-0.0143374 4.22
-0.014 4.225
-0.0143712 4.23
-0.014 4.235
-0.0144044 4.24
-0.014 4.245
-0.014431 4.25
-0.014 4.255
-0.0144423 4.26
-0.014 4.265
-0.0144268 4.27
-0.014 4.275
-0.014121 4.28
-0.014 4.285
-0.0140846 4.29
-0.014 4.295
-0.0140696 4.3
-0.014 4.305
-0.0140588 4.31
-0.0139713 4.315
-0.0139879 4.32
-0.0136658 4.325
-0.0134774 4.33
-0.0128391 4.335
-0.0123371 4.34
-0.0113587 4.345
-0.0104968 4.35
-0.00920665 4.355
-0.00788936 4.36
-0.0064101 4.365
-0.0050183 4.37
-0.00327773 4.375
-0.00156806 4.38
0.000283106 4.385
9.7897e-05 4.39
0.000238794 4.395
0.00031644 4.4
0.00010818 4.405
6.44397e-05 4.41
5.18822e-05 4.415
3.78438e-05 4.42
2.54678e-05 4.425
1.43152e-05 4.43
