0.025 0
0.0500132 0.01
0.0750379 0.02
0.100075 0.03
0.125127 0.04
0.150198 0.05
0.175293 0.06
0.200423 0.07
0.225597 0.08
0.25083 0.09
0.276139 0.1
0.301538 0.11
0.327057 0.12
0.352724 0.13
0.37857 0.14
0.404634 0.15
0.430959 0.16
0.45759 0.17
0.484582 0.18
0.511985 0.19
0.539858 0.2
0.568246 0.21
0.597203 0.22
0.626767 0.23
0.656984 0.24
0.687888 0.25
0.719528 0.26
0.751952 0.27
0.785221 0.28
0.819404 0.29
0.854584 0.3
0.890848 0.31
0.928297 0.32
0.967035 0.33
1.00718 0.34
1.04883 0.35
1.0921 0.36
1.13711 0.37
1.18396 0.38
1.23271 0.39
1.28347 0.4
1.33626 0.41
1.3911 0.42
1.44797 0.43
1.50681 0.44
1.5675 0.45
1.62989 0.46
1.69382 0.47
1.75907 0.48
1.82546 0.49
1.89276 0.5
1.96081 0.51
2.02936 0.52
2.09827 0.53
2.16726 0.54
2.23616 0.55
2.30467 0.56
2.37257 0.57
2.43958 0.58
2.50546 0.59
2.56995 0.6
2.63285 0.61
2.69396 0.62
2.75313 0.63
2.81022 0.64
2.86512 0.65
2.91774 0.66
2.96804 0.67
3.01607 0.68
3.06193 0.69
3.10568 0.7
3.14743 0.71
3.18728 0.72
3.22535 0.73
3.26175 0.74
3.29658 0.75
3.32988 0.76
3.36186 0.77
3.39254 0.78
3.42207 0.79
3.45048 0.8
3.4779 0.81
3.50436 0.82
3.52996 0.83
3.55471 0.84
3.57872 0.85
3.60199 0.86
3.6246 0.87
3.64655 0.88
3.6679 0.89
3.68867 0.9
3.7089 0.91
3.7286 0.92
3.74781 0.93
3.76654 0.94
3.78482 0.95
3.80267 0.96
3.82011 0.97
3.83714 0.98
3.8538 0.99
3.87009 1
3.88602 1.01
3.90162 1.02
3.91689 1.03
3.93184 1.04
3.94649 1.05
3.96083 1.06
3.97489 1.07
3.98866 1.08
4.00217 1.09
4.01539 1.1
4.02836 1.11
4.04106 1.12
4.0535 1.13
4.06568 1.14
4.07761 1.15
4.08929 1.16
4.10072 1.17
4.11189 1.18
4.12281 1.19
4.13349 1.2
4.14391 1.21
4.1541 1.22
4.16404 1.23
4.17374 1.24
4.18321 1.25
4.19245 1.26
4.20146 1.27
4.21026 1.28
4.21884 1.29
4.22721 1.3
4.23537 1.31
4.24333 1.32
4.25108 1.33
4.25865 1.34
4.266 1.35
4.27317 1.36
4.28013 1.37
4.28689 1.38
4.29345 1.39
4.29981 1.4
4.30597 1.41
4.31193 1.42
4.31767 1.43
4.32322 1.44
4.32855 1.45
4.33368 1.46
4.3386 1.47
4.3433 1.48
4.34779 1.49
4.35206 1.5
4.35611 1.51
4.35994 1.52
4.36354 1.53
4.3669 1.54
4.37002 1.55
4.37291 1.56
4.37554 1.57
4.37792 1.58
4.38005 1.59
4.38193 1.6
4.38356 1.61
4.38497 1.62
4.38614 1.63
4.38712 1.64
4.38788 1.65
4.38847 1.66
4.38881 1.67
4.38891 1.68
4.38864 1.69
4.3879 1.7
4.38654 1.71
4.38445 1.72
4.38156 1.73
4.37788 1.74
4.37352 1.75
4.36864 1.76
4.36346 1.77
4.3582 1.78
4.35308 1.79
4.3483 1.8
4.34389 1.81
4.33999 1.82
4.33658 1.83
4.33367 1.84
4.3312 1.85
4.32907 1.86
4.32719 1.87
4.32561 1.88
4.32426 1.89
4.32313 1.9
4.32216 1.91
4.32138 1.92
4.32074 1.93
4.32028 1.94
4.31996 1.95
4.31983 1.96
4.31984 1.97
4.32002 1.98
4.32037 1.99
4.32086 2
4.3215 2.01
4.32227 2.02
4.32313 2.03
4.32408 2.04
4.32507 2.05
4.32607 2.06
4.32704 2.07
4.32795 2.08
4.32876 2.09
4.32943 2.1
4.32994 2.11
4.33027 2.12
4.33039 2.13
4.33028 2.14
4.32993 2.15
4.32933 2.16
4.32845 2.17
4.32729 2.18
4.32583 2.19
4.32406 2.2
4.32194 2.21
4.31946 2.22
4.31663 2.23
4.31346 2.24
4.30997 2.25
4.30618 2.26
4.30211 2.27
4.29778 2.28
4.29321 2.29
4.28841 2.3
4.28341 2.31
4.27821 2.32
4.27282 2.33
4.2673 2.34
4.2616 2.35
4.25576 2.36
4.24979 2.37
4.2437 2.38
4.23748 2.39
4.23116 2.4
4.22474 2.41
4.21823 2.42
4.21162 2.43
4.20493 2.44
4.19815 2.45
4.1913 2.46
4.18436 2.47
4.17733 2.48
4.17022 2.49
4.16302 2.5
4.15572 2.51
4.14831 2.52
4.14078 2.53
4.13313 2.54
4.12534 2.55
4.1174 2.56
4.10929 2.57
4.101 2.58
4.09252 2.59
4.08383 2.6
4.07491 2.61
4.06574 2.62
4.05632 2.63
4.04662 2.64
4.03663 2.65
4.02634 2.66
4.01571 2.67
4.00474 2.68
3.99341 2.69
3.98169 2.7
3.96957 2.71
3.95702 2.72
3.944 2.73
3.9305 2.74
3.91646 2.75
3.90184 2.76
3.88657 2.77
3.87061 2.78
3.85379 2.79
3.83608 2.8
3.81736 2.81
3.79754 2.82
3.77648 2.83
3.75407 2.84
3.73014 2.85
3.70454 2.86
3.67718 2.87
3.64781 2.88
3.6164 2.89
3.58274 2.9
3.54681 2.91
3.50849 2.92
3.46777 2.93
3.42468 2.94
3.37924 2.95
3.33172 2.96
3.28226 2.97
3.2322 2.98
3.18223 2.99
3.1321 3
3.08254 3.01
3.03405 3.02
2.98694 3.03
2.94163 3.04
2.89828 3.05
2.85719 3.06
2.81836 3.07
2.78192 3.08
2.74774 3.09
2.71581 3.1
2.68595 3.11
2.65806 3.12
2.63194 3.13
2.60747 3.14
2.58456 3.15
2.56299 3.16
2.54274 3.17
2.52362 3.18
2.50564 3.19
2.48862 3.2
2.47257 3.21
2.45732 3.22
2.4429 3.23
2.42915 3.24
2.41609 3.25
2.4036 3.26
2.39168 3.27
2.38024 3.28
2.36928 3.29
2.35873 3.3
2.34857 3.31
2.33876 3.32
2.32927 3.33
2.32009 3.34
2.31117 3.35
2.30253 3.36
2.29409 3.37
2.28588 3.38
2.27785 3.39
2.27002 3.4
2.26233 3.41
2.25481 3.42
2.2474 3.43
2.24013 3.44
2.23296 3.45
2.22588 3.46
2.2189 3.47
2.21199 3.48
2.20515 3.49
2.19838 3.5
2.19166 3.51
2.185 3.52
2.17838 3.53
2.17182 3.54
2.16529 3.55
2.15881 3.56
2.15237 3.57
2.14598 3.58
2.13963 3.59
2.13333 3.6
2.12706 3.61
2.12085 3.62
2.11468 3.63
2.10856 3.64
2.10248 3.65
2.09645 3.66
2.09046 3.67
2.08453 3.68
2.07863 3.69
2.07279 3.7
2.06698 3.71
2.06122 3.72
2.05552 3.73
2.04985 3.74
2.04422 3.75
2.03863 3.76
2.03307 3.77
2.02754 3.78
2.02202 3.79
2.01652 3.8
2.01103 3.81
2.00555 3.82
2.00006 3.83
1.99457 3.84
1.98907 3.85
1.98354 3.86
1.978 3.87
1.97241 3.88
1.96678 3.89
1.9611 3.9
1.95537 3.91
1.94956 3.92
1.94367 3.93
1.93768 3.94
1.9316 3.95
1.92539 3.96
1.91904 3.97
1.91254 3.98
1.90586 3.99
1.89899 4
1.89188 4.01
1.88452 4.02
1.87686 4.03
1.86887 4.04
1.86051 4.05
1.85173 4.06
1.84248 4.07
1.8327 4.08
1.82233 4.09
1.81131 4.1
1.79956 4.11
1.78703 4.12
1.77361 4.13
1.75923 4.14
1.74381 4.15
1.72725 4.16
1.70947 4.17
1.69041 4.18
1.67 4.19
1.64821 4.2
1.62504 4.21
1.60055 4.22
1.57485 4.23
1.54814 4.24
1.52065 4.25
1.49273 4.26
1.46471 4.27
1.43697 4.28
1.40985 4.29
1.38362 4.3
1.35851 4.31
1.33463 4.32
1.3121 4.33
1.29095 4.34
1.27127 4.35
1.25307 4.36
1.23646 4.37
1.22141 4.38
1.20802 4.39
1.19623 4.4
1.18603 4.41
1.17729 4.42
1.16997 4.43
1.16398 4.44
1.15921 4.45
1.15558 4.46
1.153 4.47
1.15135 4.48
1.15055 4.49
1.15049 4.5
1.15112 4.51
1.15235 4.52
1.15413 4.53
1.15639 4.54
1.1591 4.55
1.16222 4.56
1.16572 4.57
1.16956 4.58
1.17373 4.59
1.17821 4.6
1.18297 4.61
1.18798 4.62
1.19319 4.63
1.19863 4.64
1.20426 4.65
1.21008 4.66
1.21603 4.67
1.22214 4.68
1.22835 4.69
1.23464 4.7
1.24104 4.71
1.24753 4.72
1.25411 4.73
1.26077 4.74
1.26753 4.75
1.2744 4.76
1.28137 4.77
1.28845 4.78
1.29567 4.79
1.30302 4.8
1.31053 4.81
1.31823 4.82
1.32612 4.83
1.33424 4.84
1.34261 4.85
1.35126 4.86
1.36021 4.87
1.36948 4.88
1.37912 4.89
1.38913 4.9
1.39956 4.91
1.41044 4.92
1.42179 4.93
1.43364 4.94
1.44604 4.95
1.45902 4.96
1.47261 4.97
1.48686 4.98
1.50179 4.99
1.51746 5
1.5339 5.01
1.55115 5.02
1.56924 5.03
1.5882 5.04
1.60807 5.05
1.62887 5.06
1.65064 5.07
1.67339 5.08
1.69718 5.09
1.72202 5.1
1.74795 5.11
1.77501 5.12
1.80323 5.13
1.83265 5.14
1.86331 5.15
1.89524 5.16
1.92846 5.17
1.96301 5.18
1.99889 5.19
2.03613 5.2
2.07474 5.21
2.11471 5.22
2.15604 5.23
2.19873 5.24
2.24275 5.25
2.28808 5.26
2.33469 5.27
2.38254 5.28
2.43157 5.29
2.48174 5.3
2.53298 5.31
2.58523 5.32
2.63839 5.33
2.6924 5.34
2.74716 5.35
2.80259 5.36
2.85857 5.37
2.915 5.38
2.97177 5.39
3.02877 5.4
3.08587 5.41
3.14296 5.42
3.19989 5.43
3.25657 5.44
3.31285 5.45
3.36865 5.46
3.42384 5.47
3.47835 5.48
3.53209 5.49
3.58498 5.5
3.63697 5.51
3.688 5.52
3.73802 5.53
3.787 5.54
3.8349 5.55
3.88169 5.56
3.92736 5.57
3.97186 5.58
4.01521 5.59
4.05739 5.6
4.09839 5.61
4.13821 5.62
4.17688 5.63
4.21439 5.64
4.25078 5.65
4.28604 5.66
4.32022 5.67
4.35334 5.68
4.38542 5.69
4.4165 5.7
4.4466 5.71
4.47575 5.72
4.50397 5.73
4.5313 5.74
4.55772 5.75
4.58329 5.76
4.60799 5.77
4.63186 5.78
4.65497 5.79
4.6773 5.8
4.6989 5.81
4.71979 5.82
4.74004 5.83
4.75965 5.84
4.77872 5.85
4.79727 5.86
4.81537 5.87
4.83309 5.88
4.85047 5.89
4.86755 5.9
4.88439 5.91
4.901 5.92
4.91743 5.93
4.93368 5.94
4.94977 5.95
4.96573 5.96
4.98159 5.97
4.99736 5.98
5.01306 5.99
5.02867 6
5.04422 6.01
5.0597 6.02
5.07513 6.03
5.09051 6.04
5.10584 6.05
5.12113 6.06
5.13639 6.07
5.15164 6.08
5.16685 6.09
5.18205 6.1
5.19725 6.11
5.21244 6.12
5.22765 6.13
5.24287 6.14
5.25812 6.15
5.2734 6.16
5.28873 6.17
5.3041 6.18
5.31954 6.19
5.33504 6.2
5.35063 6.21
5.36631 6.22
5.38209 6.23
5.39798 6.24
5.414 6.25
5.43016 6.26
5.44648 6.27
5.46296 6.28
5.47963 6.29
5.49651 6.3
5.51359 6.31
5.53092 6.32
5.54849 6.33
5.56633 6.34
5.58446 6.35
5.60289 6.36
5.62163 6.37
5.64069 6.38
5.66009 6.39
5.67986 6.4
5.70003 6.41
5.7206 6.42
5.7416 6.43
5.76305 6.44
5.78497 6.45
5.8074 6.46
5.83036 6.47
5.85388 6.48
5.87798 6.49
5.90272 6.5
5.9281 6.51
5.95419 6.52
5.98102 6.53
6.00862 6.54
6.03704 6.55
6.06634 6.56
6.09654 6.57
6.12771 6.58
6.15987 6.59
6.19311 6.6
6.22744 6.61
6.26295 6.62
6.29965 6.63
6.29965 6.64
6.29966 6.65
6.29924 6.66
6.29844 6.67
6.29534 6.68
6.29409 6.69
6.28552 6.7
6.28192 6.71
6.28081 6.72
6.27994 6.73
6.27933 6.74
6.27905 6.75
6.27912 6.76
6.27956 6.77
6.28041 6.78
6.28171 6.79
6.28349 6.8
6.28349 6.81
6.2835 6.82
6.28321 6.83
6.2832 6.84
6.28321 6.85
6.28321 6.86
6.28321 6.87
6.28321 6.88
6.28319 6.89
6.28314 6.9
6.28298 6.91
6.28267 6.92
6.28216 6.93
6.28144 6.94
6.2805 6.95
6.27932 6.96
6.27792 6.97
6.27631 6.98
6.27452 6.99
6.27258 7
6.27051 7.01
6.26835 7.02
6.26611 7.03
6.26384 7.04
6.26159 7.05
6.25932 7.06
6.25705 7.07
6.25479 7.08
6.25253 7.09
6.25026 7.1
6.24798 7.11
6.24566 7.12
6.24331 7.13
6.24091 7.14
6.23845 7.15
6.23593 7.16
6.23333 7.17
6.23065 7.18
6.22789 7.19
6.22503 7.2
6.22207 7.21
6.21899 7.22
6.21579 7.23
6.21244 7.24
6.20894 7.25
6.20526 7.26
6.2014 7.27
6.19732 7.28
6.19302 7.29
6.18848 7.3
6.18367 7.31
6.17859 7.32
6.17322 7.33
6.16755 7.34
6.16157 7.35
6.15528 7.36
6.14866 7.37
6.14172 7.38
6.13446 7.39
6.12686 7.4
6.11895 7.41
6.1107 7.42
6.10212 7.43
6.09322 7.44
6.08398 7.45
6.07442 7.46
6.06451 7.47
6.05426 7.48
6.04367 7.49
6.03272 7.5
6.0214 7.51
6.00971 7.52
5.99762 7.53
5.98515 7.54
5.97226 7.55
5.95895 7.56
5.9452 7.57
5.931 7.58
5.91631 7.59
5.90115 7.6
5.88548 7.61
5.86929 7.62
5.85255 7.63
5.83526 7.64
5.81738 7.65
5.79892 7.66
5.77984 7.67
5.76013 7.68
5.73977 7.69
5.71875 7.7
5.69704 7.71
5.67464 7.72
5.65151 7.73
5.62764 7.74
5.60301 7.75
5.57759 7.76
5.55127 7.77
5.52407 7.78
5.49599 7.79
5.46699 7.8
5.43703 7.81
5.40607 7.82
5.37408 7.83
5.34099 7.84
5.30678 7.85
5.27139 7.86
5.23479 7.87
5.19693 7.88
5.15777 7.89
5.11728 7.9
5.07544 7.91
5.03221 7.92
4.9876 7.93
4.9416 7.94
4.89421 7.95
4.84546 7.96
4.79535 7.97
4.74395 7.98
4.69128 7.99
4.6374 8
4.58238 8.01
4.52628 8.02
4.46919 8.03
4.4112 8.04
4.3524 8.05
4.29289 8.06
4.23278 8.07
4.17218 8.08
4.11122 8.09
4.05001 8.1
3.98866 8.11
3.9273 8.12
3.86603 8.13
3.80496 8.14
3.74418 8.15
3.68379 8.16
3.62384 8.17
3.56443 8.18
3.5056 8.19
3.44741 8.2
3.38991 8.21
3.33313 8.22
3.27712 8.23
3.2219 8.24
3.1675 8.25
3.11394 8.26
3.06122 8.27
3.00938 8.28
2.95841 8.29
2.90833 8.3
2.85914 8.31
2.81085 8.32
2.76344 8.33
2.71694 8.34
2.67134 8.35
2.62665 8.36
2.58286 8.37
2.54001 8.38
2.49807 8.39
2.45708 8.4
2.41701 8.41
2.37789 8.42
2.33968 8.43
2.30238 8.44
2.26596 8.45
2.23027 8.46
2.19542 8.47
2.16125 8.48
2.12785 8.49
2.0951 8.5
2.06302 8.51
2.03156 8.52
2.00071 8.53
1.97044 8.54
1.94076 8.55
1.91165 8.56
1.88311 8.57
1.85514 8.58
1.82771 8.59
1.80083 8.6
1.77445 8.61
1.74855 8.62
1.72308 8.63
1.698 8.64
1.67326 8.65
1.64882 8.66
1.62462 8.67
1.60063 8.68
1.57682 8.69
1.5531 8.7
1.52947 8.71
1.50585 8.72
1.48223 8.73
1.45854 8.74
1.43477 8.75
1.41087 8.76
1.38681 8.77
1.36255 8.78
1.33809 8.79
1.31339 8.8
1.28843 8.81
1.26319 8.82
1.23767 8.83
1.21183 8.84
1.18569 8.85
1.15922 8.86
1.13242 8.87
1.10529 8.88
1.07783 8.89
1.05003 8.9
1.0219 8.91
0.993428 8.92
0.964629 8.93
0.935488 8.94
0.906018 8.95
0.876205 8.96
0.846057 8.97
0.815561 8.98
0.784721 8.99
0.753528 9
0.72198 9.01
0.69007 9.02
0.657794 9.03
0.625145 9.04
0.592122 9.05
0.558715 9.06
0.524926 9.07
0.490745 9.08
0.456178 9.09
0.421213 9.1
0.38586 9.11
0.35011 9.12
0.31398 9.13
0.27746 9.14
0.240576 9.15
0.203321 9.16
0.165725 9.17
0.127788 9.18
0.0895468 9.19
0.0510052 9.2
0.0122097 9.21
-0.0270235 9.22
-0.0663843 9.23
-0.106005 9.24
-0.145741 9.25
-0.185683 9.26
-0.225696 9.27
-0.265867 9.28
-0.306087 9.29
-0.346431 9.3
-0.386815 9.31
-0.427299 9.32
-0.46782 9.33
-0.508415 9.34
-0.549039 9.35
-0.589706 9.36
-0.630382 9.37
-0.671058 9.38
-0.711712 9.39
-0.752314 9.4
-0.792847 9.41
-0.833272 9.42
-0.873572 9.43
-0.913705 9.44
-0.953655 9.45
-0.99338 9.46
-1.03286 9.47
-1.07207 9.48
-1.11099 9.49
-1.14958 9.5
-1.18785 9.51
-1.22578 9.52
-1.26335 9.53
-1.30057 9.54
-1.33743 9.55
-1.37393 9.56
-1.41009 9.57
-1.44588 9.58
-1.48136 9.59
-1.51647 9.6
-1.55123 9.61
-1.58557 9.62
-1.6195 9.63
-1.653 9.64
-1.686 9.65
-1.71839 9.66
-1.75019 9.67
-1.78127 9.68
-1.81163 9.69
-1.84119 9.7
-1.86991 9.71
-1.8978 9.72
-1.92478 9.73
-1.95097 9.74
-1.9763 9.75
-2.00092 9.76
-2.02483 9.77
-2.0481 9.78
-2.07076 9.79
-2.09286 9.8
-2.11441 9.81
-2.13547 9.82
-2.15605 9.83
-2.17623 9.84
-2.19603 9.85
-2.21552 9.86
-2.23474 9.87
-2.25373 9.88
-2.27256 9.89
-2.29124 9.9
-2.30976 9.91
-2.32816 9.92
-2.34654 9.93
-2.36487 9.94
-2.38319 9.95
-2.4015 9.96
-2.41981 9.97
-2.43814 9.98
-2.45648 9.99
-2.47483 10
-2.4932 10.01
-2.51159 10.02
-2.52998 10.03
-2.54838 10.04
-2.56678 10.05
-2.58518 10.06
-2.60356 10.07
-2.62193 10.08
-2.64028 10.09
-2.6586 10.1
-2.6769 10.11
-2.69518 10.12
-2.71346 10.13
-2.73172 10.14
-2.74999 10.15
-2.76828 10.16
-2.7866 10.17
-2.80497 10.18
-2.82342 10.19
-2.84195 10.2
-2.86059 10.21
-2.87937 10.22
-2.89829 10.23
-2.91738 10.24
-2.93666 10.25
-2.95614 10.26
-2.97583 10.27
-2.99576 10.28
-3.01591 10.29
-3.03631 10.3
-3.05695 10.31
-3.07785 10.32
-3.09898 10.33
-3.12037 10.34
-3.14199 10.35
-3.16386 10.36
-3.18597 10.37
-3.20831 10.38
-3.23089 10.39
-3.25371 10.4
-3.27677 10.41
-3.30008 10.42
-3.32364 10.43
-3.34746 10.44
-3.37155 10.45
-3.39593 10.46
-3.4206 10.47
-3.44558 10.48
-3.47088 10.49
-3.49652 10.5
-3.52251 10.51
-3.54888 10.52
-3.57564 10.53
-3.6028 10.54
-3.63038 10.55
-3.6584 10.56
-3.68687 10.57
-3.71582 10.58
-3.74525 10.59
-3.77518 10.6
-3.80562 10.61
-3.8366 10.62
-3.8681 10.63
-3.90016 10.64
-3.93278 10.65
-3.96596 10.66
-3.9997 10.67
-4.03402 10.68
-4.0686 10.69
-4.1038 10.7
-4.13954 10.71
-4.17584 10.72
-4.21266 10.73
-4.25 10.74
-4.28783 10.75
-4.32612 10.76
-4.36484 10.77
-4.40396 10.78
-4.44345 10.79
-4.48328 10.8
-4.5234 10.81
-4.56379 10.82
-4.60441 10.83
-4.64501 10.84
-4.68599 10.85
-4.72712 10.86
-4.76835 10.87
-4.80966 10.88
-4.85102 10.89
-4.89242 10.9
-4.93382 10.91
-4.97523 10.92
-5.01658 10.93
-5.05792 10.94
-5.09917 10.95
-5.14038 10.96
-5.18147 10.97
-5.22249 10.98
-5.26334 10.99
-5.30411 11
-5.34468 11.01
-5.38512 11.02
-5.42532 11.03
-5.46535 11.04
-5.50509 11.05
-5.54459 11.06
-5.5838 11.07
-5.62269 11.08
-5.66123 11.09
-5.69939 11.1
-5.73714 11.11
-5.77444 11.12
-5.81129 11.13
-5.84758 11.14
-5.88334 11.15
-5.91862 11.16
-5.95331 11.17
-5.98751 11.18
-6.02111 11.19
-6.05421 11.2
-6.08674 11.21
-6.11876 11.22
-6.15022 11.23
-6.1812 11.24
-6.21164 11.25
-6.24161 11.26
-6.27107 11.27
-6.30007 11.28
-6.28319 11.29
-6.31088 11.3
-6.28319 11.31
-6.30965 11.32
-6.28319 11.33
-6.28289 11.34
-6.2823 11.35
-6.2814 11.36
-6.28021 11.37
-6.27874 11.38
-6.27688 11.39
-6.27475 11.4
-6.27232 11.41
-6.26962 11.42
-6.26662 11.43
-6.26335 11.44
-6.25978 11.45
-6.25593 11.46
-6.25178 11.47
-6.24735 11.48
-6.24262 11.49
-6.23759 11.5
-6.23226 11.51
-6.22662 11.52
-6.22068 11.53
-6.21441 11.54
-6.20782 11.55
-6.20091 11.56
-6.19367 11.57
-6.1861 11.58
-6.1782 11.59
-6.16998 11.6
-6.16143 11.61
-6.15257 11.62
-6.14338 11.63
-6.1339 11.64
-6.12408 11.65
-6.11394 11.66
-6.10347 11.67
-6.09268 11.68
-6.08156 11.69
-6.07012 11.7
-6.05836 11.71
-6.04627 11.72
-6.03387 11.73
-6.02115 11.74
-6.0081 11.75
-5.99474 11.76
-5.98106 11.77
-5.96705 11.78
-5.95273 11.79
-5.93807 11.8
-5.92311 11.81
-5.90781 11.82
-5.8922 11.83
-5.87626 11.84
-5.86001 11.85
-5.84344 11.86
-5.82657 11.87
-5.80938 11.88
-5.79191 11.89
-5.77412 11.9
-5.75606 11.91
-5.73771 11.92
-5.71908 11.93
-5.70018 11.94
-5.68103 11.95
-5.66162 11.96
-5.64197 11.97
-5.62208 11.98
-5.60197 11.99
-5.58165 12
