0 0
0.0499167 0.05
0.0993347 0.1
0.14776 0.15
0.194709 0.2
0.239713 0.25
0.282321 0.3
0.322109 0.35
0.358678 0.4
0.391663 0.45
0.420735 0.5
0.445604 0.55
0.46602 0.6
0.481779 0.65
0.492725 0.7
0.498747 0.75
0.499787 0.8
0.495832 0.85
0.486924 0.9
0.47315 0.95
0.454649 1
0.431605 1.05
0.404248 1.1
0.372853 1.15
0.337732 1.2
0.299236 1.25
0.257751 1.3
0.21369 1.35
0.167494 1.4
0.119625 1.45
0.07056 1.5
0.0207903 1.55
-0.0291871 1.6
-0.0788728 1.65
-0.127771 1.7
-0.175392 1.75
-0.22126 1.8
-0.264918 1.85
-0.305929 1.9
-0.343883 1.95
-0.378401 2
-0.409139 2.05
-0.435788 2.1
-0.458083 2.15
-0.475801 2.2
-0.488765 2.25
-0.496846 2.3
-0.499962 2.35
-0.498082 2.4
-0.491226 2.45
-0.479462 2.5
-0.462907 2.55
-0.441727 2.6
-0.416134 2.65
-0.386382 2.7
-0.35277 2.75
-0.315633 2.8
-0.275343 2.85
-0.232301 2.9
-0.186938 2.95
-0.139708 3
-0.0910813 3.05
-0.0415447 3.1
0.00840695 3.15
0.0582746 3.2
0.10756 3.25
0.155771 3.3
0.202425 3.35
0.247057 3.4
0.28922 3.45
0.328493 3.5
0.364485 3.55
0.396834 3.6
0.425218 3.65
0.449354 3.7
0.469 3.75
0.48396 3.8
0.494084 3.85
0.499272 3.9
0.499471 3.95
0.494679 4
0.484945 4.05
0.470365 4.1
0.451086 4.15
0.427299 4.2
0.399244 4.25
0.367199 4.3
0.331485 4.35
0.292459 4.4
0.25051 4.45
0.206059 4.5
0.159549 4.55
0.111445 4.6
0.0622272 4.65
0.0123877 4.7
-0.0375756 4.75
-0.0871634 4.8
-0.13588 4.85
-0.18324 4.9
-0.228768 4.95
-0.272011 5
-0.312535 5.05
-0.349937 5.1
-0.383843 5.15
-0.413913 5.2
-0.439848 5.25
-0.461388 5.3
-0.478318 5.35
-0.490468 5.4
-0.497718 5.45
-0.499995 5.5
-0.497276 5.55
-0.489589 5.6
-0.47701 5.65
-0.459664 5.7
-0.437726 5.75
-0.411414 5.8
-0.380992 5.85
-0.346763 5.9
-0.309069 5.95
-0.268286 6
-0.224824 6.05
-0.179115 6.1
-0.131616 6.15
-0.0828021 6.2
-0.0331609 6.25
0.0168115 6.3
0.066616 6.35
0.115755 6.4
0.163737 6.45
0.210084 6.5
0.254331 6.55
0.296037 6.6
0.334785 6.65
0.370188 6.7
0.401892 6.75
0.429581 6.8
0.452977 6.85
0.471848 6.9
0.486004 6.95
0.495304 7
0.499655 7.05
0.499013 7.1
0.493386 7.15
0.482829 7.2
0.467448 7.25
0.447396 7.3
0.422873 7.35
0.394126 7.4
0.361441 7.45
0.325144 7.5
0.285598 7.55
0.243199 7.6
0.19837 7.65
0.151559 7.7
0.103234 7.75
0.0538768 7.8
0.00398159 7.85
-0.0459534 7.9
-0.0954293 7.95
-0.143952 8
-0.191036 8.05
-0.236211 8.1
-0.279026 8.15
-0.319053 8.2
-0.355893 8.25
-0.389176 8.3
-0.418571 8.35
-0.443784 8.4
-0.464562 8.45
-0.480699 8.5
-0.492033 8.55
-0.49845 8.6
-0.499887 8.65
-0.49633 8.7
-0.487813 8.75
-0.474422 8.8
-0.456291 8.85
-0.433601 8.9
-0.406579 8.95
-0.375494 9
-0.340657 9.05
-0.302416 9.1
-0.261154 9.15
-0.217283 9.2
-0.17124 9.25
-0.123487 9.3
-0.0744995 9.35
-0.0247678 9.4
0.0252113 9.45
0.0749386 9.5
0.123917 9.55
0.171657 9.6
0.217683 9.65
0.261533 9.7
0.30277 9.75
0.340982 9.8
0.375787 9.85
0.406837 9.9
0.433822 9.95
0.456473 10
0.474562 10.05
0.48791 10.1
0.496383 10.15
0.499896 10.2
0.498415 10.25
0.491953 10.3
0.480576 10.35
0.464398 10.4
0.443579 10.45
0.418328 10.5
0.388897 10.55
0.355581 10.6
0.318711 10.65
0.278658 10.7
0.23582 10.75
0.190625 10.8
0.143526 10.85
0.0949933 10.9
0.0455112 10.95
-0.00442565 11
-0.0543183 11.05
-0.103668 11.1
-0.151982 11.15
-0.198778 11.2
-0.243587 11.25
-0.285963 11.3
-0.325481 11.35
-0.361747 11.4
-0.394399 11.45
-0.42311 11.5
-0.447594 11.55
-0.467605 11.6
-0.482944 11.65
-0.493458 11.7
-0.499041 11.75
-0.499638 11.8
-0.495243 11.85
-0.485899 11.9
-0.471701 11.95
