0.0125 0
0.0250059 0.005
0.0375174 0.01
0.0500346 0.015
0.0625573 0.02
0.0750859 0.025
0.0876202 0.03
0.100161 0.035
0.112708 0.04
0.125263 0.045
0.137825 0.05
0.150396 0.055
0.162976 0.06
0.175567 0.065
0.18817 0.07
0.200785 0.075
0.213416 0.08
0.226062 0.085
0.238727 0.09
0.251411 0.095
0.264118 0.1
0.276847 0.105
0.289603 0.11
0.302388 0.115
0.315207 0.12
0.328061 0.125
0.340956 0.13
0.353893 0.135
0.366881 0.14
0.379918 0.145
0.393015 0.15
0.406172 0.155
0.419402 0.16
0.432702 0.165
0.446088 0.17
0.459556 0.175
0.473126 0.18
0.48679 0.185
0.500571 0.19
0.51446 0.195
0.528481 0.2
0.542623 0.205
0.556912 0.21
0.571334 0.215
0.585915 0.22
0.600641 0.225
0.615538 0.23
0.630591 0.235
0.645826 0.24
0.661228 0.245
0.676823 0.25
0.692599 0.255
0.708579 0.26
0.724756 0.265
0.741153 0.27
0.757763 0.275
0.774613 0.28
0.791697 0.285
0.80904 0.29
0.826642 0.295
0.844529 0.3
0.8627 0.305
0.881182 0.31
0.899979 0.315
0.919116 0.32
0.938598 0.325
0.95845 0.33
0.97868 0.335
0.999311 0.34
1.02035 0.345
1.04183 0.35
1.06374 0.355
1.08612 0.36
1.10897 0.365
1.1323 0.37
1.15614 0.375
1.18048 0.38
1.20535 0.385
1.23075 0.39
1.25668 0.395
1.28316 0.4
1.31017 0.405
1.33774 0.41
1.36585 0.415
1.3945 0.42
1.42367 0.425
1.45337 0.43
1.48358 0.435
1.51429 0.44
1.54546 0.445
1.5771 0.45
1.60916 0.455
1.64167 0.46
1.67454 0.465
1.70783 0.47
1.74143 0.475
1.7754 0.48
1.80966 0.485
1.84425 0.49
1.87908 0.495
1.91421 0.5
1.94954 0.505
1.98513 0.51
2.02088 0.515
2.05685 0.52
2.09293 0.525
2.12917 0.53
2.16546 0.535
2.20183 0.54
2.2382 0.545
2.27456 0.55
2.31084 0.555
2.34704 0.56
2.38307 0.565
2.41892 0.57
2.45453 0.575
2.48986 0.58
2.52487 0.585
2.55951 0.59
2.59361 0.595
2.62721 0.6
2.66021 0.605
2.69258 0.61
2.72432 0.615
2.75542 0.62
2.78587 0.625
2.81567 0.63
2.84481 0.635
2.8733 0.64
2.90112 0.645
2.9283 0.65
2.95484 0.655
2.98076 0.66
3.00605 0.665
3.03074 0.67
3.05484 0.675
3.07835 0.68
3.10129 0.685
3.12368 0.69
3.14553 0.695
3.16686 0.7
3.18769 0.705
3.20804 0.71
3.22792 0.715
3.24734 0.72
3.26633 0.725
3.28491 0.73
3.30307 0.735
3.32086 0.74
3.33827 0.745
3.35532 0.75
3.37203 0.755
3.38842 0.76
3.40448 0.765
3.42024 0.77
3.4357 0.775
3.45089 0.78
3.4658 0.785
3.48045 0.79
3.49484 0.795
3.509 0.8
3.52291 0.805
3.5366 0.81
3.55007 0.815
3.56332 0.82
3.57637 0.825
3.58922 0.83
3.60187 0.835
3.61433 0.84
3.62662 0.845
3.63872 0.85
3.65065 0.855
3.66242 0.86
3.67402 0.865
3.68547 0.87
3.69676 0.875
3.7079 0.88
3.7189 0.885
3.72976 0.89
3.74047 0.895
3.75106 0.9
3.76152 0.905
3.77185 0.91
3.78205 0.915
3.79214 0.92
3.8021 0.925
3.81196 0.93
3.82169 0.935
3.83133 0.94
3.84085 0.945
3.85027 0.95
3.85958 0.955
3.8688 0.96
3.87791 0.965
3.88693 0.97
3.89585 0.975
3.90468 0.98
3.91342 0.985
3.92207 0.99
3.93063 0.995
3.9391 1
3.94748 1.005
3.95578 1.01
3.96399 1.015
3.97212 1.02
3.98016 1.025
3.98813 1.03
3.99601 1.035
4.00381 1.04
4.01153 1.045
4.01917 1.05
4.02672 1.055
4.0342 1.06
4.0416 1.065
4.04892 1.07
4.05617 1.075
4.06333 1.08
4.07042 1.085
4.07743 1.09
4.08437 1.095
4.09123 1.1
4.09801 1.105
4.10472 1.11
4.11135 1.115
4.11792 1.12
4.12441 1.125
4.13083 1.13
4.13717 1.135
4.14345 1.14
4.14966 1.145
4.15581 1.15
4.16189 1.155
4.1679 1.16
4.17385 1.165
4.17975 1.17
4.18558 1.175
4.19135 1.18
4.19706 1.185
4.20272 1.19
4.20833 1.195
4.21388 1.2
4.21937 1.205
4.22482 1.21
4.23022 1.215
4.23557 1.22
4.24087 1.225
4.24612 1.23
4.25133 1.235
4.25649 1.24
4.26161 1.245
4.26668 1.25
4.27171 1.255
4.2767 1.26
4.28165 1.265
4.28655 1.27
4.29142 1.275
4.29624 1.28
4.30103 1.285
4.30577 1.29
4.31048 1.295
4.31515 1.3
4.31978 1.305
4.32437 1.31
4.32893 1.315
4.33345 1.32
4.33793 1.325
4.34237 1.33
4.34678 1.335
4.35116 1.34
4.3555 1.345
4.3598 1.35
4.36408 1.355
4.36832 1.36
4.37252 1.365
4.37669 1.37
4.38083 1.375
4.38494 1.38
4.38902 1.385
4.39306 1.39
4.39708 1.395
4.40107 1.4
4.40502 1.405
4.40895 1.41
4.41285 1.415
4.41673 1.42
4.42057 1.425
4.42439 1.43
4.42818 1.435
4.43195 1.44
4.4357 1.445
4.43941 1.45
4.44311 1.455
4.44678 1.46
4.45043 1.465
4.45406 1.47
4.45766 1.475
4.46125 1.48
4.46481 1.485
4.46835 1.49
4.47188 1.495
4.47538 1.5
4.47887 1.505
4.48234 1.51
4.4858 1.515
4.48923 1.52
4.49266 1.525
4.49606 1.53
4.49946 1.535
4.50283 1.54
4.5062 1.545
4.50955 1.55
4.51289 1.555
4.51622 1.56
4.51954 1.565
4.52285 1.57
4.52616 1.575
4.52945 1.58
4.53273 1.585
4.53601 1.59
4.53929 1.595
4.54255 1.6
4.54582 1.605
4.54908 1.61
4.55234 1.615
4.55559 1.62
4.55885 1.625
4.5621 1.63
4.56535 1.635
4.5686 1.64
4.57185 1.645
4.5751 1.65
4.57834 1.655
4.58158 1.66
4.5848 1.665
4.58801 1.67
4.59119 1.675
4.59435 1.68
4.59746 1.685
4.60053 1.69
4.60352 1.695
4.60644 1.7
4.60925 1.705
4.61195 1.71
4.61449 1.715
4.61689 1.72
4.61908 1.725
4.6211 1.73
4.62288 1.735
4.62448 1.74
4.62583 1.745
4.62701 1.75
4.62797 1.755
4.62879 1.76
4.62947 1.765
4.63007 1.77
4.63062 1.775
4.63114 1.78
4.6317 1.785
4.63229 1.79
4.63298 1.795
4.63371 1.8
4.63457 1.805
4.63548 1.81
4.63648 1.815
4.63752 1.82
4.63863 1.825
4.63975 1.83
4.64089 1.835
4.64202 1.84
4.64314 1.845
4.64423 1.85
4.64529 1.855
4.64629 1.86
4.64725 1.865
4.64815 1.87
4.649 1.875
4.64979 1.88
4.65052 1.885
4.6512 1.89
4.65182 1.895
4.65239 1.9
4.65291 1.905
4.65338 1.91
4.65381 1.915
4.65419 1.92
4.65454 1.925
4.65485 1.93
4.65512 1.935
4.65537 1.94
4.65558 1.945
4.65577 1.95
4.65593 1.955
4.65607 1.96
4.65619 1.965
4.65628 1.97
4.65636 1.975
4.65642 1.98
4.65646 1.985
4.65649 1.99
4.6565 1.995
4.65649 2
4.65647 2.005
4.65645 2.01
4.65643 2.015
4.65639 2.02
4.65633 2.025
4.65627 2.03
4.65619 2.035
4.6561 2.04
4.656 2.045
4.65588 2.05
4.65575 2.055
4.65561 2.06
4.65545 2.065
4.65527 2.07
4.65508 2.075
4.65487 2.08
4.65464 2.085
4.6544 2.09
4.65414 2.095
4.65385 2.1
4.65354 2.105
4.65321 2.11
4.65286 2.115
4.65249 2.12
4.65208 2.125
4.65166 2.13
4.6512 2.135
4.65072 2.14
4.65021 2.145
4.64967 2.15
4.64909 2.155
4.64849 2.16
4.64785 2.165
4.64718 2.17
4.64648 2.175
4.64575 2.18
4.64497 2.185
4.64417 2.19
4.64332 2.195
4.64244 2.2
4.64153 2.205
4.64057 2.21
4.63958 2.215
4.63855 2.22
4.63748 2.225
4.63637 2.23
4.63522 2.235
4.63404 2.24
4.63281 2.245
4.63155 2.25
4.63025 2.255
4.6289 2.26
4.62752 2.265
4.6261 2.27
4.62464 2.275
4.62314 2.28
4.62161 2.285
4.62004 2.29
4.61843 2.295
4.61678 2.3
4.6151 2.305
4.61337 2.31
4.61162 2.315
4.60983 2.32
4.60801 2.325
4.60615 2.33
4.60426 2.335
4.60234 2.34
4.60039 2.345
4.5984 2.35
4.5964 2.355
4.59436 2.36
4.59229 2.365
4.5902 2.37
4.58808 2.375
4.58593 2.38
4.58377 2.385
4.58157 2.39
4.57936 2.395
4.57711 2.4
4.57485 2.405
4.57256 2.41
4.57025 2.415
4.56791 2.42
4.56555 2.425
4.56316 2.43
4.56075 2.435
4.55832 2.44
4.55585 2.445
4.55336 2.45
4.55085 2.455
4.5483 2.46
4.54573 2.465
4.54313 2.47
4.5405 2.475
4.53783 2.48
4.53514 2.485
4.5324 2.49
4.52964 2.495
4.52684 2.5
4.52401 2.505
4.52114 2.51
4.51824 2.515
4.51529 2.52
4.51231 2.525
4.50928 2.53
4.50622 2.535
4.50311 2.54
4.49996 2.545
4.49676 2.55
4.49353 2.555
4.49024 2.56
4.4869 2.565
4.48352 2.57
4.48008 2.575
4.4766 2.58
4.47306 2.585
4.46946 2.59
4.46582 2.595
4.46211 2.6
4.45834 2.605
4.45451 2.61
4.45063 2.615
4.44667 2.62
4.44265 2.625
4.43856 2.63
4.4344 2.635
4.43017 2.64
4.42587 2.645
4.42148 2.65
4.41702 2.655
4.41248 2.66
4.40784 2.665
4.40313 2.67
4.39832 2.675
4.39341 2.68
4.38841 2.685
4.38331 2.69
4.3781 2.695
4.37279 2.7
4.36736 2.705
4.36182 2.71
4.35615 2.715
4.35037 2.72
4.34445 2.725
4.33839 2.73
4.3322 2.735
4.32586 2.74
4.31936 2.745
4.31271 2.75
4.3059 2.755
4.29892 2.76
4.29176 2.765
4.28441 2.77
4.27688 2.775
4.26914 2.78
4.2612 2.785
4.25304 2.79
4.24466 2.795
4.23604 2.8
4.22718 2.805
4.21807 2.81
4.20869 2.815
4.19904 2.82
4.1891 2.825
4.17886 2.83
4.16831 2.835
4.15743 2.84
4.14621 2.845
4.13464 2.85
4.1227 2.855
4.11037 2.86
4.09764 2.865
4.08448 2.87
4.07088 2.875
4.05681 2.88
4.04225 2.885
4.02718 2.89
4.01158 2.895
3.99543 2.9
3.9787 2.905
3.96139 2.91
3.94348 2.915
3.92495 2.92
3.90581 2.925
3.88606 2.93
3.86569 2.935
3.84473 2.94
3.82318 2.945
3.80109 2.95
3.77848 2.955
3.75537 2.96
3.73183 2.965
3.70789 2.97
3.68361 2.975
3.65903 2.98
3.63421 2.985
3.60921 2.99
3.58407 2.995
3.55885 3
3.53358 3.005
3.50831 3.01
3.48307 3.015
3.45788 3.02
3.43278 3.025
3.4078 3.03
3.38299 3.035
3.35844 3.04
3.3342 3.045
3.31036 3.05
3.28699 3.055
3.26416 3.06
3.24173 3.065
3.21996 3.07
3.1988 3.075
3.17829 3.08
3.1584 3.085
3.13917 3.09
3.12055 3.095
3.10258 3.1
3.08521 3.105
3.06845 3.11
3.05227 3.115
3.03666 3.12
3.02161 3.125
3.0071 3.13
2.99311 3.135
2.97962 3.14
2.96662 3.145
2.95408 3.15
2.94199 3.155
2.93034 3.16
2.91909 3.165
2.90825 3.17
2.89778 3.175
2.88767 3.18
2.87792 3.185
2.86849 3.19
2.85938 3.195
2.85057 3.2
2.84205 3.205
2.8338 3.21
2.82582 3.215
2.81809 3.22
2.81059 3.225
2.80335 3.23
2.79632 3.235
2.78949 3.24
2.78287 3.245
2.77643 3.25
2.77016 3.255
2.76407 3.26
2.75813 3.265
2.75235 3.27
2.7467 3.275
2.74119 3.28
2.73581 3.285
2.73054 3.29
2.72539 3.295
2.72033 3.3
2.71537 3.305
2.7105 3.31
2.70571 3.315
2.701 3.32
2.69636 3.325
2.69178 3.33
2.68726 3.335
2.68279 3.34
2.67838 3.345
2.67402 3.35
2.66971 3.355
2.66544 3.36
2.66122 3.365
2.65704 3.37
2.65289 3.375
2.64879 3.38
2.64473 3.385
2.6407 3.39
2.63671 3.395
2.63275 3.4
2.62882 3.405
2.62493 3.41
2.62106 3.415
2.61723 3.42
2.61342 3.425
2.60964 3.43
2.60589 3.435
2.60217 3.44
2.59847 3.445
2.5948 3.45
2.59115 3.455
2.58752 3.46
2.58392 3.465
2.58034 3.47
2.57678 3.475
2.57325 3.48
2.56973 3.485
2.56624 3.49
2.56277 3.495
2.55933 3.5
2.5559 3.505
2.5525 3.51
2.54911 3.515
2.54575 3.52
2.54241 3.525
2.53909 3.53
2.53579 3.535
2.53251 3.54
2.52925 3.545
2.52601 3.55
2.52279 3.555
2.51959 3.56
2.51642 3.565
2.51326 3.57
2.51012 3.575
2.50701 3.58
2.50391 3.585
2.50084 3.59
2.49778 3.595
2.49474 3.6
2.49173 3.605
2.48873 3.61
2.48576 3.615
2.4828 3.62
2.47986 3.625
2.47694 3.63
2.47404 3.635
2.47116 3.64
2.4683 3.645
2.46546 3.65
2.46263 3.655
2.45983 3.66
2.45704 3.665
2.45426 3.67
2.45151 3.675
2.44877 3.68
2.44604 3.685
2.44334 3.69
2.44064 3.695
2.43796 3.7
2.4353 3.705
2.43265 3.71
2.43001 3.715
2.42738 3.72
2.42476 3.725
2.42216 3.73
2.41956 3.735
2.41697 3.74
2.41439 3.745
2.41182 3.75
2.40925 3.755
2.40669 3.76
2.40413 3.765
2.40156 3.77
2.399 3.775
2.39644 3.78
2.39388 3.785
2.39132 3.79
2.38875 3.795
2.38619 3.8
2.38361 3.805
2.38103 3.81
2.37844 3.815
2.37585 3.82
2.37324 3.825
2.37063 3.83
2.368 3.835
2.36536 3.84
2.3627 3.845
2.36003 3.85
2.35734 3.855
2.35464 3.86
2.35191 3.865
2.34916 3.87
2.34638 3.875
2.34358 3.88
2.34075 3.885
2.33789 3.89
2.335 3.895
2.33208 3.9
2.32912 3.905
2.32612 3.91
2.32308 3.915
2.32 3.92
2.31687 3.925
2.31369 3.93
2.31046 3.935
2.30718 3.94
2.30384 3.945
2.30044 3.95
2.29698 3.955
2.29345 3.96
2.28985 3.965
2.28618 3.97
2.28243 3.975
2.27861 3.98
2.27471 3.985
2.27072 3.99
2.26664 3.995
2.26247 4
2.25821 4.005
2.25385 4.01
2.24939 4.015
2.2448 4.02
2.24012 4.025
2.23503 4.03
2.22991 4.035
2.22473 4.04
2.21945 4.045
2.21407 4.05
2.20859 4.055
2.20301 4.06
2.19731 4.065
2.1915 4.07
2.18556 4.075
2.1795 4.08
2.1733 4.085
2.16696 4.09
2.16047 4.095
2.15384 4.1
2.14703 4.105
2.14007 4.11
2.13291 4.115
2.12558 4.12
2.11803 4.125
2.11028 4.13
2.1023 4.135
2.09409 4.14
2.08562 4.145
2.0769 4.15
2.06789 4.155
2.0586 4.16
2.04899 4.165
2.03907 4.17
2.02882 4.175
2.01821 4.18
2.00724 4.185
1.9959 4.19
1.98417 4.195
1.97204 4.2
1.95952 4.205
1.94657 4.21
1.93322 4.215
1.91944 4.22
1.90527 4.225
1.89067 4.23
1.87571 4.235
1.86033 4.24
1.84466 4.245
1.8286 4.25
1.81232 4.255
1.79573 4.26
1.77903 4.265
1.76214 4.27
1.74523 4.275
1.72834 4.28
1.71159 4.285
1.69499 4.29
1.6788 4.295
1.66286 4.3
1.64758 4.305
1.63266 4.31
1.61856 4.315
1.60492 4.32
1.59217 4.325
1.57993 4.33
1.56856 4.335
1.55774 4.34
1.54769 4.345
1.5382 4.35
1.52936 4.355
1.52107 4.36
1.5133 4.365
1.50602 4.37
1.49923 4.375
1.49286 4.38
1.4869 4.385
1.48133 4.39
1.47609 4.395
1.47119 4.4
1.4666 4.405
1.46228 4.41
1.45823 4.415
1.45443 4.42
1.45087 4.425
1.44752 4.43
0.0125 0
0.0250059 0.005
0.0375174 0.01
0.0500346 0.015
0.0625573 0.02
0.0750859 0.025
0.0876202 0.03
0.100161 0.035
0.112708 0.04
0.125263 0.045
0.137825 0.05
0.150396 0.055
0.162976 0.06
0.175567 0.065
0.18817 0.07
0.200785 0.075
0.213416 0.08
0.226062 0.085
0.238727 0.09
0.251411 0.095
0.264118 0.1
0.276847 0.105
0.289603 0.11
0.302388 0.115
0.315207 0.12
0.328061 0.125
0.340956 0.13
0.353893 0.135
0.366881 0.14
0.379918 0.145
0.393015 0.15
0.406172 0.155
0.419402 0.16
0.432702 0.165
0.446088 0.17
0.459556 0.175
0.473126 0.18
0.48679 0.185
0.500571 0.19
0.51446 0.195
0.528481 0.2
0.542623 0.205
0.556912 0.21
0.571334 0.215
0.585915 0.22
0.600641 0.225
0.615538 0.23
0.630591 0.235
0.645826 0.24
0.661228 0.245
0.676823 0.25
0.692599 0.255
0.708579 0.26
0.724756 0.265
0.741153 0.27
0.757763 0.275
0.774613 0.28
0.791697 0.285
0.80904 0.29
0.826642 0.295
0.844529 0.3
0.8627 0.305
0.881182 0.31
0.899979 0.315
0.919116 0.32
0.938598 0.325
0.95845 0.33
0.97868 0.335
0.999311 0.34
1.02035 0.345
1.04183 0.35
1.06374 0.355
1.08612 0.36
1.10897 0.365
1.1323 0.37
1.15614 0.375
1.18048 0.38
1.20535 0.385
1.23075 0.39
1.25668 0.395
1.28316 0.4
1.31017 0.405
1.33774 0.41
1.36585 0.415
1.3945 0.42
1.42367 0.425
1.45337 0.43
1.48358 0.435
1.51429 0.44
1.54546 0.445
1.5771 0.45
1.60916 0.455
1.64167 0.46
1.67454 0.465
1.70783 0.47
1.74143 0.475
1.7754 0.48
1.80966 0.485
1.84425 0.49
1.87908 0.495
1.91421 0.5
1.94954 0.505
1.98513 0.51
2.02088 0.515
2.05685 0.52
2.09293 0.525
2.12917 0.53
2.16546 0.535
2.20183 0.54
2.2382 0.545
2.27456 0.55
2.31084 0.555
2.34704 0.56
2.38307 0.565
2.41892 0.57
2.45453 0.575
2.48986 0.58
2.52487 0.585
2.55951 0.59
2.59361 0.595
2.62721 0.6
2.66021 0.605
2.69258 0.61
2.72432 0.615
2.75542 0.62
2.78587 0.625
2.81567 0.63
2.84481 0.635
2.8733 0.64
2.90112 0.645
2.9283 0.65
2.95484 0.655
2.98076 0.66
3.00605 0.665
3.03074 0.67
3.05484 0.675
3.07835 0.68
3.10129 0.685
3.12368 0.69
3.14553 0.695
3.16686 0.7
3.18769 0.705
3.20804 0.71
3.22792 0.715
3.24734 0.72
3.26633 0.725
3.28491 0.73
3.30307 0.735
3.32086 0.74
3.33827 0.745
3.35532 0.75
3.37203 0.755
3.38842 0.76
3.40448 0.765
3.42024 0.77
3.4357 0.775
3.45089 0.78
3.4658 0.785
3.48045 0.79
3.49484 0.795
3.509 0.8
3.52291 0.805
3.5366 0.81
3.55007 0.815
3.56332 0.82
3.57637 0.825
3.58922 0.83
3.60187 0.835
3.61433 0.84
3.62662 0.845
3.63872 0.85
3.65065 0.855
3.66242 0.86
3.67402 0.865
3.68547 0.87
3.69676 0.875
3.7079 0.88
3.7189 0.885
3.72976 0.89
3.74047 0.895
3.75106 0.9
3.76152 0.905
3.77185 0.91
3.78205 0.915
3.79214 0.92
3.8021 0.925
3.81196 0.93
3.82169 0.935
3.83133 0.94
3.84085 0.945
3.85027 0.95
3.85958 0.955
3.8688 0.96
3.87791 0.965
3.88693 0.97
3.89585 0.975
3.90468 0.98
3.91342 0.985
3.92207 0.99
3.93063 0.995
3.9391 1
3.94748 1.005
3.95578 1.01
3.96399 1.015
3.97212 1.02
3.98016 1.025
3.98813 1.03
3.99601 1.035
4.00381 1.04
4.01153 1.045
4.01917 1.05
4.02672 1.055
4.0342 1.06
4.0416 1.065
4.04892 1.07
4.05617 1.075
4.06333 1.08
4.07042 1.085
4.07743 1.09
4.08437 1.095
4.09123 1.1
4.09801 1.105
4.10472 1.11
4.11135 1.115
4.11792 1.12
4.12441 1.125
4.13083 1.13
4.13717 1.135
4.14345 1.14
4.14966 1.145
4.15581 1.15
4.16189 1.155
4.1679 1.16
4.17385 1.165
4.17975 1.17
4.18558 1.175
4.19135 1.18
4.19706 1.185
4.20272 1.19
4.20833 1.195
4.21388 1.2
4.21937 1.205
4.22482 1.21
4.23022 1.215
4.23557 1.22
4.24087 1.225
4.24612 1.23
4.25133 1.235
4.25649 1.24
4.26161 1.245
4.26668 1.25
4.27171 1.255
4.2767 1.26
4.28165 1.265
4.28655 1.27
4.29142 1.275
4.29624 1.28
4.30103 1.285
4.30577 1.29
4.31048 1.295
4.31515 1.3
4.31978 1.305
4.32437 1.31
4.32893 1.315
4.33345 1.32
4.33793 1.325
4.34237 1.33
4.34678 1.335
4.35116 1.34
4.3555 1.345
4.3598 1.35
4.36408 1.355
4.36832 1.36
4.37252 1.365
4.37669 1.37
4.38083 1.375
4.38494 1.38
4.38902 1.385
4.39306 1.39
4.39708 1.395
4.40107 1.4
4.40502 1.405
4.40895 1.41
4.41285 1.415
4.41673 1.42
4.42057 1.425
4.42439 1.43
4.42818 1.435
4.43195 1.44
4.4357 1.445
4.43941 1.45
4.44311 1.455
4.44678 1.46
4.45043 1.465
4.45406 1.47
4.45766 1.475
4.46125 1.48
4.46481 1.485
4.46835 1.49
4.47188 1.495
4.47538 1.5
4.47887 1.505
4.48234 1.51
4.4858 1.515
4.48923 1.52
4.49266 1.525
4.49606 1.53
4.49946 1.535
4.50283 1.54
4.5062 1.545
4.50955 1.55
4.51289 1.555
4.51622 1.56
4.51954 1.565
4.52285 1.57
4.52616 1.575
4.52945 1.58
4.53273 1.585
4.53601 1.59
4.53929 1.595
4.54255 1.6
4.54582 1.605
4.54908 1.61
4.55234 1.615
4.55559 1.62
4.55885 1.625
4.5621 1.63
4.56535 1.635
4.5686 1.64
4.57185 1.645
4.5751 1.65
4.57834 1.655
4.58158 1.66
4.5848 1.665
4.58801 1.67
4.59119 1.675
4.59435 1.68
4.59746 1.685
4.60053 1.69
4.60352 1.695
4.60644 1.7
4.60925 1.705
4.61195 1.71
4.61449 1.715
4.61689 1.72
4.61908 1.725
4.6211 1.73
4.62288 1.735
4.62448 1.74
4.62583 1.745
4.62701 1.75
4.62797 1.755
4.62879 1.76
4.62947 1.765
4.63007 1.77
4.63062 1.775
4.63114 1.78
4.6317 1.785
4.63229 1.79
4.63298 1.795
4.63371 1.8
4.63457 1.805
4.63548 1.81
4.63648 1.815
4.63752 1.82
4.63863 1.825
4.63975 1.83
4.64089 1.835
4.64202 1.84
4.64314 1.845
4.64423 1.85
4.64529 1.855
4.64629 1.86
4.64725 1.865
4.64815 1.87
4.649 1.875
4.64979 1.88
4.65052 1.885
4.6512 1.89
4.65182 1.895
4.65239 1.9
4.65291 1.905
4.65338 1.91
4.65381 1.915
4.65419 1.92
4.65454 1.925
4.65485 1.93
4.65512 1.935
4.65537 1.94
4.65558 1.945
4.65577 1.95
4.65593 1.955
4.65607 1.96
4.65619 1.965
4.65628 1.97
4.65636 1.975
4.65642 1.98
4.65646 1.985
4.65649 1.99
4.6565 1.995
4.65649 2
4.65647 2.005
4.65645 2.01
4.65643 2.015
4.65639 2.02
4.65633 2.025
4.65627 2.03
4.65619 2.035
4.6561 2.04
4.656 2.045
4.65588 2.05
4.65575 2.055
4.65561 2.06
4.65545 2.065
4.65527 2.07
4.65508 2.075
4.65487 2.08
4.65464 2.085
4.6544 2.09
4.65414 2.095
4.65385 2.1
4.65354 2.105
4.65321 2.11
4.65286 2.115
4.65249 2.12
4.65208 2.125
4.65166 2.13
4.6512 2.135
4.65072 2.14
4.65021 2.145
4.64967 2.15
4.64909 2.155
4.64849 2.16
4.64785 2.165
4.64718 2.17
4.64648 2.175
4.64575 2.18
4.64497 2.185
4.64417 2.19
4.64332 2.195
4.64244 2.2
4.64153 2.205
4.64057 2.21
4.63958 2.215
4.63855 2.22
4.63748 2.225
4.63637 2.23
4.63522 2.235
4.63404 2.24
4.63281 2.245
4.63155 2.25
4.63025 2.255
4.6289 2.26
4.62752 2.265
4.6261 2.27
4.62464 2.275
4.62314 2.28
4.62161 2.285
4.62004 2.29
4.61843 2.295
4.61678 2.3
4.6151 2.305
4.61337 2.31
4.61162 2.315
4.60983 2.32
4.60801 2.325
4.60615 2.33
4.60426 2.335
4.60234 2.34
4.60039 2.345
4.5984 2.35
4.5964 2.355
4.59436 2.36
4.59229 2.365
4.5902 2.37
4.58808 2.375
4.58593 2.38
4.58377 2.385
4.58157 2.39
4.57936 2.395
4.57711 2.4
4.57485 2.405
4.57256 2.41
4.57025 2.415
4.56791 2.42
4.56555 2.425
4.56316 2.43
4.56075 2.435
4.55832 2.44
4.55585 2.445
4.55336 2.45
4.55085 2.455
4.5483 2.46
4.54573 2.465
4.54313 2.47
4.5405 2.475
4.53783 2.48
4.53514 2.485
4.5324 2.49
4.52964 2.495
4.52684 2.5
4.52401 2.505
4.52114 2.51
4.51824 2.515
4.51529 2.52
4.51231 2.525
4.50928 2.53
4.50622 2.535
4.50311 2.54
4.49996 2.545
4.49676 2.55
4.49353 2.555
4.49024 2.56
4.4869 2.565
4.48352 2.57
4.48008 2.575
4.4766 2.58
4.47306 2.585
4.46946 2.59
4.46582 2.595
4.46211 2.6
4.45834 2.605
4.45451 2.61
4.45063 2.615
4.44667 2.62
4.44265 2.625
4.43856 2.63
4.4344 2.635
4.43017 2.64
4.42587 2.645
4.42148 2.65
4.41702 2.655
4.41248 2.66
4.40784 2.665
4.40313 2.67
4.39832 2.675
4.39341 2.68
4.38841 2.685
4.38331 2.69
4.3781 2.695
4.37279 2.7
4.36736 2.705
4.36182 2.71
4.35615 2.715
4.35037 2.72
4.34445 2.725
4.33839 2.73
4.3322 2.735
4.32586 2.74
4.31936 2.745
4.31271 2.75
4.3059 2.755
4.29892 2.76
4.29176 2.765
4.28441 2.77
4.27688 2.775
4.26914 2.78
4.2612 2.785
4.25304 2.79
4.24466 2.795
4.23604 2.8
4.22718 2.805
4.21807 2.81
4.20869 2.815
4.19904 2.82
4.1891 2.825
4.17886 2.83
4.16831 2.835
4.15743 2.84
4.14621 2.845
4.13464 2.85
4.1227 2.855
4.11037 2.86
4.09764 2.865
4.08448 2.87
4.07088 2.875
4.05681 2.88
4.04225 2.885
4.02718 2.89
4.01158 2.895
3.99543 2.9
3.9787 2.905
3.96139 2.91
3.94348 2.915
3.92495 2.92
3.90581 2.925
3.88606 2.93
3.86569 2.935
3.84473 2.94
3.82318 2.945
3.80109 2.95
3.77848 2.955
3.75537 2.96
3.73183 2.965
3.70789 2.97
3.68361 2.975
3.65903 2.98
3.63421 2.985
3.60921 2.99
3.58407 2.995
3.55885 3
3.53358 3.005
3.50831 3.01
3.48307 3.015
3.45788 3.02
3.43278 3.025
3.4078 3.03
3.38299 3.035
3.35844 3.04
3.3342 3.045
3.31036 3.05
3.28699 3.055
3.26416 3.06
3.24173 3.065
3.21996 3.07
3.1988 3.075
3.17829 3.08
3.1584 3.085
3.13917 3.09
3.12055 3.095
3.10258 3.1
3.08521 3.105
3.06845 3.11
3.05227 3.115
3.03666 3.12
3.02161 3.125
3.0071 3.13
2.99311 3.135
2.97962 3.14
2.96662 3.145
2.95408 3.15
2.94199 3.155
2.93034 3.16
2.91909 3.165
2.90825 3.17
2.89778 3.175
2.88767 3.18
2.87792 3.185
2.86849 3.19
2.85938 3.195
2.85057 3.2
2.84205 3.205
2.8338 3.21
2.82582 3.215
2.81809 3.22
2.81059 3.225
2.80335 3.23
2.79632 3.235
2.78949 3.24
2.78287 3.245
2.77643 3.25
2.77016 3.255
2.76407 3.26
2.75813 3.265
2.75235 3.27
2.7467 3.275
2.74119 3.28
2.73581 3.285
2.73054 3.29
2.72539 3.295
2.72033 3.3
2.71537 3.305
2.7105 3.31
2.70571 3.315
2.701 3.32
2.69636 3.325
2.69178 3.33
2.68726 3.335
2.68279 3.34
2.67838 3.345
2.67402 3.35
2.66971 3.355
2.66544 3.36
2.66122 3.365
2.65704 3.37
2.65289 3.375
2.64879 3.38
2.64473 3.385
2.6407 3.39
2.63671 3.395
2.63275 3.4
2.62882 3.405
2.62493 3.41
2.62106 3.415
2.61723 3.42
2.61342 3.425
2.60964 3.43
2.60589 3.435
2.60217 3.44
2.59847 3.445
2.5948 3.45
2.59115 3.455
2.58752 3.46
2.58392 3.465
2.58034 3.47
2.57678 3.475
2.57325 3.48
2.56973 3.485
2.56624 3.49
2.56277 3.495
2.55933 3.5
2.5559 3.505
2.5525 3.51
2.54911 3.515
2.54575 3.52
2.54241 3.525
2.53909 3.53
2.53579 3.535
2.53251 3.54
2.52925 3.545
2.52601 3.55
2.52279 3.555
2.51959 3.56
2.51642 3.565
2.51326 3.57
2.51012 3.575
2.50701 3.58
2.50391 3.585
2.50084 3.59
2.49778 3.595
2.49474 3.6
2.49173 3.605
2.48873 3.61
2.48576 3.615
2.4828 3.62
2.47986 3.625
2.47694 3.63
2.47404 3.635
2.47116 3.64
2.4683 3.645
2.46546 3.65
2.46263 3.655
2.45983 3.66
2.45704 3.665
2.45426 3.67
2.45151 3.675
2.44877 3.68
2.44604 3.685
2.44334 3.69
2.44064 3.695
2.43796 3.7
2.4353 3.705
2.43265 3.71
2.43001 3.715
2.42738 3.72
2.42476 3.725
2.42216 3.73
2.41956 3.735
2.41697 3.74
2.41439 3.745
2.41182 3.75
2.40925 3.755
2.40669 3.76
2.40413 3.765
2.40156 3.77
2.399 3.775
2.39644 3.78
2.39388 3.785
2.39132 3.79
2.38875 3.795
2.38619 3.8
2.38361 3.805
2.38103 3.81
2.37844 3.815
2.37585 3.82
2.37324 3.825
2.37063 3.83
2.368 3.835
2.36536 3.84
2.3627 3.845
2.36003 3.85
2.35734 3.855
2.35464 3.86
2.35191 3.865
2.34916 3.87
2.34638 3.875
2.34358 3.88
2.34075 3.885
2.33789 3.89
2.335 3.895
2.33208 3.9
2.32912 3.905
2.32612 3.91
2.32308 3.915
2.32 3.92
2.31687 3.925
2.31369 3.93
2.31046 3.935
2.30718 3.94
2.30384 3.945
2.30044 3.95
2.29698 3.955
2.29345 3.96
2.28985 3.965
2.28618 3.97
2.28243 3.975
2.27861 3.98
2.27471 3.985
2.27072 3.99
2.26664 3.995
2.26247 4
2.25821 4.005
2.25385 4.01
2.24939 4.015
2.2448 4.02
2.24012 4.025
2.23503 4.03
2.22991 4.035
2.22473 4.04
2.21945 4.045
2.21407 4.05
2.20859 4.055
2.20301 4.06
2.19731 4.065
2.1915 4.07
2.18556 4.075
2.1795 4.08
2.1733 4.085
2.16696 4.09
2.16047 4.095
2.15384 4.1
2.14703 4.105
2.14007 4.11
2.13291 4.115
2.12558 4.12
2.11803 4.125
2.11028 4.13
2.1023 4.135
2.09409 4.14
2.08562 4.145
2.0769 4.15
2.06789 4.155
2.0586 4.16
2.04899 4.165
2.03907 4.17
2.02882 4.175
2.01821 4.18
2.00724 4.185
1.9959 4.19
1.98417 4.195
1.97204 4.2
1.95952 4.205
1.94657 4.21
1.93322 4.215
1.91944 4.22
1.90527 4.225
1.89067 4.23
1.87571 4.235
1.86033 4.24
1.84466 4.245
1.8286 4.25
1.81232 4.255
1.79573 4.26
1.77903 4.265
1.76214 4.27
1.74523 4.275
1.72834 4.28
1.71159 4.285
1.69499 4.29
1.6788 4.295
1.66286 4.3
1.64758 4.305
1.63266 4.31
1.61856 4.315
1.60492 4.32
1.59217 4.325
1.57993 4.33
1.56856 4.335
1.55774 4.34
1.54769 4.345
1.5382 4.35
1.52936 4.355
1.52107 4.36
1.5133 4.365
1.50602 4.37
1.49923 4.375
1.49286 4.38
1.4869 4.385
1.48133 4.39
1.47609 4.395
1.47119 4.4
1.4666 4.405
1.46228 4.41
1.45823 4.415
1.45443 4.42
1.45087 4.425
1.44752 4.43
