0 0
0.0124999 0.005
0.0249996 0.01
0.0374986 0.015
0.0499967 0.02
0.0624935 0.025
0.0749888 0.03
0.0874821 0.035
0.0999733 0.04
0.112462 0.045
0.124948 0.05
0.137431 0.055
0.14991 0.06
0.162386 0.065
0.174857 0.07
0.187324 0.075
0.199787 0.08
0.212244 0.085
0.224696 0.09
0.237143 0.095
0.249584 0.1
0.262018 0.105
0.274446 0.11
0.286867 0.115
0.299281 0.12
0.311687 0.125
0.324085 0.13
0.336476 0.135
0.348858 0.14
0.361231 0.145
0.373595 0.15
0.38595 0.155
0.398296 0.16
0.410631 0.165
0.422956 0.17
0.43527 0.175
0.447574 0.18
0.459866 0.185
0.472147 0.19
0.484416 0.195
0.496673 0.2
0.508918 0.205
0.52115 0.21
0.533369 0.215
0.545574 0.22
0.557766 0.225
0.569944 0.23
0.582107 0.235
0.594257 0.24
0.606391 0.245
0.61851 0.25
0.630614 0.255
0.642701 0.26
0.654773 0.265
0.666829 0.27
0.678867 0.275
0.690889 0.28
0.702894 0.285
0.714881 0.29
0.72685 0.295
0.738801 0.3
0.750733 0.305
0.762647 0.31
0.774541 0.315
0.786416 0.32
0.798272 0.325
0.810108 0.33
0.821923 0.335
0.833718 0.34
0.845492 0.345
0.857245 0.35
0.868976 0.355
0.880686 0.36
0.892373 0.365
0.904039 0.37
0.915681 0.375
0.927301 0.38
0.938898 0.385
0.950471 0.39
0.96202 0.395
0.973546 0.4
0.985047 0.405
0.996523 0.41
1.00797 0.415
1.0194 0.42
1.0308 0.425
1.04218 0.43
1.05353 0.435
1.06485 0.44
1.07614 0.445
1.08741 0.45
1.09866 0.455
1.10987 0.46
1.12106 0.465
1.13222 0.47
1.14335 0.475
1.15445 0.48
1.16552 0.485
1.17656 0.49
1.18758 0.495
1.19856 0.5
1.20952 0.505
1.22044 0.51
1.23134 0.515
1.2422 0.52
1.25303 0.525
1.26383 0.53
1.2746 0.535
1.28534 0.54
1.29605 0.545
1.30672 0.55
1.31736 0.555
1.32797 0.56
1.33854 0.565
1.34908 0.57
1.35959 0.575
1.37006 0.58
1.3805 0.585
1.3909 0.59
1.40127 0.595
1.41161 0.6
1.42191 0.605
1.43217 0.61
1.4424 0.615
1.45259 0.62
1.46274 0.625
1.47286 0.63
1.48294 0.635
1.49299 0.64
1.503 0.645
1.51297 0.65
1.5229 0.655
1.53279 0.66
1.54265 0.665
1.55246 0.67
1.56224 0.675
1.57198 0.68
1.58168 0.685
1.59134 0.69
1.60096 0.695
1.61054 0.7
1.62008 0.705
1.62958 0.71
1.63904 0.715
1.64846 0.72
1.65784 0.725
1.66717 0.73
1.67647 0.735
1.68572 0.74
1.69493 0.745
1.7041 0.75
1.71322 0.755
1.7223 0.76
1.73134 0.765
1.74034 0.77
1.74929 0.775
1.7582 0.78
1.76706 0.785
1.77588 0.79
1.78466 0.795
1.79339 0.8
1.80208 0.805
1.81072 0.81
1.81931 0.815
1.82786 0.82
1.83637 0.825
1.84483 0.83
1.85324 0.835
1.86161 0.84
1.86993 0.845
1.8782 0.85
1.88643 0.855
1.89461 0.86
1.90274 0.865
1.91082 0.87
1.91886 0.875
1.92685 0.88
1.93479 0.885
1.94268 0.89
1.95052 0.895
1.95832 0.9
1.96606 0.905
1.97376 0.91
1.98141 0.915
1.989 0.92
1.99655 0.925
2.00405 0.93
2.0115 0.935
2.0189 0.94
2.02624 0.945
2.03354 0.95
2.04078 0.955
2.04798 0.96
2.05512 0.965
2.06221 0.97
2.06925 0.975
2.07624 0.98
2.08318 0.985
2.09006 0.99
2.0969 0.995
2.10368 1
2.1104 1.005
2.11708 1.01
2.1237 1.015
2.13027 1.02
2.13679 1.025
2.14325 1.03
2.14966 1.035
2.15601 1.04
2.16231 1.045
2.16856 1.05
2.17475 1.055
2.18089 1.06
2.18697 1.065
2.193 1.07
2.19898 1.075
2.20489 1.08
2.21076 1.085
2.21657 1.09
2.22232 1.095
2.22802 1.1
2.23366 1.105
2.23925 1.11
2.24478 1.115
2.25025 1.12
2.25567 1.125
2.26103 1.13
2.26634 1.135
2.27158 1.14
2.27678 1.145
2.28191 1.15
2.28699 1.155
2.29201 1.16
2.29697 1.165
2.30188 1.17
2.30672 1.175
2.31152 1.18
2.31625 1.185
2.32092 1.19
2.32554 1.195
2.3301 1.2
2.3346 1.205
2.33904 1.21
2.34342 1.215
2.34775 1.22
2.35201 1.225
2.35622 1.23
2.36037 1.235
2.36446 1.24
2.36849 1.245
2.37246 1.25
2.37637 1.255
2.38023 1.26
2.38402 1.265
2.38775 1.27
2.39143 1.275
2.39504 1.28
2.39859 1.285
2.40209 1.29
2.40552 1.295
2.4089 1.3
2.41221 1.305
2.41546 1.31
2.41866 1.315
2.42179 1.32
2.42486 1.325
2.42787 1.33
2.43082 1.335
2.43371 1.34
2.43654 1.345
2.43931 1.35
2.44202 1.355
2.44466 1.36
2.44725 1.365
2.44977 1.37
2.45223 1.375
2.45463 1.38
2.45697 1.385
2.45925 1.39
2.46147 1.395
2.46362 1.4
2.46572 1.405
2.46775 1.41
2.46972 1.415
2.47163 1.42
2.47348 1.425
2.47526 1.43
2.47698 1.435
2.47865 1.44
2.48025 1.445
2.48178 1.45
2.48326 1.455
2.48467 1.46
2.48602 1.465
2.48731 1.47
2.48854 1.475
2.4897 1.48
2.4908 1.485
2.49184 1.49
2.49282 1.495
2.49374 1.5
2.49459 1.505
2.49538 1.51
2.49611 1.515
2.49678 1.52
2.49738 1.525
2.49792 1.53
2.4984 1.535
2.49881 1.54
2.49917 1.545
2.49946 1.55
2.49969 1.555
2.49985 1.56
2.49996 1.565
2.5 1.57
2.49998 1.575
2.49989 1.58
2.49975 1.585
2.49954 1.59
2.49927 1.595
2.49893 1.6
2.49854 1.605
2.49808 1.61
2.49756 1.615
2.49697 1.62
2.49633 1.625
2.49562 1.63
2.49485 1.635
2.49402 1.64
2.49312 1.645
2.49216 1.65
2.49114 1.655
2.49006 1.66
2.48892 1.665
2.48771 1.67
2.48644 1.675
2.48511 1.68
2.48371 1.685
2.48226 1.69
2.48074 1.695
2.47916 1.7
2.47752 1.705
2.47582 1.71
2.47405 1.715
2.47222 1.72
2.47034 1.725
2.46838 1.73
2.46637 1.735
2.4643 1.74
2.46216 1.745
2.45996 1.75
2.45771 1.755
2.45539 1.76
2.453 1.765
2.45056 1.77
2.44806 1.775
2.44549 1.78
2.44286 1.785
2.44018 1.79
2.43743 1.795
2.43462 1.8
2.43175 1.805
2.42882 1.81
2.42583 1.815
2.42277 1.82
2.41966 1.825
2.41649 1.83
2.41325 1.835
2.40996 1.84
2.4066 1.845
2.40319 1.85
2.39971 1.855
2.39618 1.86
2.39258 1.865
2.38893 1.87
2.38521 1.875
2.38144 1.88
2.37761 1.885
2.37371 1.89
2.36976 1.895
2.36575 1.9
2.36168 1.905
2.35755 1.91
2.35336 1.915
2.34911 1.92
2.34481 1.925
2.34044 1.93
2.33602 1.935
2.33154 1.94
2.327 1.945
2.3224 1.95
2.31774 1.955
2.31303 1.96
2.30826 1.965
2.30343 1.97
2.29854 1.975
2.29359 1.98
2.28859 1.985
2.28353 1.99
2.27842 1.995
2.27324 2
2.26801 2.005
2.26273 2.01
2.25738 2.015
2.25198 2.02
2.24653 2.025
2.24101 2.03
2.23545 2.035
2.22982 2.04
2.22414 2.045
2.21841 2.05
2.21261 2.055
2.20677 2.06
2.20087 2.065
2.19491 2.07
2.1889 2.075
2.18283 2.08
2.17671 2.085
2.17054 2.09
2.16431 2.095
2.15802 2.1
2.15169 2.105
2.14529 2.11
2.13885 2.115
2.13235 2.12
2.1258 2.125
2.11919 2.13
2.11254 2.135
2.10583 2.14
2.09906 2.145
2.09225 2.15
2.08538 2.155
2.07846 2.16
2.07149 2.165
2.06446 2.17
2.05739 2.175
2.05026 2.18
2.04308 2.185
2.03585 2.19
2.02857 2.195
2.02124 2.2
2.01386 2.205
2.00643 2.21
1.99895 2.215
1.99141 2.22
1.98383 2.225
1.9762 2.23
1.96852 2.235
1.96079 2.24
1.95301 2.245
1.94518 2.25
1.93731 2.255
1.92938 2.26
1.92141 2.265
1.91339 2.27
1.90532 2.275
1.8972 2.28
1.88904 2.285
1.88083 2.29
1.87257 2.295
1.86426 2.3
1.85591 2.305
1.84751 2.31
1.83907 2.315
1.83058 2.32
1.82204 2.325
1.81346 2.33
1.80483 2.335
1.79616 2.34
1.78745 2.345
1.77868 2.35
1.76988 2.355
1.76103 2.36
1.75213 2.365
1.74319 2.37
1.73421 2.375
1.72519 2.38
1.71612 2.385
1.70701 2.39
1.69785 2.395
1.68866 2.4
1.67942 2.405
1.67014 2.41
1.66082 2.415
1.65145 2.42
1.64205 2.425
1.6326 2.43
1.62311 2.435
1.61359 2.44
1.60402 2.445
1.59441 2.45
1.58476 2.455
1.57508 2.46
1.56535 2.465
1.55558 2.47
1.54578 2.475
1.53594 2.48
1.52605 2.485
1.51613 2.49
1.50618 2.495
1.49618 2.5
1.48615 2.505
1.47608 2.51
1.46597 2.515
1.45583 2.52
1.44565 2.525
1.43543 2.53
1.42518 2.535
1.41489 2.54
1.40457 2.545
1.39421 2.55
1.38382 2.555
1.37339 2.56
1.36293 2.565
1.35243 2.57
1.3419 2.575
1.33134 2.58
1.32074 2.585
1.31011 2.59
1.29945 2.595
1.28875 2.6
1.27803 2.605
1.26727 2.61
1.25648 2.615
1.24565 2.62
1.2348 2.625
1.22392 2.63
1.213 2.635
1.20206 2.64
1.19108 2.645
1.18008 2.65
1.16904 2.655
1.15798 2.66
1.14689 2.665
1.13576 2.67
1.12461 2.675
1.11344 2.68
1.10223 2.685
1.091 2.69
1.07974 2.695
1.06845 2.7
1.05714 2.705
1.04579 2.71
1.03443 2.715
1.02304 2.72
1.01162 2.725
1.00017 2.73
0.988705 2.735
0.977212 2.74
0.965694 2.745
0.954152 2.75
0.942587 2.755
0.930998 2.76
0.919385 2.765
0.90775 2.77
0.896091 2.775
0.884411 2.78
0.872708 2.785
0.860984 2.79
0.849238 2.795
0.83747 2.8
0.825682 2.805
0.813873 2.81
0.802044 2.815
0.790195 2.82
0.778326 2.825
0.766437 2.83
0.75453 2.835
0.742603 2.84
0.730658 2.845
0.718695 2.85
0.706714 2.855
0.694715 2.86
0.682699 2.865
0.670665 2.87
0.658615 2.875
0.646548 2.88
0.634466 2.885
0.622367 2.89
0.610253 2.895
0.598123 2.9
0.585979 2.905
0.57382 2.91
0.561646 2.915
0.549459 2.92
0.537258 2.925
0.525043 2.93
0.512816 2.935
0.500575 2.94
0.488322 2.945
0.476057 2.95
0.463779 2.955
0.451491 2.96
0.439191 2.965
0.42688 2.97
0.414558 2.975
0.402226 2.98
0.389884 2.985
0.377532 2.99
0.36517 2.995
0.3528 3
0.340421 3.005
0.328033 3.01
0.315637 3.015
0.303233 3.02
0.290822 3.025
0.278403 3.03
0.265977 3.035
0.253545 3.04
0.241106 3.045
0.228662 3.05
0.216211 3.055
0.203755 3.06
0.191294 3.065
0.178829 3.07
0.166359 3.075
0.153884 3.08
0.141406 3.085
0.128924 3.09
0.116439 3.095
0.103952 3.1
0.0914612 3.105
0.0789685 3.11
0.0664738 3.115
0.0539774 3.12
0.0414797 3.125
0.028981 3.13
0.0164815 3.135
0.00398163 3.14
-0.00851835 3.145
-0.0210181 3.15
-0.0335174 3.155
-0.0460158 3.16
-0.058513 3.165
-0.0710088 3.17
-0.0835028 3.175
-0.0959948 3.18
-0.108484 3.185
-0.120971 3.19
-0.133455 3.195
-0.145935 3.2
-0.158412 3.205
-0.170885 3.21
-0.183354 3.215
-0.195818 3.22
-0.208277 3.225
-0.220731 3.23
-0.233179 3.235
-0.245621 3.24
-0.258058 3.245
-0.270488 3.25
-0.282911 3.255
-0.295327 3.26
-0.307736 3.265
-0.320137 3.27
-0.33253 3.275
-0.344915 3.28
-0.357291 3.285
-0.369658 3.29
-0.382016 3.295
-0.394364 3.3
-0.406703 3.305
-0.419031 3.31
-0.431349 3.315
-0.443656 3.32
-0.455952 3.325
-0.468237 3.33
-0.48051 3.335
-0.49277 3.34
-0.505019 3.345
-0.517255 3.35
-0.529478 3.355
-0.541688 3.36
-0.553884 3.365
-0.566066 3.37
-0.578235 3.375
-0.590388 3.38
-0.602527 3.385
-0.614651 3.39
-0.62676 3.395
-0.638853 3.4
-0.65093 3.405
-0.66299 3.41
-0.675034 3.415
-0.687062 3.42
-0.699072 3.425
-0.711064 3.43
-0.723039 3.435
-0.734996 3.44
-0.746934 3.445
-0.758854 3.45
-0.770754 3.455
-0.782636 3.46
-0.794498 3.465
-0.80634 3.47
-0.818162 3.475
-0.829963 3.48
-0.841744 3.485
-0.853503 3.49
-0.865241 3.495
-0.876958 3.5
-0.888653 3.505
-0.900325 3.51
-0.911975 3.515
-0.923602 3.52
-0.935206 3.525
-0.946787 3.53
-0.958344 3.535
-0.969877 3.54
-0.981386 3.545
-0.99287 3.55
-1.00433 3.555
-1.01576 3.56
-1.02717 3.565
-1.03856 3.57
-1.04991 3.575
-1.06124 3.58
-1.07255 3.585
-1.08383 3.59
-1.09508 3.595
-1.1063 3.6
-1.1175 3.605
-1.12866 3.61
-1.1398 3.615
-1.15091 3.62
-1.162 3.625
-1.17305 3.63
-1.18407 3.635
-1.19507 3.64
-1.20603 3.645
-1.21697 3.65
-1.22787 3.655
-1.23874 3.66
-1.24959 3.665
-1.2604 3.67
-1.27118 3.675
-1.28192 3.68
-1.29264 3.685
-1.30332 3.69
-1.31397 3.695
-1.32459 3.7
-1.33518 3.705
-1.34573 3.71
-1.35624 3.715
-1.36673 3.72
-1.37718 3.725
-1.38759 3.73
-1.39797 3.735
-1.40832 3.74
-1.41863 3.745
-1.4289 3.75
-1.43914 3.755
-1.44935 3.76
-1.45951 3.765
-1.46964 3.77
-1.47974 3.775
-1.48979 3.78
-1.49981 3.785
-1.50979 3.79
-1.51974 3.795
-1.52964 3.8
-1.53951 3.805
-1.54934 3.81
-1.55913 3.815
-1.56888 3.82
-1.5786 3.825
-1.58827 3.83
-1.5979 3.835
-1.6075 3.84
-1.61705 3.845
-1.62656 3.85
-1.63603 3.855
-1.64547 3.86
-1.65486 3.865
-1.6642 3.87
-1.67351 3.875
-1.68278 3.88
-1.692 3.885
-1.70118 3.89
-1.71032 3.895
-1.71942 3.9
-1.72847 3.905
-1.73748 3.91
-1.74644 3.915
-1.75537 3.92
-1.76424 3.925
-1.77308 3.93
-1.78187 3.935
-1.79061 3.94
-1.79931 3.945
-1.80797 3.95
-1.81658 3.955
-1.82515 3.96
-1.83367 3.965
-1.84214 3.97
-1.85057 3.975
-1.85895 3.98
-1.86728 3.985
-1.87557 3.99
-1.88381 3.995
-1.89201 4
-1.90015 4.005
-1.90825 4.01
-1.9163 4.015
-1.92431 4.02
-1.93226 4.025
-1.94017 4.03
-1.94803 4.035
-1.95584 4.04
-1.9636 4.045
-1.97131 4.05
-1.97898 4.055
-1.98659 4.06
-1.99415 4.065
-2.00167 4.07
-2.00913 4.075
-2.01654 4.08
-2.02391 4.085
-2.03122 4.09
-2.03848 4.095
-2.04569 4.1
-2.05285 4.105
-2.05996 4.11
-2.06702 4.115
-2.07402 4.12
-2.08098 4.125
-2.08788 4.13
-2.09473 4.135
-2.10152 4.14
-2.10827 4.145
-2.11496 4.15
-2.1216 4.155
-2.12818 4.16
-2.13472 4.165
-2.14119 4.17
-2.14762 4.175
-2.15399 4.18
-2.16031 4.185
-2.16657 4.19
-2.17278 4.195
-2.17894 4.2
-2.18504 4.205
-2.19109 4.21
-2.19708 4.215
-2.20302 4.22
-2.2089 4.225
-2.21472 4.23
-2.22049 4.235
-2.22621 4.24
-2.23187 4.245
-2.23747 4.25
-2.24302 4.255
-2.24851 4.26
-2.25395 4.265
-2.25933 4.27
-2.26465 4.275
-2.26992 4.28
-2.27513 4.285
-2.28028 4.29
-2.28538 4.295
-2.29041 4.3
-2.2954 4.305
-2.30032 4.31
-2.30519 4.315
-2.31 4.32
-2.31475 4.325
-2.31944 4.33
-2.32407 4.335
-2.32865 4.34
-2.33317 4.345
-2.33763 4.35
-2.34203 4.355
-2.34638 4.36
-2.35066 4.365
-2.35489 4.37
-2.35906 4.375
-2.36316 4.38
-2.36721 4.385
-2.3712 4.39
-2.37513 4.395
-2.37901 4.4
-2.38282 4.405
-2.38657 4.41
-2.39026 4.415
-2.3939 4.42
-2.39747 4.425
-2.40098 4.43
0 0
0.0124999 0.005
0.0249996 0.01
0.0374986 0.015
0.0499967 0.02
0.0624935 0.025
0.0749888 0.03
0.0874821 0.035
0.0999733 0.04
0.112462 0.045
0.124948 0.05
0.137431 0.055
0.14991 0.06
0.162386 0.065
0.174857 0.07
0.187324 0.075
0.199787 0.08
0.212244 0.085
0.224696 0.09
0.237143 0.095
0.249584 0.1
0.262018 0.105
0.274446 0.11
0.286867 0.115
0.299281 0.12
0.311687 0.125
0.324085 0.13
0.336476 0.135
0.348858 0.14
0.361231 0.145
0.373595 0.15
0.38595 0.155
0.398296 0.16
0.410631 0.165
0.422956 0.17
0.43527 0.175
0.447574 0.18
0.459866 0.185
0.472147 0.19
0.484416 0.195
0.496673 0.2
0.508918 0.205
0.52115 0.21
0.533369 0.215
0.545574 0.22
0.557766 0.225
0.569944 0.23
0.582107 0.235
0.594257 0.24
0.606391 0.245
0.61851 0.25
0.630614 0.255
0.642701 0.26
0.654773 0.265
0.666829 0.27
0.678867 0.275
0.690889 0.28
0.702894 0.285
0.714881 0.29
0.72685 0.295
0.738801 0.3
0.750733 0.305
0.762647 0.31
0.774541 0.315
0.786416 0.32
0.798272 0.325
0.810108 0.33
0.821923 0.335
0.833718 0.34
0.845492 0.345
0.857245 0.35
0.868976 0.355
0.880686 0.36
0.892373 0.365
0.904039 0.37
0.915681 0.375
0.927301 0.38
0.938898 0.385
0.950471 0.39
0.96202 0.395
0.973546 0.4
0.985047 0.405
0.996523 0.41
1.00797 0.415
1.0194 0.42
1.0308 0.425
1.04218 0.43
1.05353 0.435
1.06485 0.44
1.07614 0.445
1.08741 0.45
1.09866 0.455
1.10987 0.46
1.12106 0.465
1.13222 0.47
1.14335 0.475
1.15445 0.48
1.16552 0.485
1.17656 0.49
1.18758 0.495
1.19856 0.5
1.20952 0.505
1.22044 0.51
1.23134 0.515
1.2422 0.52
1.25303 0.525
1.26383 0.53
1.2746 0.535
1.28534 0.54
1.29605 0.545
1.30672 0.55
1.31736 0.555
1.32797 0.56
1.33854 0.565
1.34908 0.57
1.35959 0.575
1.37006 0.58
1.3805 0.585
1.3909 0.59
1.40127 0.595
1.41161 0.6
1.42191 0.605
1.43217 0.61
1.4424 0.615
1.45259 0.62
1.46274 0.625
1.47286 0.63
1.48294 0.635
1.49299 0.64
1.503 0.645
1.51297 0.65
1.5229 0.655
1.53279 0.66
1.54265 0.665
1.55246 0.67
1.56224 0.675
1.57198 0.68
1.58168 0.685
1.59134 0.69
1.60096 0.695
1.61054 0.7
1.62008 0.705
1.62958 0.71
1.63904 0.715
1.64846 0.72
1.65784 0.725
1.66717 0.73
1.67647 0.735
1.68572 0.74
1.69493 0.745
1.7041 0.75
1.71322 0.755
1.7223 0.76
1.73134 0.765
1.74034 0.77
1.74929 0.775
1.7582 0.78
1.76706 0.785
1.77588 0.79
1.78466 0.795
1.79339 0.8
1.80208 0.805
1.81072 0.81
1.81931 0.815
1.82786 0.82
1.83637 0.825
1.84483 0.83
1.85324 0.835
1.86161 0.84
1.86993 0.845
1.8782 0.85
1.88643 0.855
1.89461 0.86
1.90274 0.865
1.91082 0.87
1.91886 0.875
1.92685 0.88
1.93479 0.885
1.94268 0.89
1.95052 0.895
1.95832 0.9
1.96606 0.905
1.97376 0.91
1.98141 0.915
1.989 0.92
1.99655 0.925
2.00405 0.93
2.0115 0.935
2.0189 0.94
2.02624 0.945
2.03354 0.95
2.04078 0.955
2.04798 0.96
2.05512 0.965
2.06221 0.97
2.06925 0.975
2.07624 0.98
2.08318 0.985
2.09006 0.99
2.0969 0.995
2.10368 1
2.1104 1.005
2.11708 1.01
2.1237 1.015
2.13027 1.02
2.13679 1.025
2.14325 1.03
2.14966 1.035
2.15601 1.04
2.16231 1.045
2.16856 1.05
2.17475 1.055
2.18089 1.06
2.18697 1.065
2.193 1.07
2.19898 1.075
2.20489 1.08
2.21076 1.085
2.21657 1.09
2.22232 1.095
2.22802 1.1
2.23366 1.105
2.23925 1.11
2.24478 1.115
2.25025 1.12
2.25567 1.125
2.26103 1.13
2.26634 1.135
2.27158 1.14
2.27678 1.145
2.28191 1.15
2.28699 1.155
2.29201 1.16
2.29697 1.165
2.30188 1.17
2.30672 1.175
2.31152 1.18
2.31625 1.185
2.32092 1.19
2.32554 1.195
2.3301 1.2
2.3346 1.205
2.33904 1.21
2.34342 1.215
2.34775 1.22
2.35201 1.225
2.35622 1.23
2.36037 1.235
2.36446 1.24
2.36849 1.245
2.37246 1.25
2.37637 1.255
2.38023 1.26
2.38402 1.265
2.38775 1.27
2.39143 1.275
2.39504 1.28
2.39859 1.285
2.40209 1.29
2.40552 1.295
2.4089 1.3
2.41221 1.305
2.41546 1.31
2.41866 1.315
2.42179 1.32
2.42486 1.325
2.42787 1.33
2.43082 1.335
2.43371 1.34
2.43654 1.345
2.43931 1.35
2.44202 1.355
2.44466 1.36
2.44725 1.365
2.44977 1.37
2.45223 1.375
2.45463 1.38
2.45697 1.385
2.45925 1.39
2.46147 1.395
2.46362 1.4
2.46572 1.405
2.46775 1.41
2.46972 1.415
2.47163 1.42
2.47348 1.425
2.47526 1.43
2.47698 1.435
2.47865 1.44
2.48025 1.445
2.48178 1.45
2.48326 1.455
2.48467 1.46
2.48602 1.465
2.48731 1.47
2.48854 1.475
2.4897 1.48
2.4908 1.485
2.49184 1.49
2.49282 1.495
2.49374 1.5
2.49459 1.505
2.49538 1.51
2.49611 1.515
2.49678 1.52
2.49738 1.525
2.49792 1.53
2.4984 1.535
2.49881 1.54
2.49917 1.545
2.49946 1.55
2.49969 1.555
2.49985 1.56
2.49996 1.565
2.5 1.57
2.49998 1.575
2.49989 1.58
2.49975 1.585
2.49954 1.59
2.49927 1.595
2.49893 1.6
2.49854 1.605
2.49808 1.61
2.49756 1.615
2.49697 1.62
2.49633 1.625
2.49562 1.63
2.49485 1.635
2.49402 1.64
2.49312 1.645
2.49216 1.65
2.49114 1.655
2.49006 1.66
2.48892 1.665
2.48771 1.67
2.48644 1.675
2.48511 1.68
2.48371 1.685
2.48226 1.69
2.48074 1.695
2.47916 1.7
2.47752 1.705
2.47582 1.71
2.47405 1.715
2.47222 1.72
2.47034 1.725
2.46838 1.73
2.46637 1.735
2.4643 1.74
2.46216 1.745
2.45996 1.75
2.45771 1.755
2.45539 1.76
2.453 1.765
2.45056 1.77
2.44806 1.775
2.44549 1.78
2.44286 1.785
2.44018 1.79
2.43743 1.795
2.43462 1.8
2.43175 1.805
2.42882 1.81
2.42583 1.815
2.42277 1.82
2.41966 1.825
2.41649 1.83
2.41325 1.835
2.40996 1.84
2.4066 1.845
2.40319 1.85
2.39971 1.855
2.39618 1.86
2.39258 1.865
2.38893 1.87
2.38521 1.875
2.38144 1.88
2.37761 1.885
2.37371 1.89
2.36976 1.895
2.36575 1.9
2.36168 1.905
2.35755 1.91
2.35336 1.915
2.34911 1.92
2.34481 1.925
2.34044 1.93
2.33602 1.935
2.33154 1.94
2.327 1.945
2.3224 1.95
2.31774 1.955
2.31303 1.96
2.30826 1.965
2.30343 1.97
2.29854 1.975
2.29359 1.98
2.28859 1.985
2.28353 1.99
2.27842 1.995
2.27324 2
2.26801 2.005
2.26273 2.01
2.25738 2.015
2.25198 2.02
2.24653 2.025
2.24101 2.03
2.23545 2.035
2.22982 2.04
2.22414 2.045
2.21841 2.05
2.21261 2.055
2.20677 2.06
2.20087 2.065
2.19491 2.07
2.1889 2.075
2.18283 2.08
2.17671 2.085
2.17054 2.09
2.16431 2.095
2.15802 2.1
2.15169 2.105
2.14529 2.11
2.13885 2.115
2.13235 2.12
2.1258 2.125
2.11919 2.13
2.11254 2.135
2.10583 2.14
2.09906 2.145
2.09225 2.15
2.08538 2.155
2.07846 2.16
2.07149 2.165
2.06446 2.17
2.05739 2.175
2.05026 2.18
2.04308 2.185
2.03585 2.19
2.02857 2.195
2.02124 2.2
2.01386 2.205
2.00643 2.21
1.99895 2.215
1.99141 2.22
1.98383 2.225
1.9762 2.23
1.96852 2.235
1.96079 2.24
1.95301 2.245
1.94518 2.25
1.93731 2.255
1.92938 2.26
1.92141 2.265
1.91339 2.27
1.90532 2.275
1.8972 2.28
1.88904 2.285
1.88083 2.29
1.87257 2.295
1.86426 2.3
1.85591 2.305
1.84751 2.31
1.83907 2.315
1.83058 2.32
1.82204 2.325
1.81346 2.33
1.80483 2.335
1.79616 2.34
1.78745 2.345
1.77868 2.35
1.76988 2.355
1.76103 2.36
1.75213 2.365
1.74319 2.37
1.73421 2.375
1.72519 2.38
1.71612 2.385
1.70701 2.39
1.69785 2.395
1.68866 2.4
1.67942 2.405
1.67014 2.41
1.66082 2.415
1.65145 2.42
1.64205 2.425
1.6326 2.43
1.62311 2.435
1.61359 2.44
1.60402 2.445
1.59441 2.45
1.58476 2.455
1.57508 2.46
1.56535 2.465
1.55558 2.47
1.54578 2.475
1.53594 2.48
1.52605 2.485
1.51613 2.49
1.50618 2.495
1.49618 2.5
1.48615 2.505
1.47608 2.51
1.46597 2.515
1.45583 2.52
1.44565 2.525
1.43543 2.53
1.42518 2.535
1.41489 2.54
1.40457 2.545
1.39421 2.55
1.38382 2.555
1.37339 2.56
1.36293 2.565
1.35243 2.57
1.3419 2.575
1.33134 2.58
1.32074 2.585
1.31011 2.59
1.29945 2.595
1.28875 2.6
1.27803 2.605
1.26727 2.61
1.25648 2.615
1.24565 2.62
1.2348 2.625
1.22392 2.63
1.213 2.635
1.20206 2.64
1.19108 2.645
1.18008 2.65
1.16904 2.655
1.15798 2.66
1.14689 2.665
1.13576 2.67
1.12461 2.675
1.11344 2.68
1.10223 2.685
1.091 2.69
1.07974 2.695
1.06845 2.7
1.05714 2.705
1.04579 2.71
1.03443 2.715
1.02304 2.72
1.01162 2.725
1.00017 2.73
0.988705 2.735
0.977212 2.74
0.965694 2.745
0.954152 2.75
0.942587 2.755
0.930998 2.76
0.919385 2.765
0.90775 2.77
0.896091 2.775
0.884411 2.78
0.872708 2.785
0.860984 2.79
0.849238 2.795
0.83747 2.8
0.825682 2.805
0.813873 2.81
0.802044 2.815
0.790195 2.82
0.778326 2.825
0.766437 2.83
0.75453 2.835
0.742603 2.84
0.730658 2.845
0.718695 2.85
0.706714 2.855
0.694715 2.86
0.682699 2.865
0.670665 2.87
0.658615 2.875
0.646548 2.88
0.634466 2.885
0.622367 2.89
0.610253 2.895
0.598123 2.9
0.585979 2.905
0.57382 2.91
0.561646 2.915
0.549459 2.92
0.537258 2.925
0.525043 2.93
0.512816 2.935
0.500575 2.94
0.488322 2.945
0.476057 2.95
0.463779 2.955
0.451491 2.96
0.439191 2.965
0.42688 2.97
0.414558 2.975
0.402226 2.98
0.389884 2.985
0.377532 2.99
0.36517 2.995
0.3528 3
0.340421 3.005
0.328033 3.01
0.315637 3.015
0.303233 3.02
0.290822 3.025
0.278403 3.03
0.265977 3.035
0.253545 3.04
0.241106 3.045
0.228662 3.05
0.216211 3.055
0.203755 3.06
0.191294 3.065
0.178829 3.07
0.166359 3.075
0.153884 3.08
0.141406 3.085
0.128924 3.09
0.116439 3.095
0.103952 3.1
0.0914612 3.105
0.0789685 3.11
0.0664738 3.115
0.0539774 3.12
0.0414797 3.125
0.028981 3.13
0.0164815 3.135
0.00398163 3.14
-0.00851835 3.145
-0.0210181 3.15
-0.0335174 3.155
-0.0460158 3.16
-0.058513 3.165
-0.0710088 3.17
-0.0835028 3.175
-0.0959948 3.18
-0.108484 3.185
-0.120971 3.19
-0.133455 3.195
-0.145935 3.2
-0.158412 3.205
-0.170885 3.21
-0.183354 3.215
-0.195818 3.22
-0.208277 3.225
-0.220731 3.23
-0.233179 3.235
-0.245621 3.24
-0.258058 3.245
-0.270488 3.25
-0.282911 3.255
-0.295327 3.26
-0.307736 3.265
-0.320137 3.27
-0.33253 3.275
-0.344915 3.28
-0.357291 3.285
-0.369658 3.29
-0.382016 3.295
-0.394364 3.3
-0.406703 3.305
-0.419031 3.31
-0.431349 3.315
-0.443656 3.32
-0.455952 3.325
-0.468237 3.33
-0.48051 3.335
-0.49277 3.34
-0.505019 3.345
-0.517255 3.35
-0.529478 3.355
-0.541688 3.36
-0.553884 3.365
-0.566066 3.37
-0.578235 3.375
-0.590388 3.38
-0.602527 3.385
-0.614651 3.39
-0.62676 3.395
-0.638853 3.4
-0.65093 3.405
-0.66299 3.41
-0.675034 3.415
-0.687062 3.42
-0.699072 3.425
-0.711064 3.43
-0.723039 3.435
-0.734996 3.44
-0.746934 3.445
-0.758854 3.45
-0.770754 3.455
-0.782636 3.46
-0.794498 3.465
-0.80634 3.47
-0.818162 3.475
-0.829963 3.48
-0.841744 3.485
-0.853503 3.49
-0.865241 3.495
-0.876958 3.5
-0.888653 3.505
-0.900325 3.51
-0.911975 3.515
-0.923602 3.52
-0.935206 3.525
-0.946787 3.53
-0.958344 3.535
-0.969877 3.54
-0.981386 3.545
-0.99287 3.55
-1.00433 3.555
-1.01576 3.56
-1.02717 3.565
-1.03856 3.57
-1.04991 3.575
-1.06124 3.58
-1.07255 3.585
-1.08383 3.59
-1.09508 3.595
-1.1063 3.6
-1.1175 3.605
-1.12866 3.61
-1.1398 3.615
-1.15091 3.62
-1.162 3.625
-1.17305 3.63
-1.18407 3.635
-1.19507 3.64
-1.20603 3.645
-1.21697 3.65
-1.22787 3.655
-1.23874 3.66
-1.24959 3.665
-1.2604 3.67
-1.27118 3.675
-1.28192 3.68
-1.29264 3.685
-1.30332 3.69
-1.31397 3.695
-1.32459 3.7
-1.33518 3.705
-1.34573 3.71
-1.35624 3.715
-1.36673 3.72
-1.37718 3.725
-1.38759 3.73
-1.39797 3.735
-1.40832 3.74
-1.41863 3.745
-1.4289 3.75
-1.43914 3.755
-1.44935 3.76
-1.45951 3.765
-1.46964 3.77
-1.47974 3.775
-1.48979 3.78
-1.49981 3.785
-1.50979 3.79
-1.51974 3.795
-1.52964 3.8
-1.53951 3.805
-1.54934 3.81
-1.55913 3.815
-1.56888 3.82
-1.5786 3.825
-1.58827 3.83
-1.5979 3.835
-1.6075 3.84
-1.61705 3.845
-1.62656 3.85
-1.63603 3.855
-1.64547 3.86
-1.65486 3.865
-1.6642 3.87
-1.67351 3.875
-1.68278 3.88
-1.692 3.885
-1.70118 3.89
-1.71032 3.895
-1.71942 3.9
-1.72847 3.905
-1.73748 3.91
-1.74644 3.915
-1.75537 3.92
-1.76424 3.925
-1.77308 3.93
-1.78187 3.935
-1.79061 3.94
-1.79931 3.945
-1.80797 3.95
-1.81658 3.955
-1.82515 3.96
-1.83367 3.965
-1.84214 3.97
-1.85057 3.975
-1.85895 3.98
-1.86728 3.985
-1.87557 3.99
-1.88381 3.995
-1.89201 4
-1.90015 4.005
-1.90825 4.01
-1.9163 4.015
-1.92431 4.02
-1.93226 4.025
-1.94017 4.03
-1.94803 4.035
-1.95584 4.04
-1.9636 4.045
-1.97131 4.05
-1.97898 4.055
-1.98659 4.06
-1.99415 4.065
-2.00167 4.07
-2.00913 4.075
-2.01654 4.08
-2.02391 4.085
-2.03122 4.09
-2.03848 4.095
-2.04569 4.1
-2.05285 4.105
-2.05996 4.11
-2.06702 4.115
-2.07402 4.12
-2.08098 4.125
-2.08788 4.13
-2.09473 4.135
-2.10152 4.14
-2.10827 4.145
-2.11496 4.15
-2.1216 4.155
-2.12818 4.16
-2.13472 4.165
-2.14119 4.17
-2.14762 4.175
-2.15399 4.18
-2.16031 4.185
-2.16657 4.19
-2.17278 4.195
-2.17894 4.2
-2.18504 4.205
-2.19109 4.21
-2.19708 4.215
-2.20302 4.22
-2.2089 4.225
-2.21472 4.23
-2.22049 4.235
-2.22621 4.24
-2.23187 4.245
-2.23747 4.25
-2.24302 4.255
-2.24851 4.26
-2.25395 4.265
-2.25933 4.27
-2.26465 4.275
-2.26992 4.28
-2.27513 4.285
-2.28028 4.29
-2.28538 4.295
-2.29041 4.3
-2.2954 4.305
-2.30032 4.31
-2.30519 4.315
-2.31 4.32
-2.31475 4.325
-2.31944 4.33
-2.32407 4.335
-2.32865 4.34
-2.33317 4.345
-2.33763 4.35
-2.34203 4.355
-2.34638 4.36
-2.35066 4.365
-2.35489 4.37
-2.35906 4.375
-2.36316 4.38
-2.36721 4.385
-2.3712 4.39
-2.37513 4.395
-2.37901 4.4
-2.38282 4.405
-2.38657 4.41
-2.39026 4.415
-2.3939 4.42
-2.39747 4.425
-2.40098 4.43
