0 0
0.00999933 0.01
0.0199947 0.02
0.029982 0.03
0.0399573 0.04
0.0499167 0.05
0.0598561 0.06
0.0697716 0.07
0.0796591 0.08
0.0895148 0.09
0.0993347 0.1
0.109115 0.11
0.118851 0.12
0.12854 0.13
0.138178 0.14
0.14776 0.15
0.157283 0.16
0.166744 0.17
0.176137 0.18
0.18546 0.19
0.194709 0.2
0.20388 0.21
0.21297 0.22
0.221974 0.23
0.23089 0.24
0.239713 0.25
0.24844 0.26
0.257068 0.27
0.265593 0.28
0.274012 0.29
0.282321 0.3
0.290518 0.31
0.298598 0.32
0.306558 0.33
0.314397 0.34
0.322109 0.35
0.329692 0.36
0.337144 0.37
0.344461 0.38
0.35164 0.39
0.358678 0.4
0.365573 0.41
0.372322 0.42
0.378921 0.43
0.385369 0.44
0.391663 0.45
0.397801 0.46
0.403779 0.47
0.409596 0.48
0.415249 0.49
0.420735 0.5
0.426054 0.51
0.431202 0.52
0.436178 0.53
0.440979 0.54
0.445604 0.55
0.45005 0.56
0.454317 0.57
0.458402 0.58
0.462303 0.59
0.46602 0.6
0.46955 0.61
0.472892 0.62
0.476045 0.63
0.479008 0.64
0.481779 0.65
0.484358 0.66
0.486742 0.67
0.488932 0.68
0.490927 0.69
0.492725 0.7
0.494326 0.71
0.495729 0.72
0.496934 0.73
0.49794 0.74
0.498747 0.75
0.499355 0.76
0.499763 0.77
0.499971 0.78
0.499979 0.79
0.499787 0.8
0.499395 0.81
0.498803 0.82
0.498012 0.83
0.497022 0.84
0.495832 0.85
0.494445 0.86
0.49286 0.87
0.491077 0.88
0.489098 0.89
0.486924 0.9
0.484555 0.91
0.481991 0.92
0.479236 0.93
0.476288 0.94
0.47315 0.95
0.469823 0.96
0.466308 0.97
0.462606 0.98
0.458719 0.99
0.454649 1
0.450397 1.01
0.445964 1.02
0.441354 1.03
0.436566 1.04
0.431605 1.05
0.42647 1.06
0.421165 1.07
0.415692 1.08
0.410052 1.09
0.404248 1.1
0.398283 1.11
0.392158 1.12
0.385876 1.13
0.37944 1.14
0.372853 1.15
0.366116 1.16
0.359232 1.17
0.352205 1.18
0.345037 1.19
0.337732 1.2
0.330291 1.21
0.322717 1.22
0.315015 1.23
0.307187 1.24
0.299236 1.25
0.291165 1.26
0.282978 1.27
0.274678 1.28
0.266267 1.29
0.257751 1.3
0.249131 1.31
0.240411 1.32
0.231596 1.33
0.222687 1.34
0.21369 1.35
0.204607 1.36
0.195442 1.37
0.1862 1.38
0.176882 1.39
0.167494 1.4
0.158039 1.41
0.148521 1.42
0.138943 1.43
0.12931 1.44
0.119625 1.45
0.109892 1.46
0.100115 1.47
0.0902981 1.48
0.0804452 1.49
0.07056 1.5
0.0606466 1.51
0.050709 1.52
0.0407511 1.53
0.0307769 1.54
0.0207903 1.55
0.0107955 1.56
0.000796326 1.57
-0.00920315 1.58
-0.019199 1.59
-0.0291871 1.6
-0.0391635 1.61
-0.0491243 1.62
-0.0590654 1.63
-0.0689829 1.64
-0.0788728 1.65
-0.0887312 1.66
-0.0985541 1.67
-0.108338 1.68
-0.118078 1.69
-0.127771 1.7
-0.137412 1.71
-0.146999 1.72
-0.156527 1.73
-0.165993 1.74
-0.175392 1.75
-0.18472 1.76
-0.193975 1.77
-0.203153 1.78
-0.212249 1.79
-0.22126 1.8
-0.230183 1.81
-0.239014 1.82
-0.247749 1.83
-0.256385 1.84
-0.264918 1.85
-0.273346 1.86
-0.281664 1.87
-0.289869 1.88
-0.297959 1.89
-0.305929 1.9
-0.313777 1.91
-0.321499 1.92
-0.329093 1.93
-0.336555 1.94
-0.343883 1.95
-0.351073 1.96
-0.358123 1.97
-0.365029 1.98
-0.37179 1.99
-0.378401 2
-0.384862 2.01
-0.391168 2.02
-0.397318 2.03
-0.403309 2.04
-0.409139 2.05
-0.414805 2.06
-0.420305 2.07
-0.425637 2.08
-0.430798 2.09
-0.435788 2.1
-0.440603 2.11
-0.445242 2.12
-0.449703 2.13
-0.453984 2.14
-0.458083 2.15
-0.461999 2.16
-0.46573 2.17
-0.469275 2.18
-0.472633 2.19
-0.475801 2.2
-0.478779 2.21
-0.481565 2.22
-0.484159 2.23
-0.486559 2.24
-0.488765 2.25
-0.490775 2.26
-0.492589 2.27
-0.494206 2.28
-0.495625 2.29
-0.496846 2.3
-0.497868 2.31
-0.498691 2.32
-0.499314 2.33
-0.499738 2.34
-0.499962 2.35
-0.499986 2.36
-0.499809 2.37
-0.499433 2.38
-0.498858 2.39
-0.498082 2.4
-0.497108 2.41
-0.495934 2.42
-0.494563 2.43
-0.492993 2.44
-0.491226 2.45
-0.489263 2.46
-0.487104 2.47
-0.48475 2.48
-0.482203 2.49
-0.479462 2.5
-0.47653 2.51
-0.473407 2.52
-0.470095 2.53
-0.466594 2.54
-0.462907 2.55
-0.459035 2.56
-0.45498 2.57
-0.450742 2.58
-0.446324 2.59
-0.441727 2.6
-0.436954 2.61
-0.432006 2.62
-0.426885 2.63
-0.421594 2.64
-0.416134 2.65
-0.410507 2.66
-0.404716 2.67
-0.398764 2.68
-0.392651 2.69
-0.386382 2.7
-0.379958 2.71
-0.373383 2.72
-0.366658 2.73
-0.359786 2.74
-0.35277 2.75
-0.345613 2.76
-0.338318 2.77
-0.330888 2.78
-0.323325 2.79
-0.315633 2.8
-0.307815 2.81
-0.299874 2.82
-0.291812 2.83
-0.283634 2.84
-0.275343 2.85
-0.266941 2.86
-0.258433 2.87
-0.249821 2.88
-0.241109 2.89
-0.232301 2.9
-0.2234 2.91
-0.21441 2.92
-0.205333 2.93
-0.196175 2.94
-0.186938 2.95
-0.177627 2.96
-0.168244 2.97
-0.158794 2.98
-0.149281 2.99
-0.139708 3
-0.130079 3.01
-0.120398 3.02
-0.110669 3.03
-0.100895 3.04
-0.0910813 3.05
-0.081231 3.06
-0.0713483 3.07
-0.061437 3.08
-0.0515011 3.09
-0.0415447 3.1
-0.0315716 3.11
-0.0215859 3.12
-0.0115916 3.13
-0.00159265 3.14
0.00840695 3.15
0.0184032 3.16
0.0283921 3.17
0.0383696 3.18
0.0483318 3.19
0.0582746 3.2
0.0681941 3.21
0.0780864 3.22
0.0879474 3.23
0.0977733 3.24
0.10756 3.25
0.117304 3.26
0.127001 3.27
0.136646 3.28
0.146238 3.29
0.155771 3.3
0.165241 3.31
0.174646 3.32
0.18398 3.33
0.193241 3.34
0.202425 3.35
0.211528 3.36
0.220546 3.37
0.229476 3.38
0.238314 3.39
0.247057 3.4
0.255701 3.41
0.264242 3.42
0.272678 3.43
0.281005 3.44
0.28922 3.45
0.297319 3.46
0.305299 3.47
0.313157 3.48
0.320889 3.49
0.328493 3.5
0.335966 3.51
0.343305 3.52
0.350506 3.53
0.357567 3.54
0.364485 3.55
0.371257 3.56
0.37788 3.57
0.384353 3.58
0.390671 3.59
0.396834 3.6
0.402838 3.61
0.40868 3.62
0.414359 3.63
0.419873 3.64
0.425218 3.65
0.430394 3.66
0.435397 3.67
0.440226 3.68
0.444879 3.69
0.449354 3.7
0.453649 3.71
0.457763 3.72
0.461694 3.73
0.46544 3.74
0.469 3.75
0.472372 3.76
0.475556 3.77
0.478549 3.78
0.481351 3.79
0.48396 3.8
0.486375 3.81
0.488597 3.82
0.490622 3.83
0.492452 3.84
0.494084 3.85
0.495519 3.86
0.496756 3.87
0.497793 3.88
0.498632 3.89
0.499272 3.9
0.499711 3.91
0.499951 3.92
0.499991 3.93
0.499831 3.94
0.499471 3.95
0.498911 3.96
0.498151 3.97
0.497193 3.98
0.496035 3.99
0.494679 4
0.493125 4.01
0.491374 4.02
0.489427 4.03
0.487283 4.04
0.484945 4.05
0.482413 4.06
0.479687 4.07
0.47677 4.08
0.473663 4.09
0.470365 4.1
0.46688 4.11
0.463208 4.12
0.45935 4.13
0.455309 4.14
0.451086 4.15
0.446682 4.16
0.4421 4.17
0.437341 4.18
0.432407 4.19
0.427299 4.2
0.422021 4.21
0.416575 4.22
0.410961 4.23
0.405183 4.24
0.399244 4.25
0.393144 4.26
0.386887 4.27
0.380476 4.28
0.373912 4.29
0.367199 4.3
0.360338 4.31
0.353334 4.32
0.346188 4.33
0.338904 4.34
0.331485 4.35
0.323932 4.36
0.316251 4.37
0.308442 4.38
0.30051 4.39
0.292459 4.4
0.28429 4.41
0.276007 4.42
0.267614 4.43
0.259114 4.44
0.25051 4.45
0.241807 4.46
0.233006 4.47
0.224112 4.48
0.215129 4.49
0.206059 4.5
0.196907 4.51
0.187677 4.52
0.178371 4.53
0.168994 4.54
0.159549 4.55
0.150041 4.56
0.140472 4.57
0.130847 4.58
0.12117 4.59
0.111445 4.6
0.101675 4.61
0.0918641 4.62
0.0820167 4.63
0.0721364 4.64
0.0622272 4.65
0.0522932 4.66
0.0423382 4.67
0.0323663 4.68
0.0223815 4.69
0.0123877 4.7
0.00238897 4.71
-0.00761073 4.72
-0.0176074 4.73
-0.027597 4.74
-0.0375756 4.75
-0.0475391 4.76
-0.0574836 4.77
-0.0674052 4.78
-0.0772997 4.79
-0.0871634 4.8
-0.0969922 4.81
-0.106782 4.82
-0.116529 4.83
-0.12623 4.84
-0.13588 4.85
-0.145476 4.86
-0.155014 4.87
-0.164489 4.88
-0.173899 4.89
-0.18324 4.9
-0.192507 4.91
-0.201697 4.92
-0.210806 4.93
-0.219831 4.94
-0.228768 4.95
-0.237614 4.96
-0.246364 4.97
-0.255016 4.98
-0.263566 4.99
-0.272011 5
-0.280346 5.01
-0.28857 5.02
-0.296678 5.03
-0.304668 5.04
-0.312535 5.05
-0.320278 5.06
-0.327893 5.07
-0.335376 5.08
-0.342725 5.09
-0.349937 5.1
-0.35701 5.11
-0.363939 5.12
-0.370723 5.13
-0.377358 5.14
-0.383843 5.15
-0.390174 5.16
-0.396349 5.17
-0.402365 5.18
-0.408221 5.19
-0.413913 5.2
-0.41944 5.21
-0.424799 5.22
-0.429988 5.23
-0.435005 5.24
-0.439848 5.25
-0.444515 5.26
-0.449004 5.27
-0.453314 5.28
-0.457442 5.29
-0.461388 5.3
-0.465149 5.31
-0.468723 5.32
-0.472111 5.33
-0.475309 5.34
-0.478318 5.35
-0.481135 5.36
-0.483759 5.37
-0.48619 5.38
-0.488427 5.39
-0.490468 5.4
-0.492313 5.41
-0.493961 5.42
-0.495412 5.43
-0.496664 5.44
-0.497718 5.45
-0.498573 5.46
-0.499228 5.47
-0.499684 5.48
-0.499939 5.49
-0.499995 5.5
-0.499851 5.51
-0.499507 5.52
-0.498963 5.53
-0.498219 5.54
-0.497276 5.55
-0.496135 5.56
-0.494794 5.57
-0.493256 5.58
-0.491521 5.59
-0.489589 5.6
-0.487461 5.61
-0.485138 5.62
-0.482621 5.63
-0.479911 5.64
-0.47701 5.65
-0.473917 5.66
-0.470635 5.67
-0.467164 5.68
-0.463507 5.69
-0.459664 5.7
-0.455638 5.71
-0.451429 5.72
-0.447039 5.73
-0.442471 5.74
-0.437726 5.75
-0.432806 5.76
-0.427712 5.77
-0.422448 5.78
-0.417015 5.79
-0.411414 5.8
-0.405649 5.81
-0.399722 5.82
-0.393636 5.83
-0.387391 5.84
-0.380992 5.85
-0.37444 5.86
-0.367739 5.87
-0.36089 5.88
-0.353897 5.89
-0.346763 5.9
-0.339489 5.91
-0.33208 5.92
-0.324539 5.93
-0.316867 5.94
-0.309069 5.95
-0.301147 5.96
-0.293104 5.97
-0.284944 5.98
-0.276671 5.99
-0.268286 6
-0.259795 6.01
-0.251199 6.02
-0.242503 6.03
-0.23371 6.04
-0.224824 6.05
-0.215847 6.06
-0.206785 6.07
-0.197639 6.08
-0.188415 6.09
-0.179115 6.1
-0.169743 6.11
-0.160304 6.12
-0.1508 6.13
-0.141236 6.14
-0.131616 6.15
-0.121943 6.16
-0.112221 6.17
-0.102454 6.18
-0.0926468 6.19
-0.0828021 6.2
-0.0729243 6.21
-0.0630173 6.22
-0.0530851 6.23
-0.0431316 6.24
-0.0331609 6.25
-0.023177 6.26
-0.0131838 6.27
-0.00318529 6.28
0.00681448 6.29
0.0168115 6.3
0.0268018 6.31
0.0367814 6.32
0.0467463 6.33
0.0566925 6.34
0.066616 6.35
0.0765129 6.36
0.0863791 6.37
0.0962109 6.38
0.106004 6.39
0.115755 6.4
0.125459 6.41
0.135114 6.42
0.144714 6.43
0.154257 6.44
0.163737 6.45
0.173152 6.46
0.182498 6.47
0.191771 6.48
0.200968 6.49
0.210084 6.5
0.219115 6.51
0.22806 6.52
0.236913 6.53
0.245671 6.54
0.254331 6.55
0.262889 6.56
0.271342 6.57
0.279687 6.58
0.287919 6.59
0.296037 6.6
0.304036 6.61
0.311913 6.62
0.319666 6.63
0.327291 6.64
0.334785 6.65
0.342145 6.66
0.349368 6.67
0.356452 6.68
0.363392 6.69
0.370188 6.7
0.376835 6.71
0.383332 6.72
0.389676 6.73
0.395863 6.74
0.401892 6.75
0.407761 6.76
0.413466 6.77
0.419006 6.78
0.424378 6.79
0.429581 6.8
0.434612 6.81
0.439469 6.82
0.44415 6.83
0.448653 6.84
0.452977 6.85
0.45712 6.86
0.46108 6.87
0.464856 6.88
0.468446 6.89
0.471848 6.9
0.475061 6.91
0.478085 6.92
0.480917 6.93
0.483557 6.94
0.486004 6.95
0.488256 6.96
0.490313 6.97
0.492173 6.98
0.493837 6.99
0.495304 7
0.496572 7.01
0.497642 7.02
0.498512 7.03
0.499183 7.04
0.499655 7.05
0.499926 7.06
0.499998 7.07
0.49987 7.08
0.499541 7.09
0.499013 7.1
0.498286 7.11
0.497359 7.12
0.496233 7.13
0.494908 7.14
0.493386 7.15
0.491666 7.16
0.48975 7.17
0.487638 7.18
0.48533 7.19
0.482829 7.2
0.480134 7.21
0.477248 7.22
0.47417 7.23
0.470903 7.24
0.467448 7.25
0.463805 7.26
0.459977 7.27
0.455965 7.28
0.451771 7.29
0.447396 7.3
0.442842 7.31
0.43811 7.32
0.433204 7.33
0.428124 7.34
0.422873 7.35
0.417453 7.36
0.411866 7.37
0.406115 7.38
0.4002 7.39
0.394126 7.4
0.387894 7.41
0.381507 7.42
0.374967 7.43
0.368278 7.44
0.361441 7.45
0.354459 7.46
0.347336 7.47
0.340074 7.48
0.332675 7.49
0.325144 7.5
0.317483 7.51
0.309694 7.52
0.301782 7.53
0.293749 7.54
0.285598 7.55
0.277334 7.56
0.268958 7.57
0.260475 7.58
0.251887 7.59
0.243199 7.6
0.234414 7.61
0.225535 7.62
0.216565 7.63
0.207509 7.64
0.19837 7.65
0.189152 7.66
0.179858 7.67
0.170492 7.68
0.161058 7.69
0.151559 7.7
0.142 7.71
0.132384 7.72
0.122715 7.73
0.112997 7.74
0.103234 7.75
0.0934292 7.76
0.0835873 7.77
0.073712 7.78
0.0638072 7.79
0.0538768 7.8
0.0439249 7.81
0.0339555 7.82
0.0239724 7.83
0.0139798 7.84
0.00398159 7.85
-0.00601822 7.86
-0.0160156 7.87
-0.0260066 7.88
-0.0359872 7.89
-0.0459534 7.9
-0.0559012 7.91
-0.0658267 7.92
-0.0757258 7.93
-0.0855947 7.94
-0.0954293 7.95
-0.105226 7.96
-0.11498 7.97
-0.124688 7.98
-0.134347 7.99
-0.143952 8
-0.153499 8.01
-0.162985 8.02
-0.172405 8.03
-0.181757 8.04
-0.191036 8.05
-0.200238 8.06
-0.209361 8.07
-0.218399 8.08
-0.227351 8.09
-0.236211 8.1
-0.244977 8.11
-0.253645 8.12
-0.262211 8.13
-0.270673 8.14
-0.279026 8.15
-0.287268 8.16
-0.295395 8.17
-0.303403 8.18
-0.311291 8.19
-0.319053 8.2
-0.326688 8.21
-0.334193 8.22
-0.341564 8.23
-0.348798 8.24
-0.355893 8.25
-0.362845 8.26
-0.369652 8.27
-0.376312 8.28
-0.38282 8.29
-0.389176 8.3
-0.395376 8.31
-0.401418 8.32
-0.407299 8.33
-0.413018 8.34
-0.418571 8.35
-0.423957 8.36
-0.429173 8.37
-0.434217 8.38
-0.439088 8.39
-0.443784 8.4
-0.448301 8.41
-0.45264 8.42
-0.456797 8.43
-0.460772 8.44
-0.464562 8.45
-0.468167 8.46
-0.471584 8.47
-0.474812 8.48
-0.477851 8.49
-0.480699 8.5
-0.483354 8.51
-0.485816 8.52
-0.488084 8.53
-0.490156 8.54
-0.492033 8.55
-0.493712 8.56
-0.495194 8.57
-0.496478 8.58
-0.497564 8.59
-0.49845 8.6
-0.499137 8.61
-0.499624 8.62
-0.499912 8.63
-0.5 8.64
-0.499887 8.65
-0.499575 8.66
-0.499063 8.67
-0.498351 8.68
-0.49744 8.69
-0.49633 8.7
-0.495021 8.71
-0.493514 8.72
-0.49181 8.73
-0.48991 8.74
-0.487813 8.75
-0.485521 8.76
-0.483035 8.77
-0.480356 8.78
-0.477485 8.79
-0.474422 8.8
-0.47117 8.81
-0.46773 8.82
-0.464102 8.83
-0.460289 8.84
-0.456291 8.85
-0.452111 8.86
-0.447751 8.87
-0.443211 8.88
-0.438494 8.89
-0.433601 8.9
-0.428535 8.91
-0.423298 8.92
-0.417891 8.93
-0.412317 8.94
-0.406579 8.95
-0.400677 8.96
-0.394616 8.97
-0.388396 8.98
-0.382021 8.99
-0.375494 9
-0.368816 9.01
-0.36199 9.02
-0.35502 9.03
-0.347908 9.04
-0.340657 9.05
-0.333269 9.06
-0.325748 9.07
-0.318097 9.08
-0.310319 9.09
-0.302416 9.1
-0.294393 9.11
-0.286252 9.12
-0.277996 9.13
-0.269629 9.14
-0.261154 9.15
-0.252575 9.16
-0.243895 9.17
-0.235117 9.18
-0.226245 9.19
-0.217283 9.2
-0.208234 9.21
-0.199101 9.22
-0.189889 9.23
-0.180601 9.24
-0.17124 9.25
-0.161811 9.26
-0.152318 9.27
-0.142763 9.28
-0.133152 9.29
-0.123487 9.3
-0.113773 9.31
-0.104013 9.32
-0.0942114 9.33
-0.0843723 9.34
-0.0744995 9.35
-0.0645969 9.36
-0.0546684 9.37
-0.0447181 9.38
-0.0347499 9.39
-0.0247678 9.4
-0.0147758 9.41
-0.00477789 9.42
0.00522194 9.43
0.0152197 9.44
0.0252113 9.45
0.0351929 9.46
0.0451604 9.47
0.0551098 9.48
0.0650372 9.49
0.0749386 9.5
0.08481 9.51
0.0946475 9.52
0.104447 9.53
0.114205 9.54
0.123917 9.55
0.13358 9.56
0.143189 9.57
0.152741 9.58
0.162232 9.59
0.171657 9.6
0.181015 9.61
0.1903 9.62
0.199508 9.63
0.208637 9.64
0.217683 9.65
0.226641 9.66
0.235509 9.67
0.244282 9.68
0.252958 9.69
0.261533 9.7
0.270003 9.71
0.278365 9.72
0.286616 9.73
0.294752 9.74
0.30277 9.75
0.310667 9.76
0.31844 9.77
0.326085 9.78
0.3336 9.79
0.340982 9.8
0.348227 9.81
0.355333 9.82
0.362297 9.83
0.369115 9.84
0.375787 9.85
0.382308 9.86
0.388676 9.87
0.394888 9.88
0.400943 9.89
0.406837 9.9
0.412568 9.91
0.418135 9.92
0.423534 9.93
0.428764 9.94
0.433822 9.95
0.438707 9.96
0.443416 9.97
0.447948 9.98
0.452301 9.99
0.456473 10
0.460462 10.01
0.464267 10.02
0.467886 10.03
0.471319 10.04
0.474562 10.05
0.477616 10.06
0.480479 10.07
0.48315 10.08
0.485627 10.09
0.48791 10.1
0.489998 10.11
0.49189 10.12
0.493586 10.13
0.495083 10.14
0.496383 10.15
0.497484 10.16
0.498387 10.17
0.49909 10.18
0.499593 10.19
0.499896 10.2
0.5 10.21
0.499903 10.22
0.499607 10.23
0.499111 10.24
0.498415 10.25
0.49752 10.26
0.496425 10.27
0.495133 10.28
0.493642 10.29
0.491953 10.3
0.490068 10.31
0.487987 10.32
0.485711 10.33
0.48324 10.34
0.480576 10.35
0.47772 10.36
0.474673 10.37
0.471436 10.38
0.46801 10.39
0.464398 10.4
0.460599 10.41
0.456616 10.42
0.452451 10.43
0.448104 10.44
0.443579 10.45
0.438876 10.46
0.433997 10.47
0.428945 10.48
0.423721 10.49
0.418328 10.5
0.412767 10.51
0.407042 10.52
0.401153 10.53
0.395104 10.54
0.388897 10.55
0.382535 10.56
0.376019 10.57
0.369353 10.58
0.362539 10.59
0.355581 10.6
0.34848 10.61
0.341239 10.62
0.333863 10.63
0.326352 10.64
0.318711 10.65
0.310943 10.66
0.30305 10.67
0.295036 10.68
0.286904 10.69
0.278658 10.7
0.270299 10.71
0.261833 10.72
0.253262 10.73
0.24459 10.74
0.23582 10.75
0.226955 10.76
0.218 10.77
0.208957 10.78
0.199831 10.79
0.190625 10.8
0.181343 10.81
0.171988 10.82
0.162565 10.83
0.153076 10.84
0.143526 10.85
0.133919 10.86
0.124258 10.87
0.114548 10.88
0.104792 10.89
0.0949933 10.9
0.0851571 10.91
0.0752869 10.92
0.0653865 10.93
0.0554599 10.94
0.0455112 10.95
0.0355443 10.96
0.0255631 10.97
0.0155718 10.98
0.00557417 10.99
-0.00442565 11
-0.0144237 11.01
-0.024416 11.02
-0.0343985 11.03
-0.0443673 11.04
-0.0543183 11.05
-0.0642476 11.06
-0.0741512 11.07
-0.0840251 11.08
-0.0938654 11.09
-0.103668 11.1
-0.11343 11.11
-0.123145 11.12
-0.132812 11.13
-0.142426 11.14
-0.151982 11.15
-0.161478 11.16
-0.170909 11.17
-0.180272 11.18
-0.189563 11.19
-0.198778 11.2
-0.207913 11.21
-0.216966 11.22
-0.225931 11.23
-0.234806 11.24
-0.243587 11.25
-0.252271 11.26
-0.260854 11.27
-0.269332 11.28
-0.277703 11.29
-0.285963 11.3
-0.294108 11.31
-0.302136 11.32
-0.310043 11.33
-0.317825 11.34
-0.325481 11.35
-0.333007 11.36
-0.340399 11.37
-0.347655 11.38
-0.354772 11.39
-0.361747 11.4
-0.368578 11.41
-0.375261 11.42
-0.381794 11.43
-0.388174 11.44
-0.394399 11.45
-0.400466 11.46
-0.406373 11.47
-0.412118 11.48
-0.417698 11.49
-0.42311 11.5
-0.428354 11.51
-0.433426 11.52
-0.438324 11.53
-0.443048 11.54
-0.447594 11.55
-0.451961 11.56
-0.456147 11.57
-0.460151 11.58
-0.463971 11.59
-0.467605 11.6
-0.471052 11.61
-0.474311 11.62
-0.47738 11.63
-0.480258 11.64
-0.482944 11.65
-0.485437 11.66
-0.487736 11.67
-0.489839 11.68
-0.491747 11.69
-0.493458 11.7
-0.494971 11.71
-0.496287 11.72
-0.497404 11.73
-0.498322 11.74
-0.499041 11.75
-0.49956 11.76
-0.49988 11.77
-0.499999 11.78
-0.499919 11.79
-0.499638 11.8
-0.499158 11.81
-0.498478 11.82
-0.497598 11.83
-0.49652 11.84
-0.495243 11.85
-0.493768 11.86
-0.492095 11.87
-0.490226 11.88
-0.48816 11.89
-0.485899 11.9
-0.483444 11.91
-0.480796 11.92
-0.477955 11.93
-0.474923 11.94
-0.471701 11.95
-0.46829 11.96
-0.464692 11.97
-0.460908 11.98
-0.45694 11.99
-0.452789 12
