0.125 0
0.248236 0.05
0.370449 0.1
0.494491 0.15
0.62695 0.2
0.773545 0.25
0.934639 0.3
1.11271 0.35
1.31272 0.4
1.53875 0.45
1.79078 0.5
2.05959 0.55
2.32655 0.6
2.57223 0.65
2.7876 0.7
2.97246 0.75
3.13041 0.8
3.26515 0.85
3.38018 0.9
3.47877 0.95
3.56374 1
3.63761 1.05
3.7023 1.1
3.75935 1.15
3.80988 1.2
3.85474 1.25
3.89441 1.3
3.92919 1.35
3.95899 1.4
3.98349 1.45
4.00173 1.5
4.01213 1.55
4.01247 1.6
4.00109 1.65
3.97786 1.7
3.94424 1.75
3.90537 1.8
3.87037 1.85
3.84364 1.9
3.82332 1.95
3.80712 2
3.79325 2.05
3.78042 2.1
3.76794 2.15
3.7551 2.2
3.74141 2.25
3.72632 2.3
3.70937 2.35
3.69012 2.4
3.66817 2.45
3.64306 2.5
3.61418 2.55
3.58071 2.6
3.54145 2.65
3.49513 2.7
3.44022 2.75
3.37595 2.8
3.30352 2.85
3.22727 2.9
3.15315 2.95
3.08614 3
3.02951 3.05
2.98192 3.1
2.94186 3.15
2.90623 3.2
2.87399 3.25
2.84426 3.3
2.81685 3.35
2.79138 3.4
2.76725 3.45
2.74363 3.5
2.71988 3.55
2.69524 3.6
2.66928 3.65
2.6414 3.7
2.61107 3.75
2.57737 3.8
2.53915 3.85
2.49494 3.9
2.44348 3.95
2.38399 4
2.31657 4.05
2.24231 4.1
2.16412 4.15
2.08729 4.2
2.01828 4.25
1.96227 4.3
1.92167 4.35
1.8966 4.4
1.88546 4.45
1.88636 4.5
1.89805 4.55
1.92013 4.6
1.953 4.65
1.99746 4.7
2.05425 4.75
2.12372 4.8
2.20566 4.85
2.29994 4.9
2.40593 4.95
2.52299 5
2.64996 5.05
2.78546 5.1
2.92807 5.15
3.07615 5.2
3.22812 5.25
3.38284 5.3
3.53942 5.35
3.69766 5.4
3.85741 5.45
4.01875 5.5
4.18172 5.55
4.34627 5.6
4.51175 5.65
4.67692 5.7
4.83976 5.75
4.9983 5.8
5.15125 5.85
5.29768 5.9
5.43685 5.95
5.568 6
5.69069 6.05
5.8049 6.1
5.91097 6.15
6.0097 6.2
6.10175 6.25
6.18865 6.3
6.27095 6.35
6.35012 6.4
6.31358 6.45
6.31358 6.5
6.28319 6.55
6.28456 6.6
6.28319 6.65
6.28962 6.7
6.28319 6.75
6.29599 6.8
6.28319 6.85
6.30327 6.9
6.28318 6.95
6.30908 7
6.28319 7.05
6.30435 7.1
6.28319 7.15
6.28771 7.2
6.27894 7.25
6.26741 7.3
6.24936 7.35
6.2257 7.4
6.19645 7.45
6.16193 7.5
6.1214 7.55
6.07474 7.6
6.02046 7.65
5.95797 7.7
5.88503 7.75
5.80045 7.8
5.70121 7.85
5.58514 7.9
5.44864 7.95
5.28919 8
5.10482 8.05
4.89602 8.1
4.66666 8.15
4.42276 8.2
4.17215 8.25
3.92065 8.3
3.67318 8.35
3.43155 8.4
3.19779 8.45
2.97256 8.5
2.75761 8.55
2.55457 8.6
2.3653 8.65
2.19163 8.7
2.03406 8.75
1.89312 8.8
1.76743 8.85
1.65612 8.9
1.55746 8.95
1.46977 9
1.39226 9.05
1.3224 9.1
1.25968 9.15
1.20097 9.2
1.14573 9.25
1.09129 9.3
1.03787 9.35
0.983486 9.4
0.928897 9.45
0.872173 9.5
0.814074 9.55
0.752417 9.6
0.687468 9.65
0.61735 9.7
0.542226 9.75
0.462811 9.8
0.382065 9.85
0.304986 9.9
0.236656 9.95
0.17983 10
0.135106 10.05
0.100288 10.1
0.073721 10.15
0.0533176 10.2
0.0377106 10.25
0.0260706 10.3
0.017327 10.35
0.0115102 10.4
0.00772567 10.45
0.00654193 10.5
0.00725462 10.55
0.0106517 10.6
0.0161686 10.65
0.0246707 10.7
0.0357725 10.75
0.050527 10.8
0.0690583 10.85
0.0929399 10.9
0.123415 10.95
0.162625 11
0.212472 11.05
0.272987 11.1
0.34233 11.15
0.414343 11.2
0.485628 11.25
0.552048 11.3
0.61564 11.35
0.675547 11.4
0.735054 11.45
0.793552 11.5
0.85356 11.55
0.914408 11.6
0.977877 11.65
1.04365 11.7
1.11327 11.75
1.18727 11.8
1.26765 11.85
1.35553 11.9
1.45319 11.95
