0 0
0.0249996 0.01
0.0499967 0.02
0.0749888 0.03
0.0999733 0.04
0.124948 0.05
0.14991 0.06
0.174857 0.07
0.199787 0.08
0.224696 0.09
0.249584 0.1
0.274446 0.11
0.299281 0.12
0.324085 0.13
0.348858 0.14
0.373595 0.15
0.398296 0.16
0.422956 0.17
0.447574 0.18
0.472147 0.19
0.496673 0.2
0.52115 0.21
0.545574 0.22
0.569944 0.23
0.594257 0.24
0.61851 0.25
0.642701 0.26
0.666829 0.27
0.690889 0.28
0.714881 0.29
0.738801 0.3
0.762647 0.31
0.786416 0.32
0.810108 0.33
0.833718 0.34
0.857245 0.35
0.880686 0.36
0.904039 0.37
0.927301 0.38
0.950471 0.39
0.973546 0.4
0.996523 0.41
1.0194 0.42
1.04218 0.43
1.06485 0.44
1.08741 0.45
1.10987 0.46
1.13222 0.47
1.15445 0.48
1.17656 0.49
1.19856 0.5
1.22044 0.51
1.2422 0.52
1.26383 0.53
1.28534 0.54
1.30672 0.55
1.32797 0.56
1.34908 0.57
1.37006 0.58
1.3909 0.59
1.41161 0.6
1.43217 0.61
1.45259 0.62
1.47286 0.63
1.49299 0.64
1.51297 0.65
1.53279 0.66
1.55246 0.67
1.57198 0.68
1.59134 0.69
1.61054 0.7
1.62958 0.71
1.64846 0.72
1.66717 0.73
1.68572 0.74
1.7041 0.75
1.7223 0.76
1.74034 0.77
1.7582 0.78
1.77588 0.79
1.79339 0.8
1.81072 0.81
1.82786 0.82
1.84483 0.83
1.86161 0.84
1.8782 0.85
1.89461 0.86
1.91082 0.87
1.92685 0.88
1.94268 0.89
1.95832 0.9
1.97376 0.91
1.989 0.92
2.00405 0.93
2.0189 0.94
2.03354 0.95
2.04798 0.96
2.06221 0.97
2.07624 0.98
2.09006 0.99
2.10368 1
2.11708 1.01
2.13027 1.02
2.14325 1.03
2.15601 1.04
2.16856 1.05
2.18089 1.06
2.193 1.07
2.20489 1.08
2.21657 1.09
2.22802 1.1
2.23925 1.11
2.25025 1.12
2.26103 1.13
2.27158 1.14
2.28191 1.15
2.29201 1.16
2.30188 1.17
2.31152 1.18
2.32092 1.19
2.3301 1.2
2.33904 1.21
2.34775 1.22
2.35622 1.23
2.36446 1.24
2.37246 1.25
2.38023 1.26
2.38775 1.27
2.39504 1.28
2.40209 1.29
2.4089 1.3
2.41546 1.31
2.42179 1.32
2.42787 1.33
2.43371 1.34
2.43931 1.35
2.44466 1.36
2.44977 1.37
2.45463 1.38
2.45925 1.39
2.46362 1.4
2.46775 1.41
2.47163 1.42
2.47526 1.43
2.47865 1.44
2.48178 1.45
2.48467 1.46
2.48731 1.47
2.4897 1.48
2.49184 1.49
2.49374 1.5
2.49538 1.51
2.49678 1.52
2.49792 1.53
2.49881 1.54
2.49946 1.55
2.49985 1.56
2.5 1.57
2.49989 1.58
2.49954 1.59
2.49893 1.6
2.49808 1.61
2.49697 1.62
2.49562 1.63
2.49402 1.64
2.49216 1.65
2.49006 1.66
2.48771 1.67
2.48511 1.68
2.48226 1.69
2.47916 1.7
2.47582 1.71
2.47222 1.72
2.46838 1.73
2.4643 1.74
2.45996 1.75
2.45539 1.76
2.45056 1.77
2.44549 1.78
2.44018 1.79
2.43462 1.8
2.42882 1.81
2.42277 1.82
2.41649 1.83
2.40996 1.84
2.40319 1.85
2.39618 1.86
2.38893 1.87
2.38144 1.88
2.37371 1.89
2.36575 1.9
2.35755 1.91
2.34911 1.92
2.34044 1.93
2.33154 1.94
2.3224 1.95
2.31303 1.96
2.30343 1.97
2.29359 1.98
2.28353 1.99
2.27324 2
2.26273 2.01
2.25198 2.02
2.24101 2.03
2.22982 2.04
2.21841 2.05
2.20677 2.06
2.19491 2.07
2.18283 2.08
2.17054 2.09
2.15802 2.1
2.14529 2.11
2.13235 2.12
2.11919 2.13
2.10583 2.14
2.09225 2.15
2.07846 2.16
2.06446 2.17
2.05026 2.18
2.03585 2.19
2.02124 2.2
2.00643 2.21
1.99141 2.22
1.9762 2.23
1.96079 2.24
1.94518 2.25
1.92938 2.26
1.91339 2.27
1.8972 2.28
1.88083 2.29
1.86426 2.3
1.84751 2.31
1.83058 2.32
1.81346 2.33
1.79616 2.34
1.77868 2.35
1.76103 2.36
1.74319 2.37
1.72519 2.38
1.70701 2.39
1.68866 2.4
1.67014 2.41
1.65145 2.42
1.6326 2.43
1.61359 2.44
1.59441 2.45
1.57508 2.46
1.55558 2.47
1.53594 2.48
1.51613 2.49
1.49618 2.5
1.47608 2.51
1.45583 2.52
1.43543 2.53
1.41489 2.54
1.39421 2.55
1.37339 2.56
1.35243 2.57
1.33134 2.58
1.31011 2.59
1.28875 2.6
1.26727 2.61
1.24565 2.62
1.22392 2.63
1.20206 2.64
1.18008 2.65
1.15798 2.66
1.13576 2.67
1.11344 2.68
1.091 2.69
1.06845 2.7
1.04579 2.71
1.02304 2.72
1.00017 2.73
0.977212 2.74
0.954152 2.75
0.930998 2.76
0.90775 2.77
0.884411 2.78
0.860984 2.79
0.83747 2.8
0.813873 2.81
0.790195 2.82
0.766437 2.83
0.742603 2.84
0.718695 2.85
0.694715 2.86
0.670665 2.87
0.646548 2.88
0.622367 2.89
0.598123 2.9
0.57382 2.91
0.549459 2.92
0.525043 2.93
0.500575 2.94
0.476057 2.95
0.451491 2.96
0.42688 2.97
0.402226 2.98
0.377532 2.99
0.3528 3
0.328033 3.01
0.303233 3.02
0.278403 3.03
0.253545 3.04
0.228662 3.05
0.203755 3.06
0.178829 3.07
0.153884 3.08
0.128924 3.09
0.103952 3.1
0.0789685 3.11
0.0539774 3.12
0.028981 3.13
0.00398163 3.14
-0.0210181 3.15
-0.0460158 3.16
-0.0710088 3.17
-0.0959948 3.18
-0.120971 3.19
-0.145935 3.2
-0.170885 3.21
-0.195818 3.22
-0.220731 3.23
-0.245621 3.24
-0.270488 3.25
-0.295327 3.26
-0.320137 3.27
-0.344915 3.28
-0.369658 3.29
-0.394364 3.3
-0.419031 3.31
-0.443656 3.32
-0.468237 3.33
-0.49277 3.34
-0.517255 3.35
-0.541688 3.36
-0.566066 3.37
-0.590388 3.38
-0.614651 3.39
-0.638853 3.4
-0.66299 3.41
-0.687062 3.42
-0.711064 3.43
-0.734996 3.44
-0.758854 3.45
-0.782636 3.46
-0.80634 3.47
-0.829963 3.48
-0.853503 3.49
-0.876958 3.5
-0.900325 3.51
-0.923602 3.52
-0.946787 3.53
-0.969877 3.54
-0.99287 3.55
-1.01576 3.56
-1.03856 3.57
-1.06124 3.58
-1.08383 3.59
-1.1063 3.6
-1.12866 3.61
-1.15091 3.62
-1.17305 3.63
-1.19507 3.64
-1.21697 3.65
-1.23874 3.66
-1.2604 3.67
-1.28192 3.68
-1.30332 3.69
-1.32459 3.7
-1.34573 3.71
-1.36673 3.72
-1.38759 3.73
-1.40832 3.74
-1.4289 3.75
-1.44935 3.76
-1.46964 3.77
-1.48979 3.78
-1.50979 3.79
-1.52964 3.8
-1.54934 3.81
-1.56888 3.82
-1.58827 3.83
-1.6075 3.84
-1.62656 3.85
-1.64547 3.86
-1.6642 3.87
-1.68278 3.88
-1.70118 3.89
-1.71942 3.9
-1.73748 3.91
-1.75537 3.92
-1.77308 3.93
-1.79061 3.94
-1.80797 3.95
-1.82515 3.96
-1.84214 3.97
-1.85895 3.98
-1.87557 3.99
-1.89201 4
-1.90825 4.01
-1.92431 4.02
-1.94017 4.03
-1.95584 4.04
-1.97131 4.05
-1.98659 4.06
-2.00167 4.07
-2.01654 4.08
-2.03122 4.09
-2.04569 4.1
-2.05996 4.11
-2.07402 4.12
-2.08788 4.13
-2.10152 4.14
-2.11496 4.15
-2.12818 4.16
-2.14119 4.17
-2.15399 4.18
-2.16657 4.19
-2.17894 4.2
-2.19109 4.21
-2.20302 4.22
-2.21472 4.23
-2.22621 4.24
-2.23747 4.25
-2.24851 4.26
-2.25933 4.27
-2.26992 4.28
-2.28028 4.29
-2.29041 4.3
-2.30032 4.31
-2.31 4.32
-2.31944 4.33
-2.32865 4.34
-2.33763 4.35
-2.34638 4.36
-2.35489 4.37
-2.36316 4.38
-2.3712 4.39
-2.37901 4.4
-2.38657 4.41
-2.3939 4.42
-2.40098 4.43
-2.40783 4.44
-2.41443 4.45
-2.4208 4.46
-2.42692 4.47
-2.4328 4.48
-2.43843 4.49
-2.44383 4.5
-2.44897 4.51
-2.45388 4.52
-2.45853 4.53
-2.46294 4.54
-2.46711 4.55
-2.47103 4.56
-2.4747 4.57
-2.47812 4.58
-2.4813 4.59
-2.48423 4.6
-2.48691 4.61
-2.48934 4.62
-2.49152 4.63
-2.49345 4.64
-2.49514 4.65
-2.49657 4.66
-2.49775 4.67
-2.49869 4.68
-2.49937 4.69
-2.49981 4.7
-2.49999 4.71
-2.49993 4.72
-2.49961 4.73
-2.49905 4.74
-2.49823 4.75
-2.49717 4.76
-2.49585 4.77
-2.49429 4.78
-2.49247 4.79
-2.49041 4.8
-2.4881 4.81
-2.48554 4.82
-2.48273 4.83
-2.47967 4.84
-2.47637 4.85
-2.47281 4.86
-2.46901 4.87
-2.46497 4.88
-2.46067 4.89
-2.45613 4.9
-2.45135 4.91
-2.44632 4.92
-2.44104 4.93
-2.43552 4.94
-2.42976 4.95
-2.42375 4.96
-2.4175 4.97
-2.41101 4.98
-2.40428 4.99
-2.39731 5
-2.3901 5.01
-2.38265 5.02
-2.37496 5.03
-2.36703 5.04
-2.35887 5.05
-2.35047 5.06
-2.34184 5.07
-2.33297 5.08
-2.32387 5.09
-2.31454 5.1
-2.30497 5.11
-2.29518 5.12
-2.28515 5.13
-2.2749 5.14
-2.26442 5.15
-2.25371 5.16
-2.24278 5.17
-2.23162 5.18
-2.22024 5.19
-2.20864 5.2
-2.19681 5.21
-2.18477 5.22
-2.17251 5.23
-2.16003 5.24
-2.14734 5.25
-2.13443 5.26
-2.1213 5.27
-2.10797 5.28
-2.09442 5.29
-2.08067 5.3
-2.06671 5.31
-2.05254 5.32
-2.03816 5.33
-2.02358 5.34
-2.0088 5.35
-1.99382 5.36
-1.97864 5.37
-1.96326 5.38
-1.94768 5.39
-1.93191 5.4
-1.91595 5.41
-1.89979 5.42
-1.88345 5.43
-1.86691 5.44
-1.85019 5.45
-1.83329 5.46
-1.8162 5.47
-1.79893 5.48
-1.78148 5.49
-1.76385 5.5
-1.74605 5.51
-1.72807 5.52
-1.70991 5.53
-1.69159 5.54
-1.6731 5.55
-1.65444 5.56
-1.63562 5.57
-1.61663 5.58
-1.59748 5.59
-1.57817 5.6
-1.5587 5.61
-1.53908 5.62
-1.5193 5.63
-1.49937 5.64
-1.47929 5.65
-1.45906 5.66
-1.43869 5.67
-1.41817 5.68
-1.39751 5.69
-1.37671 5.7
-1.35578 5.71
-1.33471 5.72
-1.3135 5.73
-1.29216 5.74
-1.2707 5.75
-1.2491 5.76
-1.22739 5.77
-1.20555 5.78
-1.18358 5.79
-1.16151 5.8
-1.13931 5.81
-1.117 5.82
-1.09458 5.83
-1.07205 5.84
-1.04941 5.85
-1.02667 5.86
-1.00382 5.87
-0.980876 5.88
-0.957832 5.89
-0.934692 5.9
-0.911458 5.91
-0.888134 5.92
-0.864721 5.93
-0.841221 5.94
-0.817637 5.95
-0.793971 5.96
-0.770226 5.97
-0.746404 5.98
-0.722508 5.99
-0.698539 6
-0.6745 6.01
-0.650394 6.02
-0.626222 6.03
-0.601989 6.04
-0.577694 6.05
-0.553343 6.06
-0.528935 6.07
-0.504475 6.08
-0.479965 6.09
-0.455406 6.1
-0.430802 6.11
-0.406155 6.12
-0.381467 6.13
-0.356741 6.14
-0.33198 6.15
-0.307185 6.16
-0.282359 6.17
-0.257506 6.18
-0.232626 6.19
-0.207724 6.2
-0.1828 6.21
-0.157858 6.22
-0.132901 6.23
-0.10793 6.24
-0.082948 6.25
-0.0579581 6.26
-0.0329623 6.27
-0.00796325 6.28
0.0170366 6.29
0.0420348 6.3
0.0670287 6.31
0.0920159 6.32
0.116994 6.33
0.14196 6.34
0.166912 6.35
0.191848 6.36
0.216764 6.37
0.241659 6.38
0.266529 6.39
0.291373 6.4
0.316188 6.41
0.340971 6.42
0.36572 6.43
0.390432 6.44
0.415105 6.45
0.439737 6.46
0.464325 6.47
0.488866 6.48
0.513359 6.49
0.5378 6.5
0.562187 6.51
0.586519 6.52
0.610791 6.53
0.635003 6.54
0.65915 6.55
0.683232 6.56
0.707246 6.57
0.731189 6.58
0.755059 6.59
0.778853 6.6
0.80257 6.61
0.826206 6.62
0.84976 6.63
0.873228 6.64
0.89661 6.65
0.919901 6.66
0.943101 6.67
0.966206 6.68
0.989215 6.69
1.01212 6.7
1.03493 6.71
1.05764 6.72
1.08024 6.73
1.10273 6.74
1.12511 6.75
1.14738 6.76
1.16953 6.77
1.19157 6.78
1.21349 6.79
1.23528 6.8
1.25696 6.81
1.2785 6.82
1.29992 6.83
1.32121 6.84
1.34237 6.85
1.36339 6.86
1.38428 6.87
1.40503 6.88
1.42563 6.89
1.4461 6.9
1.46642 6.91
1.48659 6.92
1.50662 6.93
1.52649 6.94
1.54622 6.95
1.56578 6.96
1.58519 6.97
1.60445 6.98
1.62354 6.99
1.64247 7
1.66123 7.01
1.67983 7.02
1.69826 7.03
1.71652 7.04
1.73461 7.05
1.75253 7.06
1.77027 7.07
1.78783 7.08
1.80522 7.09
1.82242 7.1
1.83944 7.11
1.85628 7.12
1.87294 7.13
1.8894 7.14
1.90568 7.15
1.92176 7.16
1.93766 7.17
1.95336 7.18
1.96886 7.19
1.98417 7.2
1.99928 7.21
2.01419 7.22
2.0289 7.23
2.0434 7.24
2.0577 7.25
2.0718 7.26
2.08568 7.27
2.09936 7.28
2.11283 7.29
2.12609 7.3
2.13914 7.31
2.15197 7.32
2.16458 7.33
2.17698 7.34
2.18917 7.35
2.20113 7.36
2.21287 7.37
2.22439 7.38
2.23569 7.39
2.24677 7.4
2.25762 7.41
2.26825 7.42
2.27865 7.43
2.28882 7.44
2.29876 7.45
2.30847 7.46
2.31795 7.47
2.3272 7.48
2.33622 7.49
2.345 7.5
2.35355 7.51
2.36186 7.52
2.36994 7.53
2.37778 7.54
2.38538 7.55
2.39274 7.56
2.39987 7.57
2.40675 7.58
2.4134 7.59
2.4198 7.6
2.42596 7.61
2.43188 7.62
2.43755 7.63
2.44298 7.64
2.44817 7.65
2.45311 7.66
2.45781 7.67
2.46226 7.68
2.46646 7.69
2.47042 7.7
2.47413 7.71
2.47759 7.72
2.48081 7.73
2.48378 7.74
2.4865 7.75
2.48897 7.76
2.49119 7.77
2.49316 7.78
2.49488 7.79
2.49636 7.8
2.49758 7.81
2.49856 7.82
2.49928 7.83
2.49976 7.84
2.49998 7.85
2.49995 7.86
2.49968 7.87
2.49915 7.88
2.49838 7.89
2.49735 7.9
2.49608 7.91
2.49455 7.92
2.49278 7.93
2.49076 7.94
2.48848 7.95
2.48596 7.96
2.48319 7.97
2.48018 7.98
2.47691 7.99
2.4734 8
2.46963 8.01
2.46563 8.02
2.46137 8.03
2.45687 8.04
2.45212 8.05
2.44713 8.06
2.4419 8.07
2.43642 8.08
2.43069 8.09
2.42472 8.1
2.41851 8.11
2.41206 8.12
2.40537 8.13
2.39844 8.14
2.39126 8.15
2.38385 8.16
2.3762 8.17
2.36831 8.18
2.36019 8.19
2.35183 8.2
2.34323 8.21
2.3344 8.22
2.32534 8.23
2.31604 8.24
2.30651 8.25
2.29675 8.26
2.28676 8.27
2.27655 8.28
2.2661 8.29
2.25543 8.3
2.24453 8.31
2.23341 8.32
2.22207 8.33
2.2105 8.34
2.19871 8.35
2.1867 8.36
2.17448 8.37
2.16203 8.38
2.14937 8.39
2.1365 8.4
2.12341 8.41
2.11011 8.42
2.0966 8.43
2.08287 8.44
2.06894 8.45
2.05481 8.46
2.04046 8.47
2.02592 8.48
2.01117 8.49
1.99622 8.5
1.98107 8.51
1.96572 8.52
1.95018 8.53
1.93444 8.54
1.9185 8.55
1.90238 8.56
1.88606 8.57
1.86956 8.58
1.85287 8.59
1.83599 8.6
1.81893 8.61
1.80169 8.62
1.78427 8.63
1.76667 8.64
1.74889 8.65
1.73094 8.66
1.71282 8.67
1.69452 8.68
1.67606 8.69
1.65742 8.7
1.63862 8.71
1.61966 8.72
1.60054 8.73
1.58125 8.74
1.56181 8.75
1.54221 8.76
1.52246 8.77
1.50255 8.78
1.4825 8.79
1.46229 8.8
1.44194 8.81
1.42145 8.82
1.40081 8.83
1.38004 8.84
1.35912 8.85
1.33807 8.86
1.31689 8.87
1.29557 8.88
1.27413 8.89
1.25255 8.9
1.23085 8.91
1.20903 8.92
1.18709 8.93
1.16503 8.94
1.14285 8.95
1.12056 8.96
1.09816 8.97
1.07564 8.98
1.05302 8.99
1.0303 9
1.00747 9.01
0.984537 9.02
0.961508 9.03
0.938383 9.04
0.915165 9.05
0.891855 9.06
0.868455 9.07
0.844969 9.08
0.821399 9.09
0.797746 9.1
0.774013 9.11
0.750203 9.12
0.726318 9.13
0.702361 9.14
0.678333 9.15
0.654237 9.16
0.630076 9.17
0.605852 9.18
0.581568 9.19
0.557225 9.2
0.532826 9.21
0.508374 9.22
0.483872 9.23
0.459321 9.24
0.434724 9.25
0.410083 9.26
0.385402 9.27
0.360682 9.28
0.335926 9.29
0.311136 9.3
0.286315 9.31
0.261466 9.32
0.23659 9.33
0.211691 9.34
0.186771 9.35
0.161832 9.36
0.136876 9.37
0.111907 9.38
0.0869274 9.39
0.0619386 9.4
0.0369436 9.41
0.0119449 9.42
-0.013055 9.43
-0.0380536 9.44
-0.0630484 9.45
-0.0880369 9.46
-0.113017 9.47
-0.137985 9.48
-0.16294 9.49
-0.187878 9.5
-0.212797 9.51
-0.237696 9.52
-0.26257 9.53
-0.287418 9.54
-0.312238 9.55
-0.337026 9.56
-0.36178 9.57
-0.386499 9.58
-0.411178 9.59
-0.435817 9.6
-0.460412 9.61
-0.484961 9.62
-0.509461 9.63
-0.533911 9.64
-0.558307 9.65
-0.582647 9.66
-0.606929 9.67
-0.631151 9.68
-0.655309 9.69
-0.679402 9.7
-0.703426 9.71
-0.727381 9.72
-0.751262 9.73
-0.775069 9.74
-0.798798 9.75
-0.822447 9.76
-0.846014 9.77
-0.869496 9.78
-0.892892 9.79
-0.916198 9.8
-0.939412 9.81
-0.962533 9.82
-0.985557 9.83
-1.00848 9.84
-1.03131 9.85
-1.05403 9.86
-1.07665 9.87
-1.09915 9.88
-1.12155 9.89
-1.14384 9.9
-1.16601 9.91
-1.18807 9.92
-1.21 9.93
-1.23182 9.94
-1.25351 9.95
-1.27508 9.96
-1.29652 9.97
-1.31783 9.98
-1.33901 9.99
-1.36005 10
-1.38096 10.01
-1.40173 10.02
-1.42236 10.03
-1.44285 10.04
-1.46319 10.05
-1.48339 10.06
-1.50344 10.07
-1.52334 10.08
-1.54308 10.09
-1.56268 10.1
-1.58211 10.11
-1.60139 10.12
-1.62051 10.13
-1.63946 10.14
-1.65825 10.15
-1.67688 10.16
-1.69534 10.17
-1.71363 10.18
-1.73174 10.19
-1.74969 10.2
-1.76746 10.21
-1.78505 10.22
-1.80246 10.23
-1.81969 10.24
-1.83675 10.25
-1.85361 10.26
-1.8703 10.27
-1.88679 10.28
-1.9031 10.29
-1.91921 10.3
-1.93514 10.31
-1.95087 10.32
-1.96641 10.33
-1.98174 10.34
-1.99689 10.35
-2.01183 10.36
-2.02657 10.37
-2.0411 10.38
-2.05544 10.39
-2.06957 10.4
-2.08349 10.41
-2.0972 10.42
-2.1107 10.43
-2.12399 10.44
-2.13707 10.45
-2.14994 10.46
-2.16259 10.47
-2.17502 10.48
-2.18724 10.49
-2.19924 10.5
-2.21102 10.51
-2.22257 10.52
-2.23391 10.53
-2.24502 10.54
-2.25591 10.55
-2.26657 10.56
-2.277 10.57
-2.28721 10.58
-2.29719 10.59
-2.30694 10.6
-2.31646 10.61
-2.32574 10.62
-2.3348 10.63
-2.34362 10.64
-2.3522 10.65
-2.36055 10.66
-2.36867 10.67
-2.37655 10.68
-2.38419 10.69
-2.39159 10.7
-2.39875 10.71
-2.40567 10.72
-2.41235 10.73
-2.4188 10.74
-2.42499 10.75
-2.43095 10.76
-2.43666 10.77
-2.44213 10.78
-2.44736 10.79
-2.45234 10.8
-2.45708 10.81
-2.46157 10.82
-2.46581 10.83
-2.46981 10.84
-2.47356 10.85
-2.47706 10.86
-2.48031 10.87
-2.48332 10.88
-2.48608 10.89
-2.48859 10.9
-2.49085 10.91
-2.49286 10.92
-2.49463 10.93
-2.49614 10.94
-2.4974 10.95
-2.49842 10.96
-2.49918 10.97
-2.4997 10.98
-2.49996 10.99
-2.49998 11
-2.49974 11.01
-2.49925 11.02
-2.49852 11.03
-2.49753 11.04
-2.4963 11.05
-2.49481 11.06
-2.49308 11.07
-2.4911 11.08
-2.48886 11.09
-2.48638 11.1
-2.48365 11.11
-2.48067 11.12
-2.47745 11.13
-2.47397 11.14
-2.47025 11.15
-2.46628 11.16
-2.46207 11.17
-2.4576 11.18
-2.4529 11.19
-2.44794 11.2
-2.44275 11.21
-2.43731 11.22
-2.43162 11.23
-2.42569 11.24
-2.41952 11.25
-2.41311 11.26
-2.40645 11.27
-2.39956 11.28
-2.39242 11.29
-2.38505 11.3
-2.37744 11.31
-2.36958 11.32
-2.3615 11.33
-2.35317 11.34
-2.34461 11.35
-2.33582 11.36
-2.32679 11.37
-2.31753 11.38
-2.30804 11.39
-2.29832 11.4
-2.28837 11.41
-2.27819 11.42
-2.26778 11.43
-2.25714 11.44
-2.24628 11.45
-2.2352 11.46
-2.22389 11.47
-2.21236 11.48
-2.2006 11.49
-2.18863 11.5
-2.17644 11.51
-2.16403 11.52
-2.1514 11.53
-2.13856 11.54
-2.12551 11.55
-2.11224 11.56
-2.09876 11.57
-2.08507 11.58
-2.07118 11.59
-2.05707 11.6
-2.04276 11.61
-2.02825 11.62
-2.01353 11.63
-1.99861 11.64
-1.98349 11.65
-1.96818 11.66
-1.95266 11.67
-1.93696 11.68
-1.92105 11.69
-1.90496 11.7
-1.88867 11.71
-1.8722 11.72
-1.85554 11.73
-1.83869 11.74
-1.82166 11.75
-1.80445 11.76
-1.78706 11.77
-1.76949 11.78
-1.75174 11.79
-1.73381 11.8
-1.71572 11.81
-1.69745 11.82
-1.67901 11.83
-1.6604 11.84
-1.64163 11.85
-1.62269 11.86
-1.60359 11.87
-1.58433 11.88
-1.56492 11.89
-1.54534 11.9
-1.52561 11.91
-1.50573 11.92
-1.4857 11.93
-1.46552 11.94
-1.44519 11.95
-1.42472 11.96
-1.40411 11.97
-1.38335 11.98
-1.36246 11.99
-1.34143 12
