0.005 0
0.011292 0.01
0.0188907 0.02
0.0278084 0.03
0.038058 0.04
0.0496486 0.05
0.0625905 0.06
0.0768884 0.07
0.0925498 0.08
0.109575 0.09
0.127967 0.1
0.14773 0.11
0.168855 0.12
0.191337 0.13
0.215169 0.14
0.240339 0.15
0.266828 0.16
0.294615 0.17
0.323666 0.18
0.353938 0.19
0.385369 0.2
0.417885 0.21
0.451389 0.22
0.485774 0.23
0.520912 0.24
0.556672 0.25
0.592912 0.26
0.629486 0.27
0.666249 0.28
0.70305 0.29
0.739738 0.3
0.776158 0.31
0.812156 0.32
0.847572 0.33
0.882248 0.34
0.91602 0.35
0.948732 0.36
0.980219 0.37
1.01033 0.38
1.03889 0.39
1.06577 0.4
1.09081 0.41
1.11388 0.42
1.13484 0.43
1.15361 0.44
1.17007 0.45
1.18418 0.46
1.19586 0.47
1.20508 0.48
1.2118 0.49
1.21601 0.5
1.2177 0.51
1.21688 0.52
1.21359 0.53
1.2079 0.54
1.19986 0.55
1.18959 0.56
1.17718 0.57
1.16277 0.58
1.14649 0.59
1.12847 0.6
1.10886 0.61
1.08782 0.62
1.06549 0.63
1.04202 0.64
1.01762 0.65
0.99241 0.66
0.966552 0.67
0.9402 0.68
0.9135 0.69
0.886597 0.7
0.859627 0.71
0.832719 0.72
0.805997 0.73
0.779576 0.74
0.753563 0.75
0.728083 0.76
0.703191 0.77
0.678992 0.78
0.655532 0.79
0.632898 0.8
0.611103 0.81
0.590222 0.82
0.570244 0.83
0.551229 0.84
0.533157 0.85
0.516073 0.86
0.499955 0.87
0.484835 0.88
0.470694 0.89
0.457552 0.9
0.445392 0.91
0.434228 0.92
0.424044 0.93
0.414846 0.94
0.406622 0.95
0.399371 0.96
0.393083 0.97
0.387754 0.98
0.383372 0.99
0.379933 1
0.377424 1.01
0.375838 1.02
0.375164 1.03
0.375393 1.04
0.376513 1.05
0.378513 1.06
0.381384 1.07
0.385108 1.08
0.38968 1.09
0.395076 1.1
0.401293 1.11
0.408301 1.12
0.4161 1.13
0.424647 1.14
0.433953 1.15
0.443958 1.16
0.454683 1.17
0.46605 1.18
0.478094 1.19
0.490718 1.2
0.503974 1.21
0.517745 1.22
0.532102 1.23
0.546916 1.24
0.562273 1.25
0.57804 1.26
0.594312 1.27
0.610962 1.28
0.628085 1.29
0.645566 1.3
0.66349 1.31
0.68176 1.32
0.70044 1.33
0.719452 1.34
0.738836 1.35
0.758529 1.36
0.778548 1.37
0.798838 1.38
0.819398 1.39
0.840176 1.4
0.861155 1.41
0.882285 1.42
0.903535 1.43
0.924854 1.44
0.946202 1.45
0.967525 1.46
0.988776 1.47
1.0099 1.48
1.03084 1.49
1.05155 1.5
1.07197 1.51
1.09205 1.52
1.11173 1.53
1.13096 1.54
1.1497 1.55
1.16791 1.56
1.18555 1.57
1.2026 1.58
1.21903 1.59
1.23485 1.6
1.25005 1.61
1.26465 1.62
1.2787 1.63
1.29222 1.64
1.30528 1.65
1.31794 1.66
1.3303 1.67
1.34245 1.68
1.35451 1.69
1.36661 1.7
1.3789 1.71
1.39155 1.72
1.40474 1.73
1.41864 1.74
1.43337 1.75
1.44905 1.76
1.46572 1.77
1.48341 1.78
1.50211 1.79
1.52178 1.8
1.5424 1.81
1.56392 1.82
1.58631 1.83
1.60952 1.84
1.63352 1.85
1.65827 1.86
1.68384 1.87
1.71004 1.88
1.7369 1.89
1.76431 1.9
1.79227 1.91
1.82069 1.92
1.84955 1.93
1.87874 1.94
1.90826 1.95
1.93799 1.96
1.96795 1.97
1.99801 1.98
2.02818 1.99
2.05836 2
2.08853 2.01
2.1186 2.02
2.14854 2.03
2.17826 2.04
2.2077 2.05
2.23678 2.06
2.26543 2.07
2.29356 2.08
2.32111 2.09
2.34799 2.1
2.37414 2.11
2.39949 2.12
2.42398 2.13
2.44756 2.14
2.47019 2.15
2.49181 2.16
2.51242 2.17
2.53197 2.18
2.55044 2.19
2.5678 2.2
2.58407 2.21
2.59922 2.22
2.61325 2.23
2.62614 2.24
2.63788 2.25
2.64845 2.26
2.65783 2.27
2.66602 2.28
2.67301 2.29
2.67878 2.3
2.68332 2.31
2.68663 2.32
2.68871 2.33
2.68953 2.34
2.68912 2.35
2.68748 2.36
2.6846 2.37
2.6805 2.38
2.67518 2.39
2.66864 2.4
2.66091 2.41
2.65198 2.42
2.64187 2.43
2.63061 2.44
2.61821 2.45
2.60468 2.46
2.59004 2.47
2.57432 2.48
2.55755 2.49
2.53976 2.5
2.52098 2.51
2.50125 2.52
2.48061 2.53
2.4591 2.54
2.43679 2.55
2.41371 2.56
2.38994 2.57
2.36552 2.58
2.34053 2.59
2.31504 2.6
2.28911 2.61
2.2628 2.62
2.23621 2.63
2.20938 2.64
2.18241 2.65
2.15534 2.66
2.12827 2.67
2.10124 2.68
2.07434 2.69
2.04763 2.7
2.02117 2.71
1.99503 2.72
1.96928 2.73
1.94399 2.74
1.91921 2.75
1.89502 2.76
1.87147 2.77
1.84863 2.78
1.82656 2.79
1.80532 2.8
1.78493 2.81
1.76544 2.82
1.74687 2.83
1.72925 2.84
1.71258 2.85
1.69688 2.86
1.68212 2.87
1.66831 2.88
1.65539 2.89
1.64335 2.9
1.63213 2.91
1.62168 2.92
1.61192 2.93
1.6028 2.94
1.59421 2.95
1.58608 2.96
1.57831 2.97
1.57073 2.98
1.56327 2.99
1.55586 3
1.54839 3.01
1.54077 3.02
1.53291 3.03
1.52473 3.04
1.51615 3.05
1.5071 3.06
1.49752 3.07
1.48733 3.08
1.47651 3.09
1.46496 3.1
1.45271 3.11
1.43964 3.12
1.42585 3.13
1.41125 3.14
1.39587 3.15
1.37983 3.16
1.36306 3.17
1.34572 3.18
1.32777 3.19
1.30937 3.2
1.29049 3.21
1.27127 3.22
1.2517 3.23
1.23189 3.24
1.21184 3.25
1.19165 3.26
1.17133 3.27
1.15096 3.28
1.13055 3.29
1.11019 3.3
1.08988 3.31
1.0697 3.32
1.04964 3.33
1.02979 3.34
1.01015 3.35
0.990794 3.36
0.971717 3.37
0.952986 3.38
0.934606 3.39
0.916633 3.4
0.899074 3.41
0.881979 3.42
0.865358 3.43
0.849253 3.44
0.83368 3.45
0.818667 3.46
0.804243 3.47
0.790427 3.48
0.777249 3.49
0.764729 3.5
0.752891 3.51
0.741756 3.52
0.731346 3.53
0.721679 3.54
0.712774 3.55
0.704645 3.56
0.697309 3.57
0.690776 3.58
0.685059 3.59
0.680164 3.6
0.676101 3.61
0.672875 3.62
0.670489 3.63
0.668946 3.64
0.668247 3.65
0.668393 3.66
0.669382 3.67
0.671211 3.68
0.673877 3.69
0.677374 3.7
0.681697 3.71
0.686836 3.72
0.692784 3.73
0.699531 3.74
0.707066 3.75
0.715376 3.76
0.724447 3.77
0.734264 3.78
0.744811 3.79
0.756068 3.8
0.768017 3.81
0.780636 3.82
0.793902 3.83
0.807791 3.84
0.822277 3.85
0.837331 3.86
0.852926 3.87
0.869029 3.88
0.885609 3.89
0.902629 3.9
0.920057 3.91
0.937852 3.92
0.955979 3.93
0.974395 3.94
0.993062 3.95
1.01194 3.96
1.03098 3.97
1.05015 3.98
1.06942 3.99
1.08873 4
1.10807 4.01
1.12739 4.02
1.14667 4.03
1.1659 4.04
1.18505 4.05
1.20411 4.06
1.22307 4.07
1.24192 4.08
1.26065 4.09
1.27928 4.1
1.29778 4.11
1.31617 4.12
1.33443 4.13
1.35259 4.14
1.37063 4.15
1.38855 4.16
1.40637 4.17
1.42408 4.18
1.44169 4.19
1.4592 4.2
1.47661 4.21
1.49392 4.22
1.51114 4.23
1.52826 4.24
1.54528 4.25
1.5622 4.26
1.57901 4.27
1.5957 4.28
1.61228 4.29
1.62874 4.3
1.64508 4.31
1.6613 4.32
1.6774 4.33
1.69339 4.34
1.70927 4.35
1.72504 4.36
1.74069 4.37
1.75622 4.38
1.77161 4.39
1.78686 4.4
1.80194 4.41
1.81684 4.42
1.83153 4.43
1.84599 4.44
1.86019 4.45
1.87411 4.46
1.88772 4.47
1.90101 4.48
1.91396 4.49
1.92656 4.5
1.93879 4.51
1.95064 4.52
1.96211 4.53
1.97319 4.54
1.98386 4.55
1.99412 4.56
2.00396 4.57
2.01338 4.58
2.02237 4.59
2.03093 4.6
2.03906 4.61
2.04676 4.62
2.05403 4.63
2.06087 4.64
2.06728 4.65
2.07326 4.66
2.07883 4.67
2.08398 4.68
2.08872 4.69
2.09307 4.7
2.09701 4.71
2.10057 4.72
2.10373 4.73
2.10652 4.74
2.10892 4.75
2.11093 4.76
2.11257 4.77
2.11382 4.78
2.11468 4.79
2.11515 4.8
2.11522 4.81
2.1149 4.82
2.11418 4.83
2.11306 4.84
2.11155 4.85
2.10964 4.86
2.10734 4.87
2.10465 4.88
2.10158 4.89
2.09814 4.9
2.09433 4.91
2.09016 4.92
2.08564 4.93
2.08078 4.94
2.07559 4.95
2.07009 4.96
2.06428 4.97
2.05817 4.98
2.05179 4.99
2.04515 5
2.03826 5.01
2.03114 5.02
2.0238 5.03
2.01626 5.04
2.00854 5.05
2.00064 5.06
1.99258 5.07
1.98437 5.08
1.97603 5.09
1.96756 5.1
1.95897 5.11
1.95027 5.12
1.94149 5.13
1.93262 5.14
1.9237 5.15
1.91473 5.16
1.90573 5.17
1.89673 5.18
1.88775 5.19
1.87881 5.2
1.86995 5.21
1.86118 5.22
1.85253 5.23
1.84403 5.24
1.8357 5.25
1.82759 5.26
1.8197 5.27
1.81207 5.28
1.80473 5.29
1.7977 5.3
1.79101 5.31
1.78468 5.32
1.77873 5.33
1.77319 5.34
1.76807 5.35
1.76341 5.36
1.7592 5.37
1.75549 5.38
1.75227 5.39
1.74958 5.4
1.74742 5.41
1.74581 5.42
1.74476 5.43
1.74429 5.44
1.74439 5.45
1.74509 5.46
1.74636 5.47
1.74823 5.48
1.75067 5.49
1.7537 5.5
1.75729 5.51
1.76145 5.52
1.76616 5.53
1.77141 5.54
1.77719 5.55
1.7835 5.56
1.79031 5.57
1.79761 5.58
1.80538 5.59
1.81361 5.6
1.82228 5.61
1.83137 5.62
1.84085 5.63
1.85071 5.64
1.86092 5.65
1.87146 5.66
1.88229 5.67
1.8934 5.68
1.90476 5.69
1.91633 5.7
1.92808 5.71
1.94 5.72
1.95205 5.73
1.9642 5.74
1.97641 5.75
1.98866 5.76
2.00092 5.77
2.01315 5.78
2.02533 5.79
2.03741 5.8
2.04936 5.81
2.06116 5.82
2.07276 5.83
2.08415 5.84
2.09529 5.85
2.10614 5.86
2.11669 5.87
2.12692 5.88
2.13678 5.89
2.14628 5.9
2.15538 5.91
2.16407 5.92
2.17234 5.93
2.18017 5.94
2.18754 5.95
2.19444 5.96
2.20087 5.97
2.20682 5.98
2.21229 5.99
2.21726 6
2.22175 6.01
2.22573 6.02
2.22921 6.03
2.23219 6.04
2.23467 6.05
2.23665 6.06
2.23813 6.07
2.23912 6.08
2.23962 6.09
2.23963 6.1
2.23918 6.11
2.23825 6.12
2.23687 6.13
2.23504 6.14
2.23278 6.15
2.23009 6.16
2.22701 6.17
2.22352 6.18
2.21967 6.19
2.21544 6.2
2.21088 6.21
2.20599 6.22
2.2008 6.23
2.19532 6.24
2.18959 6.25
2.18361 6.26
2.17743 6.27
2.17105 6.28
2.1645 6.29
2.15784 6.3
2.15103 6.31
2.14415 6.32
2.13721 6.33
2.1302 6.34
2.12317 6.35
2.11613 6.36
2.10905 6.37
2.10197 6.38
2.09492 6.39
2.08789 6.4
2.0809 6.41
2.07396 6.42
2.06707 6.43
2.06023 6.44
2.05346 6.45
2.04677 6.46
2.04014 6.47
2.0336 6.48
2.02714 6.49
2.02077 6.5
2.01448 6.51
2.00829 6.52
2.00219 6.53
1.99618 6.54
1.99024 6.55
1.9844 6.56
1.97861 6.57
1.9729 6.58
1.96722 6.59
1.96158 6.6
1.95595 6.61
1.95033 6.62
1.94468 6.63
1.93901 6.64
1.93578 6.65
1.93209 6.66
1.92789 6.67
1.92357 6.68
1.91821 6.69
1.91401 6.7
1.90813 6.71
1.90077 6.72
1.89267 6.73
1.88387 6.74
1.87432 6.75
1.86406 6.76
1.85306 6.77
1.84136 6.78
1.82896 6.79
1.81588 6.8
1.80214 6.81
1.78791 6.82
1.77324 6.83
1.75777 6.84
1.74173 6.85
1.72511 6.86
1.7079 6.87
1.69013 6.88
1.67183 6.89
1.65302 6.9
1.63375 6.91
1.61404 6.92
1.59395 6.93
1.57353 6.94
1.55281 6.95
1.53185 6.96
1.5107 6.97
1.48942 6.98
1.46805 6.99
1.44666 7
1.42528 7.01
1.40397 7.02
1.38279 7.03
1.36178 7.04
1.34099 7.05
1.32046 7.06
1.30025 7.07
1.28039 7.08
1.26092 7.09
1.24188 7.1
1.22331 7.11
1.20526 7.12
1.18774 7.13
1.1708 7.14
1.15446 7.15
1.13876 7.16
1.12373 7.17
1.10938 7.18
1.09574 7.19
1.08283 7.2
1.07068 7.21
1.05929 7.22
1.04868 7.23
1.03888 7.24
1.02988 7.25
1.02169 7.26
1.01432 7.27
1.00777 7.28
1.00204 7.29
0.99712 7.3
0.993005 7.31
0.989683 7.32
0.98714 7.33
0.98536 7.34
0.984323 7.35
0.984008 7.36
0.984393 7.37
0.985453 7.38
0.987161 7.39
0.989493 7.4
0.992418 7.41
0.995909 7.42
0.999938 7.43
1.00447 7.44
1.00949 7.45
1.01495 7.46
1.02083 7.47
1.0271 7.48
1.03373 7.49
1.04069 7.5
1.04795 7.51
1.05548 7.52
1.06325 7.53
1.07123 7.54
1.07939 7.55
1.08772 7.56
1.09617 7.57
1.10472 7.58
1.11335 7.59
1.12203 7.6
1.13072 7.61
1.1394 7.62
1.14805 7.63
1.15664 7.64
1.16514 7.65
1.17351 7.66
1.18175 7.67
1.18981 7.68
1.19768 7.69
1.20532 7.7
1.21273 7.71
1.21986 7.72
1.2267 7.73
1.23322 7.74
1.23942 7.75
1.24527 7.76
1.25072 7.77
1.25577 7.78
1.26041 7.79
1.26464 7.8
1.26843 7.81
1.27179 7.82
1.27472 7.83
1.2772 7.84
1.27925 7.85
1.28087 7.86
1.28208 7.87
1.28289 7.88
1.28332 7.89
1.2834 7.9
1.28315 7.91
1.2826 7.92
1.28178 7.93
1.28072 7.94
1.27945 7.95
1.278 7.96
1.27639 7.97
1.27466 7.98
1.27281 7.99
1.27087 8
1.26886 8.01
1.26677 8.02
1.26463 8.03
1.26244 8.04
1.26019 8.05
1.25789 8.06
1.25553 8.07
1.25311 8.08
1.25061 8.09
1.24803 8.1
1.24536 8.11
1.24258 8.12
1.23969 8.13
1.23667 8.14
1.23354 8.15
1.23027 8.16
1.22688 8.17
1.22336 8.18
1.21972 8.19
1.21598 8.2
1.21214 8.21
1.20821 8.22
1.20422 8.23
1.20019 8.24
1.19613 8.25
1.19208 8.26
1.18805 8.27
1.18408 8.28
1.1802 8.29
1.17645 8.3
1.17285 8.31
1.16945 8.32
1.16629 8.33
1.16341 8.34
1.16085 8.35
1.15866 8.36
1.15686 8.37
1.1555 8.38
1.1546 8.39
1.15418 8.4
1.15424 8.41
1.15479 8.42
1.15582 8.43
1.1573 8.44
1.1592 8.45
1.16153 8.46
1.16419 8.47
1.16719 8.48
1.17044 8.49
1.17392 8.5
1.17756 8.51
1.18132 8.52
1.18517 8.53
1.18905 8.54
1.19293 8.55
1.19678 8.56
1.20057 8.57
1.20426 8.58
1.20783 8.59
1.21124 8.6
1.21447 8.61
1.2175 8.62
1.2203 8.63
1.22286 8.64
1.22517 8.65
1.22722 8.66
1.22901 8.67
1.23052 8.68
1.23174 8.69
1.23269 8.7
1.23335 8.71
1.23373 8.72
1.23379 8.73
1.23358 8.74
1.23303 8.75
1.23219 8.76
1.23098 8.77
1.22947 8.78
1.22757 8.79
1.22534 8.8
1.22269 8.81
1.21971 8.82
1.21627 8.83
1.21252 8.84
1.20832 8.85
1.20382 8.86
1.19892 8.87
1.19377 8.88
1.18829 8.89
1.18262 8.9
1.17672 8.91
1.17069 8.92
1.16454 8.93
1.15833 8.94
1.15209 8.95
1.14587 8.96
1.1397 8.97
1.13362 8.98
1.12768 8.99
1.12191 9
1.11634 9.01
1.111 9.02
1.10593 9.03
1.10116 9.04
1.09672 9.05
1.09262 9.06
1.08889 9.07
1.08554 9.08
1.0826 9.09
1.08008 9.1
1.07798 9.11
1.07632 9.12
1.0751 9.13
1.07433 9.14
1.07402 9.15
1.07418 9.16
1.07482 9.17
1.07593 9.18
1.07755 9.19
1.07966 9.2
1.08229 9.21
1.08547 9.22
1.08915 9.23
1.09334 9.24
1.098 9.25
1.10313 9.26
1.10866 9.27
1.11458 9.28
1.12081 9.29
1.12733 9.3
1.13407 9.31
1.14099 9.32
1.14805 9.33
1.1552 9.34
1.1624 9.35
1.16961 9.36
1.17678 9.37
1.18389 9.38
1.19089 9.39
1.19776 9.4
1.20445 9.41
1.21094 9.42
1.2172 9.43
1.2232 9.44
1.22891 9.45
1.23432 9.46
1.2394 9.47
1.24413 9.48
1.24849 9.49
1.25247 9.5
1.25605 9.51
1.25921 9.52
1.26194 9.53
1.26422 9.54
1.26604 9.55
1.26737 9.56
1.2682 9.57
1.26851 9.58
1.26827 9.59
1.26748 9.6
1.26611 9.61
1.26417 9.62
1.26162 9.63
1.25846 9.64
1.25469 9.65
1.25039 9.66
1.2455 9.67
1.24014 9.68
1.23428 9.69
1.22805 9.7
1.22143 9.71
1.21455 9.72
1.20741 9.73
1.20009 9.74
1.19264 9.75
1.18507 9.76
1.17743 9.77
1.16973 9.78
1.16198 9.79
1.15421 9.8
1.14643 9.81
1.13865 9.82
1.1309 9.83
1.12319 9.84
1.11554 9.85
1.108 9.86
1.10057 9.87
1.09331 9.88
1.08624 9.89
1.07938 9.9
1.07275 9.91
1.0664 9.92
1.06035 9.93
1.05464 9.94
1.04927 9.95
1.04428 9.96
1.03968 9.97
1.03549 9.98
1.03172 9.99
1.02838 10
1.02548 10.01
1.02303 10.02
1.02104 10.03
1.01951 10.04
1.01845 10.05
1.01785 10.06
1.01772 10.07
1.01805 10.08
1.01885 10.09
1.02011 10.1
1.02182 10.11
1.02399 10.12
1.0266 10.13
1.02965 10.14
1.03312 10.15
1.03701 10.16
1.0413 10.17
1.04597 10.18
1.05102 10.19
1.05642 10.2
1.06215 10.21
1.06821 10.22
1.07456 10.23
1.08118 10.24
1.08806 10.25
1.09518 10.26
1.1025 10.27
1.11001 10.28
1.11768 10.29
1.12549 10.3
1.13341 10.31
1.14142 10.32
1.1495 10.33
1.15763 10.34
1.16577 10.35
1.17393 10.36
1.18207 10.37
1.19018 10.38
1.19825 10.39
1.20626 10.4
1.21419 10.41
1.22205 10.42
1.22982 10.43
1.23748 10.44
1.24504 10.45
1.25249 10.46
1.25981 10.47
1.26701 10.48
1.27408 10.49
1.28101 10.5
1.28781 10.51
1.29446 10.52
1.30098 10.53
1.30735 10.54
1.31358 10.55
1.31967 10.56
1.32561 10.57
1.3314 10.58
1.33705 10.59
1.34256 10.6
1.34793 10.61
1.35316 10.62
1.35826 10.63
1.36323 10.64
1.36808 10.65
1.37281 10.66
1.37745 10.67
1.38198 10.68
1.38644 10.69
1.39083 10.7
1.39515 10.71
1.39942 10.72
1.40366 10.73
1.40787 10.74
1.41206 10.75
1.41624 10.76
1.42042 10.77
1.42461 10.78
1.42882 10.79
1.43305 10.8
1.4373 10.81
1.44159 10.82
1.44592 10.83
1.45031 10.84
1.45473 10.85
1.4592 10.86
1.46373 10.87
1.46832 10.88
1.47297 10.89
1.47769 10.9
1.48249 10.91
1.48736 10.92
1.49231 10.93
1.49733 10.94
1.50244 10.95
1.50763 10.96
1.51291 10.97
1.51827 10.98
1.52371 10.99
1.52924 11
1.53484 11.01
1.54053 11.02
1.54629 11.03
1.55211 11.04
1.558 11.05
1.56395 11.06
1.56995 11.07
1.57598 11.08
1.58205 11.09
1.58813 11.1
1.59422 11.11
1.60031 11.12
1.60639 11.13
1.61245 11.14
1.61847 11.15
1.62445 11.16
1.63037 11.17
1.63624 11.18
1.64202 11.19
1.64774 11.2
1.65336 11.21
1.65889 11.22
1.66431 11.23
1.66963 11.24
1.67482 11.25
1.6799 11.26
1.68484 11.27
1.68965 11.28
1.69314 11.29
1.69572 11.3
1.69814 11.31
1.70228 11.32
1.70087 11.33
1.70281 11.34
1.70451 11.35
1.70593 11.36
1.7071 11.37
1.70799 11.38
1.70859 11.39
1.70893 11.4
1.709 11.41
1.70881 11.42
1.70835 11.43
1.70764 11.44
1.70669 11.45
1.70551 11.46
1.7041 11.47
1.70248 11.48
1.70066 11.49
1.69866 11.5
1.69649 11.51
1.69416 11.52
1.69169 11.53
1.68909 11.54
1.68639 11.55
1.68359 11.56
1.68071 11.57
1.67777 11.58
1.67477 11.59
1.67174 11.6
1.66869 11.61
1.66563 11.62
1.66258 11.63
1.65954 11.64
1.65653 11.65
1.65357 11.66
1.65066 11.67
1.64781 11.68
1.64503 11.69
1.64234 11.7
1.63975 11.71
1.63725 11.72
1.63486 11.73
1.6326 11.74
1.63045 11.75
1.62844 11.76
1.62655 11.77
1.6248 11.78
1.62319 11.79
1.62172 11.8
1.62039 11.81
1.6192 11.82
1.61815 11.83
1.61725 11.84
1.61649 11.85
1.61586 11.86
1.61537 11.87
1.61502 11.88
1.61479 11.89
1.61469 11.9
1.61471 11.91
1.61486 11.92
1.61511 11.93
1.61548 11.94
1.61594 11.95
1.61651 11.96
1.61717 11.97
1.61792 11.98
1.61874 11.99
1.61964 12
