0 0
0.124948 0.05
0.249584 0.1
0.373595 0.15
0.496673 0.2
0.61851 0.25
0.738801 0.3
0.857245 0.35
0.973546 0.4
1.08741 0.45
1.19856 0.5
1.30672 0.55
1.41161 0.6
1.51297 0.65
1.61054 0.7
1.7041 0.75
1.79339 0.8
1.8782 0.85
1.95832 0.9
2.03354 0.95
2.10368 1
2.16856 1.05
2.22802 1.1
2.28191 1.15
2.3301 1.2
2.37246 1.25
2.4089 1.3
2.43931 1.35
2.46362 1.4
2.48178 1.45
2.49374 1.5
2.49946 1.55
2.49893 1.6
2.49216 1.65
2.47916 1.7
2.45996 1.75
2.43462 1.8
2.40319 1.85
2.36575 1.9
2.3224 1.95
2.27324 2
2.21841 2.05
2.15802 2.1
2.09225 2.15
2.02124 2.2
1.94518 2.25
1.86426 2.3
1.77868 2.35
1.68866 2.4
1.59441 2.45
1.49618 2.5
1.39421 2.55
1.28875 2.6
1.18008 2.65
1.06845 2.7
0.954152 2.75
0.83747 2.8
0.718695 2.85
0.598123 2.9
0.476057 2.95
0.3528 3
0.228662 3.05
0.103952 3.1
-0.0210181 3.15
-0.145935 3.2
-0.270488 3.25
-0.394364 3.3
-0.517255 3.35
-0.638853 3.4
-0.758854 3.45
-0.876958 3.5
-0.99287 3.55
-1.1063 3.6
-1.21697 3.65
-1.32459 3.7
-1.4289 3.75
-1.52964 3.8
-1.62656 3.85
-1.71942 3.9
-1.80797 3.95
-1.89201 4
-1.97131 4.05
-2.04569 4.1
-2.11496 4.15
-2.17894 4.2
-2.23747 4.25
-2.29041 4.3
-2.33763 4.35
-2.37901 4.4
-2.41443 4.45
-2.44383 4.5
-2.46711 4.55
-2.48423 4.6
-2.49514 4.65
-2.49981 4.7
-2.49823 4.75
-2.49041 4.8
-2.47637 4.85
-2.45613 4.9
-2.42976 4.95
-2.39731 5
-2.35887 5.05
-2.31454 5.1
-2.26442 5.15
-2.20864 5.2
-2.14734 5.25
-2.08067 5.3
-2.0088 5.35
-1.93191 5.4
-1.85019 5.45
-1.76385 5.5
-1.6731 5.55
-1.57817 5.6
-1.47929 5.65
-1.37671 5.7
-1.2707 5.75
-1.16151 5.8
-1.04941 5.85
-0.934692 5.9
-0.817637 5.95
-0.698539 6
-0.577694 6.05
-0.455406 6.1
-0.33198 6.15
-0.207724 6.2
-0.082948 6.25
0.0420348 6.3
0.166912 6.35
0.291373 6.4
0.415105 6.45
0.5378 6.5
0.65915 6.55
0.778853 6.6
0.89661 6.65
1.01212 6.7
1.12511 6.75
1.23528 6.8
1.34237 6.85
1.4461 6.9
1.54622 6.95
1.64247 7
1.73461 7.05
1.82242 7.1
1.90568 7.15
1.98417 7.2
2.0577 7.25
2.12609 7.3
2.18917 7.35
2.24677 7.4
2.29876 7.45
2.345 7.5
2.38538 7.55
2.4198 7.6
2.44817 7.65
2.47042 7.7
2.4865 7.75
2.49636 7.8
2.49998 7.85
2.49735 7.9
2.48848 7.95
2.4734 8
2.45212 8.05
2.42472 8.1
2.39126 8.15
2.35183 8.2
2.30651 8.25
2.25543 8.3
2.19871 8.35
2.1365 8.4
2.06894 8.45
1.99622 8.5
1.9185 8.55
1.83599 8.6
1.74889 8.65
1.65742 8.7
1.56181 8.75
1.46229 8.8
1.35912 8.85
1.25255 8.9
1.14285 8.95
1.0303 9
0.915165 9.05
0.797746 9.1
0.678333 9.15
0.557225 9.2
0.434724 9.25
0.311136 9.3
0.186771 9.35
0.0619386 9.4
-0.0630484 9.45
-0.187878 9.5
-0.312238 9.55
-0.435817 9.6
-0.558307 9.65
-0.679402 9.7
-0.798798 9.75
-0.916198 9.8
-1.03131 9.85
-1.14384 9.9
-1.25351 9.95
-1.36005 10
-1.46319 10.05
-1.56268 10.1
-1.65825 10.15
-1.74969 10.2
-1.83675 10.25
-1.91921 10.3
-1.99689 10.35
-2.06957 10.4
-2.13707 10.45
-2.19924 10.5
-2.25591 10.55
-2.30694 10.6
-2.3522 10.65
-2.39159 10.7
-2.42499 10.75
-2.45234 10.8
-2.47356 10.85
-2.48859 10.9
-2.4974 10.95
-2.49998 11
-2.4963 11.05
-2.48638 11.1
-2.47025 11.15
-2.44794 11.2
-2.41952 11.25
-2.38505 11.3
-2.34461 11.35
-2.29832 11.4
-2.24628 11.45
-2.18863 11.5
-2.12551 11.55
-2.05707 11.6
-1.98349 11.65
-1.90496 11.7
-1.82166 11.75
-1.73381 11.8
-1.64163 11.85
-1.54534 11.9
-1.44519 11.95
