0.025 0
0.0849764 0.05
0.180241 0.1
0.30887 0.15
0.46545 0.2
0.638003 0.25
0.810114 0.3
0.964612 0.35
1.08975 0.4
1.17711 0.45
1.22072 0.5
1.21908 0.55
1.18108 0.6
1.12133 0.65
1.04933 0.7
0.976341 0.75
0.911068 0.8
0.859077 0.85
0.823597 0.9
0.806078 0.95
0.806297 1
0.822521 1.05
0.852035 1.1
0.891965 1.15
0.939856 1.2
0.993436 1.25
1.05062 1.3
1.10897 1.35
1.16599 1.4
1.21929 1.45
1.26756 1.5
1.31114 1.55
1.35258 1.6
1.39658 1.65
1.44859 1.7
1.51266 1.75
1.58964 1.8
1.67692 1.85
1.77008 1.9
1.86428 1.95
1.95436 2
2.03544 2.05
2.10337 2.1
2.15492 2.15
2.18816 2.2
2.20229 2.25
2.19751 2.3
2.17486 2.35
2.13613 2.4
2.08395 2.45
2.02171 2.5
1.95331 2.55
1.88281 2.6
1.81378 2.65
1.74889 2.7
1.68985 2.75
1.63737 2.8
1.59115 2.85
1.5497 2.9
1.5105 2.95
1.47086 3
1.42895 3.05
1.38436 3.1
1.3377 3.15
1.29015 3.2
1.243 3.25
1.19769 3.3
1.15577 3.35
1.11913 3.4
1.08982 3.45
1.06985 3.5
1.0608 3.55
1.0638 3.6
1.07929 3.65
1.10711 3.7
1.14632 3.75
1.19529 3.8
1.2517 3.85
1.31273 3.9
1.37521 3.95
1.43606 4
1.49261 4.05
1.54298 4.1
1.58608 4.15
1.6217 4.2
1.6504 4.25
1.67341 4.3
1.69228 4.35
1.7084 4.4
1.72274 4.45
1.73582 4.5
1.7477 4.55
1.75816 4.6
1.76663 4.65
1.77226 4.7
1.77406 4.75
1.77108 4.8
1.76266 4.85
1.74856 4.9
1.72909 4.95
1.70508 5
1.67788 5.05
1.64907 5.1
1.62023 5.15
1.59288 5.2
1.56835 5.25
1.54782 5.3
1.53212 5.35
1.52178 5.4
1.51702 5.45
1.51782 5.5
1.52397 5.55
1.53513 5.6
1.5509 5.65
1.57071 5.7
1.59379 5.75
1.61921 5.8
1.64594 5.85
1.67288 5.9
1.69892 5.95
1.72297 6
1.74401 6.05
1.76127 6.1
1.77439 6.15
1.78349 6.2
1.78907 6.25
1.79192 6.3
1.79303 6.35
1.79341 6.4
1.79669 6.45
1.80346 6.5
1.81727 6.55
1.82081 6.6
1.82222 6.65
1.81996 6.7
1.81304 6.75
1.79991 6.8
1.77912 6.85
1.74942 6.9
1.70996 6.95
1.66099 7
1.60336 7.05
1.53939 7.1
1.47152 7.15
1.40318 7.2
1.33782 7.25
1.27889 7.3
1.22957 7.35
1.19131 7.4
1.16536 7.45
1.15148 7.5
1.14917 7.55
1.15703 7.6
1.17305 7.65
1.1956 7.7
1.22206 7.75
1.25137 7.8
1.28098 7.85
1.31053 7.9
1.33807 7.95
1.36402 8
1.38762 8.05
1.40979 8.1
1.43074 8.15
1.45117 8.2
1.47185 8.25
1.49305 8.3
1.51587 8.35
1.54029 8.4
1.56713 8.45
1.59612 8.5
1.62736 8.55
1.66019 8.6
1.69405 8.65
1.72797 8.7
1.761 8.75
1.79217 8.8
1.82068 8.85
1.84582 8.9
1.86741 8.95
1.88502 9
1.89901 9.05
1.90895 9.1
1.91546 9.15
1.91796 9.2
1.91715 9.25
1.91211 9.3
1.90329 9.35
1.88972 9.4
1.87177 9.45
1.84881 9.5
1.82135 9.55
1.78907 9.6
1.75258 9.65
1.71188 9.7
1.66752 9.75
1.61987 9.8
1.5692 9.85
1.51598 9.9
1.46032 9.95
1.40337 10
1.34611 10.05
1.29065 10.1
1.23857 10.15
1.19198 10.2
1.15217 10.25
1.12067 10.3
1.09802 10.35
1.08504 10.4
1.08139 10.45
1.08725 10.5
1.10143 10.55
1.12364 10.6
1.152 10.65
1.18601 10.7
1.22341 10.75
1.26383 10.8
1.30514 10.85
1.34751 10.9
1.38974 10.95
1.43291 11
1.47716 11.05
1.52372 11.1
1.57345 11.15
1.62647 11.2
1.68316 11.25
1.74194 11.3
1.80175 11.35
1.85983 11.4
1.91422 11.45
1.96235 11.5
2.00241 11.55
2.03294 11.6
2.05305 11.65
2.06251 11.7
2.06161 11.75
2.0511 11.8
2.03249 11.85
2.00716 11.9
1.97761 11.95
