0 0
0.00499992 0.005
0.00999933 0.01
0.0149978 0.015
0.0199947 0.02
0.0249896 0.025
0.029982 0.03
0.0349714 0.035
0.0399573 0.04
0.0449393 0.045
0.0499167 0.05
0.0548892 0.055
0.0598561 0.06
0.0648171 0.065
0.0697716 0.07
0.0747191 0.075
0.0796591 0.08
0.0845912 0.085
0.0895148 0.09
0.0944294 0.095
0.0993347 0.1
0.10423 0.105
0.109115 0.11
0.113989 0.115
0.118851 0.12
0.123702 0.125
0.12854 0.13
0.133366 0.135
0.138178 0.14
0.142976 0.145
0.14776 0.15
0.152529 0.155
0.157283 0.16
0.162022 0.165
0.166744 0.17
0.171449 0.175
0.176137 0.18
0.180808 0.185
0.18546 0.19
0.190094 0.195
0.194709 0.2
0.199305 0.205
0.20388 0.21
0.208435 0.215
0.21297 0.22
0.217483 0.225
0.221974 0.23
0.226443 0.235
0.23089 0.24
0.235313 0.245
0.239713 0.25
0.244089 0.255
0.24844 0.26
0.252767 0.265
0.257068 0.27
0.261344 0.275
0.265593 0.28
0.269816 0.285
0.274012 0.29
0.278181 0.295
0.282321 0.3
0.286434 0.305
0.290518 0.31
0.294572 0.315
0.298598 0.32
0.302593 0.325
0.306558 0.33
0.310493 0.335
0.314397 0.34
0.318269 0.345
0.322109 0.35
0.325917 0.355
0.329692 0.36
0.333435 0.365
0.337144 0.37
0.340819 0.375
0.344461 0.38
0.348068 0.385
0.35164 0.39
0.355177 0.395
0.358678 0.4
0.362144 0.405
0.365573 0.41
0.368966 0.415
0.372322 0.42
0.37564 0.425
0.378921 0.43
0.382164 0.435
0.385369 0.44
0.388536 0.445
0.391663 0.45
0.394752 0.455
0.397801 0.46
0.40081 0.465
0.403779 0.47
0.406708 0.475
0.409596 0.48
0.412443 0.485
0.415249 0.49
0.418013 0.495
0.420735 0.5
0.423416 0.505
0.426054 0.51
0.428649 0.515
0.431202 0.52
0.433712 0.525
0.436178 0.53
0.4386 0.535
0.440979 0.54
0.443313 0.545
0.445604 0.55
0.447849 0.555
0.45005 0.56
0.452206 0.565
0.454317 0.57
0.456382 0.575
0.458402 0.58
0.460375 0.585
0.462303 0.59
0.464184 0.595
0.46602 0.6
0.467808 0.605
0.46955 0.61
0.471244 0.615
0.472892 0.62
0.474492 0.625
0.476045 0.63
0.47755 0.635
0.479008 0.64
0.480418 0.645
0.481779 0.65
0.483092 0.655
0.484358 0.66
0.485574 0.665
0.486742 0.67
0.487862 0.675
0.488932 0.68
0.489954 0.685
0.490927 0.69
0.49185 0.695
0.492725 0.7
0.49355 0.705
0.494326 0.71
0.495052 0.715
0.495729 0.72
0.496356 0.725
0.496934 0.73
0.497462 0.735
0.49794 0.74
0.498369 0.745
0.498747 0.75
0.499076 0.755
0.499355 0.76
0.499584 0.765
0.499763 0.77
0.499892 0.775
0.499971 0.78
0.5 0.785
0.499979 0.79
0.499908 0.795
0.499787 0.8
0.499616 0.805
0.499395 0.81
0.499124 0.815
0.498803 0.82
0.498433 0.825
0.498012 0.83
0.497542 0.835
0.497022 0.84
0.496452 0.845
0.495832 0.85
0.495163 0.855
0.494445 0.86
0.493677 0.865
0.49286 0.87
0.491993 0.875
0.491077 0.88
0.490112 0.885
0.489098 0.89
0.488035 0.895
0.486924 0.9
0.485763 0.905
0.484555 0.91
0.483297 0.915
0.481991 0.92
0.480638 0.925
0.479236 0.93
0.477786 0.935
0.476288 0.94
0.474743 0.945
0.47315 0.95
0.47151 0.955
0.469823 0.96
0.468089 0.965
0.466308 0.97
0.46448 0.975
0.462606 0.98
0.460685 0.985
0.458719 0.99
0.456707 0.995
0.454649 1
0.452545 1.005
0.450397 1.01
0.448203 1.015
0.445964 1.02
0.443681 1.025
0.441354 1.03
0.438982 1.035
0.436566 1.04
0.434107 1.045
0.431605 1.05
0.429059 1.055
0.42647 1.06
0.423839 1.065
0.421165 1.07
0.418449 1.075
0.415692 1.08
0.412892 1.085
0.410052 1.09
0.40717 1.095
0.404248 1.1
0.401286 1.105
0.398283 1.11
0.39524 1.115
0.392158 1.12
0.389037 1.125
0.385876 1.13
0.382677 1.135
0.37944 1.14
0.376165 1.145
0.372853 1.15
0.369503 1.155
0.366116 1.16
0.362692 1.165
0.359232 1.17
0.355737 1.175
0.352205 1.18
0.348639 1.185
0.345037 1.19
0.341402 1.195
0.337732 1.2
0.334028 1.205
0.330291 1.21
0.32652 1.215
0.322717 1.22
0.318882 1.225
0.315015 1.23
0.311117 1.235
0.307187 1.24
0.303227 1.245
0.299236 1.25
0.295215 1.255
0.291165 1.26
0.287086 1.265
0.282978 1.27
0.278842 1.275
0.274678 1.28
0.270486 1.285
0.266267 1.29
0.262022 1.295
0.257751 1.3
0.253453 1.305
0.249131 1.31
0.244783 1.315
0.240411 1.32
0.236015 1.325
0.231596 1.33
0.227153 1.335
0.222687 1.34
0.2182 1.345
0.21369 1.35
0.209159 1.355
0.204607 1.36
0.200035 1.365
0.195442 1.37
0.19083 1.375
0.1862 1.38
0.18155 1.385
0.176882 1.39
0.172197 1.395
0.167494 1.4
0.162775 1.405
0.158039 1.41
0.153287 1.415
0.148521 1.42
0.143739 1.425
0.138943 1.43
0.134133 1.435
0.12931 1.44
0.124473 1.445
0.119625 1.45
0.114764 1.455
0.109892 1.46
0.105009 1.465
0.100115 1.47
0.0952113 1.475
0.0902981 1.48
0.0853759 1.485
0.0804452 1.49
0.0755064 1.495
0.07056 1.5
0.0656066 1.505
0.0606466 1.51
0.0556806 1.515
0.050709 1.52
0.0457323 1.525
0.0407511 1.53
0.0357658 1.535
0.0307769 1.54
0.0257849 1.545
0.0207903 1.55
0.0157937 1.555
0.0107955 1.56
0.0057962 1.565
0.000796326 1.57
-0.00420362 1.575
-0.00920315 1.58
-0.0142018 1.585
-0.019199 1.59
-0.0241942 1.595
-0.0291871 1.6
-0.034177 1.605
-0.0391635 1.61
-0.0441461 1.615
-0.0491243 1.62
-0.0540976 1.625
-0.0590654 1.63
-0.0640274 1.635
-0.0689829 1.64
-0.0739316 1.645
-0.0788728 1.65
-0.0838062 1.655
-0.0887312 1.66
-0.0936473 1.665
-0.0985541 1.67
-0.103451 1.675
-0.108338 1.68
-0.113213 1.685
-0.118078 1.69
-0.12293 1.695
-0.127771 1.7
-0.132598 1.705
-0.137412 1.71
-0.142213 1.715
-0.146999 1.72
-0.151771 1.725
-0.156527 1.73
-0.161268 1.735
-0.165993 1.74
-0.170701 1.745
-0.175392 1.75
-0.180065 1.755
-0.18472 1.76
-0.189357 1.765
-0.193975 1.77
-0.198574 1.775
-0.203153 1.78
-0.207711 1.785
-0.212249 1.79
-0.216765 1.795
-0.22126 1.8
-0.225733 1.805
-0.230183 1.81
-0.23461 1.815
-0.239014 1.82
-0.243393 1.825
-0.247749 1.83
-0.252079 1.835
-0.256385 1.84
-0.260664 1.845
-0.264918 1.85
-0.269145 1.855
-0.273346 1.86
-0.277518 1.865
-0.281664 1.87
-0.285781 1.875
-0.289869 1.88
-0.293929 1.885
-0.297959 1.89
-0.301959 1.895
-0.305929 1.9
-0.309868 1.905
-0.313777 1.91
-0.317654 1.915
-0.321499 1.92
-0.325313 1.925
-0.329093 1.93
-0.332841 1.935
-0.336555 1.94
-0.340236 1.945
-0.343883 1.95
-0.347495 1.955
-0.351073 1.96
-0.354616 1.965
-0.358123 1.97
-0.361594 1.975
-0.365029 1.98
-0.368428 1.985
-0.37179 1.99
-0.375114 1.995
-0.378401 2
-0.38165 2.005
-0.384862 2.01
-0.388034 2.015
-0.391168 2.02
-0.394263 2.025
-0.397318 2.03
-0.400333 2.035
-0.403309 2.04
-0.406244 2.045
-0.409139 2.05
-0.411992 2.055
-0.414805 2.06
-0.417576 2.065
-0.420305 2.07
-0.422992 2.075
-0.425637 2.08
-0.428239 2.085
-0.430798 2.09
-0.433315 2.095
-0.435788 2.1
-0.438217 2.105
-0.440603 2.11
-0.442945 2.115
-0.445242 2.12
-0.447495 2.125
-0.449703 2.13
-0.451866 2.135
-0.453984 2.14
-0.456056 2.145
-0.458083 2.15
-0.460064 2.155
-0.461999 2.16
-0.463888 2.165
-0.46573 2.17
-0.467526 2.175
-0.469275 2.18
-0.470978 2.185
-0.472633 2.19
-0.474241 2.195
-0.475801 2.2
-0.477314 2.205
-0.478779 2.21
-0.480196 2.215
-0.481565 2.22
-0.482887 2.225
-0.484159 2.23
-0.485384 2.235
-0.486559 2.24
-0.487687 2.245
-0.488765 2.25
-0.489795 2.255
-0.490775 2.26
-0.491707 2.265
-0.492589 2.27
-0.493422 2.275
-0.494206 2.28
-0.49494 2.285
-0.495625 2.29
-0.49626 2.295
-0.496846 2.3
-0.497381 2.305
-0.497868 2.31
-0.498304 2.315
-0.498691 2.32
-0.499027 2.325
-0.499314 2.33
-0.499551 2.335
-0.499738 2.34
-0.499875 2.345
-0.499962 2.35
-0.499999 2.355
-0.499986 2.36
-0.499922 2.365
-0.499809 2.37
-0.499646 2.375
-0.499433 2.38
-0.49917 2.385
-0.498858 2.39
-0.498495 2.395
-0.498082 2.4
-0.49762 2.405
-0.497108 2.41
-0.496546 2.415
-0.495934 2.42
-0.495273 2.425
-0.494563 2.43
-0.493803 2.435
-0.492993 2.44
-0.492134 2.445
-0.491226 2.45
-0.490269 2.455
-0.489263 2.46
-0.488208 2.465
-0.487104 2.47
-0.485952 2.475
-0.48475 2.48
-0.483501 2.485
-0.482203 2.49
-0.480856 2.495
-0.479462 2.5
-0.47802 2.505
-0.47653 2.51
-0.474992 2.515
-0.473407 2.52
-0.471774 2.525
-0.470095 2.53
-0.468368 2.535
-0.466594 2.54
-0.464774 2.545
-0.462907 2.55
-0.460994 2.555
-0.459035 2.56
-0.45703 2.565
-0.45498 2.57
-0.452883 2.575
-0.450742 2.58
-0.448555 2.585
-0.446324 2.59
-0.444048 2.595
-0.441727 2.6
-0.439363 2.605
-0.436954 2.61
-0.434502 2.615
-0.432006 2.62
-0.429467 2.625
-0.426885 2.63
-0.424261 2.635
-0.421594 2.64
-0.418885 2.645
-0.416134 2.65
-0.413341 2.655
-0.410507 2.66
-0.407632 2.665
-0.404716 2.67
-0.40176 2.675
-0.398764 2.68
-0.395727 2.685
-0.392651 2.69
-0.389536 2.695
-0.386382 2.7
-0.38319 2.705
-0.379958 2.71
-0.376689 2.715
-0.373383 2.72
-0.370039 2.725
-0.366658 2.73
-0.36324 2.735
-0.359786 2.74
-0.356296 2.745
-0.35277 2.75
-0.349209 2.755
-0.345613 2.76
-0.341983 2.765
-0.338318 2.77
-0.33462 2.775
-0.330888 2.78
-0.327123 2.785
-0.323325 2.79
-0.319495 2.795
-0.315633 2.8
-0.31174 2.805
-0.307815 2.81
-0.30386 2.815
-0.299874 2.82
-0.295858 2.825
-0.291812 2.83
-0.287738 2.835
-0.283634 2.84
-0.279502 2.845
-0.275343 2.85
-0.271156 2.855
-0.266941 2.86
-0.2627 2.865
-0.258433 2.87
-0.25414 2.875
-0.249821 2.88
-0.245477 2.885
-0.241109 2.89
-0.236717 2.895
-0.232301 2.9
-0.227862 2.905
-0.2234 2.91
-0.218916 2.915
-0.21441 2.92
-0.209882 2.925
-0.205333 2.93
-0.200764 2.935
-0.196175 2.94
-0.191566 2.945
-0.186938 2.95
-0.182292 2.955
-0.177627 2.96
-0.172944 2.965
-0.168244 2.97
-0.163527 2.975
-0.158794 2.98
-0.154045 2.985
-0.149281 2.99
-0.144502 2.995
-0.139708 3
-0.1349 3.005
-0.130079 3.01
-0.125244 3.015
-0.120398 3.02
-0.115539 3.025
-0.110669 3.03
-0.105787 3.035
-0.100895 3.04
-0.095993 3.045
-0.0910813 3.05
-0.0861604 3.055
-0.081231 3.06
-0.0762935 3.065
-0.0713483 3.07
-0.066396 3.075
-0.061437 3.08
-0.0564719 3.085
-0.0515011 3.09
-0.0465253 3.095
-0.0415447 3.1
-0.03656 3.105
-0.0315716 3.11
-0.0265801 3.115
-0.0215859 3.12
-0.0165896 3.125
-0.0115916 3.13
-0.00659246 3.135
-0.00159265 3.14
0.00340732 3.145
0.00840695 3.15
0.0134057 3.155
0.0184032 3.16
0.0233988 3.165
0.0283921 3.17
0.0333825 3.175
0.0383696 3.18
0.0433528 3.185
0.0483318 3.19
0.0533058 3.195
0.0582746 3.2
0.0632375 3.205
0.0681941 3.21
0.0731439 3.215
0.0780864 3.22
0.0830211 3.225
0.0879474 3.23
0.092865 3.235
0.0977733 3.24
0.102672 3.245
0.10756 3.25
0.112437 3.255
0.117304 3.26
0.122158 3.265
0.127001 3.27
0.13183 3.275
0.136646 3.28
0.141449 3.285
0.146238 3.29
0.151012 3.295
0.155771 3.3
0.160514 3.305
0.165241 3.31
0.169952 3.315
0.174646 3.32
0.179322 3.325
0.18398 3.33
0.18862 3.335
0.193241 3.34
0.197843 3.345
0.202425 3.35
0.206987 3.355
0.211528 3.36
0.216048 3.365
0.220546 3.37
0.225022 3.375
0.229476 3.38
0.233907 3.385
0.238314 3.39
0.242697 3.395
0.247057 3.4
0.251391 3.405
0.255701 3.41
0.259985 3.415
0.264242 3.42
0.268474 3.425
0.272678 3.43
0.276856 3.435
0.281005 3.44
0.285127 3.445
0.28922 3.45
0.293284 3.455
0.297319 3.46
0.301324 3.465
0.305299 3.47
0.309243 3.475
0.313157 3.48
0.317039 3.485
0.320889 3.49
0.324707 3.495
0.328493 3.5
0.332246 3.505
0.335966 3.51
0.339652 3.515
0.343305 3.52
0.346922 3.525
0.350506 3.53
0.354054 3.535
0.357567 3.54
0.361044 3.545
0.364485 3.55
0.367889 3.555
0.371257 3.56
0.374587 3.565
0.37788 3.57
0.381136 3.575
0.384353 3.58
0.387531 3.585
0.390671 3.59
0.393772 3.595
0.396834 3.6
0.399856 3.605
0.402838 3.61
0.405779 3.615
0.40868 3.62
0.41154 3.625
0.414359 3.63
0.417137 3.635
0.419873 3.64
0.422567 3.645
0.425218 3.65
0.427827 3.655
0.430394 3.66
0.432917 3.665
0.435397 3.67
0.437833 3.675
0.440226 3.68
0.442575 3.685
0.444879 3.69
0.447139 3.695
0.449354 3.7
0.451524 3.705
0.453649 3.71
0.455729 3.715
0.457763 3.72
0.459752 3.725
0.461694 3.73
0.46359 3.735
0.46544 3.74
0.467243 3.745
0.469 3.75
0.47071 3.755
0.472372 3.76
0.473988 3.765
0.475556 3.77
0.477076 3.775
0.478549 3.78
0.479974 3.785
0.481351 3.79
0.482679 3.795
0.48396 3.8
0.485192 3.805
0.486375 3.81
0.48751 3.815
0.488597 3.82
0.489634 3.825
0.490622 3.83
0.491562 3.835
0.492452 3.84
0.493293 3.845
0.494084 3.85
0.494826 3.855
0.495519 3.86
0.496162 3.865
0.496756 3.87
0.497299 3.875
0.497793 3.88
0.498238 3.885
0.498632 3.89
0.498977 3.895
0.499272 3.9
0.499516 3.905
0.499711 3.91
0.499856 3.915
0.499951 3.92
0.499996 3.925
0.499991 3.93
0.499936 3.935
0.499831 3.94
0.499676 3.945
0.499471 3.95
0.499216 3.955
0.498911 3.96
0.498556 3.965
0.498151 3.97
0.497697 3.975
0.497193 3.98
0.496639 3.985
0.496035 3.99
0.495382 3.995
0.494679 4
0.493927 4.005
0.493125 4.01
0.492274 4.015
0.491374 4.02
0.490425 4.025
0.489427 4.03
0.488379 4.035
0.487283 4.04
0.486138 4.045
0.484945 4.05
0.483703 4.055
0.482413 4.06
0.481074 4.065
0.479687 4.07
0.478253 4.075
0.47677 4.08
0.47524 4.085
0.473663 4.09
0.472038 4.095
0.470365 4.1
0.468646 4.105
0.46688 4.11
0.465067 4.115
0.463208 4.12
0.461302 4.125
0.45935 4.13
0.457353 4.135
0.455309 4.14
0.45322 4.145
0.451086 4.15
0.448907 4.155
0.446682 4.16
0.444413 4.165
0.4421 4.17
0.439742 4.175
0.437341 4.18
0.434895 4.185
0.432407 4.19
0.429874 4.195
0.427299 4.2
0.424682 4.205
0.422021 4.21
0.419319 4.215
0.416575 4.22
0.413789 4.225
0.410961 4.23
0.408093 4.235
0.405183 4.24
0.402234 4.245
0.399244 4.25
0.396214 4.255
0.393144 4.26
0.390035 4.265
0.386887 4.27
0.383701 4.275
0.380476 4.28
0.377213 4.285
0.373912 4.29
0.370574 4.295
0.367199 4.3
0.363787 4.305
0.360338 4.31
0.356854 4.315
0.353334 4.32
0.349779 4.325
0.346188 4.33
0.342563 4.335
0.338904 4.34
0.335211 4.345
0.331485 4.35
0.327725 4.355
0.323932 4.36
0.320107 4.365
0.316251 4.37
0.312362 4.375
0.308442 4.38
0.304492 4.385
0.30051 4.39
0.296499 4.395
0.292459 4.4
0.288389 4.405
0.28429 4.41
0.280162 4.415
0.276007 4.42
0.271824 4.425
0.267614 4.43
0 0
0.00499992 0.005
0.00999933 0.01
0.0149978 0.015
0.0199947 0.02
0.0249896 0.025
0.029982 0.03
0.0349714 0.035
0.0399573 0.04
0.0449393 0.045
0.0499167 0.05
0.0548892 0.055
0.0598561 0.06
0.0648171 0.065
0.0697716 0.07
0.0747191 0.075
0.0796591 0.08
0.0845912 0.085
0.0895148 0.09
0.0944294 0.095
0.0993347 0.1
0.10423 0.105
0.109115 0.11
0.113989 0.115
0.118851 0.12
0.123702 0.125
0.12854 0.13
0.133366 0.135
0.138178 0.14
0.142976 0.145
0.14776 0.15
0.152529 0.155
0.157283 0.16
0.162022 0.165
0.166744 0.17
0.171449 0.175
0.176137 0.18
0.180808 0.185
0.18546 0.19
0.190094 0.195
0.194709 0.2
0.199305 0.205
0.20388 0.21
0.208435 0.215
0.21297 0.22
0.217483 0.225
0.221974 0.23
0.226443 0.235
0.23089 0.24
0.235313 0.245
0.239713 0.25
0.244089 0.255
0.24844 0.26
0.252767 0.265
0.257068 0.27
0.261344 0.275
0.265593 0.28
0.269816 0.285
0.274012 0.29
0.278181 0.295
0.282321 0.3
0.286434 0.305
0.290518 0.31
0.294572 0.315
0.298598 0.32
0.302593 0.325
0.306558 0.33
0.310493 0.335
0.314397 0.34
0.318269 0.345
0.322109 0.35
0.325917 0.355
0.329692 0.36
0.333435 0.365
0.337144 0.37
0.340819 0.375
0.344461 0.38
0.348068 0.385
0.35164 0.39
0.355177 0.395
0.358678 0.4
0.362144 0.405
0.365573 0.41
0.368966 0.415
0.372322 0.42
0.37564 0.425
0.378921 0.43
0.382164 0.435
0.385369 0.44
0.388536 0.445
0.391663 0.45
0.394752 0.455
0.397801 0.46
0.40081 0.465
0.403779 0.47
0.406708 0.475
0.409596 0.48
0.412443 0.485
0.415249 0.49
0.418013 0.495
0.420735 0.5
0.423416 0.505
0.426054 0.51
0.428649 0.515
0.431202 0.52
0.433712 0.525
0.436178 0.53
0.4386 0.535
0.440979 0.54
0.443313 0.545
0.445604 0.55
0.447849 0.555
0.45005 0.56
0.452206 0.565
0.454317 0.57
0.456382 0.575
0.458402 0.58
0.460375 0.585
0.462303 0.59
0.464184 0.595
0.46602 0.6
0.467808 0.605
0.46955 0.61
0.471244 0.615
0.472892 0.62
0.474492 0.625
0.476045 0.63
0.47755 0.635
0.479008 0.64
0.480418 0.645
0.481779 0.65
0.483092 0.655
0.484358 0.66
0.485574 0.665
0.486742 0.67
0.487862 0.675
0.488932 0.68
0.489954 0.685
0.490927 0.69
0.49185 0.695
0.492725 0.7
0.49355 0.705
0.494326 0.71
0.495052 0.715
0.495729 0.72
0.496356 0.725
0.496934 0.73
0.497462 0.735
0.49794 0.74
0.498369 0.745
0.498747 0.75
0.499076 0.755
0.499355 0.76
0.499584 0.765
0.499763 0.77
0.499892 0.775
0.499971 0.78
0.5 0.785
0.499979 0.79
0.499908 0.795
0.499787 0.8
0.499616 0.805
0.499395 0.81
0.499124 0.815
0.498803 0.82
0.498433 0.825
0.498012 0.83
0.497542 0.835
0.497022 0.84
0.496452 0.845
0.495832 0.85
0.495163 0.855
0.494445 0.86
0.493677 0.865
0.49286 0.87
0.491993 0.875
0.491077 0.88
0.490112 0.885
0.489098 0.89
0.488035 0.895
0.486924 0.9
0.485763 0.905
0.484555 0.91
0.483297 0.915
0.481991 0.92
0.480638 0.925
0.479236 0.93
0.477786 0.935
0.476288 0.94
0.474743 0.945
0.47315 0.95
0.47151 0.955
0.469823 0.96
0.468089 0.965
0.466308 0.97
0.46448 0.975
0.462606 0.98
0.460685 0.985
0.458719 0.99
0.456707 0.995
0.454649 1
0.452545 1.005
0.450397 1.01
0.448203 1.015
0.445964 1.02
0.443681 1.025
0.441354 1.03
0.438982 1.035
0.436566 1.04
0.434107 1.045
0.431605 1.05
0.429059 1.055
0.42647 1.06
0.423839 1.065
0.421165 1.07
0.418449 1.075
0.415692 1.08
0.412892 1.085
0.410052 1.09
0.40717 1.095
0.404248 1.1
0.401286 1.105
0.398283 1.11
0.39524 1.115
0.392158 1.12
0.389037 1.125
0.385876 1.13
0.382677 1.135
0.37944 1.14
0.376165 1.145
0.372853 1.15
0.369503 1.155
0.366116 1.16
0.362692 1.165
0.359232 1.17
0.355737 1.175
0.352205 1.18
0.348639 1.185
0.345037 1.19
0.341402 1.195
0.337732 1.2
0.334028 1.205
0.330291 1.21
0.32652 1.215
0.322717 1.22
0.318882 1.225
0.315015 1.23
0.311117 1.235
0.307187 1.24
0.303227 1.245
0.299236 1.25
0.295215 1.255
0.291165 1.26
0.287086 1.265
0.282978 1.27
0.278842 1.275
0.274678 1.28
0.270486 1.285
0.266267 1.29
0.262022 1.295
0.257751 1.3
0.253453 1.305
0.249131 1.31
0.244783 1.315
0.240411 1.32
0.236015 1.325
0.231596 1.33
0.227153 1.335
0.222687 1.34
0.2182 1.345
0.21369 1.35
0.209159 1.355
0.204607 1.36
0.200035 1.365
0.195442 1.37
0.19083 1.375
0.1862 1.38
0.18155 1.385
0.176882 1.39
0.172197 1.395
0.167494 1.4
0.162775 1.405
0.158039 1.41
0.153287 1.415
0.148521 1.42
0.143739 1.425
0.138943 1.43
0.134133 1.435
0.12931 1.44
0.124473 1.445
0.119625 1.45
0.114764 1.455
0.109892 1.46
0.105009 1.465
0.100115 1.47
0.0952113 1.475
0.0902981 1.48
0.0853759 1.485
0.0804452 1.49
0.0755064 1.495
0.07056 1.5
0.0656066 1.505
0.0606466 1.51
0.0556806 1.515
0.050709 1.52
0.0457323 1.525
0.0407511 1.53
0.0357658 1.535
0.0307769 1.54
0.0257849 1.545
0.0207903 1.55
0.0157937 1.555
0.0107955 1.56
0.0057962 1.565
0.000796326 1.57
-0.00420362 1.575
-0.00920315 1.58
-0.0142018 1.585
-0.019199 1.59
-0.0241942 1.595
-0.0291871 1.6
-0.034177 1.605
-0.0391635 1.61
-0.0441461 1.615
-0.0491243 1.62
-0.0540976 1.625
-0.0590654 1.63
-0.0640274 1.635
-0.0689829 1.64
-0.0739316 1.645
-0.0788728 1.65
-0.0838062 1.655
-0.0887312 1.66
-0.0936473 1.665
-0.0985541 1.67
-0.103451 1.675
-0.108338 1.68
-0.113213 1.685
-0.118078 1.69
-0.12293 1.695
-0.127771 1.7
-0.132598 1.705
-0.137412 1.71
-0.142213 1.715
-0.146999 1.72
-0.151771 1.725
-0.156527 1.73
-0.161268 1.735
-0.165993 1.74
-0.170701 1.745
-0.175392 1.75
-0.180065 1.755
-0.18472 1.76
-0.189357 1.765
-0.193975 1.77
-0.198574 1.775
-0.203153 1.78
-0.207711 1.785
-0.212249 1.79
-0.216765 1.795
-0.22126 1.8
-0.225733 1.805
-0.230183 1.81
-0.23461 1.815
-0.239014 1.82
-0.243393 1.825
-0.247749 1.83
-0.252079 1.835
-0.256385 1.84
-0.260664 1.845
-0.264918 1.85
-0.269145 1.855
-0.273346 1.86
-0.277518 1.865
-0.281664 1.87
-0.285781 1.875
-0.289869 1.88
-0.293929 1.885
-0.297959 1.89
-0.301959 1.895
-0.305929 1.9
-0.309868 1.905
-0.313777 1.91
-0.317654 1.915
-0.321499 1.92
-0.325313 1.925
-0.329093 1.93
-0.332841 1.935
-0.336555 1.94
-0.340236 1.945
-0.343883 1.95
-0.347495 1.955
-0.351073 1.96
-0.354616 1.965
-0.358123 1.97
-0.361594 1.975
-0.365029 1.98
-0.368428 1.985
-0.37179 1.99
-0.375114 1.995
-0.378401 2
-0.38165 2.005
-0.384862 2.01
-0.388034 2.015
-0.391168 2.02
-0.394263 2.025
-0.397318 2.03
-0.400333 2.035
-0.403309 2.04
-0.406244 2.045
-0.409139 2.05
-0.411992 2.055
-0.414805 2.06
-0.417576 2.065
-0.420305 2.07
-0.422992 2.075
-0.425637 2.08
-0.428239 2.085
-0.430798 2.09
-0.433315 2.095
-0.435788 2.1
-0.438217 2.105
-0.440603 2.11
-0.442945 2.115
-0.445242 2.12
-0.447495 2.125
-0.449703 2.13
-0.451866 2.135
-0.453984 2.14
-0.456056 2.145
-0.458083 2.15
-0.460064 2.155
-0.461999 2.16
-0.463888 2.165
-0.46573 2.17
-0.467526 2.175
-0.469275 2.18
-0.470978 2.185
-0.472633 2.19
-0.474241 2.195
-0.475801 2.2
-0.477314 2.205
-0.478779 2.21
-0.480196 2.215
-0.481565 2.22
-0.482887 2.225
-0.484159 2.23
-0.485384 2.235
-0.486559 2.24
-0.487687 2.245
-0.488765 2.25
-0.489795 2.255
-0.490775 2.26
-0.491707 2.265
-0.492589 2.27
-0.493422 2.275
-0.494206 2.28
-0.49494 2.285
-0.495625 2.29
-0.49626 2.295
-0.496846 2.3
-0.497381 2.305
-0.497868 2.31
-0.498304 2.315
-0.498691 2.32
-0.499027 2.325
-0.499314 2.33
-0.499551 2.335
-0.499738 2.34
-0.499875 2.345
-0.499962 2.35
-0.499999 2.355
-0.499986 2.36
-0.499922 2.365
-0.499809 2.37
-0.499646 2.375
-0.499433 2.38
-0.49917 2.385
-0.498858 2.39
-0.498495 2.395
-0.498082 2.4
-0.49762 2.405
-0.497108 2.41
-0.496546 2.415
-0.495934 2.42
-0.495273 2.425
-0.494563 2.43
-0.493803 2.435
-0.492993 2.44
-0.492134 2.445
-0.491226 2.45
-0.490269 2.455
-0.489263 2.46
-0.488208 2.465
-0.487104 2.47
-0.485952 2.475
-0.48475 2.48
-0.483501 2.485
-0.482203 2.49
-0.480856 2.495
-0.479462 2.5
-0.47802 2.505
-0.47653 2.51
-0.474992 2.515
-0.473407 2.52
-0.471774 2.525
-0.470095 2.53
-0.468368 2.535
-0.466594 2.54
-0.464774 2.545
-0.462907 2.55
-0.460994 2.555
-0.459035 2.56
-0.45703 2.565
-0.45498 2.57
-0.452883 2.575
-0.450742 2.58
-0.448555 2.585
-0.446324 2.59
-0.444048 2.595
-0.441727 2.6
-0.439363 2.605
-0.436954 2.61
-0.434502 2.615
-0.432006 2.62
-0.429467 2.625
-0.426885 2.63
-0.424261 2.635
-0.421594 2.64
-0.418885 2.645
-0.416134 2.65
-0.413341 2.655
-0.410507 2.66
-0.407632 2.665
-0.404716 2.67
-0.40176 2.675
-0.398764 2.68
-0.395727 2.685
-0.392651 2.69
-0.389536 2.695
-0.386382 2.7
-0.38319 2.705
-0.379958 2.71
-0.376689 2.715
-0.373383 2.72
-0.370039 2.725
-0.366658 2.73
-0.36324 2.735
-0.359786 2.74
-0.356296 2.745
-0.35277 2.75
-0.349209 2.755
-0.345613 2.76
-0.341983 2.765
-0.338318 2.77
-0.33462 2.775
-0.330888 2.78
-0.327123 2.785
-0.323325 2.79
-0.319495 2.795
-0.315633 2.8
-0.31174 2.805
-0.307815 2.81
-0.30386 2.815
-0.299874 2.82
-0.295858 2.825
-0.291812 2.83
-0.287738 2.835
-0.283634 2.84
-0.279502 2.845
-0.275343 2.85
-0.271156 2.855
-0.266941 2.86
-0.2627 2.865
-0.258433 2.87
-0.25414 2.875
-0.249821 2.88
-0.245477 2.885
-0.241109 2.89
-0.236717 2.895
-0.232301 2.9
-0.227862 2.905
-0.2234 2.91
-0.218916 2.915
-0.21441 2.92
-0.209882 2.925
-0.205333 2.93
-0.200764 2.935
-0.196175 2.94
-0.191566 2.945
-0.186938 2.95
-0.182292 2.955
-0.177627 2.96
-0.172944 2.965
-0.168244 2.97
-0.163527 2.975
-0.158794 2.98
-0.154045 2.985
-0.149281 2.99
-0.144502 2.995
-0.139708 3
-0.1349 3.005
-0.130079 3.01
-0.125244 3.015
-0.120398 3.02
-0.115539 3.025
-0.110669 3.03
-0.105787 3.035
-0.100895 3.04
-0.095993 3.045
-0.0910813 3.05
-0.0861604 3.055
-0.081231 3.06
-0.0762935 3.065
-0.0713483 3.07
-0.066396 3.075
-0.061437 3.08
-0.0564719 3.085
-0.0515011 3.09
-0.0465253 3.095
-0.0415447 3.1
-0.03656 3.105
-0.0315716 3.11
-0.0265801 3.115
-0.0215859 3.12
-0.0165896 3.125
-0.0115916 3.13
-0.00659246 3.135
-0.00159265 3.14
0.00340732 3.145
0.00840695 3.15
0.0134057 3.155
0.0184032 3.16
0.0233988 3.165
0.0283921 3.17
0.0333825 3.175
0.0383696 3.18
0.0433528 3.185
0.0483318 3.19
0.0533058 3.195
0.0582746 3.2
0.0632375 3.205
0.0681941 3.21
0.0731439 3.215
0.0780864 3.22
0.0830211 3.225
0.0879474 3.23
0.092865 3.235
0.0977733 3.24
0.102672 3.245
0.10756 3.25
0.112437 3.255
0.117304 3.26
0.122158 3.265
0.127001 3.27
0.13183 3.275
0.136646 3.28
0.141449 3.285
0.146238 3.29
0.151012 3.295
0.155771 3.3
0.160514 3.305
0.165241 3.31
0.169952 3.315
0.174646 3.32
0.179322 3.325
0.18398 3.33
0.18862 3.335
0.193241 3.34
0.197843 3.345
0.202425 3.35
0.206987 3.355
0.211528 3.36
0.216048 3.365
0.220546 3.37
0.225022 3.375
0.229476 3.38
0.233907 3.385
0.238314 3.39
0.242697 3.395
0.247057 3.4
0.251391 3.405
0.255701 3.41
0.259985 3.415
0.264242 3.42
0.268474 3.425
0.272678 3.43
0.276856 3.435
0.281005 3.44
0.285127 3.445
0.28922 3.45
0.293284 3.455
0.297319 3.46
0.301324 3.465
0.305299 3.47
0.309243 3.475
0.313157 3.48
0.317039 3.485
0.320889 3.49
0.324707 3.495
0.328493 3.5
0.332246 3.505
0.335966 3.51
0.339652 3.515
0.343305 3.52
0.346922 3.525
0.350506 3.53
0.354054 3.535
0.357567 3.54
0.361044 3.545
0.364485 3.55
0.367889 3.555
0.371257 3.56
0.374587 3.565
0.37788 3.57
0.381136 3.575
0.384353 3.58
0.387531 3.585
0.390671 3.59
0.393772 3.595
0.396834 3.6
0.399856 3.605
0.402838 3.61
0.405779 3.615
0.40868 3.62
0.41154 3.625
0.414359 3.63
0.417137 3.635
0.419873 3.64
0.422567 3.645
0.425218 3.65
0.427827 3.655
0.430394 3.66
0.432917 3.665
0.435397 3.67
0.437833 3.675
0.440226 3.68
0.442575 3.685
0.444879 3.69
0.447139 3.695
0.449354 3.7
0.451524 3.705
0.453649 3.71
0.455729 3.715
0.457763 3.72
0.459752 3.725
0.461694 3.73
0.46359 3.735
0.46544 3.74
0.467243 3.745
0.469 3.75
0.47071 3.755
0.472372 3.76
0.473988 3.765
0.475556 3.77
0.477076 3.775
0.478549 3.78
0.479974 3.785
0.481351 3.79
0.482679 3.795
0.48396 3.8
0.485192 3.805
0.486375 3.81
0.48751 3.815
0.488597 3.82
0.489634 3.825
0.490622 3.83
0.491562 3.835
0.492452 3.84
0.493293 3.845
0.494084 3.85
0.494826 3.855
0.495519 3.86
0.496162 3.865
0.496756 3.87
0.497299 3.875
0.497793 3.88
0.498238 3.885
0.498632 3.89
0.498977 3.895
0.499272 3.9
0.499516 3.905
0.499711 3.91
0.499856 3.915
0.499951 3.92
0.499996 3.925
0.499991 3.93
0.499936 3.935
0.499831 3.94
0.499676 3.945
0.499471 3.95
0.499216 3.955
0.498911 3.96
0.498556 3.965
0.498151 3.97
0.497697 3.975
0.497193 3.98
0.496639 3.985
0.496035 3.99
0.495382 3.995
0.494679 4
0.493927 4.005
0.493125 4.01
0.492274 4.015
0.491374 4.02
0.490425 4.025
0.489427 4.03
0.488379 4.035
0.487283 4.04
0.486138 4.045
0.484945 4.05
0.483703 4.055
0.482413 4.06
0.481074 4.065
0.479687 4.07
0.478253 4.075
0.47677 4.08
0.47524 4.085
0.473663 4.09
0.472038 4.095
0.470365 4.1
0.468646 4.105
0.46688 4.11
0.465067 4.115
0.463208 4.12
0.461302 4.125
0.45935 4.13
0.457353 4.135
0.455309 4.14
0.45322 4.145
0.451086 4.15
0.448907 4.155
0.446682 4.16
0.444413 4.165
0.4421 4.17
0.439742 4.175
0.437341 4.18
0.434895 4.185
0.432407 4.19
0.429874 4.195
0.427299 4.2
0.424682 4.205
0.422021 4.21
0.419319 4.215
0.416575 4.22
0.413789 4.225
0.410961 4.23
0.408093 4.235
0.405183 4.24
0.402234 4.245
0.399244 4.25
0.396214 4.255
0.393144 4.26
0.390035 4.265
0.386887 4.27
0.383701 4.275
0.380476 4.28
0.377213 4.285
0.373912 4.29
0.370574 4.295
0.367199 4.3
0.363787 4.305
0.360338 4.31
0.356854 4.315
0.353334 4.32
0.349779 4.325
0.346188 4.33
0.342563 4.335
0.338904 4.34
0.335211 4.345
0.331485 4.35
0.327725 4.355
0.323932 4.36
0.320107 4.365
0.316251 4.37
0.312362 4.375
0.308442 4.38
0.304492 4.385
0.30051 4.39
0.296499 4.395
0.292459 4.4
0.288389 4.405
0.28429 4.41
0.280162 4.415
0.276007 4.42
0.271824 4.425
0.267614 4.43
