0.0025 0
0.0053197 0.005
0.00846103 0.01
0.0119257 0.015
0.0157156 0.02
0.0198323 0.025
0.0242777 0.03
0.0290529 0.035
0.0341598 0.04
0.0395995 0.045
0.0453736 0.05
0.0514829 0.055
0.057929 0.06
0.0647123 0.065
0.0718344 0.07
0.0792954 0.075
0.0870967 0.08
0.0952381 0.085
0.103721 0.09
0.112545 0.095
0.12171 0.1
0.13122 0.105
0.141072 0.11
0.151267 0.115
0.161803 0.12
0.172682 0.125
0.183901 0.13
0.195463 0.135
0.207363 0.14
0.219605 0.145
0.232182 0.15
0.2451 0.155
0.258348 0.16
0.271934 0.165
0.285845 0.17
0.300089 0.175
0.314649 0.18
0.329533 0.185
0.344722 0.19
0.360224 0.195
0.376015 0.2
0.392101 0.205
0.408457 0.21
0.425086 0.215
0.441961 0.22
0.459081 0.225
0.47642 0.23
0.493971 0.235
0.511711 0.24
0.529629 0.245
0.547702 0.25
0.565915 0.255
0.58425 0.26
0.602687 0.265
0.62121 0.27
0.639795 0.275
0.658431 0.28
0.677089 0.285
0.695759 0.29
0.714413 0.295
0.733039 0.3
0.751607 0.305
0.770108 0.31
0.788509 0.315
0.806801 0.32
0.824951 0.325
0.84295 0.33
0.860763 0.335
0.878383 0.34
0.895773 0.345
0.912926 0.35
0.929805 0.355
0.946404 0.36
0.962685 0.365
0.978643 0.37
0.994238 0.375
1.00947 0.38
1.02429 0.385
1.03871 0.39
1.05268 0.395
1.0662 0.4
1.07923 0.405
1.09178 0.41
1.1038 0.415
1.1153 0.42
1.12623 0.425
1.13662 0.43
1.1464 0.435
1.1556 0.44
1.16418 0.445
1.17215 0.45
1.17946 0.455
1.18616 0.46
1.19217 0.465
1.19754 0.47
1.20221 0.475
1.20623 0.48
1.20953 0.485
1.21216 0.49
1.21407 0.495
1.2153 0.5
1.21581 0.505
1.21564 0.51
1.21476 0.515
1.2132 0.52
1.21095 0.525
1.20803 0.53
1.20443 0.535
1.20019 0.54
1.1953 0.545
1.18979 0.55
1.18366 0.555
1.17694 0.56
1.16964 0.565
1.16179 0.57
1.15339 0.575
1.14447 0.58
1.13504 0.585
1.12513 0.59
1.1148 0.595
1.10403 0.6
1.09284 0.605
1.08127 0.61
1.06934 0.615
1.05705 0.62
1.04444 0.625
1.03152 0.63
1.01832 0.635
1.00486 0.64
0.991168 0.645
0.977254 0.65
0.963145 0.655
0.948864 0.66
0.934431 0.665
0.919868 0.67
0.905195 0.675
0.890434 0.68
0.875606 0.685
0.860729 0.69
0.845823 0.695
0.830908 0.7
0.816002 0.705
0.801122 0.71
0.786289 0.715
0.771517 0.72
0.756824 0.725
0.742225 0.73
0.727737 0.735
0.713372 0.74
0.699147 0.745
0.685071 0.75
0.671158 0.755
0.657417 0.76
0.643861 0.765
0.630494 0.77
0.617331 0.775
0.604372 0.78
0.59163 0.785
0.579107 0.79
0.56681 0.795
0.554743 0.8
0.542911 0.805
0.531316 0.81
0.519965 0.815
0.508856 0.82
0.497997 0.825
0.487386 0.83
0.477028 0.835
0.466923 0.84
0.457074 0.845
0.447481 0.85
0.438147 0.855
0.429072 0.86
0.420257 0.865
0.411702 0.87
0.403409 0.875
0.395377 0.88
0.387607 0.885
0.3801 0.89
0.372855 0.895
0.365871 0.9
0.359151 0.905
0.352691 0.91
0.346493 0.915
0.340556 0.92
0.33488 0.925
0.329463 0.93
0.324306 0.935
0.319407 0.94
0.314766 0.945
0.310382 0.95
0.306254 0.955
0.302381 0.96
0.298762 0.965
0.295396 0.97
0.292283 0.975
0.28942 0.98
0.286808 0.985
0.284445 0.99
0.282329 0.995
0.28046 1
0.278837 1.005
0.277458 1.01
0.276322 1.015
0.275428 1.02
0.274775 1.025
0.27436 1.03
0.274184 1.035
0.274244 1.04
0.274539 1.045
0.275067 1.05
0.275827 1.055
0.276817 1.06
0.278034 1.065
0.279478 1.07
0.281146 1.075
0.283037 1.08
0.285145 1.085
0.287473 1.09
0.290013 1.095
0.292768 1.1
0.295728 1.105
0.298899 1.11
0.302267 1.115
0.305841 1.12
0.309604 1.125
0.313568 1.13
0.317712 1.135
0.322052 1.14
0.326563 1.145
0.331264 1.15
0.336128 1.155
0.341178 1.16
0.346381 1.165
0.351766 1.17
0.357297 1.175
0.363007 1.18
0.368855 1.185
0.37488 1.19
0.381039 1.195
0.387371 1.2
0.393835 1.205
0.400471 1.21
0.407236 1.215
0.414171 1.22
0.421237 1.225
0.42847 1.23
0.435835 1.235
0.443366 1.24
0.45103 1.245
0.458858 1.25
0.466822 1.255
0.474948 1.26
0.483211 1.265
0.491634 1.27
0.500197 1.275
0.508916 1.28
0.517776 1.285
0.52679 1.29
0.535945 1.295
0.54525 1.3
0.554696 1.305
0.564289 1.31
0.57402 1.315
0.583895 1.32
0.593906 1.325
0.604055 1.33
0.614336 1.335
0.624751 1.34
0.635293 1.345
0.645963 1.35
0.656755 1.355
0.667668 1.36
0.678696 1.365
0.689837 1.37
0.701087 1.375
0.712442 1.38
0.723896 1.385
0.735446 1.39
0.747085 1.395
0.758811 1.4
0.770616 1.405
0.782495 1.41
0.794442 1.415
0.806452 1.42
0.818517 1.425
0.830631 1.43
0.842786 1.435
0.854977 1.44
0.867195 1.445
0.879432 1.45
0.89168 1.455
0.903932 1.46
0.916178 1.465
0.928411 1.47
0.94062 1.475
0.952796 1.48
0.964931 1.485
0.977015 1.49
0.989037 1.495
1.00099 1.5
1.01286 1.505
1.02463 1.51
1.03631 1.515
1.04787 1.52
1.0593 1.525
1.07061 1.53
1.08176 1.535
1.09276 1.54
1.1036 1.545
1.11426 1.55
1.12473 1.555
1.135 1.56
1.14507 1.565
1.15493 1.57
1.16456 1.575
1.17396 1.58
1.18313 1.585
1.19205 1.59
1.20072 1.595
1.20914 1.6
1.2173 1.605
1.22521 1.61
1.23286 1.615
1.24026 1.62
1.2474 1.625
1.2543 1.63
1.26095 1.635
1.26738 1.64
1.27359 1.645
1.27959 1.65
1.28539 1.655
1.29102 1.66
1.29649 1.665
1.30181 1.67
1.30702 1.675
1.31212 1.68
1.31715 1.685
1.32212 1.69
1.32705 1.695
1.33199 1.7
1.33693 1.705
1.34192 1.71
1.34697 1.715
1.35213 1.72
1.35741 1.725
1.36283 1.73
1.36845 1.735
1.37426 1.74
1.38033 1.745
1.38664 1.75
1.39329 1.755
1.40022 1.76
1.40754 1.765
1.4152 1.77
1.4233 1.775
1.43176 1.78
1.44069 1.785
1.44998 1.79
1.45975 1.795
1.46987 1.8
1.48045 1.805
1.49136 1.81
1.50268 1.815
1.51432 1.82
1.52632 1.825
1.53861 1.83
1.55123 1.835
1.56411 1.84
1.57728 1.845
1.59069 1.85
1.60435 1.855
1.61825 1.86
1.63236 1.865
1.64668 1.87
1.66121 1.875
1.67593 1.88
1.69082 1.885
1.70589 1.89
1.72113 1.895
1.73653 1.9
1.75207 1.905
1.76776 1.91
1.78359 1.915
1.79954 1.92
1.81562 1.925
1.83181 1.93
1.8481 1.935
1.8645 1.94
1.88098 1.945
1.89755 1.95
1.91419 1.955
1.9309 1.96
1.94766 1.965
1.96447 1.97
1.98133 1.975
1.99821 1.98
2.01512 1.985
2.03203 1.99
2.04895 1.995
2.06586 2
2.08276 2.005
2.09964 2.01
2.11649 2.015
2.13329 2.02
2.15004 2.025
2.16672 2.03
2.18332 2.035
2.19983 2.04
2.21625 2.045
2.23256 2.05
2.24875 2.055
2.26481 2.06
2.28073 2.065
2.2965 2.07
2.31212 2.075
2.32756 2.08
2.34283 2.085
2.35791 2.09
2.3728 2.095
2.38748 2.1
2.40196 2.105
2.41621 2.11
2.43024 2.115
2.44404 2.12
2.45759 2.125
2.47091 2.13
2.48397 2.135
2.49678 2.14
2.50934 2.145
2.52162 2.15
2.53365 2.155
2.5454 2.16
2.55687 2.165
2.56807 2.17
2.57899 2.175
2.58963 2.18
2.59999 2.185
2.61006 2.19
2.61984 2.195
2.62933 2.2
2.63853 2.205
2.64744 2.21
2.65606 2.215
2.66438 2.22
2.67241 2.225
2.68014 2.23
2.68758 2.235
2.69471 2.24
2.70154 2.245
2.70808 2.25
2.71431 2.255
2.72024 2.26
2.72586 2.265
2.73117 2.27
2.73618 2.275
2.74088 2.28
2.74527 2.285
2.74935 2.29
2.75311 2.295
2.75656 2.3
2.7597 2.305
2.76251 2.31
2.76501 2.315
2.76718 2.32
2.76903 2.325
2.77056 2.33
2.77176 2.335
2.77264 2.34
2.77319 2.345
2.77341 2.35
2.7733 2.355
2.77287 2.36
2.7721 2.365
2.77102 2.37
2.76959 2.375
2.76785 2.38
2.76578 2.385
2.76339 2.39
2.76067 2.395
2.75764 2.4
2.75428 2.405
2.75062 2.41
2.74665 2.415
2.74236 2.42
2.73778 2.425
2.73289 2.43
2.72771 2.435
2.72223 2.44
2.71646 2.445
2.71041 2.45
2.70408 2.455
2.69747 2.46
2.69058 2.465
2.68343 2.47
2.67601 2.475
2.66833 2.48
2.66039 2.485
2.65221 2.49
2.64377 2.495
2.63509 2.5
2.62617 2.505
2.61702 2.51
2.60764 2.515
2.59803 2.52
2.58821 2.525
2.57817 2.53
2.56792 2.535
2.55747 2.54
2.54683 2.545
2.53599 2.55
2.52496 2.555
2.51375 2.56
2.50237 2.565
2.49082 2.57
2.47911 2.575
2.46725 2.58
2.45523 2.585
2.44307 2.59
2.43078 2.595
2.41836 2.6
2.40582 2.605
2.39316 2.61
2.38039 2.615
2.36753 2.62
2.35457 2.625
2.34152 2.63
2.32839 2.635
2.3152 2.64
2.30194 2.645
2.28862 2.65
2.27525 2.655
2.26184 2.66
2.24841 2.665
2.23494 2.67
2.22146 2.675
2.20797 2.68
2.19447 2.685
2.18098 2.69
2.16749 2.695
2.15403 2.7
2.1406 2.705
2.1272 2.71
2.11384 2.715
2.10054 2.72
2.0873 2.725
2.07413 2.73
2.06104 2.735
2.04804 2.74
2.03514 2.745
2.02235 2.75
2.00967 2.755
1.99713 2.76
1.98473 2.765
1.97249 2.77
1.96041 2.775
1.94851 2.78
1.93679 2.785
1.92529 2.79
1.914 2.795
1.90294 2.8
1.89212 2.805
1.88157 2.81
1.87128 2.815
1.86128 2.82
1.85157 2.825
1.84217 2.83
1.83308 2.835
1.82431 2.84
1.81586 2.845
1.80774 2.85
1.79994 2.855
1.79246 2.86
1.78528 2.865
1.77841 2.87
1.77182 2.875
1.76552 2.88
1.75947 2.885
1.75366 2.89
1.74808 2.895
1.74272 2.9
1.73754 2.905
1.73254 2.91
1.72769 2.915
1.72299 2.92
1.71842 2.925
1.71395 2.93
1.70957 2.935
1.70528 2.94
1.70105 2.945
1.69687 2.95
1.69273 2.955
1.68862 2.96
1.68451 2.965
1.68041 2.97
1.67628 2.975
1.67213 2.98
1.66794 2.985
1.6637 2.99
1.65939 2.995
1.65501 3
1.65054 3.005
1.64597 3.01
1.64128 3.015
1.63646 3.02
1.63151 3.025
1.62641 3.03
1.62114 3.035
1.61571 3.04
1.61009 3.045
1.60429 3.05
1.5983 3.055
1.5921 3.06
1.58565 3.065
1.57898 3.07
1.57207 3.075
1.56492 3.08
1.55751 3.085
1.54985 3.09
1.54192 3.095
1.53372 3.1
1.52524 3.105
1.5165 3.11
1.50747 3.115
1.49818 3.12
1.48861 3.125
1.47877 3.13
1.46867 3.135
1.45831 3.14
1.44769 3.145
1.43683 3.15
1.42573 3.155
1.41439 3.16
1.40283 3.165
1.39106 3.17
1.37908 3.175
1.36691 3.18
1.35454 3.185
1.342 3.19
1.32929 3.195
1.31642 3.2
1.3034 3.205
1.29024 3.21
1.27694 3.215
1.26352 3.22
1.24998 3.225
1.23631 3.23
1.22254 3.235
1.20866 3.24
1.19468 3.245
1.1806 3.25
1.16644 3.255
1.15218 3.26
1.13783 3.265
1.12339 3.27
1.10886 3.275
1.09424 3.28
1.07954 3.285
1.06474 3.29
1.04985 3.295
1.03488 3.3
1.01982 3.305
1.00467 3.31
0.989459 3.315
0.974175 3.32
0.95884 3.325
0.943463 3.33
0.928067 3.335
0.912668 3.34
0.897291 3.345
0.881955 3.35
0.866687 3.355
0.851506 3.36
0.836438 3.365
0.821502 3.37
0.806714 3.375
0.792101 3.38
0.777671 3.385
0.763442 3.39
0.74943 3.395
0.735642 3.4
0.722092 3.405
0.70879 3.41
0.695743 3.415
0.682958 3.42
0.670444 3.425
0.658205 3.43
0.646248 3.435
0.634574 3.44
0.623193 3.445
0.612102 3.45
0.601311 3.455
0.590816 3.46
0.580625 3.465
0.570736 3.47
0.561154 3.475
0.551877 3.48
0.542911 3.485
0.534253 3.49
0.525907 3.495
0.517871 3.5
0.510149 3.505
0.502738 3.51
0.495642 3.515
0.488858 3.52
0.48239 3.525
0.476234 3.53
0.470394 3.535
0.464867 3.54
0.459655 3.545
0.454757 3.55
0.450175 3.555
0.445906 3.56
0.441953 3.565
0.438313 3.57
0.434989 3.575
0.431978 3.58
0.429281 3.585
0.426899 3.59
0.42483 3.595
0.423076 3.6
0.421635 3.605
0.420508 3.61
0.419695 3.615
0.419195 3.62
0.419009 3.625
0.419136 3.63
0.419577 3.635
0.420331 3.64
0.421397 3.645
0.422777 3.65
0.424469 3.655
0.426473 3.66
0.428791 3.665
0.43142 3.67
0.43436 3.675
0.437613 3.68
0.441176 3.685
0.44505 3.69
0.449234 3.695
0.453727 3.7
0.458528 3.705
0.463637 3.71
0.469053 3.715
0.474774 3.72
0.480799 3.725
0.487126 3.73
0.493754 3.735
0.50068 3.74
0.507902 3.745
0.515418 3.75
0.523224 3.755
0.531318 3.76
0.539695 3.765
0.548376 3.77
0.557323 3.775
0.566543 3.78
0.576029 3.785
0.585777 3.79
0.595779 3.795
0.606031 3.8
0.616526 3.805
0.627256 3.81
0.638214 3.815
0.649394 3.82
0.660788 3.825
0.672387 3.83
0.684185 3.835
0.696171 3.84
0.70834 3.845
0.720682 3.85
0.73319 3.855
0.745855 3.86
0.75867 3.865
0.771625 3.87
0.784715 3.875
0.797931 3.88
0.811265 3.885
0.824711 3.89
0.838261 3.895
0.851909 3.9
0.865646 3.905
0.879467 3.91
0.893365 3.915
0.907333 3.92
0.921365 3.925
0.935453 3.93
0.94959 3.935
0.963772 3.94
0.977988 3.945
0.992233 3.95
1.0065 3.955
1.02078 3.96
1.03506 3.965
1.04934 3.97
1.0636 3.975
1.07785 3.98
1.09205 3.985
1.10622 3.99
1.12032 3.995
1.13436 4
1.14832 4.005
1.16218 4.01
1.17594 4.015
1.18957 4.02
1.20307 4.025
1.21524 4.03
1.22783 4.035
1.24024 4.04
1.25256 4.045
1.26471 4.05
1.27675 4.055
1.28861 4.06
1.30036 4.065
1.31192 4.07
1.32334 4.075
1.33457 4.08
1.34566 4.085
1.35654 4.09
1.36727 4.095
1.37779 4.1
1.38814 4.105
1.39827 4.11
1.40823 4.115
1.41796 4.12
1.42751 4.125
1.43683 4.13
1.44595 4.135
1.45483 4.14
1.46351 4.145
1.47194 4.15
1.48016 4.155
1.48813 4.16
1.49588 4.165
1.50338 4.17
1.51066 4.175
1.51768 4.18
1.52447 4.185
1.53101 4.19
1.53733 4.195
1.54339 4.2
1.54922 4.205
1.55482 4.21
1.56018 4.215
1.56532 4.22
1.57024 4.225
1.57495 4.23
1.57945 4.235
1.58376 4.24
1.58787 4.245
1.59183 4.25
1.5956 4.255
1.59928 4.26
1.60276 4.265
1.60622 4.27
1.60954 4.275
1.61273 4.28
1.616 4.285
1.6191 4.29
1.62232 4.295
1.6254 4.3
1.62864 4.305
1.63176 4.31
1.63504 4.315
1.63822 4.32
1.64157 4.325
1.64484 4.33
1.64826 4.335
1.65163 4.34
1.65513 4.345
1.65861 4.35
1.66221 4.355
1.66584 4.36
1.66954 4.365
1.6733 4.37
1.67721 4.375
1.68115 4.38
1.6852 4.385
1.68935 4.39
1.69362 4.395
1.69797 4.4
1.70243 4.405
1.70702 4.41
1.7117 4.415
1.71651 4.42
1.72142 4.425
1.72646 4.43
0.0025 0
0.0053197 0.005
0.00846103 0.01
0.0119257 0.015
0.0157156 0.02
0.0198323 0.025
0.0242777 0.03
0.0290529 0.035
0.0341598 0.04
0.0395995 0.045
0.0453736 0.05
0.0514829 0.055
0.057929 0.06
0.0647123 0.065
0.0718344 0.07
0.0792954 0.075
0.0870967 0.08
0.0952381 0.085
0.103721 0.09
0.112545 0.095
0.12171 0.1
0.13122 0.105
0.141072 0.11
0.151267 0.115
0.161803 0.12
0.172682 0.125
0.183901 0.13
0.195463 0.135
0.207363 0.14
0.219605 0.145
0.232182 0.15
0.2451 0.155
0.258348 0.16
0.271934 0.165
0.285845 0.17
0.300089 0.175
0.314649 0.18
0.329533 0.185
0.344722 0.19
0.360224 0.195
0.376015 0.2
0.392101 0.205
0.408457 0.21
0.425086 0.215
0.441961 0.22
0.459081 0.225
0.47642 0.23
0.493971 0.235
0.511711 0.24
0.529629 0.245
0.547702 0.25
0.565915 0.255
0.58425 0.26
0.602687 0.265
0.62121 0.27
0.639795 0.275
0.658431 0.28
0.677089 0.285
0.695759 0.29
0.714413 0.295
0.733039 0.3
0.751607 0.305
0.770108 0.31
0.788509 0.315
0.806801 0.32
0.824951 0.325
0.84295 0.33
0.860763 0.335
0.878383 0.34
0.895773 0.345
0.912926 0.35
0.929805 0.355
0.946404 0.36
0.962685 0.365
0.978643 0.37
0.994238 0.375
1.00947 0.38
1.02429 0.385
1.03871 0.39
1.05268 0.395
1.0662 0.4
1.07923 0.405
1.09178 0.41
1.1038 0.415
1.1153 0.42
1.12623 0.425
1.13662 0.43
1.1464 0.435
1.1556 0.44
1.16418 0.445
1.17215 0.45
1.17946 0.455
1.18616 0.46
1.19217 0.465
1.19754 0.47
1.20221 0.475
1.20623 0.48
1.20953 0.485
1.21216 0.49
1.21407 0.495
1.2153 0.5
1.21581 0.505
1.21564 0.51
1.21476 0.515
1.2132 0.52
1.21095 0.525
1.20803 0.53
1.20443 0.535
1.20019 0.54
1.1953 0.545
1.18979 0.55
1.18366 0.555
1.17694 0.56
1.16964 0.565
1.16179 0.57
1.15339 0.575
1.14447 0.58
1.13504 0.585
1.12513 0.59
1.1148 0.595
1.10403 0.6
1.09284 0.605
1.08127 0.61
1.06934 0.615
1.05705 0.62
1.04444 0.625
1.03152 0.63
1.01832 0.635
1.00486 0.64
0.991168 0.645
0.977254 0.65
0.963145 0.655
0.948864 0.66
0.934431 0.665
0.919868 0.67
0.905195 0.675
0.890434 0.68
0.875606 0.685
0.860729 0.69
0.845823 0.695
0.830908 0.7
0.816002 0.705
0.801122 0.71
0.786289 0.715
0.771517 0.72
0.756824 0.725
0.742225 0.73
0.727737 0.735
0.713372 0.74
0.699147 0.745
0.685071 0.75
0.671158 0.755
0.657417 0.76
0.643861 0.765
0.630494 0.77
0.617331 0.775
0.604372 0.78
0.59163 0.785
0.579107 0.79
0.56681 0.795
0.554743 0.8
0.542911 0.805
0.531316 0.81
0.519965 0.815
0.508856 0.82
0.497997 0.825
0.487386 0.83
0.477028 0.835
0.466923 0.84
0.457074 0.845
0.447481 0.85
0.438147 0.855
0.429072 0.86
0.420257 0.865
0.411702 0.87
0.403409 0.875
0.395377 0.88
0.387607 0.885
0.3801 0.89
0.372855 0.895
0.365871 0.9
0.359151 0.905
0.352691 0.91
0.346493 0.915
0.340556 0.92
0.33488 0.925
0.329463 0.93
0.324306 0.935
0.319407 0.94
0.314766 0.945
0.310382 0.95
0.306254 0.955
0.302381 0.96
0.298762 0.965
0.295396 0.97
0.292283 0.975
0.28942 0.98
0.286808 0.985
0.284445 0.99
0.282329 0.995
0.28046 1
0.278837 1.005
0.277458 1.01
0.276322 1.015
0.275428 1.02
0.274775 1.025
0.27436 1.03
0.274184 1.035
0.274244 1.04
0.274539 1.045
0.275067 1.05
0.275827 1.055
0.276817 1.06
0.278034 1.065
0.279478 1.07
0.281146 1.075
0.283037 1.08
0.285145 1.085
0.287473 1.09
0.290013 1.095
0.292768 1.1
0.295728 1.105
0.298899 1.11
0.302267 1.115
0.305841 1.12
0.309604 1.125
0.313568 1.13
0.317712 1.135
0.322052 1.14
0.326563 1.145
0.331264 1.15
0.336128 1.155
0.341178 1.16
0.346381 1.165
0.351766 1.17
0.357297 1.175
0.363007 1.18
0.368855 1.185
0.37488 1.19
0.381039 1.195
0.387371 1.2
0.393835 1.205
0.400471 1.21
0.407236 1.215
0.414171 1.22
0.421237 1.225
0.42847 1.23
0.435835 1.235
0.443366 1.24
0.45103 1.245
0.458858 1.25
0.466822 1.255
0.474948 1.26
0.483211 1.265
0.491634 1.27
0.500197 1.275
0.508916 1.28
0.517776 1.285
0.52679 1.29
0.535945 1.295
0.54525 1.3
0.554696 1.305
0.564289 1.31
0.57402 1.315
0.583895 1.32
0.593906 1.325
0.604055 1.33
0.614336 1.335
0.624751 1.34
0.635293 1.345
0.645963 1.35
0.656755 1.355
0.667668 1.36
0.678696 1.365
0.689837 1.37
0.701087 1.375
0.712442 1.38
0.723896 1.385
0.735446 1.39
0.747085 1.395
0.758811 1.4
0.770616 1.405
0.782495 1.41
0.794442 1.415
0.806452 1.42
0.818517 1.425
0.830631 1.43
0.842786 1.435
0.854977 1.44
0.867195 1.445
0.879432 1.45
0.89168 1.455
0.903932 1.46
0.916178 1.465
0.928411 1.47
0.94062 1.475
0.952796 1.48
0.964931 1.485
0.977015 1.49
0.989037 1.495
1.00099 1.5
1.01286 1.505
1.02463 1.51
1.03631 1.515
1.04787 1.52
1.0593 1.525
1.07061 1.53
1.08176 1.535
1.09276 1.54
1.1036 1.545
1.11426 1.55
1.12473 1.555
1.135 1.56
1.14507 1.565
1.15493 1.57
1.16456 1.575
1.17396 1.58
1.18313 1.585
1.19205 1.59
1.20072 1.595
1.20914 1.6
1.2173 1.605
1.22521 1.61
1.23286 1.615
1.24026 1.62
1.2474 1.625
1.2543 1.63
1.26095 1.635
1.26738 1.64
1.27359 1.645
1.27959 1.65
1.28539 1.655
1.29102 1.66
1.29649 1.665
1.30181 1.67
1.30702 1.675
1.31212 1.68
1.31715 1.685
1.32212 1.69
1.32705 1.695
1.33199 1.7
1.33693 1.705
1.34192 1.71
1.34697 1.715
1.35213 1.72
1.35741 1.725
1.36283 1.73
1.36845 1.735
1.37426 1.74
1.38033 1.745
1.38664 1.75
1.39329 1.755
1.40022 1.76
1.40754 1.765
1.4152 1.77
1.4233 1.775
1.43176 1.78
1.44069 1.785
1.44998 1.79
1.45975 1.795
1.46987 1.8
1.48045 1.805
1.49136 1.81
1.50268 1.815
1.51432 1.82
1.52632 1.825
1.53861 1.83
1.55123 1.835
1.56411 1.84
1.57728 1.845
1.59069 1.85
1.60435 1.855
1.61825 1.86
1.63236 1.865
1.64668 1.87
1.66121 1.875
1.67593 1.88
1.69082 1.885
1.70589 1.89
1.72113 1.895
1.73653 1.9
1.75207 1.905
1.76776 1.91
1.78359 1.915
1.79954 1.92
1.81562 1.925
1.83181 1.93
1.8481 1.935
1.8645 1.94
1.88098 1.945
1.89755 1.95
1.91419 1.955
1.9309 1.96
1.94766 1.965
1.96447 1.97
1.98133 1.975
1.99821 1.98
2.01512 1.985
2.03203 1.99
2.04895 1.995
2.06586 2
2.08276 2.005
2.09964 2.01
2.11649 2.015
2.13329 2.02
2.15004 2.025
2.16672 2.03
2.18332 2.035
2.19983 2.04
2.21625 2.045
2.23256 2.05
2.24875 2.055
2.26481 2.06
2.28073 2.065
2.2965 2.07
2.31212 2.075
2.32756 2.08
2.34283 2.085
2.35791 2.09
2.3728 2.095
2.38748 2.1
2.40196 2.105
2.41621 2.11
2.43024 2.115
2.44404 2.12
2.45759 2.125
2.47091 2.13
2.48397 2.135
2.49678 2.14
2.50934 2.145
2.52162 2.15
2.53365 2.155
2.5454 2.16
2.55687 2.165
2.56807 2.17
2.57899 2.175
2.58963 2.18
2.59999 2.185
2.61006 2.19
2.61984 2.195
2.62933 2.2
2.63853 2.205
2.64744 2.21
2.65606 2.215
2.66438 2.22
2.67241 2.225
2.68014 2.23
2.68758 2.235
2.69471 2.24
2.70154 2.245
2.70808 2.25
2.71431 2.255
2.72024 2.26
2.72586 2.265
2.73117 2.27
2.73618 2.275
2.74088 2.28
2.74527 2.285
2.74935 2.29
2.75311 2.295
2.75656 2.3
2.7597 2.305
2.76251 2.31
2.76501 2.315
2.76718 2.32
2.76903 2.325
2.77056 2.33
2.77176 2.335
2.77264 2.34
2.77319 2.345
2.77341 2.35
2.7733 2.355
2.77287 2.36
2.7721 2.365
2.77102 2.37
2.76959 2.375
2.76785 2.38
2.76578 2.385
2.76339 2.39
2.76067 2.395
2.75764 2.4
2.75428 2.405
2.75062 2.41
2.74665 2.415
2.74236 2.42
2.73778 2.425
2.73289 2.43
2.72771 2.435
2.72223 2.44
2.71646 2.445
2.71041 2.45
2.70408 2.455
2.69747 2.46
2.69058 2.465
2.68343 2.47
2.67601 2.475
2.66833 2.48
2.66039 2.485
2.65221 2.49
2.64377 2.495
2.63509 2.5
2.62617 2.505
2.61702 2.51
2.60764 2.515
2.59803 2.52
2.58821 2.525
2.57817 2.53
2.56792 2.535
2.55747 2.54
2.54683 2.545
2.53599 2.55
2.52496 2.555
2.51375 2.56
2.50237 2.565
2.49082 2.57
2.47911 2.575
2.46725 2.58
2.45523 2.585
2.44307 2.59
2.43078 2.595
2.41836 2.6
2.40582 2.605
2.39316 2.61
2.38039 2.615
2.36753 2.62
2.35457 2.625
2.34152 2.63
2.32839 2.635
2.3152 2.64
2.30194 2.645
2.28862 2.65
2.27525 2.655
2.26184 2.66
2.24841 2.665
2.23494 2.67
2.22146 2.675
2.20797 2.68
2.19447 2.685
2.18098 2.69
2.16749 2.695
2.15403 2.7
2.1406 2.705
2.1272 2.71
2.11384 2.715
2.10054 2.72
2.0873 2.725
2.07413 2.73
2.06104 2.735
2.04804 2.74
2.03514 2.745
2.02235 2.75
2.00967 2.755
1.99713 2.76
1.98473 2.765
1.97249 2.77
1.96041 2.775
1.94851 2.78
1.93679 2.785
1.92529 2.79
1.914 2.795
1.90294 2.8
1.89212 2.805
1.88157 2.81
1.87128 2.815
1.86128 2.82
1.85157 2.825
1.84217 2.83
1.83308 2.835
1.82431 2.84
1.81586 2.845
1.80774 2.85
1.79994 2.855
1.79246 2.86
1.78528 2.865
1.77841 2.87
1.77182 2.875
1.76552 2.88
1.75947 2.885
1.75366 2.89
1.74808 2.895
1.74272 2.9
1.73754 2.905
1.73254 2.91
1.72769 2.915
1.72299 2.92
1.71842 2.925
1.71395 2.93
1.70957 2.935
1.70528 2.94
1.70105 2.945
1.69687 2.95
1.69273 2.955
1.68862 2.96
1.68451 2.965
1.68041 2.97
1.67628 2.975
1.67213 2.98
1.66794 2.985
1.6637 2.99
1.65939 2.995
1.65501 3
1.65054 3.005
1.64597 3.01
1.64128 3.015
1.63646 3.02
1.63151 3.025
1.62641 3.03
1.62114 3.035
1.61571 3.04
1.61009 3.045
1.60429 3.05
1.5983 3.055
1.5921 3.06
1.58565 3.065
1.57898 3.07
1.57207 3.075
1.56492 3.08
1.55751 3.085
1.54985 3.09
1.54192 3.095
1.53372 3.1
1.52524 3.105
1.5165 3.11
1.50747 3.115
1.49818 3.12
1.48861 3.125
1.47877 3.13
1.46867 3.135
1.45831 3.14
1.44769 3.145
1.43683 3.15
1.42573 3.155
1.41439 3.16
1.40283 3.165
1.39106 3.17
1.37908 3.175
1.36691 3.18
1.35454 3.185
1.342 3.19
1.32929 3.195
1.31642 3.2
1.3034 3.205
1.29024 3.21
1.27694 3.215
1.26352 3.22
1.24998 3.225
1.23631 3.23
1.22254 3.235
1.20866 3.24
1.19468 3.245
1.1806 3.25
1.16644 3.255
1.15218 3.26
1.13783 3.265
1.12339 3.27
1.10886 3.275
1.09424 3.28
1.07954 3.285
1.06474 3.29
1.04985 3.295
1.03488 3.3
1.01982 3.305
1.00467 3.31
0.989459 3.315
0.974175 3.32
0.95884 3.325
0.943463 3.33
0.928067 3.335
0.912668 3.34
0.897291 3.345
0.881955 3.35
0.866687 3.355
0.851506 3.36
0.836438 3.365
0.821502 3.37
0.806714 3.375
0.792101 3.38
0.777671 3.385
0.763442 3.39
0.74943 3.395
0.735642 3.4
0.722092 3.405
0.70879 3.41
0.695743 3.415
0.682958 3.42
0.670444 3.425
0.658205 3.43
0.646248 3.435
0.634574 3.44
0.623193 3.445
0.612102 3.45
0.601311 3.455
0.590816 3.46
0.580625 3.465
0.570736 3.47
0.561154 3.475
0.551877 3.48
0.542911 3.485
0.534253 3.49
0.525907 3.495
0.517871 3.5
0.510149 3.505
0.502738 3.51
0.495642 3.515
0.488858 3.52
0.48239 3.525
0.476234 3.53
0.470394 3.535
0.464867 3.54
0.459655 3.545
0.454757 3.55
0.450175 3.555
0.445906 3.56
0.441953 3.565
0.438313 3.57
0.434989 3.575
0.431978 3.58
0.429281 3.585
0.426899 3.59
0.42483 3.595
0.423076 3.6
0.421635 3.605
0.420508 3.61
0.419695 3.615
0.419195 3.62
0.419009 3.625
0.419136 3.63
0.419577 3.635
0.420331 3.64
0.421397 3.645
0.422777 3.65
0.424469 3.655
0.426473 3.66
0.428791 3.665
0.43142 3.67
0.43436 3.675
0.437613 3.68
0.441176 3.685
0.44505 3.69
0.449234 3.695
0.453727 3.7
0.458528 3.705
0.463637 3.71
0.469053 3.715
0.474774 3.72
0.480799 3.725
0.487126 3.73
0.493754 3.735
0.50068 3.74
0.507902 3.745
0.515418 3.75
0.523224 3.755
0.531318 3.76
0.539695 3.765
0.548376 3.77
0.557323 3.775
0.566543 3.78
0.576029 3.785
0.585777 3.79
0.595779 3.795
0.606031 3.8
0.616526 3.805
0.627256 3.81
0.638214 3.815
0.649394 3.82
0.660788 3.825
0.672387 3.83
0.684185 3.835
0.696171 3.84
0.70834 3.845
0.720682 3.85
0.73319 3.855
0.745855 3.86
0.75867 3.865
0.771625 3.87
0.784715 3.875
0.797931 3.88
0.811265 3.885
0.824711 3.89
0.838261 3.895
0.851909 3.9
0.865646 3.905
0.879467 3.91
0.893365 3.915
0.907333 3.92
0.921365 3.925
0.935453 3.93
0.94959 3.935
0.963772 3.94
0.977988 3.945
0.992233 3.95
1.0065 3.955
1.02078 3.96
1.03506 3.965
1.04934 3.97
1.0636 3.975
1.07785 3.98
1.09205 3.985
1.10622 3.99
1.12032 3.995
1.13436 4
1.14832 4.005
1.16218 4.01
1.17594 4.015
1.18957 4.02
1.20307 4.025
1.21524 4.03
1.22783 4.035
1.24024 4.04
1.25256 4.045
1.26471 4.05
1.27675 4.055
1.28861 4.06
1.30036 4.065
1.31192 4.07
1.32334 4.075
1.33457 4.08
1.34566 4.085
1.35654 4.09
1.36727 4.095
1.37779 4.1
1.38814 4.105
1.39827 4.11
1.40823 4.115
1.41796 4.12
1.42751 4.125
1.43683 4.13
1.44595 4.135
1.45483 4.14
1.46351 4.145
1.47194 4.15
1.48016 4.155
1.48813 4.16
1.49588 4.165
1.50338 4.17
1.51066 4.175
1.51768 4.18
1.52447 4.185
1.53101 4.19
1.53733 4.195
1.54339 4.2
1.54922 4.205
1.55482 4.21
1.56018 4.215
1.56532 4.22
1.57024 4.225
1.57495 4.23
1.57945 4.235
1.58376 4.24
1.58787 4.245
1.59183 4.25
1.5956 4.255
1.59928 4.26
1.60276 4.265
1.60622 4.27
1.60954 4.275
1.61273 4.28
1.616 4.285
1.6191 4.29
1.62232 4.295
1.6254 4.3
1.62864 4.305
1.63176 4.31
1.63504 4.315
1.63822 4.32
1.64157 4.325
1.64484 4.33
1.64826 4.335
1.65163 4.34
1.65513 4.345
1.65861 4.35
1.66221 4.355
1.66584 4.36
1.66954 4.365
1.6733 4.37
1.67721 4.375
1.68115 4.38
1.6852 4.385
1.68935 4.39
1.69362 4.395
1.69797 4.4
1.70243 4.405
1.70702 4.41
1.7117 4.415
1.71651 4.42
1.72142 4.425
1.72646 4.43
