0 0
-6.58281e-20 0.005
-2.53908e-19 0.01
-5.11566e-19 0.015
-1.9207e-19 0.02
2.23121e-19 0.025
1.43409e-18 0.03
2.51081e-18 0.035
4.09709e-18 0.04
6.31197e-18 0.045
8.0893e-18 0.05
1.03319e-17 0.055
1.15865e-17 0.06
1.20037e-17 0.065
1.30616e-17 0.07
1.29156e-17 0.075
1.19271e-17 0.08
1.06703e-17 0.085
7.54822e-18 0.09
2.57696e-18 0.095
-6.0029e-18 0.1
-1.55303e-17 0.105
-2.53573e-17 0.11
-3.40963e-17 0.115
-4.35015e-17 0.12
-4.89164e-17 0.125
-5.31491e-17 0.13
-5.87101e-17 0.135
-5.73471e-17 0.14
-5.40233e-17 0.145
-3.76582e-17 0.15
-3.49379e-17 0.155
-2.65827e-17 0.16
-1.71951e-17 0.165
-8.2902e-18 0.17
-1.51815e-18 0.175
1.03757e-17 0.18
2.6155e-17 0.185
3.57106e-17 0.19
5.71198e-17 0.195
1.01752e-16 0.2
1.43131e-16 0.205
1.86575e-16 0.21
2.02256e-16 0.215
2.4045e-16 0.22
2.86803e-16 0.225
3.27221e-16 0.23
3.42645e-16 0.235
3.43482e-16 0.24
3.419e-16 0.245
3.504e-16 0.25
3.7464e-16 0.255
3.79306e-16 0.26
3.69537e-16 0.265
3.56234e-16 0.27
3.52533e-16 0.275
3.64147e-16 0.28
4.08841e-16 0.285
4.71794e-16 0.29
5.50876e-16 0.295
6.42148e-16 0.3
7.48249e-16 0.305
8.28825e-16 0.31
8.89501e-16 0.315
9.92256e-16 0.32
1.05226e-15 0.325
1.14263e-15 0.33
1.18477e-15 0.335
1.25906e-15 0.34
1.36187e-15 0.345
1.46426e-15 0.35
1.60053e-15 0.355
1.75081e-15 0.36
1.89265e-15 0.365
2.02127e-15 0.37
2.16061e-15 0.375
2.29906e-15 0.38
2.47229e-15 0.385
2.66003e-15 0.39
2.85428e-15 0.395
3.0433e-15 0.4
3.25244e-15 0.405
3.49381e-15 0.41
3.75506e-15 0.415
4.04303e-15 0.42
4.36271e-15 0.425
4.67673e-15 0.43
4.99537e-15 0.435
5.28682e-15 0.44
5.57129e-15 0.445
5.85691e-15 0.45
6.13303e-15 0.455
6.40059e-15 0.46
6.65236e-15 0.465
6.91706e-15 0.47
7.17386e-15 0.475
7.42621e-15 0.48
7.68317e-15 0.485
7.9454e-15 0.49
8.20551e-15 0.495
8.46697e-15 0.5
8.73503e-15 0.505
9.00078e-15 0.51
9.26161e-15 0.515
9.52077e-15 0.52
9.7833e-15 0.525
1.00455e-14 0.53
1.03077e-14 0.535
1.05681e-14 0.54
1.08297e-14 0.545
1.11072e-14 0.55
1.13927e-14 0.555
1.16728e-14 0.56
1.19417e-14 0.565
1.22107e-14 0.57
1.24737e-14 0.575
1.27307e-14 0.58
1.29985e-14 0.585
1.32697e-14 0.59
1.35487e-14 0.595
1.38215e-14 0.6
1.40769e-14 0.605
1.43414e-14 0.61
1.46003e-14 0.615
1.48768e-14 0.62
1.51449e-14 0.625
1.53809e-14 0.63
1.56204e-14 0.635
1.58308e-14 0.64
1.60447e-14 0.645
1.62625e-14 0.65
1.64858e-14 0.655
1.67219e-14 0.66
1.69423e-14 0.665
1.71367e-14 0.67
1.73125e-14 0.675
1.74807e-14 0.68
1.76442e-14 0.685
1.77877e-14 0.69
1.79023e-14 0.695
1.7984e-14 0.7
1.80143e-14 0.705
1.80735e-14 0.71
1.81693e-14 0.715
1.82642e-14 0.72
1.8373e-14 0.725
1.84932e-14 0.73
1.86008e-14 0.735
1.86962e-14 0.74
1.87964e-14 0.745
1.8859e-14 0.75
1.89579e-14 0.755
1.90528e-14 0.76
1.91416e-14 0.765
1.92407e-14 0.77
1.93563e-14 0.775
1.94794e-14 0.78
1.95947e-14 0.785
1.96853e-14 0.79
1.97733e-14 0.795
1.98772e-14 0.8
1.99646e-14 0.805
2.00409e-14 0.81
2.01321e-14 0.815
2.0222e-14 0.82
2.03294e-14 0.825
2.04423e-14 0.83
2.05599e-14 0.835
2.06888e-14 0.84
2.0828e-14 0.845
2.09743e-14 0.85
2.11343e-14 0.855
2.12912e-14 0.86
2.14539e-14 0.865
2.16121e-14 0.87
2.17709e-14 0.875
2.18996e-14 0.88
2.20074e-14 0.885
2.21163e-14 0.89
2.22379e-14 0.895
2.23493e-14 0.9
2.24636e-14 0.905
2.25722e-14 0.91
2.26711e-14 0.915
2.27904e-14 0.92
2.29154e-14 0.925
2.30409e-14 0.93
2.31592e-14 0.935
2.32902e-14 0.94
2.34207e-14 0.945
2.35636e-14 0.95
2.37025e-14 0.955
2.38407e-14 0.96
2.39771e-14 0.965
2.41108e-14 0.97
2.42465e-14 0.975
2.43795e-14 0.98
2.4522e-14 0.985
2.46768e-14 0.99
2.48179e-14 0.995
2.4942e-14 1
2.50579e-14 1.005
2.51627e-14 1.01
2.52809e-14 1.015
2.53997e-14 1.02
2.55166e-14 1.025
2.56357e-14 1.03
2.57536e-14 1.035
2.58691e-14 1.04
2.59972e-14 1.045
2.61203e-14 1.05
2.62486e-14 1.055
2.63765e-14 1.06
2.65093e-14 1.065
2.66456e-14 1.07
2.67845e-14 1.075
2.6925e-14 1.08
2.70638e-14 1.085
2.71957e-14 1.09
2.73317e-14 1.095
2.74811e-14 1.1
2.76305e-14 1.105
2.77706e-14 1.11
2.79036e-14 1.115
2.8027e-14 1.12
2.81502e-14 1.125
2.82637e-14 1.13
2.83615e-14 1.135
2.84556e-14 1.14
2.8552e-14 1.145
2.86497e-14 1.15
2.87496e-14 1.155
2.8854e-14 1.16
2.89567e-14 1.165
2.9058e-14 1.17
2.91578e-14 1.175
2.92605e-14 1.18
2.93692e-14 1.185
2.94787e-14 1.19
2.95974e-14 1.195
2.97129e-14 1.2
2.9823e-14 1.205
2.99311e-14 1.21
3.00394e-14 1.215
3.01467e-14 1.22
3.02552e-14 1.225
3.03611e-14 1.23
3.04625e-14 1.235
3.05626e-14 1.24
3.06705e-14 1.245
3.07774e-14 1.25
3.08863e-14 1.255
3.09895e-14 1.26
3.10965e-14 1.265
3.12033e-14 1.27
3.13079e-14 1.275
3.14113e-14 1.28
3.15164e-14 1.285
3.16199e-14 1.29
3.17209e-14 1.295
3.18246e-14 1.3
3.19332e-14 1.305
3.20387e-14 1.31
3.21474e-14 1.315
3.225e-14 1.32
3.23475e-14 1.325
3.24453e-14 1.33
3.25431e-14 1.335
3.26378e-14 1.34
3.2736e-14 1.345
3.28317e-14 1.35
3.29245e-14 1.355
3.30191e-14 1.36
3.31167e-14 1.365
3.32155e-14 1.37
3.33135e-14 1.375
3.34136e-14 1.38
3.35153e-14 1.385
3.36173e-14 1.39
3.37207e-14 1.395
3.38232e-14 1.4
3.39239e-14 1.405
3.4024e-14 1.41
3.41228e-14 1.415
3.4222e-14 1.42
3.43198e-14 1.425
3.44211e-14 1.43
3.45201e-14 1.435
3.46156e-14 1.44
3.47105e-14 1.445
3.48065e-14 1.45
3.4903e-14 1.455
3.49948e-14 1.46
3.50847e-14 1.465
3.51771e-14 1.47
3.52691e-14 1.475
3.53608e-14 1.48
3.54517e-14 1.485
3.55429e-14 1.49
3.56334e-14 1.495
3.57247e-14 1.5
3.58153e-14 1.505
3.59051e-14 1.51
3.59952e-14 1.515
3.6084e-14 1.52
3.61728e-14 1.525
3.62607e-14 1.53
3.63466e-14 1.535
3.64341e-14 1.54
3.65215e-14 1.545
3.66103e-14 1.55
3.67017e-14 1.555
3.6793e-14 1.56
3.68861e-14 1.565
3.69807e-14 1.57
3.70746e-14 1.575
3.71687e-14 1.58
3.7262e-14 1.585
3.73547e-14 1.59
3.74498e-14 1.595
3.75449e-14 1.6
3.76415e-14 1.605
3.77392e-14 1.61
3.78381e-14 1.615
3.79355e-14 1.62
3.80323e-14 1.625
3.81277e-14 1.63
3.82239e-14 1.635
3.83207e-14 1.64
3.84198e-14 1.645
3.85181e-14 1.65
3.86153e-14 1.655
3.87128e-14 1.66
3.88101e-14 1.665
3.89088e-14 1.67
3.9008e-14 1.675
3.91061e-14 1.68
3.9205e-14 1.685
3.93047e-14 1.69
3.94038e-14 1.695
3.94997e-14 1.7
3.95957e-14 1.705
3.969e-14 1.71
3.97854e-14 1.715
3.9879e-14 1.72
3.99748e-14 1.725
4.00686e-14 1.73
4.01613e-14 1.735
4.02609e-14 1.74
4.03659e-14 1.745
4.0469e-14 1.75
4.05728e-14 1.755
4.06751e-14 1.76
4.07763e-14 1.765
4.08798e-14 1.77
4.09835e-14 1.775
4.10869e-14 1.78
4.1188e-14 1.785
4.12864e-14 1.79
4.13838e-14 1.795
4.14845e-14 1.8
4.15855e-14 1.805
4.16869e-14 1.81
4.17874e-14 1.815
4.18846e-14 1.82
4.19755e-14 1.825
4.20695e-14 1.83
4.21664e-14 1.835
4.22611e-14 1.84
4.2356e-14 1.845
4.24479e-14 1.85
4.2542e-14 1.855
4.26334e-14 1.86
4.27266e-14 1.865
4.28201e-14 1.87
4.29133e-14 1.875
4.30056e-14 1.88
4.30998e-14 1.885
4.31933e-14 1.89
4.32873e-14 1.895
4.33837e-14 1.9
4.34816e-14 1.905
4.35787e-14 1.91
4.36739e-14 1.915
4.37688e-14 1.92
4.38608e-14 1.925
4.39521e-14 1.93
4.40417e-14 1.935
4.41311e-14 1.94
4.42205e-14 1.945
4.43097e-14 1.95
4.44005e-14 1.955
4.4493e-14 1.96
4.45861e-14 1.965
4.46784e-14 1.97
4.47728e-14 1.975
4.48691e-14 1.98
4.49651e-14 1.985
4.50618e-14 1.99
4.5159e-14 1.995
4.52545e-14 2
4.53486e-14 2.005
4.54418e-14 2.01
4.55345e-14 2.015
4.56285e-14 2.02
4.57235e-14 2.025
4.58178e-14 2.03
4.59116e-14 2.035
4.60064e-14 2.04
4.61023e-14 2.045
4.61974e-14 2.05
4.62907e-14 2.055
4.63831e-14 2.06
4.6477e-14 2.065
4.65705e-14 2.07
4.6663e-14 2.075
4.67561e-14 2.08
4.68501e-14 2.085
4.6945e-14 2.09
4.7041e-14 2.095
4.71359e-14 2.1
4.72341e-14 2.105
4.73307e-14 2.11
4.74314e-14 2.115
4.75332e-14 2.12
4.76346e-14 2.125
4.77334e-14 2.13
4.78287e-14 2.135
4.79192e-14 2.14
4.80084e-14 2.145
4.80982e-14 2.15
4.81904e-14 2.155
4.8286e-14 2.16
4.83828e-14 2.165
4.84761e-14 2.17
4.85716e-14 2.175
4.86695e-14 2.18
4.87669e-14 2.185
4.88626e-14 2.19
4.89586e-14 2.195
4.90542e-14 2.2
4.91515e-14 2.205
4.92472e-14 2.21
4.93414e-14 2.215
4.94395e-14 2.22
4.95401e-14 2.225
4.96435e-14 2.23
4.97439e-14 2.235
4.98433e-14 2.24
4.99437e-14 2.245
5.0038e-14 2.25
5.01289e-14 2.255
5.02223e-14 2.26
5.03145e-14 2.265
5.04048e-14 2.27
5.04934e-14 2.275
5.05813e-14 2.28
5.06658e-14 2.285
5.07507e-14 2.29
5.08397e-14 2.295
5.0924e-14 2.3
5.10063e-14 2.305
5.10864e-14 2.31
5.11713e-14 2.315
5.12618e-14 2.32
5.13537e-14 2.325
5.14473e-14 2.33
5.15388e-14 2.335
5.16325e-14 2.34
5.17283e-14 2.345
5.18178e-14 2.35
5.19055e-14 2.355
5.19912e-14 2.36
5.20743e-14 2.365
5.21615e-14 2.37
5.22495e-14 2.375
5.23364e-14 2.38
5.24273e-14 2.385
5.25166e-14 2.39
5.2608e-14 2.395
5.26966e-14 2.4
5.27861e-14 2.405
5.28776e-14 2.41
5.29698e-14 2.415
5.30618e-14 2.42
5.31542e-14 2.425
5.32496e-14 2.43
5.3348e-14 2.435
5.34439e-14 2.44
5.35357e-14 2.445
5.3623e-14 2.45
5.37043e-14 2.455
5.37852e-14 2.46
5.38712e-14 2.465
5.39608e-14 2.47
5.40461e-14 2.475
5.41335e-14 2.48
5.42252e-14 2.485
5.43141e-14 2.49
5.44111e-14 2.495
5.45142e-14 2.5
5.46174e-14 2.505
5.47276e-14 2.51
5.48346e-14 2.515
5.49449e-14 2.52
5.50521e-14 2.525
5.51559e-14 2.53
5.52634e-14 2.535
5.53709e-14 2.54
5.54836e-14 2.545
5.5601e-14 2.55
5.57195e-14 2.555
5.58384e-14 2.56
5.59555e-14 2.565
5.6079e-14 2.57
5.62074e-14 2.575
5.63375e-14 2.58
5.6468e-14 2.585
5.6594e-14 2.59
5.67232e-14 2.595
5.68609e-14 2.6
5.69949e-14 2.605
5.71343e-14 2.61
5.72752e-14 2.615
5.74199e-14 2.62
5.75705e-14 2.625
5.77201e-14 2.63
5.78732e-14 2.635
5.80255e-14 2.64
5.8177e-14 2.645
5.8331e-14 2.65
5.84786e-14 2.655
5.86334e-14 2.66
5.87908e-14 2.665
5.89533e-14 2.67
5.91177e-14 2.675
5.9295e-14 2.68
5.94723e-14 2.685
5.96425e-14 2.69
5.98215e-14 2.695
5.99904e-14 2.7
6.01608e-14 2.705
6.03221e-14 2.71
6.04882e-14 2.715
6.06514e-14 2.72
6.08083e-14 2.725
6.09623e-14 2.73
6.11224e-14 2.735
6.1293e-14 2.74
6.14519e-14 2.745
6.16118e-14 2.75
6.17776e-14 2.755
6.19412e-14 2.76
6.21057e-14 2.765
6.22669e-14 2.77
6.24318e-14 2.775
6.26023e-14 2.78
6.27734e-14 2.785
6.29415e-14 2.79
6.31082e-14 2.795
6.32792e-14 2.8
6.34588e-14 2.805
6.36324e-14 2.81
6.38195e-14 2.815
6.40255e-14 2.82
6.42465e-14 2.825
6.44568e-14 2.83
6.46656e-14 2.835
6.48773e-14 2.84
6.50917e-14 2.845
6.53218e-14 2.85
6.55569e-14 2.855
6.57935e-14 2.86
6.6039e-14 2.865
6.62886e-14 2.87
6.65305e-14 2.875
6.67687e-14 2.88
6.70006e-14 2.885
6.72384e-14 2.89
6.74623e-14 2.895
6.7682e-14 2.9
6.78961e-14 2.905
6.81076e-14 2.91
6.83194e-14 2.915
6.85205e-14 2.92
6.87229e-14 2.925
6.89213e-14 2.93
6.91212e-14 2.935
6.93225e-14 2.94
6.95232e-14 2.945
6.97176e-14 2.95
6.99153e-14 2.955
7.01183e-14 2.96
7.03231e-14 2.965
7.05299e-14 2.97
7.07329e-14 2.975
7.09398e-14 2.98
7.11491e-14 2.985
7.13596e-14 2.99
7.15706e-14 2.995
7.17819e-14 3
7.1993e-14 3.005
7.22036e-14 3.01
7.2414e-14 3.015
7.26255e-14 3.02
7.28353e-14 3.025
7.30444e-14 3.03
7.32516e-14 3.035
7.34595e-14 3.04
7.36682e-14 3.045
7.38769e-14 3.05
7.40858e-14 3.055
7.42958e-14 3.06
7.4499e-14 3.065
7.46981e-14 3.07
7.49098e-14 3.075
7.51284e-14 3.08
7.53506e-14 3.085
7.55648e-14 3.09
7.57876e-14 3.095
7.60094e-14 3.1
7.62297e-14 3.105
7.64402e-14 3.11
7.6649e-14 3.115
7.68667e-14 3.12
7.70838e-14 3.125
7.72985e-14 3.13
7.75224e-14 3.135
7.77378e-14 3.14
7.79637e-14 3.145
7.81975e-14 3.15
7.84329e-14 3.155
7.86592e-14 3.16
7.88856e-14 3.165
7.91096e-14 3.17
7.93339e-14 3.175
7.95566e-14 3.18
7.97846e-14 3.185
8.00105e-14 3.19
8.02338e-14 3.195
8.04623e-14 3.2
8.0686e-14 3.205
8.09036e-14 3.21
8.11198e-14 3.215
8.13387e-14 3.22
8.15659e-14 3.225
8.17921e-14 3.23
8.20046e-14 3.235
8.22215e-14 3.24
8.24273e-14 3.245
8.26259e-14 3.25
8.28155e-14 3.255
8.30079e-14 3.26
8.3192e-14 3.265
8.3382e-14 3.27
8.35697e-14 3.275
8.37674e-14 3.28
8.39674e-14 3.285
8.41628e-14 3.29
8.43581e-14 3.295
8.45563e-14 3.3
8.47546e-14 3.305
8.49576e-14 3.31
8.516e-14 3.315
8.53658e-14 3.32
8.55703e-14 3.325
8.57742e-14 3.33
8.59818e-14 3.335
8.61875e-14 3.34
8.6391e-14 3.345
8.65957e-14 3.35
8.68024e-14 3.355
8.70047e-14 3.36
8.7209e-14 3.365
8.74133e-14 3.37
8.76212e-14 3.375
8.78286e-14 3.38
8.80344e-14 3.385
8.82386e-14 3.39
8.84457e-14 3.395
8.86568e-14 3.4
8.88673e-14 3.405
8.9073e-14 3.41
8.92788e-14 3.415
8.94858e-14 3.42
8.96916e-14 3.425
8.98939e-14 3.43
9.00986e-14 3.435
9.03043e-14 3.44
9.05087e-14 3.445
9.07162e-14 3.45
9.09235e-14 3.455
9.1131e-14 3.46
9.13405e-14 3.465
9.15477e-14 3.47
9.17545e-14 3.475
9.19616e-14 3.48
9.21676e-14 3.485
9.23738e-14 3.49
9.25777e-14 3.495
9.27812e-14 3.5
9.29832e-14 3.505
9.31869e-14 3.51
9.33931e-14 3.515
9.35989e-14 3.52
9.38051e-14 3.525
9.4013e-14 3.53
9.42221e-14 3.535
9.4433e-14 3.54
9.46447e-14 3.545
9.48561e-14 3.55
9.50702e-14 3.555
9.52853e-14 3.56
9.55032e-14 3.565
9.57241e-14 3.57
9.59454e-14 3.575
9.61667e-14 3.58
9.63881e-14 3.585
9.66101e-14 3.59
9.68337e-14 3.595
9.70562e-14 3.6
9.72795e-14 3.605
9.75037e-14 3.61
9.77272e-14 3.615
9.79525e-14 3.62
9.81799e-14 3.625
9.84074e-14 3.63
9.8635e-14 3.635
9.88644e-14 3.64
9.90914e-14 3.645
9.93204e-14 3.65
9.95496e-14 3.655
9.97754e-14 3.66
1.00005e-13 3.665
1.00234e-13 3.67
1.00464e-13 3.675
1.00694e-13 3.68
1.00923e-13 3.685
1.01155e-13 3.69
1.01386e-13 3.695
1.01614e-13 3.7
1.01843e-13 3.705
1.02073e-13 3.71
1.02304e-13 3.715
1.02534e-13 3.72
1.02763e-13 3.725
1.02989e-13 3.73
1.03213e-13 3.735
1.03438e-13 3.74
1.03661e-13 3.745
1.03885e-13 3.75
1.04109e-13 3.755
1.04335e-13 3.76
1.04559e-13 3.765
1.04783e-13 3.77
1.05008e-13 3.775
1.05233e-13 3.78
1.05462e-13 3.785
1.05689e-13 3.79
1.05917e-13 3.795
1.06146e-13 3.8
1.06374e-13 3.805
1.06603e-13 3.81
1.06831e-13 3.815
1.07059e-13 3.82
1.07289e-13 3.825
1.07518e-13 3.83
1.07748e-13 3.835
1.07978e-13 3.84
1.08208e-13 3.845
1.0844e-13 3.85
1.0867e-13 3.855
1.089e-13 3.86
1.0913e-13 3.865
1.0936e-13 3.87
1.09592e-13 3.875
1.09824e-13 3.88
1.10056e-13 3.885
1.10287e-13 3.89
1.10518e-13 3.895
1.10751e-13 3.9
1.10984e-13 3.905
1.11215e-13 3.91
1.11446e-13 3.915
1.11677e-13 3.92
1.11907e-13 3.925
1.12137e-13 3.93
1.12367e-13 3.935
1.12597e-13 3.94
1.12823e-13 3.945
1.13048e-13 3.95
1.13272e-13 3.955
1.13493e-13 3.96
1.13713e-13 3.965
1.13935e-13 3.97
1.14158e-13 3.975
1.14381e-13 3.98
1.14606e-13 3.985
1.14834e-13 3.99
1.15063e-13 3.995
1.15295e-13 4
1.15526e-13 4.005
1.15757e-13 4.01
1.15989e-13 4.015
1.16218e-13 4.02
1.16444e-13 4.025
1.16663e-13 4.03
1.16895e-13 4.035
1.17127e-13 4.04
1.17358e-13 4.045
1.17587e-13 4.05
1.17811e-13 4.055
1.18033e-13 4.06
1.18258e-13 4.065
1.18477e-13 4.07
1.18696e-13 4.075
1.1891e-13 4.08
1.19129e-13 4.085
1.19345e-13 4.09
1.19565e-13 4.095
1.19784e-13 4.1
1.19997e-13 4.105
1.20202e-13 4.11
1.20408e-13 4.115
1.20612e-13 4.12
1.20814e-13 4.125
1.21021e-13 4.13
1.21232e-13 4.135
1.21441e-13 4.14
1.21653e-13 4.145
1.21871e-13 4.15
1.2209e-13 4.155
1.22307e-13 4.16
1.22515e-13 4.165
1.22728e-13 4.17
1.22949e-13 4.175
1.23176e-13 4.18
1.23398e-13 4.185
1.23623e-13 4.19
1.23848e-13 4.195
1.24083e-13 4.2
1.2432e-13 4.205
1.24561e-13 4.21
1.24817e-13 4.215
1.25069e-13 4.22
1.25319e-13 4.225
1.25569e-13 4.23
1.25816e-13 4.235
1.26063e-13 4.24
1.26309e-13 4.245
1.26555e-13 4.25
1.26799e-13 4.255
1.27038e-13 4.26
1.27275e-13 4.265
1.27514e-13 4.27
1.2775e-13 4.275
1.27987e-13 4.28
1.28226e-13 4.285
1.28467e-13 4.29
1.28702e-13 4.295
1.28939e-13 4.3
1.29173e-13 4.305
1.29407e-13 4.31
1.29635e-13 4.315
1.29856e-13 4.32
1.3007e-13 4.325
1.30281e-13 4.33
1.30486e-13 4.335
1.30691e-13 4.34
1.30888e-13 4.345
1.31093e-13 4.35
1.31307e-13 4.355
1.31523e-13 4.36
1.31746e-13 4.365
1.31966e-13 4.37
1.32187e-13 4.375
1.32405e-13 4.38
1.32631e-13 4.385
1.32856e-13 4.39
1.33078e-13 4.395
1.33301e-13 4.4
1.33523e-13 4.405
1.33744e-13 4.41
1.33964e-13 4.415
1.34182e-13 4.42
1.34407e-13 4.425
1.34635e-13 4.43
0 0
-6.58281e-20 0.005
-2.53908e-19 0.01
-5.11566e-19 0.015
-1.9207e-19 0.02
2.23121e-19 0.025
1.43409e-18 0.03
2.51081e-18 0.035
4.09709e-18 0.04
6.31197e-18 0.045
8.0893e-18 0.05
1.03319e-17 0.055
1.15865e-17 0.06
1.20037e-17 0.065
1.30616e-17 0.07
1.29156e-17 0.075
1.19271e-17 0.08
1.06703e-17 0.085
7.54822e-18 0.09
2.57696e-18 0.095
-6.0029e-18 0.1
-1.55303e-17 0.105
-2.53573e-17 0.11
-3.40963e-17 0.115
-4.35015e-17 0.12
-4.89164e-17 0.125
-5.31491e-17 0.13
-5.87101e-17 0.135
-5.73471e-17 0.14
-5.40233e-17 0.145
-3.76582e-17 0.15
-3.49379e-17 0.155
-2.65827e-17 0.16
-1.71951e-17 0.165
-8.2902e-18 0.17
-1.51815e-18 0.175
1.03757e-17 0.18
2.6155e-17 0.185
3.57106e-17 0.19
5.71198e-17 0.195
1.01752e-16 0.2
1.43131e-16 0.205
1.86575e-16 0.21
2.02256e-16 0.215
2.4045e-16 0.22
2.86803e-16 0.225
3.27221e-16 0.23
3.42645e-16 0.235
3.43482e-16 0.24
3.419e-16 0.245
3.504e-16 0.25
3.7464e-16 0.255
3.79306e-16 0.26
3.69537e-16 0.265
3.56234e-16 0.27
3.52533e-16 0.275
3.64147e-16 0.28
4.08841e-16 0.285
4.71794e-16 0.29
5.50876e-16 0.295
6.42148e-16 0.3
7.48249e-16 0.305
8.28825e-16 0.31
8.89501e-16 0.315
9.92256e-16 0.32
1.05226e-15 0.325
1.14263e-15 0.33
1.18477e-15 0.335
1.25906e-15 0.34
1.36187e-15 0.345
1.46426e-15 0.35
1.60053e-15 0.355
1.75081e-15 0.36
1.89265e-15 0.365
2.02127e-15 0.37
2.16061e-15 0.375
2.29906e-15 0.38
2.47229e-15 0.385
2.66003e-15 0.39
2.85428e-15 0.395
3.0433e-15 0.4
3.25244e-15 0.405
3.49381e-15 0.41
3.75506e-15 0.415
4.04303e-15 0.42
4.36271e-15 0.425
4.67673e-15 0.43
4.99537e-15 0.435
5.28682e-15 0.44
5.57129e-15 0.445
5.85691e-15 0.45
6.13303e-15 0.455
6.40059e-15 0.46
6.65236e-15 0.465
6.91706e-15 0.47
7.17386e-15 0.475
7.42621e-15 0.48
7.68317e-15 0.485
7.9454e-15 0.49
8.20551e-15 0.495
8.46697e-15 0.5
8.73503e-15 0.505
9.00078e-15 0.51
9.26161e-15 0.515
9.52077e-15 0.52
9.7833e-15 0.525
1.00455e-14 0.53
1.03077e-14 0.535
1.05681e-14 0.54
1.08297e-14 0.545
1.11072e-14 0.55
1.13927e-14 0.555
1.16728e-14 0.56
1.19417e-14 0.565
1.22107e-14 0.57
1.24737e-14 0.575
1.27307e-14 0.58
1.29985e-14 0.585
1.32697e-14 0.59
1.35487e-14 0.595
1.38215e-14 0.6
1.40769e-14 0.605
1.43414e-14 0.61
1.46003e-14 0.615
1.48768e-14 0.62
1.51449e-14 0.625
1.53809e-14 0.63
1.56204e-14 0.635
1.58308e-14 0.64
1.60447e-14 0.645
1.62625e-14 0.65
1.64858e-14 0.655
1.67219e-14 0.66
1.69423e-14 0.665
1.71367e-14 0.67
1.73125e-14 0.675
1.74807e-14 0.68
1.76442e-14 0.685
1.77877e-14 0.69
1.79023e-14 0.695
1.7984e-14 0.7
1.80143e-14 0.705
1.80735e-14 0.71
1.81693e-14 0.715
1.82642e-14 0.72
1.8373e-14 0.725
1.84932e-14 0.73
1.86008e-14 0.735
1.86962e-14 0.74
1.87964e-14 0.745
1.8859e-14 0.75
1.89579e-14 0.755
1.90528e-14 0.76
1.91416e-14 0.765
1.92407e-14 0.77
1.93563e-14 0.775
1.94794e-14 0.78
1.95947e-14 0.785
1.96853e-14 0.79
1.97733e-14 0.795
1.98772e-14 0.8
1.99646e-14 0.805
2.00409e-14 0.81
2.01321e-14 0.815
2.0222e-14 0.82
2.03294e-14 0.825
2.04423e-14 0.83
2.05599e-14 0.835
2.06888e-14 0.84
2.0828e-14 0.845
2.09743e-14 0.85
2.11343e-14 0.855
2.12912e-14 0.86
2.14539e-14 0.865
2.16121e-14 0.87
2.17709e-14 0.875
2.18996e-14 0.88
2.20074e-14 0.885
2.21163e-14 0.89
2.22379e-14 0.895
2.23493e-14 0.9
2.24636e-14 0.905
2.25722e-14 0.91
2.26711e-14 0.915
2.27904e-14 0.92
2.29154e-14 0.925
2.30409e-14 0.93
2.31592e-14 0.935
2.32902e-14 0.94
2.34207e-14 0.945
2.35636e-14 0.95
2.37025e-14 0.955
2.38407e-14 0.96
2.39771e-14 0.965
2.41108e-14 0.97
2.42465e-14 0.975
2.43795e-14 0.98
2.4522e-14 0.985
2.46768e-14 0.99
2.48179e-14 0.995
2.4942e-14 1
2.50579e-14 1.005
2.51627e-14 1.01
2.52809e-14 1.015
2.53997e-14 1.02
2.55166e-14 1.025
2.56357e-14 1.03
2.57536e-14 1.035
2.58691e-14 1.04
2.59972e-14 1.045
2.61203e-14 1.05
2.62486e-14 1.055
2.63765e-14 1.06
2.65093e-14 1.065
2.66456e-14 1.07
2.67845e-14 1.075
2.6925e-14 1.08
2.70638e-14 1.085
2.71957e-14 1.09
2.73317e-14 1.095
2.74811e-14 1.1
2.76305e-14 1.105
2.77706e-14 1.11
2.79036e-14 1.115
2.8027e-14 1.12
2.81502e-14 1.125
2.82637e-14 1.13
2.83615e-14 1.135
2.84556e-14 1.14
2.8552e-14 1.145
2.86497e-14 1.15
2.87496e-14 1.155
2.8854e-14 1.16
2.89567e-14 1.165
2.9058e-14 1.17
2.91578e-14 1.175
2.92605e-14 1.18
2.93692e-14 1.185
2.94787e-14 1.19
2.95974e-14 1.195
2.97129e-14 1.2
2.9823e-14 1.205
2.99311e-14 1.21
3.00394e-14 1.215
3.01467e-14 1.22
3.02552e-14 1.225
3.03611e-14 1.23
3.04625e-14 1.235
3.05626e-14 1.24
3.06705e-14 1.245
3.07774e-14 1.25
3.08863e-14 1.255
3.09895e-14 1.26
3.10965e-14 1.265
3.12033e-14 1.27
3.13079e-14 1.275
3.14113e-14 1.28
3.15164e-14 1.285
3.16199e-14 1.29
3.17209e-14 1.295
3.18246e-14 1.3
3.19332e-14 1.305
3.20387e-14 1.31
3.21474e-14 1.315
3.225e-14 1.32
3.23475e-14 1.325
3.24453e-14 1.33
3.25431e-14 1.335
3.26378e-14 1.34
3.2736e-14 1.345
3.28317e-14 1.35
3.29245e-14 1.355
3.30191e-14 1.36
3.31167e-14 1.365
3.32155e-14 1.37
3.33135e-14 1.375
3.34136e-14 1.38
3.35153e-14 1.385
3.36173e-14 1.39
3.37207e-14 1.395
3.38232e-14 1.4
3.39239e-14 1.405
3.4024e-14 1.41
3.41228e-14 1.415
3.4222e-14 1.42
3.43198e-14 1.425
3.44211e-14 1.43
3.45201e-14 1.435
3.46156e-14 1.44
3.47105e-14 1.445
3.48065e-14 1.45
3.4903e-14 1.455
3.49948e-14 1.46
3.50847e-14 1.465
3.51771e-14 1.47
3.52691e-14 1.475
3.53608e-14 1.48
3.54517e-14 1.485
3.55429e-14 1.49
3.56334e-14 1.495
3.57247e-14 1.5
3.58153e-14 1.505
3.59051e-14 1.51
3.59952e-14 1.515
3.6084e-14 1.52
3.61728e-14 1.525
3.62607e-14 1.53
3.63466e-14 1.535
3.64341e-14 1.54
3.65215e-14 1.545
3.66103e-14 1.55
3.67017e-14 1.555
3.6793e-14 1.56
3.68861e-14 1.565
3.69807e-14 1.57
3.70746e-14 1.575
3.71687e-14 1.58
3.7262e-14 1.585
3.73547e-14 1.59
3.74498e-14 1.595
3.75449e-14 1.6
3.76415e-14 1.605
3.77392e-14 1.61
3.78381e-14 1.615
3.79355e-14 1.62
3.80323e-14 1.625
3.81277e-14 1.63
3.82239e-14 1.635
3.83207e-14 1.64
3.84198e-14 1.645
3.85181e-14 1.65
3.86153e-14 1.655
3.87128e-14 1.66
3.88101e-14 1.665
3.89088e-14 1.67
3.9008e-14 1.675
3.91061e-14 1.68
3.9205e-14 1.685
3.93047e-14 1.69
3.94038e-14 1.695
3.94997e-14 1.7
3.95957e-14 1.705
3.969e-14 1.71
3.97854e-14 1.715
3.9879e-14 1.72
3.99748e-14 1.725
4.00686e-14 1.73
4.01613e-14 1.735
4.02609e-14 1.74
4.03659e-14 1.745
4.0469e-14 1.75
4.05728e-14 1.755
4.06751e-14 1.76
4.07763e-14 1.765
4.08798e-14 1.77
4.09835e-14 1.775
4.10869e-14 1.78
4.1188e-14 1.785
4.12864e-14 1.79
4.13838e-14 1.795
4.14845e-14 1.8
4.15855e-14 1.805
4.16869e-14 1.81
4.17874e-14 1.815
4.18846e-14 1.82
4.19755e-14 1.825
4.20695e-14 1.83
4.21664e-14 1.835
4.22611e-14 1.84
4.2356e-14 1.845
4.24479e-14 1.85
4.2542e-14 1.855
4.26334e-14 1.86
4.27266e-14 1.865
4.28201e-14 1.87
4.29133e-14 1.875
4.30056e-14 1.88
4.30998e-14 1.885
4.31933e-14 1.89
4.32873e-14 1.895
4.33837e-14 1.9
4.34816e-14 1.905
4.35787e-14 1.91
4.36739e-14 1.915
4.37688e-14 1.92
4.38608e-14 1.925
4.39521e-14 1.93
4.40417e-14 1.935
4.41311e-14 1.94
4.42205e-14 1.945
4.43097e-14 1.95
4.44005e-14 1.955
4.4493e-14 1.96
4.45861e-14 1.965
4.46784e-14 1.97
4.47728e-14 1.975
4.48691e-14 1.98
4.49651e-14 1.985
4.50618e-14 1.99
4.5159e-14 1.995
4.52545e-14 2
4.53486e-14 2.005
4.54418e-14 2.01
4.55345e-14 2.015
4.56285e-14 2.02
4.57235e-14 2.025
4.58178e-14 2.03
4.59116e-14 2.035
4.60064e-14 2.04
4.61023e-14 2.045
4.61974e-14 2.05
4.62907e-14 2.055
4.63831e-14 2.06
4.6477e-14 2.065
4.65705e-14 2.07
4.6663e-14 2.075
4.67561e-14 2.08
4.68501e-14 2.085
4.6945e-14 2.09
4.7041e-14 2.095
4.71359e-14 2.1
4.72341e-14 2.105
4.73307e-14 2.11
4.74314e-14 2.115
4.75332e-14 2.12
4.76346e-14 2.125
4.77334e-14 2.13
4.78287e-14 2.135
4.79192e-14 2.14
4.80084e-14 2.145
4.80982e-14 2.15
4.81904e-14 2.155
4.8286e-14 2.16
4.83828e-14 2.165
4.84761e-14 2.17
4.85716e-14 2.175
4.86695e-14 2.18
4.87669e-14 2.185
4.88626e-14 2.19
4.89586e-14 2.195
4.90542e-14 2.2
4.91515e-14 2.205
4.92472e-14 2.21
4.93414e-14 2.215
4.94395e-14 2.22
4.95401e-14 2.225
4.96435e-14 2.23
4.97439e-14 2.235
4.98433e-14 2.24
4.99437e-14 2.245
5.0038e-14 2.25
5.01289e-14 2.255
5.02223e-14 2.26
5.03145e-14 2.265
5.04048e-14 2.27
5.04934e-14 2.275
5.05813e-14 2.28
5.06658e-14 2.285
5.07507e-14 2.29
5.08397e-14 2.295
5.0924e-14 2.3
5.10063e-14 2.305
5.10864e-14 2.31
5.11713e-14 2.315
5.12618e-14 2.32
5.13537e-14 2.325
5.14473e-14 2.33
5.15388e-14 2.335
5.16325e-14 2.34
5.17283e-14 2.345
5.18178e-14 2.35
5.19055e-14 2.355
5.19912e-14 2.36
5.20743e-14 2.365
5.21615e-14 2.37
5.22495e-14 2.375
5.23364e-14 2.38
5.24273e-14 2.385
5.25166e-14 2.39
5.2608e-14 2.395
5.26966e-14 2.4
5.27861e-14 2.405
5.28776e-14 2.41
5.29698e-14 2.415
5.30618e-14 2.42
5.31542e-14 2.425
5.32496e-14 2.43
5.3348e-14 2.435
5.34439e-14 2.44
5.35357e-14 2.445
5.3623e-14 2.45
5.37043e-14 2.455
5.37852e-14 2.46
5.38712e-14 2.465
5.39608e-14 2.47
5.40461e-14 2.475
5.41335e-14 2.48
5.42252e-14 2.485
5.43141e-14 2.49
5.44111e-14 2.495
5.45142e-14 2.5
5.46174e-14 2.505
5.47276e-14 2.51
5.48346e-14 2.515
5.49449e-14 2.52
5.50521e-14 2.525
5.51559e-14 2.53
5.52634e-14 2.535
5.53709e-14 2.54
5.54836e-14 2.545
5.5601e-14 2.55
5.57195e-14 2.555
5.58384e-14 2.56
5.59555e-14 2.565
5.6079e-14 2.57
5.62074e-14 2.575
5.63375e-14 2.58
5.6468e-14 2.585
5.6594e-14 2.59
5.67232e-14 2.595
5.68609e-14 2.6
5.69949e-14 2.605
5.71343e-14 2.61
5.72752e-14 2.615
5.74199e-14 2.62
5.75705e-14 2.625
5.77201e-14 2.63
5.78732e-14 2.635
5.80255e-14 2.64
5.8177e-14 2.645
5.8331e-14 2.65
5.84786e-14 2.655
5.86334e-14 2.66
5.87908e-14 2.665
5.89533e-14 2.67
5.91177e-14 2.675
5.9295e-14 2.68
5.94723e-14 2.685
5.96425e-14 2.69
5.98215e-14 2.695
5.99904e-14 2.7
6.01608e-14 2.705
6.03221e-14 2.71
6.04882e-14 2.715
6.06514e-14 2.72
6.08083e-14 2.725
6.09623e-14 2.73
6.11224e-14 2.735
6.1293e-14 2.74
6.14519e-14 2.745
6.16118e-14 2.75
6.17776e-14 2.755
6.19412e-14 2.76
6.21057e-14 2.765
6.22669e-14 2.77
6.24318e-14 2.775
6.26023e-14 2.78
6.27734e-14 2.785
6.29415e-14 2.79
6.31082e-14 2.795
6.32792e-14 2.8
6.34588e-14 2.805
6.36324e-14 2.81
6.38195e-14 2.815
6.40255e-14 2.82
6.42465e-14 2.825
6.44568e-14 2.83
6.46656e-14 2.835
6.48773e-14 2.84
6.50917e-14 2.845
6.53218e-14 2.85
6.55569e-14 2.855
6.57935e-14 2.86
6.6039e-14 2.865
6.62886e-14 2.87
6.65305e-14 2.875
6.67687e-14 2.88
6.70006e-14 2.885
6.72384e-14 2.89
6.74623e-14 2.895
6.7682e-14 2.9
6.78961e-14 2.905
6.81076e-14 2.91
6.83194e-14 2.915
6.85205e-14 2.92
6.87229e-14 2.925
6.89213e-14 2.93
6.91212e-14 2.935
6.93225e-14 2.94
6.95232e-14 2.945
6.97176e-14 2.95
6.99153e-14 2.955
7.01183e-14 2.96
7.03231e-14 2.965
7.05299e-14 2.97
7.07329e-14 2.975
7.09398e-14 2.98
7.11491e-14 2.985
7.13596e-14 2.99
7.15706e-14 2.995
7.17819e-14 3
7.1993e-14 3.005
7.22036e-14 3.01
7.2414e-14 3.015
7.26255e-14 3.02
7.28353e-14 3.025
7.30444e-14 3.03
7.32516e-14 3.035
7.34595e-14 3.04
7.36682e-14 3.045
7.38769e-14 3.05
7.40858e-14 3.055
7.42958e-14 3.06
7.4499e-14 3.065
7.46981e-14 3.07
7.49098e-14 3.075
7.51284e-14 3.08
7.53506e-14 3.085
7.55648e-14 3.09
7.57876e-14 3.095
7.60094e-14 3.1
7.62297e-14 3.105
7.64402e-14 3.11
7.6649e-14 3.115
7.68667e-14 3.12
7.70838e-14 3.125
7.72985e-14 3.13
7.75224e-14 3.135
7.77378e-14 3.14
7.79637e-14 3.145
7.81975e-14 3.15
7.84329e-14 3.155
7.86592e-14 3.16
7.88856e-14 3.165
7.91096e-14 3.17
7.93339e-14 3.175
7.95566e-14 3.18
7.97846e-14 3.185
8.00105e-14 3.19
8.02338e-14 3.195
8.04623e-14 3.2
8.0686e-14 3.205
8.09036e-14 3.21
8.11198e-14 3.215
8.13387e-14 3.22
8.15659e-14 3.225
8.17921e-14 3.23
8.20046e-14 3.235
8.22215e-14 3.24
8.24273e-14 3.245
8.26259e-14 3.25
8.28155e-14 3.255
8.30079e-14 3.26
8.3192e-14 3.265
8.3382e-14 3.27
8.35697e-14 3.275
8.37674e-14 3.28
8.39674e-14 3.285
8.41628e-14 3.29
8.43581e-14 3.295
8.45563e-14 3.3
8.47546e-14 3.305
8.49576e-14 3.31
8.516e-14 3.315
8.53658e-14 3.32
8.55703e-14 3.325
8.57742e-14 3.33
8.59818e-14 3.335
8.61875e-14 3.34
8.6391e-14 3.345
8.65957e-14 3.35
8.68024e-14 3.355
8.70047e-14 3.36
8.7209e-14 3.365
8.74133e-14 3.37
8.76212e-14 3.375
8.78286e-14 3.38
8.80344e-14 3.385
8.82386e-14 3.39
8.84457e-14 3.395
8.86568e-14 3.4
8.88673e-14 3.405
8.9073e-14 3.41
8.92788e-14 3.415
8.94858e-14 3.42
8.96916e-14 3.425
8.98939e-14 3.43
9.00986e-14 3.435
9.03043e-14 3.44
9.05087e-14 3.445
9.07162e-14 3.45
9.09235e-14 3.455
9.1131e-14 3.46
9.13405e-14 3.465
9.15477e-14 3.47
9.17545e-14 3.475
9.19616e-14 3.48
9.21676e-14 3.485
9.23738e-14 3.49
9.25777e-14 3.495
9.27812e-14 3.5
9.29832e-14 3.505
9.31869e-14 3.51
9.33931e-14 3.515
9.35989e-14 3.52
9.38051e-14 3.525
9.4013e-14 3.53
9.42221e-14 3.535
9.4433e-14 3.54
9.46447e-14 3.545
9.48561e-14 3.55
9.50702e-14 3.555
9.52853e-14 3.56
9.55032e-14 3.565
9.57241e-14 3.57
9.59454e-14 3.575
9.61667e-14 3.58
9.63881e-14 3.585
9.66101e-14 3.59
9.68337e-14 3.595
9.70562e-14 3.6
9.72795e-14 3.605
9.75037e-14 3.61
9.77272e-14 3.615
9.79525e-14 3.62
9.81799e-14 3.625
9.84074e-14 3.63
9.8635e-14 3.635
9.88644e-14 3.64
9.90914e-14 3.645
9.93204e-14 3.65
9.95496e-14 3.655
9.97754e-14 3.66
1.00005e-13 3.665
1.00234e-13 3.67
1.00464e-13 3.675
1.00694e-13 3.68
1.00923e-13 3.685
1.01155e-13 3.69
1.01386e-13 3.695
1.01614e-13 3.7
1.01843e-13 3.705
1.02073e-13 3.71
1.02304e-13 3.715
1.02534e-13 3.72
1.02763e-13 3.725
1.02989e-13 3.73
1.03213e-13 3.735
1.03438e-13 3.74
1.03661e-13 3.745
1.03885e-13 3.75
1.04109e-13 3.755
1.04335e-13 3.76
1.04559e-13 3.765
1.04783e-13 3.77
1.05008e-13 3.775
1.05233e-13 3.78
1.05462e-13 3.785
1.05689e-13 3.79
1.05917e-13 3.795
1.06146e-13 3.8
1.06374e-13 3.805
1.06603e-13 3.81
1.06831e-13 3.815
1.07059e-13 3.82
1.07289e-13 3.825
1.07518e-13 3.83
1.07748e-13 3.835
1.07978e-13 3.84
1.08208e-13 3.845
1.0844e-13 3.85
1.0867e-13 3.855
1.089e-13 3.86
1.0913e-13 3.865
1.0936e-13 3.87
1.09592e-13 3.875
1.09824e-13 3.88
1.10056e-13 3.885
1.10287e-13 3.89
1.10518e-13 3.895
1.10751e-13 3.9
1.10984e-13 3.905
1.11215e-13 3.91
1.11446e-13 3.915
1.11677e-13 3.92
1.11907e-13 3.925
1.12137e-13 3.93
1.12367e-13 3.935
1.12597e-13 3.94
1.12823e-13 3.945
1.13048e-13 3.95
1.13272e-13 3.955
1.13493e-13 3.96
1.13713e-13 3.965
1.13935e-13 3.97
1.14158e-13 3.975
1.14381e-13 3.98
1.14606e-13 3.985
1.14834e-13 3.99
1.15063e-13 3.995
1.15295e-13 4
1.15526e-13 4.005
1.15757e-13 4.01
1.15989e-13 4.015
1.16218e-13 4.02
1.16444e-13 4.025
1.16663e-13 4.03
1.16895e-13 4.035
1.17127e-13 4.04
1.17358e-13 4.045
1.17587e-13 4.05
1.17811e-13 4.055
1.18033e-13 4.06
1.18258e-13 4.065
1.18477e-13 4.07
1.18696e-13 4.075
1.1891e-13 4.08
1.19129e-13 4.085
1.19345e-13 4.09
1.19565e-13 4.095
1.19784e-13 4.1
1.19997e-13 4.105
1.20202e-13 4.11
1.20408e-13 4.115
1.20612e-13 4.12
1.20814e-13 4.125
1.21021e-13 4.13
1.21232e-13 4.135
1.21441e-13 4.14
1.21653e-13 4.145
1.21871e-13 4.15
1.2209e-13 4.155
1.22307e-13 4.16
1.22515e-13 4.165
1.22728e-13 4.17
1.22949e-13 4.175
1.23176e-13 4.18
1.23398e-13 4.185
1.23623e-13 4.19
1.23848e-13 4.195
1.24083e-13 4.2
1.2432e-13 4.205
1.24561e-13 4.21
1.24817e-13 4.215
1.25069e-13 4.22
1.25319e-13 4.225
1.25569e-13 4.23
1.25816e-13 4.235
1.26063e-13 4.24
1.26309e-13 4.245
1.26555e-13 4.25
1.26799e-13 4.255
1.27038e-13 4.26
1.27275e-13 4.265
1.27514e-13 4.27
1.2775e-13 4.275
1.27987e-13 4.28
1.28226e-13 4.285
1.28467e-13 4.29
1.28702e-13 4.295
1.28939e-13 4.3
1.29173e-13 4.305
1.29407e-13 4.31
1.29635e-13 4.315
1.29856e-13 4.32
1.3007e-13 4.325
1.30281e-13 4.33
1.30486e-13 4.335
1.30691e-13 4.34
1.30888e-13 4.345
1.31093e-13 4.35
1.31307e-13 4.355
1.31523e-13 4.36
1.31746e-13 4.365
1.31966e-13 4.37
1.32187e-13 4.375
1.32405e-13 4.38
1.32631e-13 4.385
1.32856e-13 4.39
1.33078e-13 4.395
1.33301e-13 4.4
1.33523e-13 4.405
1.33744e-13 4.41
1.33964e-13 4.415
1.34182e-13 4.42
1.34407e-13 4.425
1.34635e-13 4.43
