0 0
-1.99099e-16 0.05
-3.71531e-16 0.1
-2.77148e-16 0.15
1.10517e-15 0.2
2.81628e-15 0.25
5.80478e-15 0.3
9.15382e-15 0.35
1.23218e-14 0.4
1.6695e-14 0.45
1.96419e-14 0.5
2.25681e-14 0.55
2.59093e-14 0.6
2.92082e-14 0.65
3.17621e-14 0.7
3.15566e-14 0.75
3.12286e-14 0.8
3.10773e-14 0.85
3.05435e-14 0.9
2.97931e-14 0.95
2.81471e-14 1
2.56966e-14 1.05
2.30823e-14 1.1
2.06195e-14 1.15
1.83626e-14 1.2
1.58583e-14 1.25
1.35383e-14 1.3
1.10216e-14 1.35
8.08687e-15 1.4
4.94234e-15 1.45
2.09868e-15 1.5
-9.31843e-16 1.55
-3.94944e-15 1.6
-6.79595e-15 1.65
-9.46275e-15 1.7
-1.22069e-14 1.75
-1.46834e-14 1.8
-1.71284e-14 1.85
-1.96318e-14 1.9
-2.2054e-14 1.95
-2.44619e-14 2
-2.67881e-14 2.05
-2.91584e-14 2.1
-3.1695e-14 2.15
-3.44327e-14 2.2
-3.73182e-14 2.25
-4.01653e-14 2.3
-4.29327e-14 2.35
-4.55517e-14 2.4
-4.80857e-14 2.45
-5.07975e-14 2.5
-5.35655e-14 2.55
-5.63002e-14 2.6
-5.91187e-14 2.65
-6.18247e-14 2.7
-6.45176e-14 2.75
-6.71254e-14 2.8
-6.97787e-14 2.85
-7.2425e-14 2.9
-7.50078e-14 2.95
-7.75436e-14 3
-8.01943e-14 3.05
-8.27967e-14 3.1
-8.55465e-14 3.15
-8.84614e-14 3.2
-9.13973e-14 3.25
-9.44541e-14 3.3
-9.74878e-14 3.35
-1.00529e-13 3.4
-1.03463e-13 3.45
-1.06285e-13 3.5
-1.09168e-13 3.55
-1.12014e-13 3.6
-1.14791e-13 3.65
-1.17588e-13 3.7
-1.20371e-13 3.75
-1.23304e-13 3.8
-1.26316e-13 3.85
-1.29425e-13 3.9
-1.32384e-13 3.95
-1.35446e-13 4
-1.386e-13 4.05
-1.41693e-13 4.1
-1.44804e-13 4.15
-1.47887e-13 4.2
-1.50905e-13 4.25
-1.53959e-13 4.3
-1.56939e-13 4.35
-1.5995e-13 4.4
-1.62973e-13 4.45
-1.65828e-13 4.5
-1.68719e-13 4.55
-1.71488e-13 4.6
-1.74328e-13 4.65
-1.77254e-13 4.7
-1.79971e-13 4.75
-1.82757e-13 4.8
-1.85167e-13 4.85
-1.87747e-13 4.9
-1.9048e-13 4.95
-1.93171e-13 5
-1.95877e-13 5.05
-1.98503e-13 5.1
-2.01102e-13 5.15
-2.03785e-13 5.2
-2.06462e-13 5.25
-2.09269e-13 5.3
-2.12098e-13 5.35
-2.14903e-13 5.4
-2.17675e-13 5.45
-2.20438e-13 5.5
-2.23169e-13 5.55
-2.25946e-13 5.6
-2.28747e-13 5.65
-2.31507e-13 5.7
-2.34247e-13 5.75
-2.37005e-13 5.8
-2.39842e-13 5.85
-2.42745e-13 5.9
-2.45622e-13 5.95
-2.48582e-13 6
-2.51563e-13 6.05
-2.54526e-13 6.1
-2.57485e-13 6.15
-2.60683e-13 6.2
-2.63831e-13 6.25
-2.66963e-13 6.3
-2.70191e-13 6.35
-2.73421e-13 6.4
0.0759992 6.45
0.0759992 6.5
9.9702e-06 6.55
9.9702e-06 6.6
0.00387498 6.65
9.9702e-06 6.7
0.00968386 6.75
9.9702e-06 6.8
0.0164496 6.85
9.9702e-06 6.9
0.0236995 6.95
9.9702e-06 7
0.0253003 7.05
9.9702e-06 7.1
0.0132441 7.15
9.9702e-06 7.2
9.9702e-06 7.25
9.9702e-06 7.3
9.9702e-06 7.35
9.9702e-06 7.4
9.9702e-06 7.45
9.9702e-06 7.5
9.9702e-06 7.55
9.9702e-06 7.6
9.9702e-06 7.65
9.9702e-06 7.7
9.9702e-06 7.75
9.9702e-06 7.8
9.9702e-06 7.85
9.9702e-06 7.9
9.9702e-06 7.95
9.9702e-06 8
9.9702e-06 8.05
9.9702e-06 8.1
9.9702e-06 8.15
9.9702e-06 8.2
9.9702e-06 8.25
9.9702e-06 8.3
9.9702e-06 8.35
9.9702e-06 8.4
9.9702e-06 8.45
9.9702e-06 8.5
9.9702e-06 8.55
9.9702e-06 8.6
9.9702e-06 8.65
9.9702e-06 8.7
9.9702e-06 8.75
9.9702e-06 8.8
9.9702e-06 8.85
9.9702e-06 8.9
9.9702e-06 8.95
9.9702e-06 9
9.9702e-06 9.05
9.9702e-06 9.1
9.9702e-06 9.15
9.9702e-06 9.2
9.9702e-06 9.25
9.9702e-06 9.3
9.9702e-06 9.35
9.9702e-06 9.4
9.9702e-06 9.45
9.9702e-06 9.5
9.9702e-06 9.55
9.9702e-06 9.6
9.9702e-06 9.65
9.9702e-06 9.7
9.9702e-06 9.75
9.9702e-06 9.8
9.9702e-06 9.85
9.9702e-06 9.9
9.9702e-06 9.95
9.9702e-06 10
9.9702e-06 10.05
9.9702e-06 10.1
9.9702e-06 10.15
9.9702e-06 10.2
9.9702e-06 10.25
9.9702e-06 10.3
9.9702e-06 10.35
9.9702e-06 10.4
9.9702e-06 10.45
9.9702e-06 10.5
9.9702e-06 10.55
9.9702e-06 10.6
9.9702e-06 10.65
9.9702e-06 10.7
9.9702e-06 10.75
9.9702e-06 10.8
9.9702e-06 10.85
9.9702e-06 10.9
9.9702e-06 10.95
9.9702e-06 11
9.9702e-06 11.05
9.9702e-06 11.1
9.9702e-06 11.15
9.9702e-06 11.2
9.9702e-06 11.25
9.9702e-06 11.3
9.9702e-06 11.35
9.9702e-06 11.4
9.9702e-06 11.45
9.9702e-06 11.5
9.9702e-06 11.55
9.9702e-06 11.6
9.9702e-06 11.65
9.9702e-06 11.7
9.9702e-06 11.75
9.9702e-06 11.8
9.9702e-06 11.85
9.9702e-06 11.9
9.9702e-06 11.95
