0 0
2.06215e-18 0.01
3.80353e-18 0.02
7.0128e-18 0.03
1.29735e-17 0.04
2.16806e-17 0.05
3.13691e-17 0.06
3.67081e-17 0.07
3.53205e-17 0.08
3.96115e-17 0.09
4.46103e-17 0.1
4.54702e-17 0.11
5.38103e-17 0.12
5.5448e-17 0.13
3.90899e-17 0.14
4.27928e-17 0.15
3.29655e-17 0.16
5.49654e-17 0.17
6.4724e-17 0.18
8.07066e-17 0.19
5.97099e-17 0.2
-3.00112e-17 0.21
-9.45583e-17 0.22
-1.57294e-16 0.23
-2.09624e-16 0.24
-2.99256e-16 0.25
-3.87525e-16 0.26
-5.33744e-16 0.27
-6.61557e-16 0.28
-7.94382e-16 0.29
-8.36109e-16 0.3
-7.8787e-16 0.31
-7.75342e-16 0.32
-7.44577e-16 0.33
-6.17679e-16 0.34
-5.66165e-16 0.35
-4.73537e-16 0.36
-4.78374e-16 0.37
-4.85173e-16 0.38
-6.84523e-16 0.39
-1.0706e-15 0.4
-1.2878e-15 0.41
-1.37694e-15 0.42
-1.53035e-15 0.43
-1.72303e-15 0.44
-1.79794e-15 0.45
-1.8982e-15 0.46
-1.98425e-15 0.47
-2.03136e-15 0.48
-2.03027e-15 0.49
-2.0205e-15 0.5
-2.01819e-15 0.51
-2.02766e-15 0.52
-2.05144e-15 0.53
-2.09743e-15 0.54
-2.15968e-15 0.55
-2.25403e-15 0.56
-2.32535e-15 0.57
-2.44684e-15 0.58
-2.60443e-15 0.59
-2.78358e-15 0.6
-2.97469e-15 0.61
-3.15446e-15 0.62
-3.38361e-15 0.63
-3.57074e-15 0.64
-3.77279e-15 0.65
-3.78919e-15 0.66
-3.63184e-15 0.67
-3.48689e-15 0.68
-3.39407e-15 0.69
-3.30891e-15 0.7
-3.38137e-15 0.71
-3.43869e-15 0.72
-3.39636e-15 0.73
-3.51434e-15 0.74
-3.61893e-15 0.75
-3.78225e-15 0.76
-3.94182e-15 0.77
-4.15532e-15 0.78
-4.4801e-15 0.79
-4.63168e-15 0.8
-4.72928e-15 0.81
-4.91608e-15 0.82
-5.11957e-15 0.83
-5.36078e-15 0.84
-5.61143e-15 0.85
-5.86987e-15 0.86
-6.14231e-15 0.87
-6.37156e-15 0.88
-6.68263e-15 0.89
-7.06274e-15 0.9
-7.44242e-15 0.91
-7.8824e-15 0.92
-8.32842e-15 0.93
-8.75999e-15 0.94
-9.20521e-15 0.95
-9.67704e-15 0.96
-1.01721e-14 0.97
-1.06397e-14 0.98
-1.11019e-14 0.99
-1.15611e-14 1
-1.20387e-14 1.01
-1.25206e-14 1.02
-1.29639e-14 1.03
-1.34154e-14 1.04
-1.38466e-14 1.05
-1.4288e-14 1.06
-1.46991e-14 1.07
-1.50891e-14 1.08
-1.54729e-14 1.09
-1.58421e-14 1.1
-1.61903e-14 1.11
-1.65345e-14 1.12
-1.68667e-14 1.13
-1.72151e-14 1.14
-1.75519e-14 1.15
-1.7871e-14 1.16
-1.81866e-14 1.17
-1.85058e-14 1.18
-1.88048e-14 1.19
-1.908e-14 1.2
-1.93721e-14 1.21
-1.96781e-14 1.22
-1.99795e-14 1.23
-2.02788e-14 1.24
-2.05672e-14 1.25
-2.08399e-14 1.26
-2.10844e-14 1.27
-2.13356e-14 1.28
-2.16005e-14 1.29
-2.18779e-14 1.3
-2.2155e-14 1.31
-2.24202e-14 1.32
-2.26849e-14 1.33
-2.29604e-14 1.34
-2.32412e-14 1.35
-2.35503e-14 1.36
-2.3882e-14 1.37
-2.42241e-14 1.38
-2.45671e-14 1.39
-2.49118e-14 1.4
-2.52814e-14 1.41
-2.56257e-14 1.42
-2.59688e-14 1.43
-2.63233e-14 1.44
-2.6697e-14 1.45
-2.70771e-14 1.46
-2.74452e-14 1.47
-2.78187e-14 1.48
-2.819e-14 1.49
-2.85706e-14 1.5
-2.89636e-14 1.51
-2.93422e-14 1.52
-2.97231e-14 1.53
-3.00908e-14 1.54
-3.04497e-14 1.55
-3.08035e-14 1.56
-3.11429e-14 1.57
-3.14906e-14 1.58
-3.18477e-14 1.59
-3.22029e-14 1.6
-3.25461e-14 1.61
-3.28995e-14 1.62
-3.32386e-14 1.63
-3.35576e-14 1.64
-3.38888e-14 1.65
-3.42305e-14 1.66
-3.45877e-14 1.67
-3.49607e-14 1.68
-3.53358e-14 1.69
-3.57026e-14 1.7
-3.60584e-14 1.71
-3.64124e-14 1.72
-3.67728e-14 1.73
-3.71451e-14 1.74
-3.75376e-14 1.75
-3.79199e-14 1.76
-3.82885e-14 1.77
-3.86556e-14 1.78
-3.9023e-14 1.79
-3.93845e-14 1.8
-3.97526e-14 1.81
-4.01122e-14 1.82
-4.04681e-14 1.83
-4.0829e-14 1.84
-4.11932e-14 1.85
-4.15524e-14 1.86
-4.19014e-14 1.87
-4.22533e-14 1.88
-4.26041e-14 1.89
-4.29599e-14 1.9
-4.33229e-14 1.91
-4.36844e-14 1.92
-4.40416e-14 1.93
-4.43898e-14 1.94
-4.4729e-14 1.95
-4.50736e-14 1.96
-4.54132e-14 1.97
-4.57541e-14 1.98
-4.60937e-14 1.99
-4.64297e-14 2
-4.67621e-14 2.01
-4.70915e-14 2.02
-4.74185e-14 2.03
-4.77515e-14 2.04
-4.80809e-14 2.05
-4.84113e-14 2.06
-4.8741e-14 2.07
-4.9078e-14 2.08
-4.94103e-14 2.09
-4.97428e-14 2.1
-5.00673e-14 2.11
-5.03862e-14 2.12
-5.06989e-14 2.13
-5.09854e-14 2.14
-5.12623e-14 2.15
-5.1532e-14 2.16
-5.17866e-14 2.17
-5.20385e-14 2.18
-5.23297e-14 2.19
-5.26288e-14 2.2
-5.29328e-14 2.21
-5.32529e-14 2.22
-5.35438e-14 2.23
-5.38264e-14 2.24
-5.41114e-14 2.25
-5.43932e-14 2.26
-5.46745e-14 2.27
-5.49378e-14 2.28
-5.52002e-14 2.29
-5.5435e-14 2.3
-5.56795e-14 2.31
-5.59125e-14 2.32
-5.61657e-14 2.33
-5.63941e-14 2.34
-5.66215e-14 2.35
-5.68389e-14 2.36
-5.70585e-14 2.37
-5.72889e-14 2.38
-5.75175e-14 2.39
-5.77465e-14 2.4
-5.79805e-14 2.41
-5.82283e-14 2.42
-5.84849e-14 2.43
-5.87295e-14 2.44
-5.89931e-14 2.45
-5.92589e-14 2.46
-5.9527e-14 2.47
-5.97982e-14 2.48
-6.00708e-14 2.49
-6.03345e-14 2.5
-6.05917e-14 2.51
-6.08504e-14 2.52
-6.11082e-14 2.53
-6.13511e-14 2.54
-6.15945e-14 2.55
-6.1837e-14 2.56
-6.20666e-14 2.57
-6.22808e-14 2.58
-6.24913e-14 2.59
-6.27165e-14 2.6
-6.29641e-14 2.61
-6.31984e-14 2.62
-6.34444e-14 2.63
-6.36769e-14 2.64
-6.39159e-14 2.65
-6.41826e-14 2.66
-6.44803e-14 2.67
-6.47782e-14 2.68
-6.50457e-14 2.69
-6.5324e-14 2.7
-6.55714e-14 2.71
-6.58134e-14 2.72
-6.60671e-14 2.73
-6.63312e-14 2.74
-6.659e-14 2.75
-6.68416e-14 2.76
-6.70777e-14 2.77
-6.73306e-14 2.78
-6.75815e-14 2.79
-6.78094e-14 2.8
-6.80404e-14 2.81
-6.82354e-14 2.82
-6.84556e-14 2.83
-6.86662e-14 2.84
-6.88859e-14 2.85
-6.91001e-14 2.86
-6.92844e-14 2.87
-6.94507e-14 2.88
-6.96295e-14 2.89
-6.98213e-14 2.9
-7.00432e-14 2.91
-7.02459e-14 2.92
-7.04707e-14 2.93
-7.07105e-14 2.94
-7.09461e-14 2.95
-7.11849e-14 2.96
-7.14209e-14 2.97
-7.16429e-14 2.98
-7.18637e-14 2.99
-7.20826e-14 3
-7.23004e-14 3.01
-7.25083e-14 3.02
-7.27196e-14 3.03
-7.29441e-14 3.04
-7.31512e-14 3.05
-7.33606e-14 3.06
-7.35532e-14 3.07
-7.37221e-14 3.08
-7.38812e-14 3.09
-7.40383e-14 3.1
-7.42135e-14 3.11
-7.44119e-14 3.12
-7.46333e-14 3.13
-7.48584e-14 3.14
-7.50819e-14 3.15
-7.53025e-14 3.16
-7.55331e-14 3.17
-7.57652e-14 3.18
-7.60053e-14 3.19
-7.62559e-14 3.2
-7.65072e-14 3.21
-7.67632e-14 3.22
-7.70073e-14 3.23
-7.72149e-14 3.24
-7.74151e-14 3.25
-7.76265e-14 3.26
-7.7838e-14 3.27
-7.80435e-14 3.28
-7.82336e-14 3.29
-7.84009e-14 3.3
-7.85503e-14 3.31
-7.8671e-14 3.32
-7.8762e-14 3.33
-7.8873e-14 3.34
-7.89887e-14 3.35
-7.91016e-14 3.36
-7.92166e-14 3.37
-7.93287e-14 3.38
-7.94328e-14 3.39
-7.95399e-14 3.4
-7.96564e-14 3.41
-7.97674e-14 3.42
-7.98853e-14 3.43
-8.00055e-14 3.44
-8.01167e-14 3.45
-8.02138e-14 3.46
-8.03075e-14 3.47
-8.03979e-14 3.48
-8.05013e-14 3.49
-8.06185e-14 3.5
-8.07363e-14 3.51
-8.08623e-14 3.52
-8.09851e-14 3.53
-8.11075e-14 3.54
-8.12304e-14 3.55
-8.1352e-14 3.56
-8.14728e-14 3.57
-8.16118e-14 3.58
-8.17642e-14 3.59
-8.19109e-14 3.6
-8.2063e-14 3.61
-8.22161e-14 3.62
-8.23758e-14 3.63
-8.25317e-14 3.64
-8.26897e-14 3.65
-8.28434e-14 3.66
-8.2995e-14 3.67
-8.315e-14 3.68
-8.33132e-14 3.69
-8.34732e-14 3.7
-8.36399e-14 3.71
-8.38047e-14 3.72
-8.39778e-14 3.73
-8.41523e-14 3.74
-8.43283e-14 3.75
-8.45111e-14 3.76
-8.46933e-14 3.77
-8.48722e-14 3.78
-8.50576e-14 3.79
-8.52355e-14 3.8
-8.54142e-14 3.81
-8.55934e-14 3.82
-8.57763e-14 3.83
-8.59547e-14 3.84
-8.61309e-14 3.85
-8.63089e-14 3.86
-8.64854e-14 3.87
-8.66624e-14 3.88
-8.68373e-14 3.89
-8.70173e-14 3.9
-8.72e-14 3.91
-8.73889e-14 3.92
-8.75774e-14 3.93
-8.77618e-14 3.94
-8.7949e-14 3.95
-8.81303e-14 3.96
-8.83098e-14 3.97
-8.8494e-14 3.98
-8.86799e-14 3.99
-8.88751e-14 4
-8.90718e-14 4.01
-8.92581e-14 4.02
-8.94481e-14 4.03
-8.96354e-14 4.04
-8.98083e-14 4.05
-8.99693e-14 4.06
-9.01167e-14 4.07
-9.02561e-14 4.08
-9.04036e-14 4.09
-9.05637e-14 4.1
-9.07383e-14 4.11
-9.08959e-14 4.12
-9.10407e-14 4.13
-9.1194e-14 4.14
-9.13518e-14 4.15
-9.15216e-14 4.16
-9.16945e-14 4.17
-9.18873e-14 4.18
-9.20568e-14 4.19
-9.22276e-14 4.2
-9.2418e-14 4.21
-9.25982e-14 4.22
-9.27867e-14 4.23
-9.29765e-14 4.24
-9.3169e-14 4.25
-9.33676e-14 4.26
-9.35607e-14 4.27
-9.37532e-14 4.28
-9.39438e-14 4.29
-9.41334e-14 4.3
-9.4322e-14 4.31
-9.45037e-14 4.32
-9.46921e-14 4.33
-9.49003e-14 4.34
-9.51136e-14 4.35
-9.53268e-14 4.36
-9.55117e-14 4.37
-9.57187e-14 4.38
-9.59071e-14 4.39
-9.60929e-14 4.4
-9.62781e-14 4.41
-9.64657e-14 4.42
-9.66799e-14 4.43
-9.69007e-14 4.44
-9.71073e-14 4.45
-9.72797e-14 4.46
-9.74345e-14 4.47
-9.75657e-14 4.48
-9.77194e-14 4.49
-9.78691e-14 4.5
-9.80266e-14 4.51
-9.81664e-14 4.52
-9.82877e-14 4.53
-9.8405e-14 4.54
-9.85072e-14 4.55
-9.86215e-14 4.56
-9.87356e-14 4.57
-9.88385e-14 4.58
-9.89273e-14 4.59
-9.90161e-14 4.6
-9.91054e-14 4.61
-9.91972e-14 4.62
-9.92944e-14 4.63
-9.939e-14 4.64
-9.94848e-14 4.65
-9.95798e-14 4.66
-9.96739e-14 4.67
-9.97717e-14 4.68
-9.98666e-14 4.69
-9.9961e-14 4.7
-1.00055e-13 4.71
-1.00149e-13 4.72
-1.00245e-13 4.73
-1.00336e-13 4.74
-1.00432e-13 4.75
-1.00529e-13 4.76
-1.00625e-13 4.77
-1.00726e-13 4.78
-1.00821e-13 4.79
-1.0092e-13 4.8
-1.01018e-13 4.81
-1.0112e-13 4.82
-1.01224e-13 4.83
-1.01327e-13 4.84
-1.01442e-13 4.85
-1.01568e-13 4.86
-1.01694e-13 4.87
-1.01814e-13 4.88
-1.0193e-13 4.89
-1.02045e-13 4.9
-1.02167e-13 4.91
-1.02302e-13 4.92
-1.0244e-13 4.93
-1.02589e-13 4.94
-1.02732e-13 4.95
-1.0287e-13 4.96
-1.02984e-13 4.97
-1.03078e-13 4.98
-1.03156e-13 4.99
-1.03213e-13 5
-1.03275e-13 5.01
-1.03307e-13 5.02
-1.03309e-13 5.03
-1.03321e-13 5.04
-1.03312e-13 5.05
-1.03287e-13 5.06
-1.03272e-13 5.07
-1.03254e-13 5.08
-1.03214e-13 5.09
-1.03166e-13 5.1
-1.03115e-13 5.11
-1.03069e-13 5.12
-1.03026e-13 5.13
-1.02964e-13 5.14
-1.02903e-13 5.15
-1.02803e-13 5.16
-1.02724e-13 5.17
-1.02649e-13 5.18
-1.0258e-13 5.19
-1.02503e-13 5.2
-1.02436e-13 5.21
-1.02363e-13 5.22
-1.02248e-13 5.23
-1.02102e-13 5.24
-1.01918e-13 5.25
-1.01743e-13 5.26
-1.01606e-13 5.27
-1.01501e-13 5.28
-1.01388e-13 5.29
-1.01275e-13 5.3
-1.01137e-13 5.31
-1.01003e-13 5.32
-1.00887e-13 5.33
-1.00784e-13 5.34
-1.00683e-13 5.35
-1.00597e-13 5.36
-1.00511e-13 5.37
-1.00446e-13 5.38
-1.0038e-13 5.39
-1.00326e-13 5.4
-1.00274e-13 5.41
-1.00217e-13 5.42
-1.00164e-13 5.43
-1.0011e-13 5.44
-1.00054e-13 5.45
-9.99926e-14 5.46
-9.9924e-14 5.47
-9.98448e-14 5.48
-9.97756e-14 5.49
-9.96974e-14 5.5
-9.96198e-14 5.51
-9.95516e-14 5.52
-9.94872e-14 5.53
-9.94244e-14 5.54
-9.93513e-14 5.55
-9.92789e-14 5.56
-9.92157e-14 5.57
-9.91438e-14 5.58
-9.9088e-14 5.59
-9.90092e-14 5.6
-9.89179e-14 5.61
-9.88053e-14 5.62
-9.86819e-14 5.63
-9.85582e-14 5.64
-9.84673e-14 5.65
-9.83784e-14 5.66
-9.82642e-14 5.67
-9.81672e-14 5.68
-9.80721e-14 5.69
-9.79453e-14 5.7
-9.78318e-14 5.71
-9.77184e-14 5.72
-9.76297e-14 5.73
-9.75247e-14 5.74
-9.74376e-14 5.75
-9.7354e-14 5.76
-9.72727e-14 5.77
-9.71871e-14 5.78
-9.71011e-14 5.79
-9.70357e-14 5.8
-9.69753e-14 5.81
-9.68801e-14 5.82
-9.6766e-14 5.83
-9.66778e-14 5.84
-9.66025e-14 5.85
-9.65156e-14 5.86
-9.6436e-14 5.87
-9.63584e-14 5.88
-9.62779e-14 5.89
-9.61922e-14 5.9
-9.60894e-14 5.91
-9.60043e-14 5.92
-9.59079e-14 5.93
-9.58013e-14 5.94
-9.57036e-14 5.95
-9.56003e-14 5.96
-9.54969e-14 5.97
-9.53829e-14 5.98
-9.52639e-14 5.99
-9.51406e-14 6
-9.50112e-14 6.01
-9.48829e-14 6.02
-9.47495e-14 6.03
-9.46229e-14 6.04
-9.44957e-14 6.05
-9.43702e-14 6.06
-9.42396e-14 6.07
-9.41067e-14 6.08
-9.3972e-14 6.09
-9.38365e-14 6.1
-9.36997e-14 6.11
-9.35659e-14 6.12
-9.34299e-14 6.13
-9.32935e-14 6.14
-9.3158e-14 6.15
-9.3022e-14 6.16
-9.28831e-14 6.17
-9.2747e-14 6.18
-9.26037e-14 6.19
-9.24634e-14 6.2
-9.23197e-14 6.21
-9.21805e-14 6.22
-9.20501e-14 6.23
-9.19174e-14 6.24
-9.17852e-14 6.25
-9.16568e-14 6.26
-9.15395e-14 6.27
-9.14231e-14 6.28
-9.13094e-14 6.29
-9.12106e-14 6.3
-9.10934e-14 6.31
-9.10026e-14 6.32
-9.09151e-14 6.33
-9.08456e-14 6.34
-9.07819e-14 6.35
-9.07417e-14 6.36
-9.07009e-14 6.37
-9.06706e-14 6.38
-9.0623e-14 6.39
-9.05898e-14 6.4
-9.05537e-14 6.41
-9.05223e-14 6.42
-9.04945e-14 6.43
-9.0466e-14 6.44
-9.0414e-14 6.45
-9.03705e-14 6.46
-9.03757e-14 6.47
-9.03562e-14 6.48
-9.03692e-14 6.49
-9.03804e-14 6.5
-9.0418e-14 6.51
-9.0467e-14 6.52
-9.05136e-14 6.53
-9.05625e-14 6.54
-9.063e-14 6.55
-9.06873e-14 6.56
-9.075e-14 6.57
-9.08215e-14 6.58
-9.08918e-14 6.59
-9.0982e-14 6.6
-9.10611e-14 6.61
-9.11307e-14 6.62
-9.12036e-14 6.63
0.0377372 6.64
0.0377372 6.65
0.0377372 6.66
0.0377372 6.67
0.0327609 6.68
0.0327609 6.69
0.0109553 6.7
9.9702e-06 6.71
9.9702e-06 6.72
9.9702e-06 6.73
9.9702e-06 6.74
9.9702e-06 6.75
9.9702e-06 6.76
9.9702e-06 6.77
9.9702e-06 6.78
9.9702e-06 6.79
9.9702e-06 6.8
0.00227051 6.81
0.00227051 6.82
9.9702e-06 6.83
0.000367089 6.84
0.000367089 6.85
3.84706e-05 6.86
9.9702e-06 6.87
7.43469e-05 6.88
9.9702e-06 6.89
9.9702e-06 6.9
9.9702e-06 6.91
9.9702e-06 6.92
9.9702e-06 6.93
9.9702e-06 6.94
9.9702e-06 6.95
9.9702e-06 6.96
9.9702e-06 6.97
9.9702e-06 6.98
9.9702e-06 6.99
9.9702e-06 7
9.9702e-06 7.01
9.9702e-06 7.02
9.9702e-06 7.03
9.9702e-06 7.04
9.9702e-06 7.05
9.9702e-06 7.06
9.9702e-06 7.07
9.9702e-06 7.08
9.9702e-06 7.09
9.9702e-06 7.1
9.9702e-06 7.11
9.9702e-06 7.12
9.9702e-06 7.13
9.9702e-06 7.14
9.9702e-06 7.15
9.9702e-06 7.16
9.9702e-06 7.17
9.9702e-06 7.18
9.9702e-06 7.19
9.9702e-06 7.2
9.9702e-06 7.21
9.9702e-06 7.22
9.9702e-06 7.23
9.9702e-06 7.24
9.9702e-06 7.25
9.9702e-06 7.26
9.9702e-06 7.27
9.9702e-06 7.28
9.9702e-06 7.29
9.9702e-06 7.3
9.9702e-06 7.31
9.9702e-06 7.32
9.9702e-06 7.33
9.9702e-06 7.34
9.9702e-06 7.35
9.9702e-06 7.36
9.9702e-06 7.37
9.9702e-06 7.38
9.9702e-06 7.39
9.9702e-06 7.4
9.9702e-06 7.41
9.9702e-06 7.42
9.9702e-06 7.43
9.9702e-06 7.44
9.9702e-06 7.45
9.9702e-06 7.46
9.9702e-06 7.47
9.9702e-06 7.48
9.9702e-06 7.49
9.9702e-06 7.5
9.9702e-06 7.51
9.9702e-06 7.52
9.9702e-06 7.53
9.9702e-06 7.54
9.9702e-06 7.55
9.9702e-06 7.56
9.9702e-06 7.57
9.9702e-06 7.58
9.9702e-06 7.59
9.9702e-06 7.6
9.9702e-06 7.61
9.9702e-06 7.62
9.9702e-06 7.63
9.9702e-06 7.64
9.9702e-06 7.65
9.9702e-06 7.66
9.9702e-06 7.67
9.9702e-06 7.68
9.9702e-06 7.69
9.9702e-06 7.7
9.9702e-06 7.71
9.9702e-06 7.72
9.9702e-06 7.73
9.9702e-06 7.74
9.9702e-06 7.75
9.9702e-06 7.76
9.9702e-06 7.77
9.9702e-06 7.78
9.9702e-06 7.79
9.9702e-06 7.8
9.9702e-06 7.81
9.9702e-06 7.82
9.9702e-06 7.83
9.9702e-06 7.84
9.9702e-06 7.85
9.9702e-06 7.86
9.9702e-06 7.87
9.9702e-06 7.88
9.9702e-06 7.89
9.9702e-06 7.9
9.9702e-06 7.91
9.9702e-06 7.92
9.9702e-06 7.93
9.9702e-06 7.94
9.9702e-06 7.95
9.9702e-06 7.96
9.9702e-06 7.97
9.9702e-06 7.98
9.9702e-06 7.99
9.9702e-06 8
9.9702e-06 8.01
9.9702e-06 8.02
9.9702e-06 8.03
9.9702e-06 8.04
9.9702e-06 8.05
9.9702e-06 8.06
9.9702e-06 8.07
9.9702e-06 8.08
9.9702e-06 8.09
9.9702e-06 8.1
9.9702e-06 8.11
9.9702e-06 8.12
9.9702e-06 8.13
9.9702e-06 8.14
9.9702e-06 8.15
9.9702e-06 8.16
9.9702e-06 8.17
9.9702e-06 8.18
9.9702e-06 8.19
9.9702e-06 8.2
9.9702e-06 8.21
9.9702e-06 8.22
9.9702e-06 8.23
9.9702e-06 8.24
9.9702e-06 8.25
9.9702e-06 8.26
9.9702e-06 8.27
9.9702e-06 8.28
9.9702e-06 8.29
9.9702e-06 8.3
9.9702e-06 8.31
9.9702e-06 8.32
9.9702e-06 8.33
9.9702e-06 8.34
9.9702e-06 8.35
9.9702e-06 8.36
9.9702e-06 8.37
9.9702e-06 8.38
9.9702e-06 8.39
9.9702e-06 8.4
9.9702e-06 8.41
9.9702e-06 8.42
9.9702e-06 8.43
9.9702e-06 8.44
9.9702e-06 8.45
9.9702e-06 8.46
9.9702e-06 8.47
9.9702e-06 8.48
9.9702e-06 8.49
9.9702e-06 8.5
9.9702e-06 8.51
9.9702e-06 8.52
9.9702e-06 8.53
9.9702e-06 8.54
9.9702e-06 8.55
9.9702e-06 8.56
9.9702e-06 8.57
9.9702e-06 8.58
9.9702e-06 8.59
9.9702e-06 8.6
9.9702e-06 8.61
9.9702e-06 8.62
9.9702e-06 8.63
9.9702e-06 8.64
9.9702e-06 8.65
9.9702e-06 8.66
9.9702e-06 8.67
9.9702e-06 8.68
9.9702e-06 8.69
9.9702e-06 8.7
9.9702e-06 8.71
9.9702e-06 8.72
9.9702e-06 8.73
9.9702e-06 8.74
9.9702e-06 8.75
9.9702e-06 8.76
9.9702e-06 8.77
9.9702e-06 8.78
9.9702e-06 8.79
9.9702e-06 8.8
9.9702e-06 8.81
9.9702e-06 8.82
9.9702e-06 8.83
9.9702e-06 8.84
9.9702e-06 8.85
9.9702e-06 8.86
9.9702e-06 8.87
9.9702e-06 8.88
9.9702e-06 8.89
9.9702e-06 8.9
9.9702e-06 8.91
9.9702e-06 8.92
9.9702e-06 8.93
9.9702e-06 8.94
9.9702e-06 8.95
9.9702e-06 8.96
9.9702e-06 8.97
9.9702e-06 8.98
9.9702e-06 8.99
9.9702e-06 9
9.9702e-06 9.01
9.9702e-06 9.02
9.9702e-06 9.03
9.9702e-06 9.04
9.9702e-06 9.05
9.9702e-06 9.06
9.9702e-06 9.07
9.9702e-06 9.08
9.9702e-06 9.09
9.9702e-06 9.1
9.9702e-06 9.11
9.9702e-06 9.12
9.9702e-06 9.13
9.9702e-06 9.14
9.9702e-06 9.15
9.9702e-06 9.16
9.9702e-06 9.17
9.9702e-06 9.18
9.9702e-06 9.19
9.9702e-06 9.2
9.9702e-06 9.21
9.9702e-06 9.22
9.9702e-06 9.23
9.9702e-06 9.24
9.9702e-06 9.25
9.9702e-06 9.26
9.9702e-06 9.27
9.9702e-06 9.28
9.9702e-06 9.29
9.9702e-06 9.3
9.9702e-06 9.31
9.9702e-06 9.32
9.9702e-06 9.33
9.9702e-06 9.34
9.9702e-06 9.35
9.9702e-06 9.36
9.9702e-06 9.37
9.9702e-06 9.38
9.9702e-06 9.39
9.9702e-06 9.4
9.9702e-06 9.41
9.9702e-06 9.42
9.9702e-06 9.43
9.9702e-06 9.44
9.9702e-06 9.45
9.9702e-06 9.46
9.9702e-06 9.47
9.9702e-06 9.48
9.9702e-06 9.49
9.9702e-06 9.5
9.9702e-06 9.51
9.9702e-06 9.52
9.9702e-06 9.53
9.9702e-06 9.54
9.9702e-06 9.55
9.9702e-06 9.56
9.9702e-06 9.57
9.9702e-06 9.58
9.9702e-06 9.59
9.9702e-06 9.6
9.9702e-06 9.61
9.9702e-06 9.62
9.9702e-06 9.63
9.9702e-06 9.64
9.9702e-06 9.65
9.9702e-06 9.66
9.9702e-06 9.67
9.9702e-06 9.68
9.9702e-06 9.69
9.9702e-06 9.7
9.9702e-06 9.71
9.9702e-06 9.72
9.9702e-06 9.73
9.9702e-06 9.74
9.9702e-06 9.75
9.9702e-06 9.76
9.9702e-06 9.77
9.9702e-06 9.78
9.9702e-06 9.79
9.9702e-06 9.8
9.9702e-06 9.81
9.9702e-06 9.82
9.9702e-06 9.83
9.9702e-06 9.84
9.9702e-06 9.85
9.9702e-06 9.86
9.9702e-06 9.87
9.9702e-06 9.88
9.9702e-06 9.89
9.9702e-06 9.9
9.9702e-06 9.91
9.9702e-06 9.92
9.9702e-06 9.93
9.9702e-06 9.94
9.9702e-06 9.95
9.9702e-06 9.96
9.9702e-06 9.97
9.9702e-06 9.98
9.9702e-06 9.99
9.9702e-06 10
9.9702e-06 10.01
9.9702e-06 10.02
9.9702e-06 10.03
9.9702e-06 10.04
9.9702e-06 10.05
9.9702e-06 10.06
9.9702e-06 10.07
9.9702e-06 10.08
9.9702e-06 10.09
9.9702e-06 10.1
9.9702e-06 10.11
9.9702e-06 10.12
9.9702e-06 10.13
9.9702e-06 10.14
9.9702e-06 10.15
9.9702e-06 10.16
9.9702e-06 10.17
9.9702e-06 10.18
9.9702e-06 10.19
9.9702e-06 10.2
9.9702e-06 10.21
9.9702e-06 10.22
9.9702e-06 10.23
9.9702e-06 10.24
9.9702e-06 10.25
9.9702e-06 10.26
9.9702e-06 10.27
9.9702e-06 10.28
9.9702e-06 10.29
9.9702e-06 10.3
9.9702e-06 10.31
9.9702e-06 10.32
9.9702e-06 10.33
9.9702e-06 10.34
9.9702e-06 10.35
9.9702e-06 10.36
9.9702e-06 10.37
9.9702e-06 10.38
9.9702e-06 10.39
9.9702e-06 10.4
9.9702e-06 10.41
9.9702e-06 10.42
9.9702e-06 10.43
9.9702e-06 10.44
9.9702e-06 10.45
9.9702e-06 10.46
9.9702e-06 10.47
9.9702e-06 10.48
9.9702e-06 10.49
9.9702e-06 10.5
9.9702e-06 10.51
9.9702e-06 10.52
9.9702e-06 10.53
9.9702e-06 10.54
9.9702e-06 10.55
9.9702e-06 10.56
9.9702e-06 10.57
9.9702e-06 10.58
9.9702e-06 10.59
9.9702e-06 10.6
9.9702e-06 10.61
9.9702e-06 10.62
9.9702e-06 10.63
9.9702e-06 10.64
9.9702e-06 10.65
9.9702e-06 10.66
9.9702e-06 10.67
9.9702e-06 10.68
9.9702e-06 10.69
9.9702e-06 10.7
9.9702e-06 10.71
9.9702e-06 10.72
9.9702e-06 10.73
9.9702e-06 10.74
9.9702e-06 10.75
9.9702e-06 10.76
9.9702e-06 10.77
9.9702e-06 10.78
9.9702e-06 10.79
9.9702e-06 10.8
9.9702e-06 10.81
9.9702e-06 10.82
9.9702e-06 10.83
9.9702e-06 10.84
9.9702e-06 10.85
9.9702e-06 10.86
9.9702e-06 10.87
9.9702e-06 10.88
9.9702e-06 10.89
9.9702e-06 10.9
9.9702e-06 10.91
9.9702e-06 10.92
9.9702e-06 10.93
9.9702e-06 10.94
9.9702e-06 10.95
9.9702e-06 10.96
9.9702e-06 10.97
9.9702e-06 10.98
9.9702e-06 10.99
9.9702e-06 11
9.9702e-06 11.01
9.9702e-06 11.02
9.9702e-06 11.03
9.9702e-06 11.04
9.9702e-06 11.05
9.9702e-06 11.06
9.9702e-06 11.07
9.9702e-06 11.08
9.9702e-06 11.09
9.9702e-06 11.1
9.9702e-06 11.11
9.9702e-06 11.12
9.9702e-06 11.13
9.9702e-06 11.14
9.9702e-06 11.15
9.9702e-06 11.16
9.9702e-06 11.17
9.9702e-06 11.18
9.9702e-06 11.19
9.9702e-06 11.2
9.9702e-06 11.21
9.9702e-06 11.22
9.9702e-06 11.23
9.9702e-06 11.24
9.9702e-06 11.25
9.9702e-06 11.26
9.9702e-06 11.27
9.9702e-06 11.28
-0.0281463 11.29
-9.9702e-06 11.3
-0.0268992 11.31
-0.0268223 11.32
-1.00003e-05 11.33
-1.00003e-05 11.34
-9.9702e-06 11.35
-9.9702e-06 11.36
-9.9702e-06 11.37
-9.9702e-06 11.38
-9.9702e-06 11.39
-9.9702e-06 11.4
-9.9702e-06 11.41
-9.9702e-06 11.42
-9.9702e-06 11.43
-9.9702e-06 11.44
-9.9702e-06 11.45
-9.9702e-06 11.46
-9.9702e-06 11.47
-9.9702e-06 11.48
-9.9702e-06 11.49
-9.9702e-06 11.5
-9.9702e-06 11.51
-9.9702e-06 11.52
-9.9702e-06 11.53
-9.9702e-06 11.54
-9.9702e-06 11.55
-9.9702e-06 11.56
-9.9702e-06 11.57
-9.9702e-06 11.58
-9.9702e-06 11.59
-9.9702e-06 11.6
-9.9702e-06 11.61
-9.9702e-06 11.62
-9.9702e-06 11.63
-9.9702e-06 11.64
-9.9702e-06 11.65
-9.9702e-06 11.66
-9.9702e-06 11.67
-9.9702e-06 11.68
-9.9702e-06 11.69
-9.9702e-06 11.7
-9.9702e-06 11.71
-9.9702e-06 11.72
-9.9702e-06 11.73
-9.9702e-06 11.74
-9.9702e-06 11.75
-9.9702e-06 11.76
-9.9702e-06 11.77
-9.9702e-06 11.78
-9.9702e-06 11.79
-9.9702e-06 11.8
-9.9702e-06 11.81
-9.9702e-06 11.82
-9.9702e-06 11.83
-9.9702e-06 11.84
-9.9702e-06 11.85
-9.9702e-06 11.86
-9.9702e-06 11.87
-9.9702e-06 11.88
-9.9702e-06 11.89
-9.9702e-06 11.9
-9.9702e-06 11.91
-9.9702e-06 11.92
-9.9702e-06 11.93
-9.9702e-06 11.94
-9.9702e-06 11.95
-9.9702e-06 11.96
-9.9702e-06 11.97
-9.9702e-06 11.98
-9.9702e-06 11.99
-9.9702e-06 12
