0 0
0.000510204 0.01
0.00102041 0.02
0.00153061 0.03
0.00204081 0.04
0.002551 0.05
0.00306119 0.06
0.00357137 0.07
0.00408154 0.08
0.00459171 0.09
0.00510187 0.1
0.00561201 0.11
0.00612215 0.12
0.00663227 0.13
0.00714238 0.14
0.00765248 0.15
0.00816255 0.16
0.00867262 0.17
0.00918266 0.18
0.00969269 0.19
0.0102027 0.2
0.0107127 0.21
0.0112226 0.22
0.0117326 0.23
0.0122425 0.24
0.0127524 0.25
0.0132623 0.26
0.0137721 0.27
0.0142819 0.28
0.0147917 0.29
0.0153014 0.3
0.0158112 0.31
0.0163208 0.32
0.0168305 0.33
0.0173401 0.34
0.0178497 0.35
0.0183593 0.36
0.0188688 0.37
0.0193782 0.38
0.0198877 0.39
0.0203971 0.4
0.0209064 0.41
0.0214157 0.42
0.021925 0.43
0.0224342 0.44
0.0229434 0.45
0.0234525 0.46
0.0239616 0.47
0.0244706 0.48
0.0249796 0.49
0.0254885 0.5
0.0259974 0.51
0.0265062 0.52
0.027015 0.53
0.0275237 0.54
0.0280324 0.55
0.028541 0.56
0.0290495 0.57
0.029558 0.58
0.0300664 0.59
0.0305748 0.6
0.0310831 0.61
0.0315913 0.62
0.0320995 0.63
0.0326076 0.64
0.0331156 0.65
0.0336236 0.66
0.0341315 0.67
0.0346393 0.68
0.0351471 0.69
0.0356548 0.7
0.0361624 0.71
0.03667 0.72
0.0371774 0.73
0.0376848 0.74
0.0381921 0.75
0.0386994 0.76
0.0392065 0.77
0.0397136 0.78
0.0402206 0.79
0.0407275 0.8
0.0412344 0.81
0.0417411 0.82
0.0422478 0.83
0.0427544 0.84
0.0432609 0.85
0.0437673 0.86
0.0442736 0.87
0.0447798 0.88
0.0452859 0.89
0.045792 0.9
0.0462979 0.91
0.0468038 0.92
0.0473095 0.93
0.0478152 0.94
0.0483207 0.95
0.0488262 0.96
0.0493316 0.97
0.0498368 0.98
0.050342 0.99
0.050847 1
0.051352 1.01
0.0518569 1.02
0.0523616 1.03
0.0528662 1.04
0.0533708 1.05
0.0538752 1.06
0.0543795 1.07
0.0548837 1.08
0.0553878 1.09
0.0558918 1.1
0.0563956 1.11
0.0568994 1.12
0.057403 1.13
0.0579065 1.14
0.0584099 1.15
0.0589132 1.16
0.0594163 1.17
0.0599194 1.18
0.0604223 1.19
0.0609251 1.2
0.0614277 1.21
0.0619303 1.22
0.0624327 1.23
0.062935 1.24
0.0634371 1.25
0.0639391 1.26
0.064441 1.27
0.0649428 1.28
0.0654444 1.29
0.0659459 1.3
0.0664473 1.31
0.0669485 1.32
0.0674496 1.33
0.0679506 1.34
0.0684514 1.35
0.068952 1.36
0.0694526 1.37
0.069953 1.38
0.0704532 1.39
0.0709533 1.4
0.0714533 1.41
0.0719531 1.42
0.0724528 1.43
0.0729523 1.44
0.0734517 1.45
0.0739509 1.46
0.07445 1.47
0.0749489 1.48
0.0754476 1.49
0.0759463 1.5
0.0764447 1.51
0.076943 1.52
0.0774412 1.53
0.0779392 1.54
0.078437 1.55
0.0789346 1.56
0.0794322 1.57
0.0799295 1.58
0.0804267 1.59
0.0809237 1.6
0.0814205 1.61
0.0819172 1.62
0.0824137 1.63
0.0829101 1.64
0.0834063 1.65
0.0839023 1.66
0.0843981 1.67
0.0848938 1.68
0.0853893 1.69
0.0858846 1.7
0.0863798 1.71
0.0868747 1.72
0.0873695 1.73
0.0878641 1.74
0.0883586 1.75
0.0888528 1.76
0.0893469 1.77
0.0898408 1.78
0.0903345 1.79
0.090828 1.8
0.0913213 1.81
0.0918145 1.82
0.0923074 1.83
0.0928002 1.84
0.0932928 1.85
0.0937852 1.86
0.0942774 1.87
0.0947694 1.88
0.0952612 1.89
0.0957528 1.9
0.0962443 1.91
0.0967355 1.92
0.0972265 1.93
0.0977174 1.94
0.098208 1.95
0.0986984 1.96
0.0991887 1.97
0.0996787 1.98
0.100169 1.99
0.100658 2
0.101148 2.01
0.101637 2.02
0.102126 2.03
0.102615 2.04
0.103103 2.05
0.103592 2.06
0.10408 2.07
0.104568 2.08
0.105055 2.09
0.105543 2.1
0.10603 2.11
0.106517 2.12
0.107004 2.13
0.107491 2.14
0.107977 2.15
0.108464 2.16
0.10895 2.17
0.109435 2.18
0.109921 2.19
0.110406 2.2
0.110891 2.21
0.111376 2.22
0.111861 2.23
0.112345 2.24
0.112829 2.25
0.113313 2.26
0.113797 2.27
0.114281 2.28
0.114764 2.29
0.115247 2.3
0.11573 2.31
0.116212 2.32
0.116695 2.33
0.117177 2.34
0.117658 2.35
0.11814 2.36
0.118621 2.37
0.119103 2.38
0.119583 2.39
0.120064 2.4
0.120544 2.41
0.121025 2.42
0.121504 2.43
0.121984 2.44
0.122464 2.45
0.122943 2.46
0.123422 2.47
0.1239 2.48
0.124379 2.49
0.124857 2.5
0.125335 2.51
0.125812 2.52
0.12629 2.53
0.126767 2.54
0.127244 2.55
0.12772 2.56
0.128196 2.57
0.128673 2.58
0.129148 2.59
0.129624 2.6
0.130099 2.61
0.130574 2.62
0.131049 2.63
0.131523 2.64
0.131998 2.65
0.132472 2.66
0.132945 2.67
0.133419 2.68
0.133892 2.69
0.134365 2.7
0.134837 2.71
0.13531 2.72
0.135782 2.73
0.136253 2.74
0.136725 2.75
0.137196 2.76
0.137667 2.77
0.138138 2.78
0.138608 2.79
0.139078 2.8
0.139548 2.81
0.140017 2.82
0.140486 2.83
0.140955 2.84
0.141424 2.85
0.141892 2.86
0.14236 2.87
0.142828 2.88
0.143296 2.89
0.143763 2.9
0.14423 2.91
0.144696 2.92
0.145163 2.93
0.145629 2.94
0.146094 2.95
0.14656 2.96
0.147025 2.97
0.14749 2.98
0.147954 2.99
0.148419 3
0.148882 3.01
0.149346 3.02
0.149809 3.03
0.150272 3.04
0.150735 3.05
0.151197 3.06
0.151659 3.07
0.152121 3.08
0.152583 3.09
0.153044 3.1
0.153505 3.11
0.153965 3.12
0.154425 3.13
0.154885 3.14
0.155345 3.15
0.155804 3.16
0.156263 3.17
0.156722 3.18
0.15718 3.19
0.157638 3.2
0.158096 3.21
0.158553 3.22
0.15901 3.23
0.159467 3.24
0.159923 3.25
0.160379 3.26
0.160835 3.27
0.16129 3.28
0.161745 3.29
0.1622 3.3
0.162654 3.31
0.163108 3.32
0.163562 3.33
0.164015 3.34
0.164468 3.35
0.164921 3.36
0.165374 3.37
0.165826 3.38
0.166277 3.39
0.166729 3.4
0.16718 3.41
0.16763 3.42
0.168081 3.43
0.168531 3.44
0.16898 3.45
0.16943 3.46
0.169879 3.47
0.170327 3.48
0.170775 3.49
0.171223 3.5
0.171671 3.51
0.172118 3.52
0.172565 3.53
0.173012 3.54
0.173458 3.55
0.173904 3.56
0.174349 3.57
0.174794 3.58
0.175239 3.59
0.175683 3.6
0.176127 3.61
0.176571 3.62
0.177014 3.63
0.177457 3.64
0.1779 3.65
0.178342 3.66
0.178784 3.67
0.179225 3.68
0.179666 3.69
0.180107 3.7
0.180548 3.71
0.180988 3.72
0.181427 3.73
0.181867 3.74
0.182305 3.75
0.182744 3.76
0.183182 3.77
0.18362 3.78
0.184057 3.79
0.184494 3.8
0.184931 3.81
0.185367 3.82
0.185803 3.83
0.186239 3.84
0.186674 3.85
0.187109 3.86
0.187543 3.87
0.187977 3.88
0.188411 3.89
0.188844 3.9
0.189277 3.91
0.189709 3.92
0.190141 3.93
0.190573 3.94
0.191004 3.95
0.191435 3.96
0.191866 3.97
0.192296 3.98
0.192726 3.99
0.193155 4
0.193584 4.01
0.194013 4.02
0.194441 4.03
0.194869 4.04
0.195296 4.05
0.195723 4.06
0.196149 4.07
0.196576 4.08
0.197001 4.09
0.197427 4.1
0.197852 4.11
0.198276 4.12
0.1987 4.13
0.199124 4.14
0.199547 4.15
0.19997 4.16
0.200393 4.17
0.200815 4.18
0.201237 4.19
0.201658 4.2
0.202079 4.21
0.202499 4.22
0.202919 4.23
0.203339 4.24
0.203758 4.25
0.204177 4.26
0.204596 4.27
0.205014 4.28
0.205431 4.29
0.205848 4.3
0.206265 4.31
0.206681 4.32
0.207097 4.33
0.207513 4.34
0.207928 4.35
0.208342 4.36
0.208756 4.37
0.20917 4.38
0.209583 4.39
0.209996 4.4
0.210409 4.41
0.210821 4.42
0.211233 4.43
0.211644 4.44
0.212054 4.45
0.212465 4.46
0.212875 4.47
0.213284 4.48
0.213693 4.49
0.214102 4.5
0.21451 4.51
0.214918 4.52
0.215325 4.53
0.215732 4.54
0.216138 4.55
0.216544 4.56
0.216949 4.57
0.217355 4.58
0.217759 4.59
0.218163 4.6
0.218567 4.61
0.21897 4.62
0.219373 4.63
0.219776 4.64
0.220177 4.65
0.220579 4.66
0.22098 4.67
0.221381 4.68
0.221781 4.69
0.22218 4.7
0.22258 4.71
0.222978 4.72
0.223377 4.73
0.223775 4.74
0.224172 4.75
0.224569 4.76
0.224965 4.77
0.225361 4.78
0.225757 4.79
0.226152 4.8
0.226547 4.81
0.226941 4.82
0.227335 4.83
0.227728 4.84
0.228121 4.85
0.228513 4.86
0.228905 4.87
0.229296 4.88
0.229687 4.89
0.230078 4.9
0.230468 4.91
0.230857 4.92
0.231246 4.93
0.231635 4.94
0.232023 4.95
0.232411 4.96
0.232798 4.97
0.233184 4.98
0.233571 4.99
0.233956 5
0.234342 5.01
0.234726 5.02
0.235111 5.03
0.235495 5.04
0.235878 5.05
0.236261 5.06
0.236643 5.07
0.237025 5.08
0.237406 5.09
0.237787 5.1
0.238168 5.11
0.238548 5.12
0.238927 5.13
0.239306 5.14
0.239685 5.15
0.240063 5.16
0.24044 5.17
0.240817 5.18
0.241194 5.19
0.24157 5.2
0.241945 5.21
0.24232 5.22
0.242695 5.23
0.243069 5.24
0.243442 5.25
0.243815 5.26
0.244188 5.27
0.24456 5.28
0.244932 5.29
0.245303 5.3
0.245673 5.31
0.246043 5.32
0.246413 5.33
0.246782 5.34
0.247151 5.35
0.247519 5.36
0.247886 5.37
0.248253 5.38
0.24862 5.39
0.248986 5.4
0.249351 5.41
0.249716 5.42
0.250081 5.43
0.250445 5.44
0.250808 5.45
0.251171 5.46
0.251534 5.47
0.251896 5.48
0.252257 5.49
0.252618 5.5
0.252978 5.51
0.253338 5.52
0.253698 5.53
0.254056 5.54
0.254415 5.55
0.254773 5.56
0.25513 5.57
0.255487 5.58
0.255843 5.59
0.256199 5.6
0.256554 5.61
0.256908 5.62
0.257263 5.63
0.257616 5.64
0.257969 5.65
0.258322 5.66
0.258674 5.67
0.259026 5.68
0.259377 5.69
0.259727 5.7
0.260077 5.71
0.260426 5.72
0.260775 5.73
0.261124 5.74
0.261471 5.75
0.261819 5.76
0.262165 5.77
0.262512 5.78
0.262857 5.79
0.263202 5.8
0.263547 5.81
0.263891 5.82
0.264234 5.83
0.264577 5.84
0.26492 5.85
0.265262 5.86
0.265603 5.87
0.265944 5.88
0.266284 5.89
0.266624 5.9
0.266963 5.91
0.267302 5.92
0.26764 5.93
0.267977 5.94
0.268314 5.95
0.268651 5.96
0.268987 5.97
0.269322 5.98
0.269657 5.99
0.269991 6
0.270325 6.01
0.270658 6.02
0.270991 6.03
0.271323 6.04
0.271654 6.05
0.271985 6.06
0.272316 6.07
0.272645 6.08
0.272975 6.09
0.273303 6.1
0.273631 6.11
0.273959 6.12
0.274286 6.13
0.274613 6.14
0.274939 6.15
0.275264 6.16
0.275589 6.17
0.275913 6.18
0.276237 6.19
0.27656 6.2
0.276882 6.21
0.277204 6.22
0.277526 6.23
0.277846 6.24
0.278167 6.25
0.278486 6.26
0.278806 6.27
0.279124 6.28
0.279442 6.29
0.27976 6.3
0.280076 6.31
0.280393 6.32
0.280708 6.33
0.281024 6.34
0.281338 6.35
0.281652 6.36
0.281966 6.37
0.282278 6.38
0.282591 6.39
0.282902 6.4
0.283214 6.41
0.283524 6.42
0.283834 6.43
0.284143 6.44
0.284452 6.45
0.28476 6.46
0.285068 6.47
0.285375 6.48
0.285682 6.49
0.285988 6.5
0.286293 6.51
0.286598 6.52
0.286902 6.53
0.287205 6.54
0.287508 6.55
0.287811 6.56
0.288112 6.57
0.288414 6.58
0.288714 6.59
0.289014 6.6
0.289314 6.61
0.289613 6.62
0.289911 6.63
0.290208 6.64
0.290506 6.65
0.290802 6.66
0.291098 6.67
0.291393 6.68
0.291688 6.69
0.291982 6.7
0.292276 6.71
0.292568 6.72
0.292861 6.73
0.293152 6.74
0.293444 6.75
0.293734 6.76
0.294024 6.77
0.294313 6.78
0.294602 6.79
0.29489 6.8
0.295178 6.81
0.295465 6.82
0.295751 6.83
0.296037 6.84
0.296322 6.85
0.296606 6.86
0.29689 6.87
0.297173 6.88
0.297456 6.89
0.297738 6.9
0.29802 6.91
0.2983 6.92
0.298581 6.93
0.29886 6.94
0.299139 6.95
0.299418 6.96
0.299696 6.97
0.299973 6.98
0.300249 6.99
0.300525 7
0.300801 7.01
0.301075 7.02
0.30135 7.03
0.301623 7.04
0.301896 7.05
0.302168 7.06
0.30244 7.07
0.302711 7.08
0.302981 7.09
0.303251 7.1
0.30352 7.11
0.303789 7.12
0.304057 7.13
0.304324 7.14
0.304591 7.15
0.304857 7.16
0.305123 7.17
0.305387 7.18
0.305652 7.19
0.305915 7.2
0.306178 7.21
0.306441 7.22
0.306702 7.23
0.306963 7.24
0.307224 7.25
0.307484 7.26
0.307743 7.27
0.308002 7.28
0.308259 7.29
0.308517 7.3
0.308774 7.31
0.30903 7.32
0.309285 7.33
0.30954 7.34
0.309794 7.35
0.310048 7.36
0.3103 7.37
0.310553 7.38
0.310804 7.39
0.311055 7.4
0.311306 7.41
0.311556 7.42
0.311805 7.43
0.312053 7.44
0.312301 7.45
0.312548 7.46
0.312795 7.47
0.313041 7.48
0.313286 7.49
0.313531 7.5
0.313775 7.51
0.314018 7.52
0.314261 7.53
0.314503 7.54
0.314744 7.55
0.314985 7.56
0.315225 7.57
0.315465 7.58
0.315703 7.59
0.315942 7.6
0.316179 7.61
0.316416 7.62
0.316652 7.63
0.316888 7.64
0.317123 7.65
0.317357 7.66
0.317591 7.67
0.317824 7.68
0.318057 7.69
0.318288 7.7
0.318519 7.71
0.31875 7.72
0.31898 7.73
0.319209 7.74
0.319437 7.75
0.319665 7.76
0.319892 7.77
0.320119 7.78
0.320345 7.79
0.32057 7.8
0.320795 7.81
0.321019 7.82
0.321242 7.83
0.321464 7.84
0.321686 7.85
0.321908 7.86
0.322128 7.87
0.322348 7.88
0.322568 7.89
0.322786 7.9
0.323004 7.91
0.323222 7.92
0.323438 7.93
0.323654 7.94
0.32387 7.95
0.324085 7.96
0.324299 7.97
0.324512 7.98
0.324725 7.99
0.324937 8
0.325148 8.01
0.325359 8.02
0.325569 8.03
0.325778 8.04
0.325987 8.05
0.326195 8.06
0.326403 8.07
0.326609 8.08
0.326815 8.09
0.327021 8.1
0.327226 8.11
0.32743 8.12
0.327633 8.13
0.327836 8.14
0.328038 8.15
0.328239 8.16
0.32844 8.17
0.32864 8.18
0.328839 8.19
0.329038 8.2
0.329236 8.21
0.329434 8.22
0.32963 8.23
0.329826 8.24
0.330022 8.25
0.330216 8.26
0.33041 8.27
0.330604 8.28
0.330796 8.29
0.330988 8.3
0.33118 8.31
0.33137 8.32
0.33156 8.33
0.33175 8.34
0.331938 8.35
0.332126 8.36
0.332313 8.37
0.3325 8.38
0.332686 8.39
0.332871 8.4
0.333056 8.41
0.333239 8.42
0.333423 8.43
0.333605 8.44
0.333787 8.45
0.333968 8.46
0.334149 8.47
0.334328 8.48
0.334507 8.49
0.334686 8.5
0.334864 8.51
0.335041 8.52
0.335217 8.53
0.335393 8.54
0.335568 8.55
0.335742 8.56
0.335916 8.57
0.336088 8.58
0.336261 8.59
0.336432 8.6
0.336603 8.61
0.336773 8.62
0.336943 8.63
0.337112 8.64
0.33728 8.65
0.337447 8.66
0.337614 8.67
0.33778 8.68
0.337945 8.69
0.33811 8.7
0.338274 8.71
0.338437 8.72
0.3386 8.73
0.338762 8.74
0.338923 8.75
0.339084 8.76
0.339243 8.77
0.339403 8.78
0.339561 8.79
0.339719 8.8
0.339876 8.81
0.340032 8.82
0.340188 8.83
0.340343 8.84
0.340497 8.85
0.340651 8.86
0.340804 8.87
0.340956 8.88
0.341107 8.89
0.341258 8.9
0.341408 8.91
0.341558 8.92
0.341707 8.93
0.341855 8.94
0.342002 8.95
0.342149 8.96
0.342294 8.97
0.34244 8.98
0.342584 8.99
0.342728 9
0.342871 9.01
0.343014 9.02
0.343155 9.03
0.343296 9.04
0.343437 9.05
0.343576 9.06
0.343715 9.07
0.343854 9.08
0.343991 9.09
0.344128 9.1
0.344264 9.11
0.344399 9.12
0.344534 9.13
0.344668 9.14
0.344802 9.15
0.344934 9.16
0.345066 9.17
0.345197 9.18
0.345328 9.19
0.345458 9.2
0.345587 9.21
0.345715 9.22
0.345843 9.23
0.34597 9.24
0.346096 9.25
0.346222 9.26
0.346346 9.27
0.346471 9.28
0.346594 9.29
0.346717 9.3
0.346839 9.31
0.34696 9.32
0.347081 9.33
0.347201 9.34
0.34732 9.35
0.347438 9.36
0.347556 9.37
0.347673 9.38
0.347789 9.39
0.347905 9.4
0.34802 9.41
0.348134 9.42
0.348248 9.43
0.348361 9.44
0.348473 9.45
0.348584 9.46
0.348695 9.47
0.348805 9.48
0.348914 9.49
0.349022 9.5
0.34913 9.51
0.349237 9.52
0.349344 9.53
0.349449 9.54
0.349554 9.55
0.349659 9.56
0.349762 9.57
0.349865 9.58
0.349967 9.59
0.350069 9.6
0.350169 9.61
0.350269 9.62
0.350368 9.63
0.350467 9.64
0.350565 9.65
0.350662 9.66
0.350758 9.67
0.350854 9.68
0.350949 9.69
0.351043 9.7
0.351137 9.71
0.35123 9.72
0.351322 9.73
0.351413 9.74
0.351504 9.75
0.351594 9.76
0.351683 9.77
0.351771 9.78
0.351859 9.79
0.351946 9.8
0.352033 9.81
0.352118 9.82
0.352203 9.83
0.352287 9.84
0.352371 9.85
0.352454 9.86
0.352536 9.87
0.352617 9.88
0.352698 9.89
0.352778 9.9
0.352857 9.91
0.352935 9.92
0.353013 9.93
0.35309 9.94
0.353166 9.95
0.353242 9.96
0.353317 9.97
0.353391 9.98
0.353464 9.99
0.353537 10
0.353609 10.01
0.35368 10.02
0.353751 10.03
0.35382 10.04
0.353889 10.05
0.353958 10.06
0.354025 10.07
0.354092 10.08
0.354158 10.09
0.354224 10.1
0.354289 10.11
0.354353 10.12
0.354416 10.13
0.354479 10.14
0.35454 10.15
0.354601 10.16
0.354662 10.17
0.354722 10.18
0.35478 10.19
0.354839 10.2
0.354896 10.21
0.354953 10.22
0.355009 10.23
0.355064 10.24
0.355119 10.25
0.355173 10.26
0.355226 10.27
0.355278 10.28
0.35533 10.29
0.355381 10.3
0.355431 10.31
0.355481 10.32
0.35553 10.33
0.355578 10.34
0.355625 10.35
0.355672 10.36
0.355718 10.37
0.355763 10.38
0.355807 10.39
0.355851 10.4
0.355894 10.41
0.355936 10.42
0.355978 10.43
0.356019 10.44
0.356059 10.45
0.356098 10.46
0.356137 10.47
0.356175 10.48
0.356212 10.49
0.356248 10.5
0.356284 10.51
0.356319 10.52
0.356353 10.53
0.356387 10.54
0.35642 10.55
0.356452 10.56
0.356483 10.57
0.356514 10.58
0.356544 10.59
0.356573 10.6
0.356601 10.61
0.356629 10.62
0.356656 10.63
0.356682 10.64
0.356708 10.65
0.356733 10.66
0.356757 10.67
0.35678 10.68
0.356803 10.69
0.356825 10.7
0.356846 10.71
0.356866 10.72
0.356886 10.73
0.356905 10.74
0.356923 10.75
0.356941 10.76
0.356957 10.77
0.356974 10.78
0.356989 10.79
0.357003 10.8
0.357017 10.81
0.357031 10.82
0.357043 10.83
0.357055 10.84
0.357066 10.85
0.357076 10.86
0.357085 10.87
0.357094 10.88
0.357102 10.89
0.35711 10.9
0.357116 10.91
0.357122 10.92
0.357127 10.93
0.357132 10.94
0.357135 10.95
0.357138 10.96
0.35714 10.97
0.357142 10.98
0.357143 10.99
0.357143 11
0.357142 11.01
0.357141 11.02
0.357139 11.03
0.357136 11.04
0.357132 11.05
0.357128 11.06
0.357123 11.07
0.357117 11.08
0.35711 11.09
0.357103 11.1
0.357095 11.11
0.357086 11.12
0.357077 11.13
0.357067 11.14
0.357056 11.15
0.357044 11.16
0.357032 11.17
0.357019 11.18
0.357005 11.19
0.356991 11.2
0.356975 11.21
0.356959 11.22
0.356943 11.23
0.356925 11.24
0.356907 11.25
0.356888 11.26
0.356868 11.27
0.356848 11.28
0.356827 11.29
0.356805 11.3
0.356783 11.31
0.356759 11.32
0.356735 11.33
0.356711 11.34
0.356685 11.35
0.356659 11.36
0.356632 11.37
0.356604 11.38
0.356576 11.39
0.356547 11.4
0.356517 11.41
0.356487 11.42
0.356455 11.43
0.356423 11.44
0.356391 11.45
0.356357 11.46
0.356323 11.47
0.356288 11.48
0.356252 11.49
0.356216 11.5
0.356179 11.51
0.356141 11.52
0.356103 11.53
0.356063 11.54
0.356023 11.55
0.355982 11.56
0.355941 11.57
0.355899 11.58
0.355856 11.59
0.355812 11.6
0.355768 11.61
0.355723 11.62
0.355677 11.63
0.35563 11.64
0.355583 11.65
0.355535 11.66
0.355487 11.67
0.355437 11.68
0.355387 11.69
0.355336 11.7
0.355284 11.71
0.355232 11.72
0.355179 11.73
0.355125 11.74
0.355071 11.75
0.355015 11.76
0.354959 11.77
0.354903 11.78
0.354845 11.79
0.354787 11.8
0.354728 11.81
0.354669 11.82
0.354608 11.83
0.354547 11.84
0.354486 11.85
0.354423 11.86
0.35436 11.87
0.354296 11.88
0.354231 11.89
0.354166 11.9
0.3541 11.91
0.354033 11.92
0.353966 11.93
0.353897 11.94
0.353828 11.95
0.353759 11.96
0.353688 11.97
0.353617 11.98
0.353545 11.99
0.353473 12
