0.00357143 0
0.00279967 0.01
-0.00294282 0.02
-0.0128914 0.03
-0.0279347 0.04
-0.0472819 0.05
-0.0718931 0.06
-0.100943 0.07
-0.135448 0.08
-0.174518 0.09
-0.219201 0.1
-0.269551 0.11
-0.32527 0.12
-0.385809 0.13
-0.451399 0.14
-0.521334 0.15
-0.595373 0.16
-0.672804 0.17
-0.752632 0.18
-0.834457 0.19
-0.916632 0.2
-0.998921 0.21
-1.07956 0.22
-1.15866 0.23
-1.2349 0.24
-1.30857 0.25
-1.37911 0.26
-1.4465 0.27
-1.51067 0.28
-1.57191 0.29
-1.62964 0.3
-1.68452 0.31
-1.73557 0.32
-1.78362 0.33
-1.82752 0.34
-1.86815 0.35
-1.90446 0.36
-1.93728 0.37
-1.96594 0.38
-1.99118 0.39
-2.01302 0.4
-2.03229 0.41
-2.04978 0.42
-2.06657 0.43
-2.08361 0.44
-2.102 0.45
-2.12185 0.46
-2.1442 0.47
-2.16817 0.48
-2.19496 0.49
-2.22298 0.5
-2.25356 0.51
-2.28462 0.52
-2.3171 0.53
-2.34882 0.54
-2.37974 0.55
-2.40791 0.56
-2.43259 0.57
-2.45201 0.58
-2.46563 0.59
-2.47172 0.6
-2.47087 0.61
-2.46161 0.62
-2.44532 0.63
-2.42085 0.64
-2.41748 0.65
-2.40981 0.66
-2.38796 0.67
-2.3605 0.68
-2.32571 0.69
-2.28368 0.7
-2.23488 0.71
-2.18024 0.72
-2.12014 0.73
-2.05567 0.74
-1.98751 0.75
-1.91294 0.76
-1.83834 0.77
-1.76282 0.78
-1.68868 0.79
-1.6163 0.8
-1.54655 0.81
-1.48054 0.82
-1.41818 0.83
-1.36061 0.84
-1.30681 0.85
-1.25824 0.86
-1.21331 0.87
-1.17361 0.88
-1.13739 0.89
-1.1062 0.9
-1.07832 0.91
-1.05522 0.92
-1.03529 0.93
-1.01989 0.94
-1.00752 0.95
-0.999464 0.96
-0.994298 0.97
-0.993255 0.98
-0.994942 0.99
-1.00059 1
-1.00878 1.01
-1.02079 1.02
-1.03516 1.03
-1.05321 1.04
-1.07343 1.05
-1.09724 1.06
-1.123 1.07
-1.15229 1.08
-1.18335 1.09
-1.21792 1.1
-1.25409 1.11
-1.2938 1.12
-1.33497 1.13
-1.37973 1.14
-1.42587 1.15
-1.47567 1.16
-1.52679 1.17
-1.58162 1.18
-1.63771 1.19
-1.69746 1.2
-1.75841 1.21
-1.82292 1.22
-1.88836 1.23
-1.95695 1.24
-2.02643 1.25
-2.09848 1.26
-2.17101 1.27
-2.24536 1.28
-2.31997 1.29
-2.39558 1.3
-2.47103 1.31
-2.54675 1.32
-2.62185 1.33
-2.69656 1.34
-2.77017 1.35
-2.84281 1.36
-2.91387 1.37
-2.98341 1.38
-3.05091 1.39
-3.11639 1.4
-3.17939 1.41
-3.23989 1.42
-3.2975 1.43
-3.35217 1.44
-3.40355 1.45
-3.45156 1.46
-3.49588 1.47
-3.53637 1.48
-3.57276 1.49
-3.6048 1.5
-3.63224 1.51
-3.6547 1.52
-3.67192 1.53
-3.68336 1.54
-3.68874 1.55
-3.68734 1.56
-3.67878 1.57
-3.66221 1.58
-3.63709 1.59
-3.60256 1.6
-3.55785 1.61
-3.50233 1.62
-3.43501 1.63
-3.35585 1.64
-3.26385 1.65
-3.15994 1.66
-3.04353 1.67
-2.91666 1.68
-2.7798 1.69
-2.63592 1.7
-2.48717 1.71
-2.3371 1.72
-2.18941 1.73
-2.04775 1.74
-1.9153 1.75
-1.79402 1.76
-1.68512 1.77
-1.58839 1.78
-1.50261 1.79
-1.42698 1.8
-1.36036 1.81
-1.30185 1.82
-1.24988 1.83
-1.20395 1.84
-1.16312 1.85
-1.12638 1.86
-1.09806 1.87
-1.07051 1.88
-1.04841 1.89
-1.02727 1.9
-1.01067 1.91
-0.99508 1.92
-0.98304 1.93
-0.972822 1.94
-0.965394 1.95
-0.961012 1.96
-0.95909 1.97
-0.961167 1.98
-0.965642 1.99
-0.974353 2
-0.98538 2.01
-1.00035 2.02
-1.01747 2.03
-1.03804 2.04
-1.06062 2.05
-1.08615 2.06
-1.11368 2.07
-1.14375 2.08
-1.17593 2.09
-1.21043 2.1
-1.24723 2.11
-1.28632 2.12
-1.32793 2.13
-1.37201 2.14
-1.41876 2.15
-1.46833 2.16
-1.52042 2.17
-1.57553 2.18
-1.63238 2.19
-1.6916 2.2
-1.75081 2.21
-1.80982 2.22
-1.86692 2.23
-1.92055 2.24
-1.97105 2.25
-2.01628 2.26
-2.058 2.27
-2.09435 2.28
-2.12727 2.29
-2.15547 2.3
-2.1805 2.31
-2.20151 2.32
-2.21968 2.33
-2.23497 2.34
-2.24736 2.35
-2.25687 2.36
-2.26392 2.37
-2.26835 2.38
-2.27045 2.39
-2.27009 2.4
-2.26746 2.41
-2.26248 2.42
-2.25523 2.43
-2.24718 2.44
-2.23702 2.45
-2.22492 2.46
-2.21069 2.47
-2.19463 2.48
-2.17645 2.49
-2.15659 2.5
-2.13461 2.51
-2.11109 2.52
-2.08542 2.53
-2.05825 2.54
-2.02887 2.55
-1.99788 2.56
-1.96451 2.57
-1.92932 2.58
-1.89048 2.59
-1.85002 2.6
-1.80656 2.61
-1.76072 2.62
-1.7119 2.63
-1.66048 2.64
-1.6062 2.65
-1.5493 2.66
-1.48987 2.67
-1.42805 2.68
-1.36423 2.69
-1.29863 2.7
-1.23171 2.71
-1.16377 2.72
-1.09534 2.73
-1.02676 2.74
-0.958593 2.75
-0.891171 2.76
-0.825122 2.77
-0.760732 2.78
-0.698749 2.79
-0.639054 2.8
-0.582345 2.81
-0.528677 2.82
-0.478673 2.83
-0.432723 2.84
-0.391246 2.85
-0.354779 2.86
-0.324462 2.87
-0.29988 2.88
-0.283198 2.89
-0.273787 2.9
-0.274136 2.91
-0.283412 2.92
-0.304147 2.93
-0.334905 2.94
-0.377106 2.95
-0.42806 2.96
-0.486051 2.97
-0.498548 2.98
-0.509199 2.99
-0.535182 3
-0.568095 3.01
-0.60724 3.02
-0.653564 3.03
-0.706001 3.04
-0.76576 3.05
-0.831119 3.06
-0.903602 3.07
-0.980248 3.08
-1.06308 3.09
-1.14734 3.1
-1.23586 3.11
-1.32205 3.12
-1.40983 3.13
-1.49298 3.14
-1.5707 3.15
-1.64606 3.16
-1.71222 3.17
-1.77456 3.18
-1.82737 3.19
-1.8757 3.2
-1.91498 3.21
-1.9497 3.22
-1.97623 3.23
-1.99835 3.24
-2.01326 3.25
-2.02398 3.26
-2.02841 3.27
-2.02884 3.28
-2.02378 3.29
-2.01487 3.3
-2.00108 3.31
-1.98361 3.32
-1.96166 3.33
-1.93623 3.34
-1.90656 3.35
-1.87365 3.36
-1.83663 3.37
-1.79664 3.38
-1.75266 3.39
-1.706 3.4
-1.65554 3.41
-1.6027 3.42
-1.54637 3.43
-1.48803 3.44
-1.42691 3.45
-1.36351 3.46
-1.29872 3.47
-1.23202 3.48
-1.16439 3.49
-1.09616 3.5
-1.02742 3.51
-0.958898 3.52
-0.890791 3.53
-0.823603 3.54
-0.757613 3.55
-0.693172 3.56
-0.630556 3.57
-0.569998 3.58
-0.511706 3.59
-0.45588 3.6
-0.402637 3.61
-0.352145 3.62
-0.304462 3.63
-0.259733 3.64
-0.217975 3.65
-0.179321 3.66
-0.143763 3.67
-0.111433 3.68
-0.082305 3.69
-0.0565168 3.7
-0.0340364 3.71
-0.0150063 3.72
0.000704946 3.73
0.0128417 3.74
0.0215519 3.75
0.0268759 3.76
0.0285553 3.77
0.0266694 3.78
0.0210535 3.79
0.0117514 3.8
-0.00145584 3.81
-0.0184557 3.82
-0.0395643 3.83
-0.0645816 3.84
-0.0939069 3.85
-0.127254 3.86
-0.165078 3.87
-0.207014 3.88
-0.253526 3.89
-0.304181 3.9
-0.359391 3.91
-0.418666 3.92
-0.482288 3.93
-0.549729 3.94
-0.621048 3.95
-0.695706 3.96
-0.77347 3.97
-0.853814 3.98
-0.936154 3.99
-1.01989 4
-1.10445 4.01
-1.18894 4.02
-1.27293 4.03
-1.35534 4.04
-1.43595 4.05
-1.5136 4.06
-1.58832 4.07
-1.65895 4.08
-1.72572 4.09
-1.78753 4.1
-1.84474 4.11
-1.89632 4.12
-1.94269 4.13
-1.98286 4.14
-2.01725 4.15
-2.04487 4.16
-2.06614 4.17
-2.08004 4.18
-2.08694 4.19
-2.08581 4.2
-2.077 4.21
-2.05949 4.22
-2.03376 4.23
-1.9989 4.24
-1.95579 4.25
-1.90392 4.26
-1.8449 4.27
-1.779 4.28
-1.70862 4.29
-1.635 4.3
-1.56076 4.31
-1.48756 4.32
-1.41743 4.33
-1.35161 4.34
-1.2911 4.35
-1.23652 4.36
-1.18787 4.37
-1.14539 4.38
-1.10842 4.39
-1.07709 4.4
-1.05069 4.41
-1.02997 4.42
-1.01438 4.43
-1.00388 4.44
-0.999076 4.45
-0.998256 4.46
-1.00165 4.47
-1.00797 4.48
-1.01732 4.49
-1.02854 4.5
-1.04187 4.51
-1.0565 4.52
-1.07269 4.53
-1.08995 4.54
-1.10844 4.55
-1.12786 4.56
-1.14828 4.57
-1.16953 4.58
-1.1916 4.59
-1.21437 4.6
-1.23778 4.61
-1.26177 4.62
-1.28693 4.63
-1.31245 4.64
-1.3387 4.65
-1.3652 4.66
-1.39237 4.67
-1.41957 4.68
-1.44734 4.69
-1.47657 4.7
-1.50544 4.71
-1.53434 4.72
-1.56305 4.73
-1.59111 4.74
-1.61821 4.75
-1.64372 4.76
-1.66754 4.77
-1.68914 4.78
-1.70855 4.79
-1.72551 4.8
-1.74018 4.81
-1.7525 4.82
-1.7624 4.83
-1.77019 4.84
-1.7757 4.85
-1.77905 4.86
-1.78018 4.87
-1.77918 4.88
-1.77592 4.89
-1.7705 4.9
-1.76271 4.91
-1.75265 4.92
-1.74009 4.93
-1.72508 4.94
-1.70737 4.95
-1.687 4.96
-1.66371 4.97
-1.6375 4.98
-1.60819 4.99
-1.57576 5
-1.54021 5.01
-1.50161 5.02
-1.46019 5.03
-1.41631 5.04
-1.37048 5.05
-1.32343 5.06
-1.2759 5.07
-1.22889 5.08
-1.1831 5.09
-1.13959 5.1
-1.09879 5.11
-1.06158 5.12
-1.02809 5.13
-0.998903 5.14
-0.973998 5.15
-0.953666 5.16
-0.937866 5.17
-0.926716 5.18
-0.920144 5.19
-0.918323 5.2
-0.921033 5.21
-0.928609 5.22
-0.9407 5.23
-0.957771 5.24
-0.979368 5.25
-1.00604 5.26
-1.03724 5.27
-1.07355 5.28
-1.11436 5.29
-1.16021 5.3
-1.21048 5.31
-1.26562 5.32
-1.325 5.33
-1.38895 5.34
-1.45688 5.35
-1.52899 5.36
-1.60467 5.37
-1.684 5.38
-1.76631 5.39
-1.85154 5.4
-1.93883 5.41
-2.02799 5.42
-2.1179 5.43
-2.20825 5.44
-2.29765 5.45
-2.38583 5.46
-2.47128 5.47
-2.55386 5.48
-2.63218 5.49
-2.70628 5.5
-2.77513 5.51
-2.83886 5.52
-2.89692 5.53
-2.94941 5.54
-2.99624 5.55
-3.03753 5.56
-3.07318 5.57
-3.1036 5.58
-3.12855 5.59
-3.14858 5.6
-3.16335 5.61
-3.17343 5.62
-3.17842 5.63
-3.17884 5.64
-3.17431 5.65
-3.16513 5.66
-3.15101 5.67
-3.13205 5.68
-3.10801 5.69
-3.07881 5.7
-3.04428 5.71
-3.00421 5.72
-2.95843 5.73
-2.90675 5.74
-2.84943 5.75
-2.78594 5.76
-2.71685 5.77
-2.64196 5.78
-2.56077 5.79
-2.47422 5.8
-2.38209 5.81
-2.28556 5.82
-2.18469 5.83
-2.0809 5.84
-1.97448 5.85
-1.86683 5.86
-1.75843 5.87
-1.65041 5.88
-1.54336 5.89
-1.43812 5.9
-1.33513 5.91
-1.23496 5.92
-1.13782 5.93
-1.0441 5.94
-0.953808 5.95
-0.889318 5.96
-0.821331 5.97
-0.760292 5.98
-0.704338 5.99
-0.653464 6
-0.607633 6.01
-0.566785 6.02
-0.530843 6.03
-0.49972 6.04
-0.473869 6.05
-0.45282 6.06
-0.436496 6.07
-0.426818 6.08
-0.419883 6.09
-0.416156 6.1
-0.418918 6.11
-0.423976 6.12
-0.435345 6.13
-0.448858 6.14
-0.46854 6.15
-0.490236 6.16
-0.519955 6.17
-0.55083 6.18
-0.58798 6.19
-0.62663 6.2
-0.671277 6.21
-0.717203 6.22
-0.768793 6.23
-0.821408 6.24
-0.879252 6.25
-0.93781 6.26
-1.00102 6.27
-1.06459 6.28
-1.13142 6.29
-1.19986 6.3
-1.26879 6.31
-1.33958 6.32
-1.41003 6.33
-1.4805 6.34
-1.55126 6.35
-1.62011 6.36
-1.67884 6.37
-1.73976 6.38
-1.79738 6.39
-1.85266 6.4
-1.90532 6.41
-1.95529 6.42
-2.00221 6.43
-2.04609 6.44
-2.08656 6.45
-2.12342 6.46
-2.15662 6.47
-2.18606 6.48
-2.21182 6.49
-2.23319 6.5
-2.25087 6.51
-2.26424 6.52
-2.27407 6.53
-2.27951 6.54
-2.2816 6.55
-2.27935 6.56
-2.27405 6.57
-2.26464 6.58
-2.25256 6.59
-2.23682 6.6
-2.21881 6.61
-2.19817 6.62
-2.1753 6.63
-2.15085 6.64
-2.13881 6.65
-2.11911 6.66
-2.09216 6.67
-2.06195 6.68
-2.02495 6.69
-1.98679 6.7
-1.94335 6.71
-1.89656 6.72
-1.84862 6.73
-1.79688 6.74
-1.7437 6.75
-1.68689 6.76
-1.62811 6.77
-1.56615 6.78
-1.50223 6.79
-1.43667 6.8
-1.37104 6.81
-1.30674 6.82
-1.24542 6.83
-1.18885 6.84
-1.13776 6.85
-1.09227 6.86
-1.05234 6.87
-1.01759 6.88
-0.988361 6.89
-0.963449 6.9
-0.943073 6.91
-0.927153 6.92
-0.915474 6.93
-0.907791 6.94
-0.904106 6.95
-0.904382 6.96
-0.908574 6.97
-0.916808 6.98
-0.929069 6.99
-0.945594 7
-0.966326 7.01
-0.991459 7.02
-1.02082 7.03
-1.05437 7.04
-1.08977 7.05
-1.12945 7.06
-1.17181 7.07
-1.21596 7.08
-1.26212 7.09
-1.30982 7.1
-1.35842 7.11
-1.4078 7.12
-1.45728 7.13
-1.50694 7.14
-1.55612 7.15
-1.60503 7.16
-1.65303 7.17
-1.70037 7.18
-1.7465 7.19
-1.79164 7.2
-1.83538 7.21
-1.87786 7.22
-1.91887 7.23
-1.95842 7.24
-1.99653 7.25
-2.03316 7.26
-2.06824 7.27
-2.10193 7.28
-2.13408 7.29
-2.16502 7.3
-2.19443 7.31
-2.22278 7.32
-2.24967 7.33
-2.27565 7.34
-2.30023 7.35
-2.32398 7.36
-2.34641 7.37
-2.36802 7.38
-2.38838 7.39
-2.40785 7.4
-2.42611 7.41
-2.44327 7.42
-2.45938 7.43
-2.47417 7.44
-2.48779 7.45
-2.50004 7.46
-2.51105 7.47
-2.52052 7.48
-2.52872 7.49
-2.53527 7.5
-2.54051 7.51
-2.54403 7.52
-2.54621 7.53
-2.54665 7.54
-2.54571 7.55
-2.54305 7.56
-2.53899 7.57
-2.53324 7.58
-2.52608 7.59
-2.51727 7.6
-2.50704 7.61
-2.49521 7.62
-2.48195 7.63
-2.46713 7.64
-2.45087 7.65
-2.43308 7.66
-2.41382 7.67
-2.39306 7.68
-2.3708 7.69
-2.3471 7.7
-2.3219 7.71
-2.29533 7.72
-2.26733 7.73
-2.23809 7.74
-2.20757 7.75
-2.17599 7.76
-2.14446 7.77
-2.11253 7.78
-2.0801 7.79
-2.04736 7.8
-2.015 7.81
-1.9829 7.82
-1.95201 7.83
-1.92212 7.84
-1.89436 7.85
-1.86845 7.86
-1.84559 7.87
-1.82539 7.88
-1.809 7.89
-1.79598 7.9
-1.78727 7.91
-1.78236 7.92
-1.78194 7.93
-1.78543 7.94
-1.79328 7.95
-1.80486 7.96
-1.82039 7.97
-1.83927 7.98
-1.86157 7.99
-1.88674 8
-1.91476 8.01
-1.9452 8.02
-1.97797 8.03
-2.01276 8.04
-2.04946 8.05
-2.08781 8.06
-2.12772 8.07
-2.1689 8.08
-2.21127 8.09
-2.25445 8.1
-2.29839 8.11
-2.34251 8.12
-2.38688 8.13
-2.43069 8.14
-2.47416 8.15
-2.51633 8.16
-2.55754 8.17
-2.59673 8.18
-2.63435 8.19
-2.6693 8.2
-2.70205 8.21
-2.73148 8.22
-2.75803 8.23
-2.78058 8.24
-2.79948 8.25
-2.81366 8.26
-2.82329 8.27
-2.82741 8.28
-2.82604 8.29
-2.81834 8.3
-2.80419 8.31
-2.7829 8.32
-2.75428 8.33
-2.71781 8.34
-2.67326 8.35
-2.62038 8.36
-2.55897 8.37
-2.4891 8.38
-2.41078 8.39
-2.32449 8.4
-2.23056 8.41
-2.12996 8.42
-2.0234 8.43
-1.91213 8.44
-1.79728 8.45
-1.68072 8.46
-1.56271 8.47
-1.44519 8.48
-1.32822 8.49
-1.21296 8.5
-1.0998 8.51
-0.989265 8.52
-0.881658 8.53
-0.777053 8.54
-0.67605 8.55
-0.578648 8.56
-0.486026 8.57
-0.398761 8.58
-0.318298 8.59
-0.246024 8.6
-0.182828 8.61
-0.130082 8.62
-0.0878978 8.63
-0.0567406 8.64
-0.0365015 8.65
-0.0266736 8.66
-0.0273973 8.67
-0.037573 8.68
-0.056233 8.69
-0.084137 8.7
-0.120316 8.71
-0.164959 8.72
-0.217068 8.73
-0.277121 8.74
-0.343678 8.75
-0.417517 8.76
-0.496595 8.77
-0.582006 8.78
-0.670988 8.79
-0.765 8.8
-0.860539 8.81
-0.959502 8.82
-1.05772 8.83
-1.15763 8.84
-1.25459 8.85
-1.35158 8.86
-1.44384 8.87
-1.5347 8.88
-1.61968 8.89
-1.70216 8.9
-1.7782 8.91
-1.85088 8.92
-1.91697 8.93
-1.97902 8.94
-2.03448 8.95
-2.08532 8.96
-2.12961 8.97
-2.16874 8.98
-2.20134 8.99
-2.22829 9
-2.24867 9.01
-2.26301 9.02
-2.27071 9.03
-2.27207 9.04
-2.26674 9.05
-2.25485 9.06
-2.23627 9.07
-2.21105 9.08
-2.17918 9.09
-2.14069 9.1
-2.09566 9.11
-2.04413 9.12
-1.98625 9.13
-1.92209 9.14
-1.85183 9.15
-1.77562 9.16
-1.69368 9.17
-1.60628 9.18
-1.5137 9.19
-1.41648 9.2
-1.31504 9.21
-1.20958 9.22
-1.10157 9.23
-0.991976 9.24
-0.88188 9.25
-0.772808 9.26
-0.665824 9.27
-0.562475 9.28
-0.463614 9.29
-0.370452 9.3
-0.283574 9.31
-0.203683 9.32
-0.131141 9.33
-0.066171 9.34
-0.00899667 9.35
0.0405016 9.36
0.0821768 9.37
0.116352 9.38
0.14292 9.39
0.16226 9.4
0.174383 9.41
0.179695 9.42
0.178259 9.43
0.170562 9.44
0.15671 9.45
0.137256 9.46
0.112368 9.47
0.0826426 9.48
0.0483038 9.49
0.0099653 9.5
-0.0321289 9.51
-0.0773778 9.52
-0.125582 9.53
-0.176178 9.54
-0.229378 9.55
-0.284284 9.56
-0.341169 9.57
-0.399535 9.58
-0.459271 9.59
-0.520888 9.6
-0.584586 9.61
-0.650767 9.62
-0.719634 9.63
-0.790774 9.64
-0.86586 9.65
-0.945961 9.66
-1.03015 9.67
-1.12043 9.68
-1.21616 9.69
-1.31789 9.7
-1.42545 9.71
-1.53766 9.72
-1.65331 9.73
-1.77116 9.74
-1.88765 9.75
-2.00337 9.76
-2.11406 9.77
-2.22076 9.78
-2.32105 9.79
-2.41445 9.8
-2.50044 9.81
-2.57809 9.82
-2.6475 9.83
-2.70836 9.84
-2.76084 9.85
-2.80515 9.86
-2.84158 9.87
-2.87045 9.88
-2.89218 9.89
-2.90695 9.9
-2.91665 9.91
-2.91985 9.92
-2.91676 9.93
-2.90775 9.94
-2.8928 9.95
-2.87219 9.96
-2.84597 9.97
-2.81445 9.98
-2.77758 9.99
-2.73591 10
-2.68926 10.01
-2.63844 10.02
-2.58311 10.03
-2.52427 10.04
-2.46148 10.05
-2.39576 10.06
-2.32669 10.07
-2.2551 10.08
-2.18073 10.09
-2.1041 10.1
-2.02522 10.11
-1.94427 10.12
-1.86158 10.13
-1.77707 10.14
-1.6914 10.15
-1.60431 10.16
-1.51679 10.17
-1.42845 10.18
-1.34058 10.19
-1.25275 10.2
-1.1664 10.21
-1.08118 10.22
-0.998482 10.23
-0.918139 10.24
-0.841314 10.25
-0.768009 10.26
-0.699067 10.27
-0.634547 10.28
-0.574985 10.29
-0.520375 10.3
-0.471018 10.31
-0.426794 10.32
-0.387836 10.33
-0.353947 10.34
-0.325149 10.35
-0.301228 10.36
-0.282132 10.37
-0.267692 10.38
-0.2578 10.39
-0.252347 10.4
-0.251243 10.41
-0.254374 10.42
-0.26171 10.43
-0.273131 10.44
-0.288643 10.45
-0.308133 10.46
-0.3316 10.47
-0.358951 10.48
-0.390147 10.49
-0.425116 10.5
-0.463749 10.51
-0.506 10.52
-0.551694 10.53
-0.600793 10.54
-0.653074 10.55
-0.7085 10.56
-0.766818 10.57
-0.827973 10.58
-0.891698 10.59
-0.957902 10.6
-1.0263 10.61
-1.09675 10.62
-1.16896 10.63
-1.24272 10.64
-1.31767 10.65
-1.3936 10.66
-1.47004 10.67
-1.54685 10.68
-1.61263 10.69
-1.67885 10.7
-1.74294 10.71
-1.80512 10.72
-1.86494 10.73
-1.92201 10.74
-1.97597 10.75
-2.02659 10.76
-2.07359 10.77
-2.11678 10.78
-2.15601 10.79
-2.19115 10.8
-2.22211 10.81
-2.24884 10.82
-2.27127 10.83
-2.2789 10.84
-2.29289 10.85
-2.30229 10.86
-2.30717 10.87
-2.30917 10.88
-2.30445 10.89
-2.29784 10.9
-2.2847 10.91
-2.26968 10.92
-2.2484 10.93
-2.22524 10.94
-2.1962 10.95
-2.16527 10.96
-2.12895 10.97
-2.09079 10.98
-2.0475 10.99
-2.00294 11
-1.95437 11.01
-1.90418 11.02
-1.85061 11.03
-1.7961 11.04
-1.73873 11.05
-1.68141 11.06
-1.62317 11.07
-1.56484 11.08
-1.50687 11.09
-1.44949 11.1
-1.39305 11.11
-1.33776 11.12
-1.28381 11.13
-1.22985 11.14
-1.17714 11.15
-1.12686 11.16
-1.07828 11.17
-1.03206 11.18
-0.988018 11.19
-0.946387 11.2
-0.907391 11.21
-0.870845 11.22
-0.837375 11.23
-0.806431 11.24
-0.779011 11.25
-0.754252 11.26
-0.733449 11.27
-0.715509 11.28
-0.708456 11.29
-0.709867 11.3
-0.716049 11.31
-0.71329 11.32
-0.753241 11.33
-0.76934 11.34
-0.787318 11.35
-0.808063 11.36
-0.830584 11.37
-0.855106 11.38
-0.8812 11.39
-0.909258 11.4
-0.938353 11.41
-0.968841 11.42
-1.00006 11.43
-1.03221 11.44
-1.06473 11.45
-1.09772 11.46
-1.13074 11.47
-1.1638 11.48
-1.19658 11.49
-1.22902 11.5
-1.2609 11.51
-1.29209 11.52
-1.32248 11.53
-1.3519 11.54
-1.38029 11.55
-1.4075 11.56
-1.43347 11.57
-1.4581 11.58
-1.48129 11.59
-1.50307 11.6
-1.52325 11.61
-1.54178 11.62
-1.55857 11.63
-1.57361 11.64
-1.58686 11.65
-1.5985 11.66
-1.60831 11.67
-1.61662 11.68
-1.62322 11.69
-1.62856 11.7
-1.63241 11.71
-1.63539 11.72
-1.6372 11.73
-1.63868 11.74
-1.63937 11.75
-1.64035 11.76
-1.64092 11.77
-1.64239 11.78
-1.64378 11.79
-1.64654 11.8
-1.64948 11.81
-1.65406 11.82
-1.659 11.83
-1.66567 11.84
-1.67282 11.85
-1.68168 11.86
-1.69109 11.87
-1.70213 11.88
-1.71377 11.89
-1.72698 11.9
-1.74081 11.91
-1.7562 11.92
-1.77221 11.93
-1.78979 11.94
-1.80801 11.95
-1.82785 11.96
-1.84834 11.97
-1.87049 11.98
-1.89332 11.99
-1.91784 12
