0.00227273 0
0.00364326 0.005
0.00423882 0.01
0.00386428 0.015
0.00269467 0.02
0.000535677 0.025
-0.00243559 0.03
-0.00642116 0.035
-0.0112377 0.04
-0.0170952 0.045
-0.0238049 0.05
-0.0315842 0.055
-0.0402408 0.06
-0.0499977 0.065
-0.0606635 0.07
-0.0724625 0.075
-0.0852109 0.08
-0.0991283 0.085
-0.114048 0.09
-0.130176 0.095
-0.147376 0.1
-0.166625 0.105
-0.186744 0.11
-0.208655 0.115
-0.231505 0.12
-0.256243 0.125
-0.282004 0.13
-0.309825 0.135
-0.338759 0.14
-0.369955 0.145
-0.402349 0.15
-0.437223 0.155
-0.473357 0.16
-0.512285 0.165
-0.552355 0.17
-0.595358 0.175
-0.639652 0.18
-0.686905 0.185
-0.735341 0.19
-0.786702 0.195
-0.83906 0.2
-0.89415 0.205
-0.949968 0.21
-1.00817 0.215
-1.06677 0.22
-1.12727 0.225
-1.18783 0.23
-1.24975 0.235
-1.31141 0.24
-1.37387 0.245
-1.43582 0.25
-1.49813 0.255
-1.55969 0.26
-1.62117 0.265
-1.68189 0.27
-1.74222 0.275
-1.80176 0.28
-1.86075 0.285
-1.91898 0.29
-1.9766 0.295
-2.03357 0.3
-2.08993 0.305
-2.14581 0.31
-2.20117 0.315
-2.25623 0.32
-2.31093 0.325
-2.36555 0.33
-2.41999 0.335
-2.47459 0.34
-2.52923 0.345
-2.58427 0.35
-2.63957 0.355
-2.69552 0.36
-2.75196 0.365
-2.80927 0.37
-2.86732 0.375
-2.92642 0.38
-2.98652 0.385
-3.04785 0.39
-3.11045 0.395
-3.17443 0.4
-3.23996 0.405
-3.30703 0.41
-3.37593 0.415
-3.4465 0.42
-3.51913 0.425
-3.59354 0.43
-3.67012 0.435
-3.74858 0.44
-3.82916 0.445
-3.91166 0.45
-3.99605 0.455
-4.08235 0.46
-4.17016 0.465
-4.25979 0.47
-4.35041 0.475
-4.4427 0.48
-4.53535 0.485
-4.62944 0.49
-4.72319 0.495
-4.81808 0.5
-4.91193 0.505
-5.00659 0.51
-5.09955 0.515
-5.193 0.52
-5.2842 0.525
-5.37563 0.53
-5.46442 0.535
-5.55324 0.54
-5.63921 0.545
-5.7251 0.55
-5.80806 0.555
-5.89083 0.56
-5.97067 0.565
-6.05016 0.57
-6.12668 0.575
-6.20264 0.58
-6.27551 0.585
-6.34759 0.59
-6.3407 0.595
-6.33873 0.6
-6.33508 0.605
-6.3352 0.61
-6.3335 0.615
-6.33002 0.62
-6.32481 0.625
-6.31791 0.63
-6.30937 0.635
-6.29923 0.64
-6.27579 0.645
-6.26503 0.65
-6.2505 0.655
-6.23494 0.66
-6.2179 0.665
-6.19995 0.67
-6.18064 0.675
-6.16055 0.68
-6.1363 0.685
-6.11234 0.69
-6.08648 0.695
-6.06028 0.7
-6.03244 0.705
-6.00435 0.71
-5.97469 0.715
-5.9449 0.72
-5.91363 0.725
-5.88236 0.73
-5.84973 0.735
-5.81726 0.74
-5.78357 0.745
-5.7502 0.75
-5.7158 0.755
-5.68188 0.76
-5.64712 0.765
-5.613 0.77
-5.57825 0.775
-5.54424 0.78
-5.50981 0.785
-5.4762 0.79
-5.44234 0.795
-5.40936 0.8
-5.37627 0.805
-5.34407 0.81
-5.31186 0.815
-5.28053 0.82
-5.24928 0.825
-5.21886 0.83
-5.18856 0.835
-5.15905 0.84
-5.12967 0.845
-5.10102 0.85
-5.0725 0.855
-5.04463 0.86
-5.01688 0.865
-4.98971 0.87
-4.96262 0.875
-4.93604 0.88
-4.90949 0.885
-4.88338 0.89
-4.85726 0.895
-4.83151 0.9
-4.80569 0.905
-4.78018 0.91
-4.75454 0.915
-4.72915 0.92
-4.70358 0.925
-4.67821 0.93
-4.6526 0.935
-4.62714 0.94
-4.60139 0.945
-4.57574 0.95
-4.54977 0.955
-4.52387 0.96
-4.49759 0.965
-4.47136 0.97
-4.44471 0.975
-4.4181 0.98
-4.39105 0.985
-4.36401 0.99
-4.33652 0.995
-4.30904 1
-4.28109 1.005
-4.25317 1.01
-4.22477 1.015
-4.19641 1.02
-4.1676 1.025
-4.13884 1.03
-4.10964 1.035
-4.08053 1.04
-4.05102 1.045
-4.02164 1.05
-3.9919 1.055
-3.96233 1.06
-3.93245 1.065
-3.90281 1.07
-3.87292 1.075
-3.84332 1.08
-3.81355 1.085
-3.78414 1.09
-3.75459 1.095
-3.72551 1.1
-3.69642 1.105
-3.66777 1.11
-3.63923 1.115
-3.61118 1.12
-3.58331 1.125
-3.55598 1.13
-3.52891 1.135
-3.50238 1.14
-3.4762 1.145
-3.45056 1.15
-3.42532 1.155
-3.4006 1.16
-3.37631 1.165
-3.35252 1.17
-3.32919 1.175
-3.30629 1.18
-3.28385 1.185
-3.2618 1.19
-3.24019 1.195
-3.2189 1.2
-3.19803 1.205
-3.17741 1.21
-3.15717 1.215
-3.13711 1.22
-3.1174 1.225
-3.0978 1.23
-3.0785 1.235
-3.05926 1.24
-3.04027 1.245
-3.0213 1.25
-3.00254 1.255
-2.98375 1.26
-2.96515 1.265
-2.94648 1.27
-2.92797 1.275
-2.90937 1.28
-2.89091 1.285
-2.87236 1.29
-2.85393 1.295
-2.83539 1.3
-2.81698 1.305
-2.79847 1.31
-2.78007 1.315
-2.7616 1.32
-2.74324 1.325
-2.72482 1.33
-2.70654 1.335
-2.6882 1.34
-2.67002 1.345
-2.65182 1.35
-2.6338 1.355
-2.61576 1.36
-2.59793 1.365
-2.58013 1.37
-2.56255 1.375
-2.54504 1.38
-2.52776 1.385
-2.51058 1.39
-2.49367 1.395
-2.47688 1.4
-2.46038 1.405
-2.44403 1.41
-2.42801 1.415
-2.41215 1.42
-2.39665 1.425
-2.38134 1.43
-2.3664 1.435
-2.35169 1.44
-2.33737 1.445
-2.3233 1.45
-2.30965 1.455
-2.29626 1.46
-2.28331 1.465
-2.27064 1.47
-2.25844 1.475
-2.24654 1.48
-2.23512 1.485
-2.22402 1.49
-2.21341 1.495
-2.20315 1.5
-2.1934 1.505
-2.18401 1.51
-2.17514 1.515
-2.16665 1.52
-2.1587 1.525
-2.15113 1.53
-2.14412 1.535
-2.13751 1.54
-2.13146 1.545
-2.12582 1.55
-2.12075 1.555
-2.1161 1.56
-2.11203 1.565
-2.10837 1.57
-2.1053 1.575
-2.10262 1.58
-2.10055 1.585
-2.09883 1.59
-2.09772 1.595
-2.09691 1.6
-2.0967 1.605
-2.0967 1.61
-2.09728 1.615
-2.09796 1.62
-2.09917 1.625
-2.1003 1.63
-2.10188 1.635
-2.10313 1.64
-2.10471 1.645
-2.10562 1.65
-2.10667 1.655
-2.10661 1.66
-2.10642 1.665
-2.10455 1.67
-2.10221 1.675
-2.09748 1.68
-2.09184 1.685
-2.08301 1.69
-2.07271 1.695
-2.05841 1.7
-2.04198 1.705
-2.02083 1.71
-1.99686 1.715
-1.9677 1.72
-1.93508 1.725
-1.89724 1.73
-1.85551 1.735
-1.80913 1.74
-1.75876 1.745
-1.70492 1.75
-1.6475 1.755
-1.58819 1.76
-1.52621 1.765
-1.46412 1.77
-1.40059 1.775
-1.33855 1.78
-1.2764 1.785
-1.21694 1.79
-1.15851 1.795
-1.10347 1.8
-1.05026 1.805
-1.00074 1.81
-0.953621 1.815
-0.910109 1.82
-0.869328 1.825
-0.832012 1.83
-0.797554 1.835
-0.766352 1.84
-0.738015 1.845
-0.7127 1.85
-0.69017 1.855
-0.670412 1.86
-0.653292 1.865
-0.638686 1.87
-0.626521 1.875
-0.616608 1.88
-0.608904 1.885
-0.603188 1.89
-0.599427 1.895
-0.597394 1.9
-0.597049 1.905
-0.598184 1.91
-0.600735 1.915
-0.604532 1.92
-0.609477 1.925
-0.615452 1.93
-0.622325 1.935
-0.630025 1.94
-0.638415 1.945
-0.647434 1.95
-0.656952 1.955
-0.666915 1.96
-0.6772 1.965
-0.687761 1.97
-0.698482 1.975
-0.709324 1.98
-0.72018 1.985
-0.731013 1.99
-0.74173 1.995
-0.75229 2
-0.762621 2.005
-0.772485 2.01
-0.782075 2.015
-0.791429 2.02
-0.800541 2.025
-0.809363 2.03
-0.817921 2.035
-0.826157 2.04
-0.834121 2.045
-0.841745 2.05
-0.849102 2.055
-0.856116 2.06
-0.862878 2.065
-0.869305 2.07
-0.875508 2.075
-0.881396 2.08
-0.887094 2.085
-0.892509 2.09
-0.897774 2.095
-0.902798 2.1
-0.907717 2.105
-0.912447 2.11
-0.917119 2.115
-0.921662 2.12
-0.926196 2.125
-0.930666 2.13
-0.935177 2.135
-0.939694 2.14
-0.944301 2.145
-0.948988 2.15
-0.953809 2.155
-0.958787 2.16
-0.963942 2.165
-0.96932 2.17
-0.974946 2.175
-0.980827 2.18
-0.987009 2.185
-0.993526 2.19
-1.00036 2.195
-1.00761 2.2
-1.01519 2.205
-1.02326 2.21
-1.03168 2.215
-1.04061 2.22
-1.04994 2.225
-1.05982 2.23
-1.07014 2.235
-1.081 2.24
-1.09234 2.245
-1.10423 2.25
-1.11663 2.255
-1.12957 2.26
-1.14305 2.265
-1.15703 2.27
-1.17159 2.275
-1.1866 2.28
-1.20222 2.285
-1.21824 2.29
-1.23488 2.295
-1.25184 2.3
-1.26943 2.305
-1.28727 2.31
-1.30571 2.315
-1.32433 2.32
-1.34351 2.325
-1.36277 2.33
-1.38255 2.335
-1.40231 2.34
-1.4225 2.345
-1.4426 2.35
-1.46302 2.355
-1.48326 2.36
-1.5037 2.365
-1.52389 2.37
-1.54413 2.375
-1.56407 2.38
-1.58391 2.385
-1.60342 2.39
-1.62266 2.395
-1.64155 2.4
-1.66003 2.405
-1.67816 2.41
-1.69577 2.415
-1.71287 2.42
-1.72962 2.425
-1.74564 2.43
-1.76136 2.435
-1.77629 2.44
-1.79092 2.445
-1.80473 2.45
-1.81826 2.455
-1.83095 2.46
-1.84337 2.465
-1.85497 2.47
-1.86631 2.475
-1.87685 2.48
-1.88714 2.485
-1.89668 2.49
-1.90598 2.495
-1.91458 2.5
-1.92295 2.505
-1.93068 2.51
-1.9382 2.515
-1.94514 2.52
-1.95189 2.525
-1.95813 2.53
-1.96418 2.535
-1.96979 2.54
-1.97524 2.545
-1.98031 2.55
-1.98523 2.555
-1.98985 2.56
-1.99433 2.565
-1.99856 2.57
-2.00268 2.575
-2.00662 2.58
-2.01045 2.585
-2.01415 2.59
-2.01777 2.595
-2.0213 2.6
-2.02477 2.605
-2.02818 2.61
-2.03155 2.615
-2.03489 2.62
-2.03821 2.625
-2.04152 2.63
-2.04483 2.635
-2.04813 2.64
-2.05145 2.645
-2.05477 2.65
-2.05813 2.655
-2.06146 2.66
-2.06524 2.665
-2.0688 2.67
-2.07246 2.675
-2.0761 2.68
-2.07981 2.685
-2.0835 2.69
-2.08724 2.695
-2.09096 2.7
-2.09473 2.705
-2.09845 2.71
-2.10219 2.715
-2.10588 2.72
-2.10955 2.725
-2.11314 2.73
-2.11667 2.735
-2.12009 2.74
-2.1234 2.745
-2.12655 2.75
-2.12952 2.755
-2.13228 2.76
-2.13478 2.765
-2.13701 2.77
-2.13886 2.775
-2.14036 2.78
-2.14135 2.785
-2.14191 2.79
-2.14178 2.795
-2.14112 2.8
-2.13958 2.805
-2.13739 2.81
-2.13375 2.815
-2.12941 2.82
-2.12352 2.825
-2.11682 2.83
-2.10776 2.835
-2.09796 2.84
-2.08576 2.845
-2.07276 2.85
-2.05711 2.855
-2.04073 2.86
-2.02146 2.865
-2.00159 2.87
-1.97869 2.875
-1.95536 2.88
-1.92888 2.885
-1.90214 2.89
-1.87217 2.895
-1.84202 2.9
-1.80859 2.905
-1.77493 2.91
-1.73791 2.915
-1.70045 2.92
-1.65954 2.925
-1.61782 2.93
-1.57253 2.935
-1.52592 2.94
-1.47561 2.945
-1.4234 2.95
-1.36737 2.955
-1.30837 2.96
-1.24632 2.965
-1.18024 2.97
-1.11072 2.975
-1.0371 2.98
-0.959596 2.985
-0.877869 2.99
-0.791983 2.995
-0.701804 3
-0.607406 3.005
-0.508873 3.01
-0.406519 3.015
-0.300867 3.02
-0.192826 3.025
-0.0837159 3.03
0.0247752 3.035
0.131017 3.04
0.233086 3.045
0.330215 3.05
0.421231 3.055
0.506197 3.06
0.582847 3.065
0.654332 3.07
0.719827 3.075
0.780184 3.08
0.835264 3.085
0.885777 3.09
0.931698 3.095
0.973598 3.1
1.01153 3.105
1.04594 3.11
1.07693 3.115
1.10484 3.12
1.12981 3.125
1.15209 3.13
1.17183 3.135
1.18923 3.14
1.20444 3.145
1.21759 3.15
1.22885 3.155
1.2383 3.16
1.2461 3.165
1.25231 3.17
1.25707 3.175
1.26045 3.18
1.26255 3.185
1.26346 3.19
1.26325 3.195
1.262 3.2
1.2598 3.205
1.25673 3.21
1.25285 3.215
1.24826 3.22
1.24302 3.225
1.23682 3.23
1.22993 3.235
1.22249 3.24
1.21447 3.245
1.20599 3.25
1.19708 3.255
1.18787 3.26
1.17842 3.265
1.16886 3.27
1.15927 3.275
1.1498 3.28
1.14056 3.285
1.13172 3.29
1.1234 3.295
1.1158 3.3
1.10906 3.305
1.10338 3.31
1.09891 3.315
1.09582 3.32
1.09425 3.325
1.09434 3.33
1.09617 3.335
1.09982 3.34
1.10532 3.345
1.11265 3.35
1.12179 3.355
1.13267 3.36
1.1452 3.365
1.15929 3.37
1.1748 3.375
1.19163 3.38
1.20964 3.385
1.22872 3.39
1.24875 3.395
1.26961 3.4
1.2912 3.405
1.31343 3.41
1.33619 3.415
1.35942 3.42
1.38306 3.425
1.407 3.43
1.43124 3.435
1.45567 3.44
1.48031 3.445
1.50506 3.45
1.52994 3.455
1.55488 3.46
1.57989 3.465
1.60493 3.47
1.63 3.475
1.65506 3.48
1.68012 3.485
1.70517 3.49
1.7302 3.495
1.75519 3.5
1.78016 3.505
1.8051 3.51
1.83 3.515
1.85487 3.52
1.8797 3.525
1.90451 3.53
1.92927 3.535
1.95401 3.54
1.97871 3.545
2.0034 3.55
2.02805 3.555
2.05271 3.56
2.07732 3.565
2.10195 3.57
2.12655 3.575
2.15118 3.58
2.17577 3.585
2.2004 3.59
2.22501 3.595
2.24968 3.6
2.27433 3.605
2.29904 3.61
2.32374 3.615
2.34852 3.62
2.3733 3.625
2.39817 3.63
2.42305 3.635
2.44802 3.64
2.47301 3.645
2.49811 3.65
2.52323 3.655
2.54848 3.66
2.57376 3.665
2.59917 3.67
2.62463 3.675
2.65023 3.68
2.67588 3.685
2.70169 3.69
2.72756 3.695
2.75358 3.7
2.77968 3.705
2.80595 3.71
2.83229 3.715
2.85881 3.72
2.8854 3.725
2.91217 3.73
2.93902 3.735
2.96603 3.74
2.99312 3.745
3.02037 3.75
3.04768 3.755
3.07515 3.76
3.10266 3.765
3.13152 3.77
3.15989 3.775
3.18854 3.78
3.21715 3.785
3.24599 3.79
3.27478 3.795
3.30379 3.8
3.33273 3.805
3.36188 3.81
3.39096 3.815
3.42026 3.82
3.44947 3.825
3.47893 3.83
3.50831 3.835
3.53795 3.84
3.56755 3.845
3.59745 3.85
3.62733 3.855
3.65756 3.86
3.68782 3.865
3.71848 3.87
3.74923 3.875
3.78043 3.88
3.81178 3.885
3.84364 3.89
3.87573 3.895
3.90838 3.9
3.94132 3.905
3.97489 3.91
4.00881 3.915
4.04344 3.92
4.07848 3.925
4.11429 3.93
4.15056 3.935
4.18766 3.94
4.22526 3.945
4.26373 3.95
4.30275 3.955
4.34266 3.96
4.38313 3.965
4.42451 3.97
4.46646 3.975
4.50929 3.98
4.55269 3.985
4.59693 3.99
4.6417 3.995
4.68722 4
4.73321 4.005
4.77984 4.01
4.82682 4.015
4.87234 4.02
4.91892 4.025
4.9477 4.03
4.98845 4.035
5.02516 4.04
5.06245 4.045
5.09811 4.05
5.1342 4.055
5.16836 4.06
5.20294 4.065
5.23531 4.07
5.26807 4.075
5.29756 4.08
5.32759 4.085
5.35458 4.09
5.3812 4.095
5.40491 4.1
5.42871 4.105
5.44911 4.11
5.46952 4.115
5.4863 4.12
5.503 4.125
5.51586 4.13
5.52852 4.135
5.5371 4.14
5.54539 4.145
5.54935 4.15
5.5529 4.155
5.55186 4.16
5.5503 4.165
5.54385 4.17
5.53676 4.175
5.52447 4.18
5.5114 4.185
5.49279 4.19
5.47324 4.195
5.44782 4.2
5.42127 4.205
5.3885 4.21
5.35441 4.215
5.31378 4.22
5.27162 4.225
5.2227 4.23
5.17199 4.235
5.11449 4.24
5.05492 4.245
4.98884 4.25
4.92033 4.255
4.8461 4.26
4.76896 4.265
4.68759 4.27
4.60289 4.275
4.51409 4.28
4.42531 4.285
4.33133 4.29
4.24042 4.295
4.14392 4.3
4.05334 4.305
3.95718 4.31
3.86904 4.315
3.77571 4.32
3.69137 4.325
3.60283 4.33
3.52313 4.335
3.44059 4.34
3.36601 4.345
3.28997 4.35
3.22096 4.355
3.15284 4.36
3.08763 4.365
3.02588 4.37
2.96927 4.375
2.91411 4.38
2.8619 4.385
2.81351 4.39
2.76825 4.395
2.72454 4.4
2.68334 4.405
2.64458 4.41
2.60752 4.415
2.57233 4.42
2.53892 4.425
2.50718 4.43
0.00227273 0
0.00364326 0.005
0.00423882 0.01
0.00386428 0.015
0.00269467 0.02
0.000535677 0.025
-0.00243559 0.03
-0.00642116 0.035
-0.0112377 0.04
-0.0170952 0.045
-0.0238049 0.05
-0.0315842 0.055
-0.0402408 0.06
-0.0499977 0.065
-0.0606635 0.07
-0.0724625 0.075
-0.0852109 0.08
-0.0991283 0.085
-0.114048 0.09
-0.130176 0.095
-0.147376 0.1
-0.166625 0.105
-0.186744 0.11
-0.208655 0.115
-0.231505 0.12
-0.256243 0.125
-0.282004 0.13
-0.309825 0.135
-0.338759 0.14
-0.369955 0.145
-0.402349 0.15
-0.437223 0.155
-0.473357 0.16
-0.512285 0.165
-0.552355 0.17
-0.595358 0.175
-0.639652 0.18
-0.686905 0.185
-0.735341 0.19
-0.786702 0.195
-0.83906 0.2
-0.89415 0.205
-0.949968 0.21
-1.00817 0.215
-1.06677 0.22
-1.12727 0.225
-1.18783 0.23
-1.24975 0.235
-1.31141 0.24
-1.37387 0.245
-1.43582 0.25
-1.49813 0.255
-1.55969 0.26
-1.62117 0.265
-1.68189 0.27
-1.74222 0.275
-1.80176 0.28
-1.86075 0.285
-1.91898 0.29
-1.9766 0.295
-2.03357 0.3
-2.08993 0.305
-2.14581 0.31
-2.20117 0.315
-2.25623 0.32
-2.31093 0.325
-2.36555 0.33
-2.41999 0.335
-2.47459 0.34
-2.52923 0.345
-2.58427 0.35
-2.63957 0.355
-2.69552 0.36
-2.75196 0.365
-2.80927 0.37
-2.86732 0.375
-2.92642 0.38
-2.98652 0.385
-3.04785 0.39
-3.11045 0.395
-3.17443 0.4
-3.23996 0.405
-3.30703 0.41
-3.37593 0.415
-3.4465 0.42
-3.51913 0.425
-3.59354 0.43
-3.67012 0.435
-3.74858 0.44
-3.82916 0.445
-3.91166 0.45
-3.99605 0.455
-4.08235 0.46
-4.17016 0.465
-4.25979 0.47
-4.35041 0.475
-4.4427 0.48
-4.53535 0.485
-4.62944 0.49
-4.72319 0.495
-4.81808 0.5
-4.91193 0.505
-5.00659 0.51
-5.09955 0.515
-5.193 0.52
-5.2842 0.525
-5.37563 0.53
-5.46442 0.535
-5.55324 0.54
-5.63921 0.545
-5.7251 0.55
-5.80806 0.555
-5.89083 0.56
-5.97067 0.565
-6.05016 0.57
-6.12668 0.575
-6.20264 0.58
-6.27551 0.585
-6.34759 0.59
-6.3407 0.595
-6.33873 0.6
-6.33508 0.605
-6.3352 0.61
-6.3335 0.615
-6.33002 0.62
-6.32481 0.625
-6.31791 0.63
-6.30937 0.635
-6.29923 0.64
-6.27579 0.645
-6.26503 0.65
-6.2505 0.655
-6.23494 0.66
-6.2179 0.665
-6.19995 0.67
-6.18064 0.675
-6.16055 0.68
-6.1363 0.685
-6.11234 0.69
-6.08648 0.695
-6.06028 0.7
-6.03244 0.705
-6.00435 0.71
-5.97469 0.715
-5.9449 0.72
-5.91363 0.725
-5.88236 0.73
-5.84973 0.735
-5.81726 0.74
-5.78357 0.745
-5.7502 0.75
-5.7158 0.755
-5.68188 0.76
-5.64712 0.765
-5.613 0.77
-5.57825 0.775
-5.54424 0.78
-5.50981 0.785
-5.4762 0.79
-5.44234 0.795
-5.40936 0.8
-5.37627 0.805
-5.34407 0.81
-5.31186 0.815
-5.28053 0.82
-5.24928 0.825
-5.21886 0.83
-5.18856 0.835
-5.15905 0.84
-5.12967 0.845
-5.10102 0.85
-5.0725 0.855
-5.04463 0.86
-5.01688 0.865
-4.98971 0.87
-4.96262 0.875
-4.93604 0.88
-4.90949 0.885
-4.88338 0.89
-4.85726 0.895
-4.83151 0.9
-4.80569 0.905
-4.78018 0.91
-4.75454 0.915
-4.72915 0.92
-4.70358 0.925
-4.67821 0.93
-4.6526 0.935
-4.62714 0.94
-4.60139 0.945
-4.57574 0.95
-4.54977 0.955
-4.52387 0.96
-4.49759 0.965
-4.47136 0.97
-4.44471 0.975
-4.4181 0.98
-4.39105 0.985
-4.36401 0.99
-4.33652 0.995
-4.30904 1
-4.28109 1.005
-4.25317 1.01
-4.22477 1.015
-4.19641 1.02
-4.1676 1.025
-4.13884 1.03
-4.10964 1.035
-4.08053 1.04
-4.05102 1.045
-4.02164 1.05
-3.9919 1.055
-3.96233 1.06
-3.93245 1.065
-3.90281 1.07
-3.87292 1.075
-3.84332 1.08
-3.81355 1.085
-3.78414 1.09
-3.75459 1.095
-3.72551 1.1
-3.69642 1.105
-3.66777 1.11
-3.63923 1.115
-3.61118 1.12
-3.58331 1.125
-3.55598 1.13
-3.52891 1.135
-3.50238 1.14
-3.4762 1.145
-3.45056 1.15
-3.42532 1.155
-3.4006 1.16
-3.37631 1.165
-3.35252 1.17
-3.32919 1.175
-3.30629 1.18
-3.28385 1.185
-3.2618 1.19
-3.24019 1.195
-3.2189 1.2
-3.19803 1.205
-3.17741 1.21
-3.15717 1.215
-3.13711 1.22
-3.1174 1.225
-3.0978 1.23
-3.0785 1.235
-3.05926 1.24
-3.04027 1.245
-3.0213 1.25
-3.00254 1.255
-2.98375 1.26
-2.96515 1.265
-2.94648 1.27
-2.92797 1.275
-2.90937 1.28
-2.89091 1.285
-2.87236 1.29
-2.85393 1.295
-2.83539 1.3
-2.81698 1.305
-2.79847 1.31
-2.78007 1.315
-2.7616 1.32
-2.74324 1.325
-2.72482 1.33
-2.70654 1.335
-2.6882 1.34
-2.67002 1.345
-2.65182 1.35
-2.6338 1.355
-2.61576 1.36
-2.59793 1.365
-2.58013 1.37
-2.56255 1.375
-2.54504 1.38
-2.52776 1.385
-2.51058 1.39
-2.49367 1.395
-2.47688 1.4
-2.46038 1.405
-2.44403 1.41
-2.42801 1.415
-2.41215 1.42
-2.39665 1.425
-2.38134 1.43
-2.3664 1.435
-2.35169 1.44
-2.33737 1.445
-2.3233 1.45
-2.30965 1.455
-2.29626 1.46
-2.28331 1.465
-2.27064 1.47
-2.25844 1.475
-2.24654 1.48
-2.23512 1.485
-2.22402 1.49
-2.21341 1.495
-2.20315 1.5
-2.1934 1.505
-2.18401 1.51
-2.17514 1.515
-2.16665 1.52
-2.1587 1.525
-2.15113 1.53
-2.14412 1.535
-2.13751 1.54
-2.13146 1.545
-2.12582 1.55
-2.12075 1.555
-2.1161 1.56
-2.11203 1.565
-2.10837 1.57
-2.1053 1.575
-2.10262 1.58
-2.10055 1.585
-2.09883 1.59
-2.09772 1.595
-2.09691 1.6
-2.0967 1.605
-2.0967 1.61
-2.09728 1.615
-2.09796 1.62
-2.09917 1.625
-2.1003 1.63
-2.10188 1.635
-2.10313 1.64
-2.10471 1.645
-2.10562 1.65
-2.10667 1.655
-2.10661 1.66
-2.10642 1.665
-2.10455 1.67
-2.10221 1.675
-2.09748 1.68
-2.09184 1.685
-2.08301 1.69
-2.07271 1.695
-2.05841 1.7
-2.04198 1.705
-2.02083 1.71
-1.99686 1.715
-1.9677 1.72
-1.93508 1.725
-1.89724 1.73
-1.85551 1.735
-1.80913 1.74
-1.75876 1.745
-1.70492 1.75
-1.6475 1.755
-1.58819 1.76
-1.52621 1.765
-1.46412 1.77
-1.40059 1.775
-1.33855 1.78
-1.2764 1.785
-1.21694 1.79
-1.15851 1.795
-1.10347 1.8
-1.05026 1.805
-1.00074 1.81
-0.953621 1.815
-0.910109 1.82
-0.869328 1.825
-0.832012 1.83
-0.797554 1.835
-0.766352 1.84
-0.738015 1.845
-0.7127 1.85
-0.69017 1.855
-0.670412 1.86
-0.653292 1.865
-0.638686 1.87
-0.626521 1.875
-0.616608 1.88
-0.608904 1.885
-0.603188 1.89
-0.599427 1.895
-0.597394 1.9
-0.597049 1.905
-0.598184 1.91
-0.600735 1.915
-0.604532 1.92
-0.609477 1.925
-0.615452 1.93
-0.622325 1.935
-0.630025 1.94
-0.638415 1.945
-0.647434 1.95
-0.656952 1.955
-0.666915 1.96
-0.6772 1.965
-0.687761 1.97
-0.698482 1.975
-0.709324 1.98
-0.72018 1.985
-0.731013 1.99
-0.74173 1.995
-0.75229 2
-0.762621 2.005
-0.772485 2.01
-0.782075 2.015
-0.791429 2.02
-0.800541 2.025
-0.809363 2.03
-0.817921 2.035
-0.826157 2.04
-0.834121 2.045
-0.841745 2.05
-0.849102 2.055
-0.856116 2.06
-0.862878 2.065
-0.869305 2.07
-0.875508 2.075
-0.881396 2.08
-0.887094 2.085
-0.892509 2.09
-0.897774 2.095
-0.902798 2.1
-0.907717 2.105
-0.912447 2.11
-0.917119 2.115
-0.921662 2.12
-0.926196 2.125
-0.930666 2.13
-0.935177 2.135
-0.939694 2.14
-0.944301 2.145
-0.948988 2.15
-0.953809 2.155
-0.958787 2.16
-0.963942 2.165
-0.96932 2.17
-0.974946 2.175
-0.980827 2.18
-0.987009 2.185
-0.993526 2.19
-1.00036 2.195
-1.00761 2.2
-1.01519 2.205
-1.02326 2.21
-1.03168 2.215
-1.04061 2.22
-1.04994 2.225
-1.05982 2.23
-1.07014 2.235
-1.081 2.24
-1.09234 2.245
-1.10423 2.25
-1.11663 2.255
-1.12957 2.26
-1.14305 2.265
-1.15703 2.27
-1.17159 2.275
-1.1866 2.28
-1.20222 2.285
-1.21824 2.29
-1.23488 2.295
-1.25184 2.3
-1.26943 2.305
-1.28727 2.31
-1.30571 2.315
-1.32433 2.32
-1.34351 2.325
-1.36277 2.33
-1.38255 2.335
-1.40231 2.34
-1.4225 2.345
-1.4426 2.35
-1.46302 2.355
-1.48326 2.36
-1.5037 2.365
-1.52389 2.37
-1.54413 2.375
-1.56407 2.38
-1.58391 2.385
-1.60342 2.39
-1.62266 2.395
-1.64155 2.4
-1.66003 2.405
-1.67816 2.41
-1.69577 2.415
-1.71287 2.42
-1.72962 2.425
-1.74564 2.43
-1.76136 2.435
-1.77629 2.44
-1.79092 2.445
-1.80473 2.45
-1.81826 2.455
-1.83095 2.46
-1.84337 2.465
-1.85497 2.47
-1.86631 2.475
-1.87685 2.48
-1.88714 2.485
-1.89668 2.49
-1.90598 2.495
-1.91458 2.5
-1.92295 2.505
-1.93068 2.51
-1.9382 2.515
-1.94514 2.52
-1.95189 2.525
-1.95813 2.53
-1.96418 2.535
-1.96979 2.54
-1.97524 2.545
-1.98031 2.55
-1.98523 2.555
-1.98985 2.56
-1.99433 2.565
-1.99856 2.57
-2.00268 2.575
-2.00662 2.58
-2.01045 2.585
-2.01415 2.59
-2.01777 2.595
-2.0213 2.6
-2.02477 2.605
-2.02818 2.61
-2.03155 2.615
-2.03489 2.62
-2.03821 2.625
-2.04152 2.63
-2.04483 2.635
-2.04813 2.64
-2.05145 2.645
-2.05477 2.65
-2.05813 2.655
-2.06146 2.66
-2.06524 2.665
-2.0688 2.67
-2.07246 2.675
-2.0761 2.68
-2.07981 2.685
-2.0835 2.69
-2.08724 2.695
-2.09096 2.7
-2.09473 2.705
-2.09845 2.71
-2.10219 2.715
-2.10588 2.72
-2.10955 2.725
-2.11314 2.73
-2.11667 2.735
-2.12009 2.74
-2.1234 2.745
-2.12655 2.75
-2.12952 2.755
-2.13228 2.76
-2.13478 2.765
-2.13701 2.77
-2.13886 2.775
-2.14036 2.78
-2.14135 2.785
-2.14191 2.79
-2.14178 2.795
-2.14112 2.8
-2.13958 2.805
-2.13739 2.81
-2.13375 2.815
-2.12941 2.82
-2.12352 2.825
-2.11682 2.83
-2.10776 2.835
-2.09796 2.84
-2.08576 2.845
-2.07276 2.85
-2.05711 2.855
-2.04073 2.86
-2.02146 2.865
-2.00159 2.87
-1.97869 2.875
-1.95536 2.88
-1.92888 2.885
-1.90214 2.89
-1.87217 2.895
-1.84202 2.9
-1.80859 2.905
-1.77493 2.91
-1.73791 2.915
-1.70045 2.92
-1.65954 2.925
-1.61782 2.93
-1.57253 2.935
-1.52592 2.94
-1.47561 2.945
-1.4234 2.95
-1.36737 2.955
-1.30837 2.96
-1.24632 2.965
-1.18024 2.97
-1.11072 2.975
-1.0371 2.98
-0.959596 2.985
-0.877869 2.99
-0.791983 2.995
-0.701804 3
-0.607406 3.005
-0.508873 3.01
-0.406519 3.015
-0.300867 3.02
-0.192826 3.025
-0.0837159 3.03
0.0247752 3.035
0.131017 3.04
0.233086 3.045
0.330215 3.05
0.421231 3.055
0.506197 3.06
0.582847 3.065
0.654332 3.07
0.719827 3.075
0.780184 3.08
0.835264 3.085
0.885777 3.09
0.931698 3.095
0.973598 3.1
1.01153 3.105
1.04594 3.11
1.07693 3.115
1.10484 3.12
1.12981 3.125
1.15209 3.13
1.17183 3.135
1.18923 3.14
1.20444 3.145
1.21759 3.15
1.22885 3.155
1.2383 3.16
1.2461 3.165
1.25231 3.17
1.25707 3.175
1.26045 3.18
1.26255 3.185
1.26346 3.19
1.26325 3.195
1.262 3.2
1.2598 3.205
1.25673 3.21
1.25285 3.215
1.24826 3.22
1.24302 3.225
1.23682 3.23
1.22993 3.235
1.22249 3.24
1.21447 3.245
1.20599 3.25
1.19708 3.255
1.18787 3.26
1.17842 3.265
1.16886 3.27
1.15927 3.275
1.1498 3.28
1.14056 3.285
1.13172 3.29
1.1234 3.295
1.1158 3.3
1.10906 3.305
1.10338 3.31
1.09891 3.315
1.09582 3.32
1.09425 3.325
1.09434 3.33
1.09617 3.335
1.09982 3.34
1.10532 3.345
1.11265 3.35
1.12179 3.355
1.13267 3.36
1.1452 3.365
1.15929 3.37
1.1748 3.375
1.19163 3.38
1.20964 3.385
1.22872 3.39
1.24875 3.395
1.26961 3.4
1.2912 3.405
1.31343 3.41
1.33619 3.415
1.35942 3.42
1.38306 3.425
1.407 3.43
1.43124 3.435
1.45567 3.44
1.48031 3.445
1.50506 3.45
1.52994 3.455
1.55488 3.46
1.57989 3.465
1.60493 3.47
1.63 3.475
1.65506 3.48
1.68012 3.485
1.70517 3.49
1.7302 3.495
1.75519 3.5
1.78016 3.505
1.8051 3.51
1.83 3.515
1.85487 3.52
1.8797 3.525
1.90451 3.53
1.92927 3.535
1.95401 3.54
1.97871 3.545
2.0034 3.55
2.02805 3.555
2.05271 3.56
2.07732 3.565
2.10195 3.57
2.12655 3.575
2.15118 3.58
2.17577 3.585
2.2004 3.59
2.22501 3.595
2.24968 3.6
2.27433 3.605
2.29904 3.61
2.32374 3.615
2.34852 3.62
2.3733 3.625
2.39817 3.63
2.42305 3.635
2.44802 3.64
2.47301 3.645
2.49811 3.65
2.52323 3.655
2.54848 3.66
2.57376 3.665
2.59917 3.67
2.62463 3.675
2.65023 3.68
2.67588 3.685
2.70169 3.69
2.72756 3.695
2.75358 3.7
2.77968 3.705
2.80595 3.71
2.83229 3.715
2.85881 3.72
2.8854 3.725
2.91217 3.73
2.93902 3.735
2.96603 3.74
2.99312 3.745
3.02037 3.75
3.04768 3.755
3.07515 3.76
3.10266 3.765
3.13152 3.77
3.15989 3.775
3.18854 3.78
3.21715 3.785
3.24599 3.79
3.27478 3.795
3.30379 3.8
3.33273 3.805
3.36188 3.81
3.39096 3.815
3.42026 3.82
3.44947 3.825
3.47893 3.83
3.50831 3.835
3.53795 3.84
3.56755 3.845
3.59745 3.85
3.62733 3.855
3.65756 3.86
3.68782 3.865
3.71848 3.87
3.74923 3.875
3.78043 3.88
3.81178 3.885
3.84364 3.89
3.87573 3.895
3.90838 3.9
3.94132 3.905
3.97489 3.91
4.00881 3.915
4.04344 3.92
4.07848 3.925
4.11429 3.93
4.15056 3.935
4.18766 3.94
4.22526 3.945
4.26373 3.95
4.30275 3.955
4.34266 3.96
4.38313 3.965
4.42451 3.97
4.46646 3.975
4.50929 3.98
4.55269 3.985
4.59693 3.99
4.6417 3.995
4.68722 4
4.73321 4.005
4.77984 4.01
4.82682 4.015
4.87234 4.02
4.91892 4.025
4.9477 4.03
4.98845 4.035
5.02516 4.04
5.06245 4.045
5.09811 4.05
5.1342 4.055
5.16836 4.06
5.20294 4.065
5.23531 4.07
5.26807 4.075
5.29756 4.08
5.32759 4.085
5.35458 4.09
5.3812 4.095
5.40491 4.1
5.42871 4.105
5.44911 4.11
5.46952 4.115
5.4863 4.12
5.503 4.125
5.51586 4.13
5.52852 4.135
5.5371 4.14
5.54539 4.145
5.54935 4.15
5.5529 4.155
5.55186 4.16
5.5503 4.165
5.54385 4.17
5.53676 4.175
5.52447 4.18
5.5114 4.185
5.49279 4.19
5.47324 4.195
5.44782 4.2
5.42127 4.205
5.3885 4.21
5.35441 4.215
5.31378 4.22
5.27162 4.225
5.2227 4.23
5.17199 4.235
5.11449 4.24
5.05492 4.245
4.98884 4.25
4.92033 4.255
4.8461 4.26
4.76896 4.265
4.68759 4.27
4.60289 4.275
4.51409 4.28
4.42531 4.285
4.33133 4.29
4.24042 4.295
4.14392 4.3
4.05334 4.305
3.95718 4.31
3.86904 4.315
3.77571 4.32
3.69137 4.325
3.60283 4.33
3.52313 4.335
3.44059 4.34
3.36601 4.345
3.28997 4.35
3.22096 4.355
3.15284 4.36
3.08763 4.365
3.02588 4.37
2.96927 4.375
2.91411 4.38
2.8619 4.385
2.81351 4.39
2.76825 4.395
2.72454 4.4
2.68334 4.405
2.64458 4.41
2.60752 4.415
2.57233 4.42
2.53892 4.425
2.50718 4.43
