0.00454545 0
0.00545982 0.01
0.00321821 0.02
-0.0029858 0.03
-0.0124785 0.04
-0.0261248 0.05
-0.0432246 0.06
-0.0647109 0.07
-0.089892 0.08
-0.119732 0.09
-0.153657 0.1
-0.194525 0.11
-0.239359 0.12
-0.290617 0.13
-0.347346 0.14
-0.410956 0.15
-0.481327 0.16
-0.559117 0.17
-0.644882 0.18
-0.737854 0.19
-0.838637 0.2
-0.945515 0.21
-1.05835 0.22
-1.17483 0.23
-1.29411 0.24
-1.41418 0.25
-1.53405 0.26
-1.65266 0.27
-1.76933 0.28
-1.88359 0.29
-1.99546 0.3
-2.10498 0.31
-2.21255 0.32
-2.31867 0.33
-2.42387 0.34
-2.52895 0.35
-2.63445 0.36
-2.74126 0.37
-2.8499 0.38
-2.96124 0.39
-3.07589 0.4
-3.19475 0.41
-3.31862 0.42
-3.4483 0.43
-3.58442 0.44
-3.72718 0.45
-3.87649 0.46
-4.03149 0.47
-4.19156 0.48
-4.35467 0.49
-4.52031 0.5
-4.68515 0.51
-4.84936 0.52
-5.0087 0.53
-5.16406 0.54
-5.3119 0.55
-5.45333 0.56
-5.58594 0.57
-5.71175 0.58
-5.82809 0.59
-5.9393 0.6
-6.04073 0.61
-6.13764 0.62
-6.22504 0.63
-6.30767 0.64
-6.30302 0.65
-6.28299 0.66
-6.27481 0.67
-6.26739 0.68
-6.25132 0.69
-6.23078 0.7
-6.20682 0.71
-6.17892 0.72
-6.14831 0.73
-6.11476 0.74
-6.07938 0.75
-6.03304 0.76
-5.99003 0.77
-5.94197 0.78
-5.89514 0.79
-5.84391 0.8
-5.79529 0.81
-5.74357 0.82
-5.69427 0.83
-5.64324 0.84
-5.59489 0.85
-5.54573 0.86
-5.49923 0.87
-5.45255 0.88
-5.40829 0.89
-5.36421 0.9
-5.32221 0.91
-5.28049 0.92
-5.24047 0.93
-5.20065 0.94
-5.16214 0.95
-5.12366 0.96
-5.08608 0.97
-5.04833 0.98
-5.01109 0.99
-4.97345 1
-4.93598 1.01
-4.89789 1.02
-4.85968 1.03
-4.82069 1.04
-4.78133 1.05
-4.7411 1.06
-4.70033 1.07
-4.6587 1.08
-4.61644 1.09
-4.57345 1.1
-4.52983 1.11
-4.48575 1.12
-4.44112 1.13
-4.39648 1.14
-4.35149 1.15
-4.30711 1.16
-4.26267 1.17
-4.21964 1.18
-4.17694 1.19
-4.1366 1.2
-4.09702 1.21
-4.06093 1.22
-4.02591 1.23
-3.99536 1.24
-3.96643 1.25
-3.94288 1.26
-3.92104 1.27
-3.90511 1.28
-3.89127 1.29
-3.88348 1.3
-3.87782 1.31
-3.87813 1.32
-3.88053 1.33
-3.88857 1.34
-3.8986 1.35
-3.91377 1.36
-3.9308 1.37
-3.95238 1.38
-3.97566 1.39
-4.00287 1.4
-4.03162 1.41
-4.06367 1.42
-4.09711 1.43
-4.13329 1.44
-4.17074 1.45
-4.21042 1.46
-4.25132 1.47
-4.29405 1.48
-4.33803 1.49
-4.38353 1.5
-4.43039 1.51
-4.47856 1.52
-4.52823 1.53
-4.5791 1.54
-4.63159 1.55
-4.68517 1.56
-4.74033 1.57
-4.79641 1.58
-4.85363 1.59
-4.91138 1.6
-4.9692 1.61
-5.0267 1.62
-5.08224 1.63
-5.136 1.64
-5.18468 1.65
-5.22946 1.66
-5.26529 1.67
-5.29449 1.68
-5.31101 1.69
-5.31752 1.7
-5.30902 1.71
-5.28667 1.72
-5.24942 1.73
-5.19813 1.74
-5.13307 1.75
-5.05771 1.76
-4.97114 1.77
-4.87944 1.78
-4.77485 1.79
-4.66824 1.8
-4.5586 1.81
-4.44909 1.82
-4.33794 1.83
-4.22721 1.84
-4.11693 1.85
-4.00685 1.86
-3.90698 1.87
-3.80225 1.88
-3.70046 1.89
-3.59574 1.9
-3.49172 1.91
-3.38524 1.92
-3.27725 1.93
-3.16777 1.94
-3.05506 1.95
-2.94215 1.96
-2.82496 1.97
-2.70873 1.98
-2.58777 1.99
-2.46856 2
-2.34463 2.01
-2.22306 2.02
-2.09726 2.03
-1.97434 2.04
-1.8482 2.05
-1.72529 2.06
-1.60056 2.07
-1.47907 2.08
-1.35721 2.09
-1.23819 2.1
-1.11977 2.11
-1.00346 2.12
-0.887974 2.13
-0.773725 2.14
-0.660129 2.15
-0.546735 2.16
-0.43399 2.17
-0.320357 2.18
-0.207667 2.19
-0.0953505 2.2
0.0164662 2.21
0.12861 2.22
0.239247 2.23
0.348081 2.24
0.455647 2.25
0.560188 2.26
0.663882 2.27
0.764496 2.28
0.864548 2.29
0.961859 2.3
1.05874 2.31
1.15319 2.32
1.24726 2.33
1.3414 2.34
1.43404 2.35
1.52521 2.36
1.61585 2.37
1.70494 2.38
1.79339 2.39
1.88024 2.4
1.96633 2.41
2.0507 2.42
2.13414 2.43
2.2154 2.44
2.29561 2.45
2.37431 2.46
2.45162 2.47
2.52719 2.48
2.60123 2.49
2.67323 2.5
2.74361 2.51
2.81168 2.52
2.87811 2.53
2.9421 2.54
3.00455 2.55
3.06465 2.56
3.12345 2.57
3.18026 2.58
3.23451 2.59
3.28796 2.6
3.34094 2.61
3.39336 2.62
3.44589 2.63
3.49874 2.64
3.55231 2.65
3.60702 2.66
3.66296 2.67
3.72078 2.68
3.7802 2.69
3.84198 2.7
3.90564 2.71
3.97193 2.72
4.04014 2.73
4.11102 2.74
4.18363 2.75
4.25877 2.76
4.33517 2.77
4.41378 2.78
4.49577 2.79
4.58139 2.8
4.66741 2.81
4.75538 2.82
4.84436 2.83
4.93441 2.84
5.02581 2.85
5.11856 2.86
5.2116 2.87
5.30759 2.88
5.40469 2.89
5.50517 2.9
5.60825 2.91
5.71557 2.92
5.82673 2.93
5.94259 2.94
6.06175 2.95
6.18383 2.96
6.30426 2.97
6.30426 2.98
6.28268 2.99
6.277 3
6.26757 3.01
6.25502 3.02
6.23888 3.03
6.21991 3.04
6.19733 3.05
6.17227 3.06
6.14325 3.07
6.11217 3.08
6.07649 3.09
6.03931 3.1
5.99682 3.11
5.95357 3.12
5.90465 3.13
5.85484 3.14
5.80299 3.15
5.74652 3.16
5.69119 3.17
5.63189 3.18
5.57423 3.19
5.51383 3.2
5.45539 3.21
5.39537 3.22
5.33743 3.23
5.2789 3.24
5.22238 3.25
5.16601 3.26
5.11149 3.27
5.05762 3.28
5.0054 3.29
4.95413 3.3
4.90434 3.31
4.85566 3.32
4.80832 3.33
4.76219 3.34
4.71731 3.35
4.67378 3.36
4.63138 3.37
4.59059 3.38
4.5508 3.39
4.513 3.4
4.47608 3.41
4.44161 3.42
4.40798 3.43
4.37731 3.44
4.34796 3.45
4.32058 3.46
4.29662 3.47
4.27391 3.48
4.25459 3.49
4.23831 3.5
4.22443 3.51
4.21365 3.52
4.2058 3.53
4.2007 3.54
4.1987 3.55
4.19903 3.56
4.20239 3.57
4.20761 3.58
4.21548 3.59
4.22496 3.6
4.23663 3.61
4.24956 3.62
4.2643 3.63
4.28002 3.64
4.29721 3.65
4.31514 3.66
4.33427 3.67
4.35396 3.68
4.37466 3.69
4.39582 3.7
4.41782 3.71
4.44026 3.72
4.4658 3.73
4.49071 3.74
4.51672 3.75
4.54501 3.76
4.57319 3.77
4.60223 3.78
4.63186 3.79
4.6623 3.8
4.69327 3.81
4.72506 3.82
4.75728 3.83
4.79028 3.84
4.82358 3.85
4.85752 3.86
4.8916 3.87
4.92607 3.88
4.96048 3.89
4.99493 3.9
5.02902 3.91
5.06273 3.92
5.09573 3.93
5.12785 3.94
5.15884 3.95
5.18847 3.96
5.21654 3.97
5.24287 3.98
5.26729 3.99
5.28972 4
5.31013 4.01
5.32849 4.02
5.345 4.03
5.35963 4.04
5.37283 4.05
5.38452 4.06
5.39535 4.07
5.40514 4.08
5.41467 4.09
5.42359 4.1
5.43278 4.11
5.44168 4.12
5.45117 4.13
5.46049 4.14
5.47046 4.15
5.48004 4.16
5.48995 4.17
5.49883 4.18
5.5072 4.19
5.51327 4.2
5.51734 4.21
5.51704 4.22
5.5125 4.23
5.50067 4.24
5.48173 4.25
5.45205 4.26
5.41231 4.27
5.35891 4.28
5.29337 4.29
5.21317 4.3
5.12052 4.31
5.01463 4.32
4.89803 4.33
4.77127 4.34
4.63722 4.35
4.49608 4.36
4.35161 4.37
4.20323 4.38
4.05516 4.39
3.90645 4.4
3.76032 4.41
3.61915 4.42
3.48015 4.43
3.34564 4.44
3.21393 4.45
3.08633 4.46
2.96021 4.47
2.83862 4.48
2.71861 4.49
2.60282 4.5
2.48862 4.51
2.37788 4.52
2.26854 4.53
2.16168 4.54
2.05591 4.55
1.95168 4.56
1.84817 4.57
1.7455 4.58
1.64317 4.59
1.54112 4.6
1.43913 4.61
1.337 4.62
1.23248 4.63
1.1281 4.64
1.02261 4.65
0.917039 4.66
0.810397 4.67
0.703869 4.68
0.59654 4.69
0.487036 4.7
0.378762 4.71
0.270474 4.72
0.162368 4.73
0.0549869 4.74
-0.0519868 4.75
-0.158554 4.76
-0.264417 4.77
-0.369755 4.78
-0.474328 4.79
-0.57818 4.8
-0.681082 4.81
-0.782953 4.82
-0.884078 4.83
-0.983896 4.84
-1.08281 4.85
-1.18069 4.86
-1.27772 4.87
-1.37378 4.88
-1.46916 4.89
-1.56367 4.9
-1.65765 4.91
-1.75087 4.92
-1.84361 4.93
-1.93562 4.94
-2.02711 4.95
-2.11776 4.96
-2.20765 4.97
-2.29646 4.98
-2.38407 4.99
-2.47023 5
-2.55452 5.01
-2.63683 5.02
-2.71666 5.03
-2.79416 5.04
-2.86874 5.05
-2.94095 5.06
-3.01024 5.07
-3.07748 5.08
-3.14214 5.09
-3.20522 5.1
-3.2662 5.11
-3.3259 5.12
-3.38385 5.13
-3.44057 5.14
-3.4957 5.15
-3.54946 5.16
-3.60167 5.17
-3.65242 5.18
-3.70156 5.19
-3.74933 5.2
-3.79549 5.21
-3.84051 5.22
-3.88407 5.23
-3.92689 5.24
-3.96855 5.25
-4.00995 5.26
-4.05059 5.27
-4.0915 5.28
-4.1321 5.29
-4.17344 5.3
-4.21483 5.31
-4.25725 5.32
-4.2999 5.33
-4.34355 5.34
-4.38727 5.35
-4.43156 5.36
-4.47531 5.37
-4.51873 5.38
-4.56052 5.39
-4.60066 5.4
-4.63773 5.41
-4.67166 5.42
-4.70103 5.43
-4.72599 5.44
-4.74539 5.45
-4.75978 5.46
-4.76856 5.47
-4.77263 5.48
-4.77209 5.49
-4.76797 5.5
-4.76092 5.51
-4.75193 5.52
-4.74191 5.53
-4.73171 5.54
-4.72216 5.55
-4.714 5.56
-4.708 5.57
-4.70451 5.58
-4.70441 5.59
-4.70755 5.6
-4.715 5.61
-4.72612 5.62
-4.74221 5.63
-4.76207 5.64
-4.78705 5.65
-4.81594 5.66
-4.84976 5.67
-4.88758 5.68
-4.92987 5.69
-4.9761 5.7
-5.02611 5.71
-5.07975 5.72
-5.1363 5.73
-5.19575 5.74
-5.25915 5.75
-5.3238 5.76
-5.39162 5.77
-5.46005 5.78
-5.52749 5.79
-5.59461 5.8
-5.6596 5.81
-5.72257 5.82
-5.78246 5.83
-5.83904 5.84
-5.89209 5.85
-5.94137 5.86
-5.98739 5.87
-6.03011 5.88
-6.0706 5.89
-6.10913 5.9
-6.14681 5.91
-6.18401 5.92
-6.22179 5.93
-6.26036 5.94
-6.30071 5.95
-6.28319 5.96
-6.28833 5.97
-6.28833 5.98
-6.28833 5.99
-6.28833 6
-6.28833 6.01
-6.28833 6.02
-6.28833 6.03
-6.28833 6.04
-6.28833 6.05
-6.28833 6.06
-6.28833 6.07
-6.28419 6.08
-6.28319 6.09
-6.28639 6.1
-6.28319 6.11
-6.28649 6.12
-6.28319 6.13
-6.28649 6.14
-6.28319 6.15
-6.28649 6.16
-6.28319 6.17
-6.28628 6.18
-6.28319 6.19
-6.28621 6.2
-6.28319 6.21
-6.28609 6.22
-6.28319 6.23
-6.28594 6.24
-6.28319 6.25
-6.28578 6.26
-6.28319 6.27
-6.28548 6.28
-6.28486 6.29
-6.28319 6.3
-6.2856 6.31
-6.28373 6.32
-6.28319 6.33
-6.28497 6.34
-6.28291 6.35
-6.28326 6.36
-6.28944 6.37
-6.2844 6.38
-6.2825 6.39
-6.28182 6.4
-6.28127 6.41
-6.28021 6.42
-6.27898 6.43
-6.27683 6.44
-6.27422 6.45
-6.26974 6.46
-6.26464 6.47
-6.25733 6.48
-6.24926 6.49
-6.23779 6.5
-6.22556 6.51
-6.20971 6.52
-6.19294 6.53
-6.17209 6.54
-6.15019 6.55
-6.12375 6.56
-6.0961 6.57
-6.06354 6.58
-6.02961 6.59
-5.99047 6.6
-5.94992 6.61
-5.90395 6.62
-5.85516 6.63
-5.8036 6.64
-5.63426 6.65
-5.46642 6.66
-5.30237 6.67
-5.11736 6.68
-4.95976 6.69
-4.7091 6.7
-4.5157 6.71
-4.36781 6.72
-4.22359 6.73
-4.08095 6.74
-3.94146 6.75
-3.8022 6.76
-3.66492 6.77
-3.52693 6.78
-3.38982 6.79
-3.25205 6.8
-3.11514 6.81
-2.97757 6.82
-2.84042 6.83
-2.70715 6.84
-2.5766 6.85
-2.44877 6.86
-2.32311 6.87
-2.20017 6.88
-2.07796 6.89
-1.95891 6.9
-1.84183 6.91
-1.72599 6.92
-1.61133 6.93
-1.49939 6.94
-1.388 6.95
-1.27927 6.96
-1.17111 6.97
-1.06576 6.98
-0.961034 6.99
-0.85929 7
-0.758249 7.01
-0.659974 7.02
-0.56258 7.03
-0.467505 7.04
-0.371878 7.05
-0.279333 7.06
-0.188346 7.07
-0.0985816 7.08
-0.0110823 7.09
0.0746729 7.1
0.158428 7.11
0.240871 7.12
0.321695 7.13
0.401811 7.14
0.480855 7.15
0.559731 7.16
0.638056 7.17
0.716564 7.18
0.794902 7.19
0.873539 7.2
0.952199 7.21
1.03105 7.22
1.1099 7.23
1.18863 7.24
1.26714 7.25
1.34515 7.26
1.42238 7.27
1.49861 7.28
1.57346 7.29
1.64666 7.3
1.71787 7.31
1.7867 7.32
1.85294 7.33
1.91608 7.34
1.9761 7.35
2.0324 7.36
2.08514 7.37
2.1337 7.38
2.17836 7.39
2.2186 7.4
2.2547 7.41
2.28647 7.42
2.31366 7.43
2.33678 7.44
2.35543 7.45
2.37003 7.46
2.38022 7.47
2.3867 7.48
2.38882 7.49
2.38757 7.5
2.38205 7.51
2.37349 7.52
2.36082 7.53
2.34539 7.54
2.32604 7.55
2.30421 7.56
2.27869 7.57
2.25094 7.58
2.21978 7.59
2.18663 7.6
2.15038 7.61
2.11242 7.62
2.07171 7.63
2.0296 7.64
1.98514 7.65
1.93958 7.66
1.89207 7.67
1.84382 7.68
1.79407 7.69
1.744 7.7
1.693 7.71
1.64215 7.72
1.59107 7.73
1.54066 7.74
1.49085 7.75
1.44231 7.76
1.39873 7.77
1.35854 7.78
1.32092 7.79
1.28648 7.8
1.25629 7.81
1.23 7.82
1.20887 7.83
1.19243 7.84
1.18187 7.85
1.17672 7.86
1.17795 7.87
1.18513 7.88
1.19894 7.89
1.219 7.9
1.24565 7.91
1.27858 7.92
1.31777 7.93
1.36295 7.94
1.41382 7.95
1.47007 7.96
1.53117 7.97
1.59676 7.98
1.66611 7.99
1.73873 8
1.81375 8.01
1.89053 8.02
1.96807 8.03
2.0456 8.04
2.12206 8.05
2.19659 8.06
2.26813 8.07
2.33591 8.08
2.39891 8.09
2.4567 8.1
2.50824 8.11
2.55366 8.12
2.59188 8.13
2.62362 8.14
2.64764 8.15
2.66525 8.16
2.67495 8.17
2.67851 8.18
2.67419 8.19
2.66403 8.2
2.64613 8.21
2.62271 8.22
2.59177 8.23
2.55561 8.24
2.51226 8.25
2.464 8.26
2.40897 8.27
2.34943 8.28
2.28361 8.29
2.21378 8.3
2.13828 8.31
2.0594 8.32
1.97556 8.33
1.88922 8.34
1.79881 8.35
1.70707 8.36
1.61246 8.37
1.5177 8.38
1.42172 8.39
1.32682 8.4
1.23228 8.41
1.13996 8.42
1.04948 8.43
0.961735 8.44
0.876782 8.45
0.799724 8.46
0.723332 8.47
0.653647 8.48
0.583738 8.49
0.515953 8.5
0.447114 8.51
0.377642 8.52
0.305543 8.53
0.230278 8.54
0.151224 8.55
0.0675017 8.56
-0.0203318 8.57
-0.112602 8.58
-0.208241 8.59
-0.306527 8.6
-0.406657 8.61
-0.507452 8.62
-0.608452 8.63
-0.708871 8.64
-0.808273 8.65
-0.906433 8.66
-1.00287 8.67
-1.09758 8.68
-1.19017 8.69
-1.2803 8.7
-1.36744 8.71
-1.45148 8.72
-1.53148 8.73
-1.60775 8.74
-1.67864 8.75
-1.74529 8.76
-1.80506 8.77
-1.86025 8.78
-1.9071 8.79
-1.94934 8.8
-1.98211 8.81
-2.01063 8.82
-2.02916 8.83
-2.04427 8.84
-2.04968 8.85
-2.05287 8.86
-2.04746 8.87
-2.04122 8.88
-2.02798 8.89
-2.01524 8.9
-1.99726 8.91
-1.98083 8.92
-1.96078 8.93
-1.94295 8.94
-1.9228 8.95
-1.90516 8.96
-1.88613 8.97
-1.86956 8.98
-1.85217 8.99
-1.83689 9
-1.82106 9.01
-1.80679 9.02
-1.79198 9.03
-1.77804 9.04
-1.76337 9.05
-1.7488 9.06
-1.73325 9.07
-1.71701 9.08
-1.69956 9.09
-1.68069 9.1
-1.66056 9.11
-1.63846 9.12
-1.61502 9.13
-1.58949 9.14
-1.56288 9.15
-1.53457 9.16
-1.50588 9.17
-1.47644 9.18
-1.44791 9.19
-1.42002 9.2
-1.39488 9.21
-1.38169 9.22
-1.36982 9.23
-1.36546 9.24
-1.3664 9.25
-1.3761 9.26
-1.39168 9.27
-1.41585 9.28
-1.4454 9.29
-1.48216 9.3
-1.52298 9.31
-1.569 9.32
-1.61739 9.33
-1.66892 9.34
-1.72116 9.35
-1.7747 9.36
-1.82748 9.37
-1.88009 9.38
-1.93066 9.39
-1.97964 9.4
-2.02558 9.41
-2.06883 9.42
-2.10792 9.43
-2.14331 9.44
-2.17339 9.45
-2.19866 9.46
-2.21745 9.47
-2.2303 9.48
-2.23547 9.49
-2.23364 9.5
-2.22298 9.51
-2.20439 9.52
-2.17603 9.53
-2.13909 9.54
-2.09121 9.55
-2.03473 9.56
-1.96778 9.57
-1.89234 9.58
-1.80862 9.59
-1.71674 9.6
-1.61751 9.61
-1.51142 9.62
-1.40028 9.63
-1.28673 9.64
-1.16988 9.65
-1.04906 9.66
-0.928199 9.67
-0.80516 9.68
-0.682494 9.69
-0.559749 9.7
-0.438052 9.71
-0.31737 9.72
-0.200257 9.73
-0.0834628 9.74
0.0269108 9.75
0.138578 9.76
0.244841 9.77
0.352814 9.78
0.45891 9.79
0.565979 9.8
0.673795 9.81
0.781597 9.82
0.890482 9.83
0.998926 9.84
1.10774 9.85
1.21603 9.86
1.32371 9.87
1.43069 9.88
1.53639 9.89
1.64104 9.9
1.73874 9.91
1.83397 9.92
1.92794 9.93
2.01929 9.94
2.1082 9.95
2.19449 9.96
2.27804 9.97
2.35873 9.98
2.43667 9.99
2.51141 10
2.58338 10.01
2.65183 10.02
2.71752 10.03
2.77952 10.04
2.8388 10.05
2.89447 10.06
2.94755 10.07
2.99745 10.08
3.04502 10.09
3.09024 10.1
3.13363 10.11
3.17578 10.12
3.21683 10.13
3.25799 10.14
3.29898 10.15
3.34149 10.16
3.38477 10.17
3.43091 10.18
3.47865 10.19
3.53024 10.2
3.58402 10.21
3.6421 10.22
3.70269 10.23
3.76743 10.24
3.83469 10.25
3.90548 10.26
3.97849 10.27
4.05416 10.28
4.13144 10.29
4.2105 10.3
4.2904 10.31
4.37126 10.32
4.45219 10.33
4.53334 10.34
4.61394 10.35
4.69411 10.36
4.77331 10.37
4.85149 10.38
4.92848 10.39
5.00407 10.4
5.07807 10.41
5.1506 10.42
5.22117 10.43
5.29022 10.44
5.35702 10.45
5.42219 10.46
5.48492 10.47
5.5459 10.48
5.60427 10.49
5.66071 10.5
5.71446 10.51
5.76612 10.52
5.81502 10.53
5.8617 10.54
5.90566 10.55
5.94735 10.56
5.98644 10.57
6.02334 10.58
6.05791 10.59
6.09052 10.6
6.12122 10.61
6.15031 10.62
6.17809 10.63
6.20489 10.64
6.23093 10.65
6.25679 10.66
6.28251 10.67
6.30894 10.68
6.30572 10.69
6.30773 10.7
6.30773 10.71
6.30773 10.72
6.30773 10.73
6.30773 10.74
6.30765 10.75
6.30765 10.76
6.30765 10.77
6.30765 10.78
6.30765 10.79
6.30765 10.8
6.30765 10.81
6.30765 10.82
6.30765 10.83
6.28319 10.84
6.28319 10.85
6.28319 10.86
6.28315 10.87
6.28552 10.88
6.28319 10.89
6.28569 10.9
6.28319 10.91
6.28583 10.92
6.28319 10.93
6.28595 10.94
6.28319 10.95
6.28604 10.96
6.28319 10.97
6.28605 10.98
6.28232 10.99
6.28528 11
6.28319 11.01
6.28556 11.02
6.28319 11.03
6.28494 11.04
6.28223 11.05
6.28325 11.06
6.28319 11.07
6.28296 11.08
6.28234 11.09
6.28073 11.1
6.27802 11.11
6.27386 11.12
6.2681 11.13
6.2635 11.14
6.2571 11.15
6.24778 11.16
6.23648 11.17
6.22232 11.18
6.20539 11.19
6.18565 11.2
6.16262 11.21
6.13683 11.22
6.10756 11.23
6.07554 11.24
6.04014 11.25
6.00203 11.26
5.9608 11.27
5.91701 11.28
5.86987 11.29
5.82136 11.3
5.77343 11.31
5.72137 11.32
5.68327 11.33
5.63296 11.34
5.57995 11.35
5.52676 11.36
5.47166 11.37
5.41576 11.38
5.35191 11.39
5.28995 11.4
5.22407 11.41
5.15901 11.42
5.09089 11.43
5.02379 11.44
4.95437 11.45
4.88609 11.46
4.81629 11.47
4.74762 11.48
4.67821 11.49
4.60983 11.5
4.54138 11.51
4.47379 11.52
4.40643 11.53
4.33976 11.54
4.27339 11.55
4.20758 11.56
4.14214 11.57
4.07708 11.58
4.01246 11.59
3.94804 11.6
3.88416 11.61
3.82265 11.62
3.76145 11.63
3.70351 11.64
3.64498 11.65
3.58782 11.66
3.53039 11.67
3.47419 11.68
3.41761 11.69
3.36208 11.7
3.30602 11.71
3.25072 11.72
3.19475 11.73
3.13913 11.74
3.08271 11.75
3.02616 11.76
2.96875 11.77
2.91073 11.78
2.85186 11.79
2.79203 11.8
2.73146 11.81
2.66971 11.82
2.60739 11.83
2.54385 11.84
2.47996 11.85
2.41487 11.86
2.34968 11.87
2.28337 11.88
2.2172 11.89
2.14998 11.9
2.08319 11.91
2.01541 11.92
1.94835 11.93
1.8804 11.94
1.81352 11.95
1.74586 11.96
1.67967 11.97
1.61292 11.98
1.54808 11.99
1.483 12
