0.00576923 0
0.0155517 0.01
0.0300329 0.02
0.0485087 0.03
0.0719202 0.04
0.0995385 0.05
0.132365 0.06
0.169628 0.07
0.212376 0.08
0.259753 0.09
0.31284 0.1
0.371743 0.11
0.436295 0.12
0.505787 0.13
0.580268 0.14
0.658569 0.15
0.740036 0.16
0.823175 0.17
0.906339 0.18
0.988284 0.19
1.06667 0.2
1.14053 0.21
1.20774 0.22
1.26811 0.23
1.3206 0.24
1.36555 0.25
1.40309 0.26
1.43342 0.27
1.45765 0.28
1.47665 0.29
1.49152 0.3
1.50338 0.31
1.5135 0.32
1.52299 0.33
1.53326 0.34
1.54524 0.35
1.56036 0.36
1.57936 0.37
1.60335 0.38
1.63276 0.39
1.66805 0.4
1.70903 0.41
1.75543 0.42
1.80627 0.43
1.86158 0.44
1.92003 0.45
1.98329 0.46
2.04994 0.47
2.12293 0.48
2.20031 0.49
2.2851 0.5
2.37465 0.51
2.4707 0.52
2.57011 0.53
2.67208 0.54
2.77305 0.55
2.86975 0.56
2.95833 0.57
3.03509 0.58
3.09742 0.59
3.14227 0.6
3.16996 0.61
3.17859 0.62
3.17079 0.63
3.1458 0.64
3.1356 0.65
3.11786 0.66
3.08771 0.67
3.05518 0.68
3.01844 0.69
2.97757 0.7
2.93298 0.71
2.88557 0.72
2.83515 0.73
2.78204 0.74
2.72561 0.75
2.66047 0.76
2.59564 0.77
2.52921 0.78
2.46451 0.79
2.40089 0.8
2.34004 0.81
2.28213 0.82
2.22806 0.83
2.17781 0.84
2.13118 0.85
2.08856 0.86
2.04905 0.87
2.01323 0.88
1.97997 0.89
1.94991 0.9
1.9219 0.91
1.89655 0.92
1.87282 0.93
1.85127 0.94
1.83094 0.95
1.81233 0.96
1.7946 0.97
1.77817 0.98
1.7623 0.99
1.74732 1
1.73258 1.01
1.71835 1.02
1.70405 1.03
1.68986 1.04
1.6753 1.05
1.66046 1.06
1.64496 1.07
1.62878 1.08
1.61166 1.09
1.59347 1.1
1.5741 1.11
1.55326 1.12
1.53104 1.13
1.50697 1.14
1.48138 1.15
1.45358 1.16
1.4242 1.17
1.39236 1.18
1.35893 1.19
1.32293 1.2
1.28548 1.21
1.24552 1.22
1.20435 1.23
1.16108 1.24
1.117 1.25
1.07147 1.26
1.0257 1.27
0.97933 1.28
0.933342 1.29
0.887715 1.3
0.843171 1.31
0.799862 1.32
0.758337 1.33
0.718816 1.34
0.681731 1.35
0.647289 1.36
0.615843 1.37
0.587539 1.38
0.56266 1.39
0.541264 1.4
0.523547 1.41
0.509472 1.42
0.499119 1.43
0.492352 1.44
0.489118 1.45
0.489179 1.46
0.492339 1.47
0.498268 1.48
0.506617 1.49
0.516974 1.5
0.528834 1.51
0.54171 1.52
0.554936 1.53
0.567953 1.54
0.579918 1.55
0.590198 1.56
0.597768 1.57
0.601925 1.58
0.601471 1.59
0.595698 1.6
0.583307 1.61
0.563778 1.62
0.535931 1.63
0.499848 1.64
0.45489 1.65
0.40233 1.66
0.342635 1.67
0.278657 1.68
0.212463 1.69
0.14827 1.7
0.0899276 1.71
0.0421535 1.72
0.00986604 1.73
-0.00314562 1.74
0.00528778 1.75
0.0338408 1.76
0.0810615 1.77
0.141359 1.78
0.212306 1.79
0.292817 1.8
0.385118 1.81
0.487028 1.82
0.5979 1.83
0.715942 1.84
0.839387 1.85
0.966077 1.86
1.09138 1.87
1.21725 1.88
1.34012 1.89
1.461 1.9
1.57762 1.91
1.69111 1.92
1.80059 1.93
1.90613 1.94
2.00838 1.95
2.10592 1.96
2.20067 1.97
2.29046 1.98
2.37772 1.99
2.46071 2
2.54164 2.01
2.61974 2.02
2.69667 2.03
2.77253 2.04
2.84849 2.05
2.92519 2.06
3.00342 2.07
3.08397 2.08
3.16743 2.09
3.25438 2.1
3.34528 2.11
3.44041 2.12
3.54009 2.13
3.64437 2.14
3.75326 2.15
3.86659 2.16
3.98373 2.17
4.10417 2.18
4.22633 2.19
4.3492 2.2
4.47143 2.21
4.59074 2.22
4.7071 2.23
4.81694 2.24
4.92281 2.25
5.02135 2.26
5.11601 2.27
5.20459 2.28
5.2898 2.29
5.37057 2.3
5.44861 2.31
5.52355 2.32
5.59633 2.33
5.66695 2.34
5.73617 2.35
5.8043 2.36
5.8718 2.37
5.93908 2.38
6.00646 2.39
6.07437 2.4
6.14307 2.41
6.21294 2.42
6.28419 2.43
6.28318 2.44
6.28473 2.45
6.28319 2.46
6.28518 2.47
6.28319 2.48
6.28538 2.49
6.28319 2.5
6.28536 2.51
6.28319 2.52
6.2852 2.53
6.28319 2.54
6.28507 2.55
6.28319 2.56
6.28509 2.57
6.28319 2.58
6.28597 2.59
6.28319 2.6
6.28491 2.61
6.28319 2.62
6.28456 2.63
6.28319 2.64
6.28397 2.65
6.28319 2.66
6.28309 2.67
6.28244 2.68
6.28053 2.69
6.27671 2.7
6.27022 2.71
6.26031 2.72
6.24625 2.73
6.22731 2.74
6.20285 2.75
6.17225 2.76
6.13507 2.77
6.0909 2.78
6.03941 2.79
5.98066 2.8
5.91547 2.81
5.84472 2.82
5.76961 2.83
5.69142 2.84
5.61175 2.85
5.53179 2.86
5.45389 2.87
5.37881 2.88
5.30992 2.89
5.24728 2.9
5.19507 2.91
5.15289 2.92
5.12524 2.93
5.11119 2.94
5.11356 2.95
5.13023 2.96
5.15881 2.97
5.15303 2.98
5.14421 2.99
5.14792 3
5.15698 3.01
5.1703 3.02
5.18924 3.03
5.21216 3.04
5.24074 3.05
5.27236 3.06
5.30921 3.07
5.34685 3.08
5.38836 3.09
5.42685 3.1
5.46675 3.11
5.49905 3.12
5.52962 3.13
5.5505 3.14
5.56091 3.15
5.56551 3.16
5.55706 3.17
5.54184 3.18
5.51463 3.19
5.48075 3.2
5.43686 3.21
5.38715 3.22
5.32974 3.23
5.26769 3.24
5.20021 3.25
5.12927 3.26
5.05488 3.27
4.97808 3.28
4.89937 3.29
4.81911 3.3
4.7381 3.31
4.65625 3.32
4.57449 3.33
4.49255 3.34
4.41139 3.35
4.33072 3.36
4.25152 3.37
4.1735 3.38
4.09771 3.39
4.02383 3.4
3.95298 3.41
3.88475 3.42
3.82026 3.43
3.75898 3.44
3.70184 3.45
3.6487 3.46
3.59921 3.47
3.55404 3.48
3.51241 3.49
3.47416 3.5
3.43927 3.51
3.40716 3.52
3.37745 3.53
3.34971 3.54
3.3234 3.55
3.29816 3.56
3.27343 3.57
3.24895 3.58
3.22419 3.59
3.19892 3.6
3.17275 3.61
3.14549 3.62
3.11684 3.63
3.08668 3.64
3.0548 3.65
3.02115 3.66
2.98562 3.67
2.94819 3.68
2.90887 3.69
2.8677 3.7
2.82475 3.71
2.78014 3.72
2.73403 3.73
2.68629 3.74
2.63713 3.75
2.58671 3.76
2.53526 3.77
2.48298 3.78
2.43009 3.79
2.37679 3.8
2.32332 3.81
2.26988 3.82
2.21667 3.83
2.16394 3.84
2.11185 3.85
2.06064 3.86
2.01049 3.87
1.96158 3.88
1.91411 3.89
1.86822 3.9
1.82411 3.91
1.78185 3.92
1.74164 3.93
1.70343 3.94
1.66743 3.95
1.63343 3.96
1.60158 3.97
1.57157 3.98
1.5434 3.99
1.51662 4
1.49119 4.01
1.46645 4.02
1.44242 4.03
1.41825 4.04
1.39409 4.05
1.36899 4.06
1.34321 4.07
1.31578 4.08
1.28706 4.09
1.25611 4.1
1.22333 4.11
1.18778 4.12
1.14988 4.13
1.10873 4.14
1.06467 4.15
1.01682 4.16
0.965479 4.17
0.909761 4.18
0.849912 4.19
0.785086 4.2
0.71557 4.21
0.640634 4.22
0.560812 4.23
0.475725 4.24
0.386494 4.25
0.29353 4.26
0.1989 4.27
0.104335 4.28
0.0128399 4.29
-0.0725001 4.3
-0.148465 4.31
-0.211718 4.32
-0.260052 4.33
-0.291371 4.34
-0.305356 4.35
-0.301544 4.36
-0.281622 4.37
-0.246622 4.38
-0.19966 4.39
-0.143357 4.4
-0.0814841 4.41
-0.0185025 4.42
0.0435841 4.43
0.102022 4.44
0.154346 4.45
0.201205 4.46
0.241529 4.47
0.276356 4.48
0.30527 4.49
0.32965 4.5
0.349255 4.51
0.365253 4.52
0.377606 4.53
0.387191 4.54
0.394175 4.55
0.399212 4.56
0.402611 4.57
0.404889 4.58
0.406425 4.59
0.407661 4.6
0.409011 4.61
0.410887 4.62
0.413941 4.63
0.418163 4.64
0.424014 4.65
0.431464 4.66
0.441072 4.67
0.452595 4.68
0.466791 4.69
0.484788 4.7
0.504698 4.71
0.526773 4.72
0.550635 4.73
0.575624 4.74
0.601156 4.75
0.626244 4.76
0.650593 4.77
0.673343 4.78
0.694416 4.79
0.713358 4.8
0.73032 4.81
0.745183 4.82
0.757934 4.83
0.768968 4.84
0.778271 4.85
0.786059 4.86
0.792517 4.87
0.797901 4.88
0.802403 4.89
0.806323 4.9
0.809891 4.91
0.813438 4.92
0.817257 4.93
0.821695 4.94
0.827125 4.95
0.833901 4.96
0.842459 4.97
0.853145 4.98
0.8664 4.99
0.882524 5
0.901859 5.01
0.924499 5.02
0.950492 5.03
0.979492 5.04
1.01114 5.05
1.04452 5.06
1.07895 5.07
1.11304 5.08
1.14608 5.09
1.17659 5.1
1.20412 5.11
1.22747 5.12
1.24653 5.13
1.26056 5.14
1.26967 5.15
1.27357 5.16
1.27244 5.17
1.26629 5.18
1.2554 5.19
1.23982 5.2
1.22005 5.21
1.19608 5.22
1.1686 5.23
1.13758 5.24
1.10386 5.25
1.06752 5.26
1.0295 5.27
0.990055 5.28
0.950238 5.29
0.910559 5.3
0.872145 5.31
0.835788 5.32
0.802662 5.33
0.7738 5.34
0.750356 5.35
0.73349 5.36
0.724217 5.37
0.723651 5.38
0.73249 5.39
0.751599 5.4
0.781142 5.41
0.821551 5.42
0.872268 5.43
0.933207 5.44
1.00307 5.45
1.08133 5.46
1.16618 5.47
1.25693 5.48
1.35168 5.49
1.44978 5.5
1.54965 5.51
1.65078 5.52
1.75209 5.53
1.85321 5.54
1.9535 5.55
2.05277 5.56
2.15064 5.57
2.24703 5.58
2.34178 5.59
2.43483 5.6
2.5261 5.61
2.61548 5.62
2.70287 5.63
2.78803 5.64
2.87074 5.65
2.95066 5.66
3.02734 5.67
3.10035 5.68
3.16904 5.69
3.23281 5.7
3.29096 5.71
3.34275 5.72
3.38756 5.73
3.42469 5.74
3.45388 5.75
3.4746 5.76
3.4868 5.77
3.49013 5.78
3.48357 5.79
3.4678 5.8
3.44264 5.81
3.40952 5.82
3.36879 5.83
3.32252 5.84
3.2715 5.85
3.21795 5.86
3.16294 5.87
3.10829 5.88
3.05511 5.89
3.00465 5.9
2.95761 5.91
2.91469 5.92
2.87611 5.93
2.8422 5.94
2.81286 5.95
2.81125 5.96
2.80659 5.97
2.80939 5.98
2.81758 5.99
2.83107 6
2.84973 6.01
2.87343 6.02
2.90204 6.03
2.93544 6.04
2.97407 6.05
3.01763 6.06
3.06606 6.07
3.12136 6.08
3.1796 6.09
3.24142 6.1
3.31028 6.11
3.38192 6.12
3.46055 6.13
3.54195 6.14
3.63021 6.15
3.72119 6.16
3.82081 6.17
3.92229 6.18
4.03057 6.19
4.14105 6.2
4.25796 6.21
4.37678 6.22
4.50158 6.23
4.62789 6.24
4.75954 6.25
4.89216 6.26
5.0293 6.27
5.16673 6.28
5.3071 6.29
5.44827 6.3
5.58976 6.31
5.73182 6.32
5.87274 6.33
6.01297 6.34
6.15224 6.35
6.28869 6.36
6.28869 6.37
6.28931 6.38
6.281 6.39
6.27624 6.4
6.26872 6.41
6.25849 6.42
6.24525 6.43
6.22909 6.44
6.20963 6.45
6.1866 6.46
6.1598 6.47
6.1291 6.48
6.09452 6.49
6.05527 6.5
6.01214 6.51
5.96449 6.52
5.91323 6.53
5.85748 6.54
5.79845 6.55
5.73514 6.56
5.66903 6.57
5.59908 6.58
5.52698 6.59
5.45178 6.6
5.37516 6.61
5.29689 6.62
5.21725 6.63
5.13723 6.64
5.07041 6.65
4.99845 6.66
4.92294 6.67
4.84945 6.68
4.77341 6.69
4.70366 6.7
4.63292 6.71
4.56525 6.72
4.50077 6.73
4.44128 6.74
4.38537 6.75
4.33454 6.76
4.28759 6.77
4.24496 6.78
4.20541 6.79
4.16743 6.8
4.12892 6.81
4.0873 6.82
4.03974 6.83
3.98402 6.84
3.9194 6.85
3.84601 6.86
3.7643 6.87
3.67568 6.88
3.5802 6.89
3.48064 6.9
3.3772 6.91
3.27135 6.92
3.16467 6.93
3.05894 6.94
2.95539 6.95
2.85555 6.96
2.76079 6.97
2.67195 6.98
2.5904 6.99
2.5162 7
2.4504 7.01
2.39248 7.02
2.343 7.03
2.30125 7.04
2.26516 7.05
2.23579 7.06
2.21142 7.07
2.19059 7.08
2.1734 7.09
2.15894 7.1
2.14609 7.11
2.13434 7.12
2.12254 7.13
2.11045 7.14
2.09701 7.15
2.08215 7.16
2.06498 7.17
2.0455 7.18
2.02306 7.19
1.99764 7.2
1.96891 7.21
1.93685 7.22
1.90141 7.23
1.86255 7.24
1.82051 7.25
1.77526 7.26
1.72701 7.27
1.67589 7.28
1.62217 7.29
1.56608 7.3
1.50783 7.31
1.44768 7.32
1.38585 7.33
1.32254 7.34
1.25803 7.35
1.19246 7.36
1.12616 7.37
1.05922 7.38
0.992049 7.39
0.924716 7.4
0.85766 7.41
0.79101 7.42
0.725098 7.43
0.660167 7.44
0.59643 7.45
0.534117 7.46
0.473379 7.47
0.414461 7.48
0.357361 7.49
0.302355 7.5
0.249308 7.51
0.198498 7.52
0.14969 7.53
0.103135 7.54
0.0585368 7.55
0.0160952 7.56
-0.0245217 7.57
-0.0631757 7.58
-0.100216 7.59
-0.135575 7.6
-0.169608 7.61
-0.202318 7.62
-0.23406 7.63
-0.264905 7.64
-0.295205 7.65
-0.325075 7.66
-0.354879 7.67
-0.384795 7.68
-0.415206 7.69
-0.446372 7.7
-0.478702 7.71
-0.51253 7.72
-0.548286 7.73
-0.586357 7.74
-0.627168 7.75
-0.671099 7.76
-0.718623 7.77
-0.769696 7.78
-0.82384 7.79
-0.880857 7.8
-0.940246 7.81
-1.00167 7.82
-1.06443 7.83
-1.12815 7.84
-1.19198 7.85
-1.25559 7.86
-1.3181 7.87
-1.37928 7.88
-1.43835 7.89
-1.49525 7.9
-1.54941 7.91
-1.60099 7.92
-1.64972 7.93
-1.69596 7.94
-1.73975 7.95
-1.78162 7.96
-1.82181 7.97
-1.86095 7.98
-1.89942 7.99
-1.93779 8
-1.97646 8.01
-2.01591 8.02
-2.05644 8.03
-2.09837 8.04
-2.14188 8.05
-2.18706 8.06
-2.23393 8.07
-2.28237 8.08
-2.33226 8.09
-2.38325 8.1
-2.43515 8.11
-2.4874 8.12
-2.53993 8.13
-2.59198 8.14
-2.64377 8.15
-2.69443 8.16
-2.7445 8.17
-2.79307 8.18
-2.84092 8.19
-2.88715 8.2
-2.93265 8.21
-2.9765 8.22
-3.01958 8.23
-3.06096 8.24
-3.10137 8.25
-3.13994 8.26
-3.17721 8.27
-3.21242 8.28
-3.24598 8.29
-3.27735 8.3
-3.30692 8.31
-3.33449 8.32
-3.36054 8.33
-3.38524 8.34
-3.40931 8.35
-3.43328 8.36
-3.45804 8.37
-3.48432 8.38
-3.51315 8.39
-3.54521 8.4
-3.58138 8.41
-3.62211 8.42
-3.66791 8.43
-3.71887 8.44
-3.77497 8.45
-3.83594 8.46
-3.90029 8.47
-3.96727 8.48
-4.03516 8.49
-4.10311 8.5
-4.16998 8.51
-4.23522 8.52
-4.29821 8.53
-4.3586 8.54
-4.41591 8.55
-4.46956 8.56
-4.51893 8.57
-4.56245 8.58
-4.59972 8.59
-4.62834 8.6
-4.6488 8.61
-4.65931 8.62
-4.66112 8.63
-4.65429 8.64
-4.63989 8.65
-4.61951 8.66
-4.59359 8.67
-4.56442 8.68
-4.53282 8.69
-4.49954 8.7
-4.46532 8.71
-4.43125 8.72
-4.39785 8.73
-4.36587 8.74
-4.33575 8.75
-4.30788 8.76
-4.28248 8.77
-4.25967 8.78
-4.23924 8.79
-4.22114 8.8
-4.20465 8.81
-4.1897 8.82
-4.17511 8.83
-4.16098 8.84
-4.14583 8.85
-4.13006 8.86
-4.11211 8.87
-4.09271 8.88
-4.07045 8.89
-4.04624 8.9
-4.01895 8.91
-3.98951 8.92
-3.95711 8.93
-3.92257 8.94
-3.88537 8.95
-3.84615 8.96
-3.80462 8.97
-3.76128 8.98
-3.716 8.99
-3.66915 9
-3.62077 9.01
-3.57115 9.02
-3.52044 9.03
-3.46891 9.04
-3.41685 9.05
-3.36457 9.06
-3.31244 9.07
-3.26088 9.08
-3.21037 9.09
-3.16145 9.1
-3.11465 9.11
-3.07069 9.12
-3.03012 9.13
-2.99375 9.14
-2.96205 9.15
-2.93577 9.16
-2.91509 9.17
-2.90042 9.18
-2.89132 9.19
-2.88743 9.2
-2.88726 9.21
-2.88921 9.22
-2.89292 9.23
-2.89767 9.24
-2.90233 9.25
-2.90606 9.26
-2.90765 9.27
-2.9064 9.28
-2.90135 9.29
-2.89224 9.3
-2.87861 9.31
-2.86072 9.32
-2.83869 9.33
-2.81315 9.34
-2.78468 9.35
-2.75411 9.36
-2.72229 9.37
-2.69 9.38
-2.65814 9.39
-2.62736 9.4
-2.59837 9.41
-2.5716 9.42
-2.5475 9.43
-2.52622 9.44
-2.50791 9.45
-2.49244 9.46
-2.47969 9.47
-2.46933 9.48
-2.46104 9.49
-2.45436 9.5
-2.44884 9.51
-2.44396 9.52
-2.43915 9.53
-2.4338 9.54
-2.42738 9.55
-2.41855 9.56
-2.40638 9.57
-2.3896 9.58
-2.36686 9.59
-2.33691 9.6
-2.29849 9.61
-2.25024 9.62
-2.19098 9.63
-2.11963 9.64
-2.03613 9.65
-1.93978 9.66
-1.8311 9.67
-1.70923 9.68
-1.57595 9.69
-1.43048 9.7
-1.27572 9.71
-1.11122 9.72
-0.941667 9.73
-0.766464 9.74
-0.59251 9.75
-0.419045 9.76
-0.252952 9.77
-0.0949397 9.78
0.0508186 9.79
0.18217 9.8
0.297694 9.81
0.396508 9.82
0.478815 9.83
0.545726 9.84
0.598477 9.85
0.639114 9.86
0.669646 9.87
0.692139 9.88
0.708856 9.89
0.721624 9.9
0.732693 9.91
0.743137 9.92
0.754416 9.93
0.767793 9.94
0.784201 9.95
0.804575 9.96
0.829617 9.97
0.859881 9.98
0.895794 9.99
0.937447 10
0.98507 10.01
1.03828 10.02
1.09717 10.03
1.16102 10.04
1.22984 10.05
1.30278 10.06
1.37978 10.07
1.46012 10.08
1.54357 10.09
1.62971 10.1
1.71805 10.11
1.80848 10.12
1.90022 10.13
1.99335 10.14
2.0868 10.15
2.18077 10.16
2.27387 10.17
2.36632 10.18
2.45648 10.19
2.54446 10.2
2.62847 10.21
2.70841 10.22
2.78255 10.23
2.85053 10.24
2.91094 10.25
2.96332 10.26
3.00675 10.27
3.04096 10.28
3.06562 10.29
3.08081 10.3
3.08675 10.31
3.08392 10.32
3.07295 10.33
3.0546 10.34
3.02975 10.35
2.99933 10.36
2.96433 10.37
2.92572 10.38
2.8845 10.39
2.84159 10.4
2.79792 10.41
2.75428 10.42
2.71146 10.43
2.6701 10.44
2.63079 10.45
2.59403 10.46
2.56018 10.47
2.5296 10.48
2.50242 10.49
2.47888 10.5
2.45892 10.51
2.44264 10.52
2.42983 10.53
2.42048 10.54
2.41427 10.55
2.41112 10.56
2.41063 10.57
2.41264 10.58
2.41674 10.59
2.42268 10.6
2.43008 10.61
2.43859 10.62
2.44786 10.63
2.45749 10.64
2.46709 10.65
2.47628 10.66
2.48459 10.67
2.49171 10.68
2.48696 10.69
2.48054 10.7
2.47059 10.71
2.45747 10.72
2.44096 10.73
2.42088 10.74
2.39708 10.75
2.36924 10.76
2.33723 10.77
2.30098 10.78
2.26042 10.79
2.21555 10.8
2.16636 10.81
2.11286 10.82
2.05507 10.83
1.98362 10.84
1.91774 10.85
1.84787 10.86
1.77406 10.87
1.69754 10.88
1.61519 10.89
1.53104 10.9
1.44146 10.91
1.35018 10.92
1.25396 10.93
1.15618 10.94
1.0541 10.95
0.950686 10.96
0.843704 10.97
0.735727 10.98
0.624691 10.99
0.513623 11
0.40073 11.01
0.287803 11.02
0.173724 11.03
0.0606005 11.04
-0.0532539 11.05
-0.16503 11.06
-0.275749 11.07
-0.384741 11.08
-0.491902 11.09
-0.597432 11.1
-0.7015 11.11
-0.804399 11.12
-0.906317 11.13
-1.00967 11.14
-1.1131 11.15
-1.21469 11.16
-1.31554 11.17
-1.41454 11.18
-1.51201 11.19
-1.60757 11.2
-1.70094 11.21
-1.79246 11.22
-1.8813 11.23
-1.96842 11.24
-2.05252 11.25
-2.13501 11.26
-2.21427 11.27
-2.292 11.28
-2.3539 11.29
-2.40422 11.3
-2.4506 11.31
-2.51907 11.32
-2.51207 11.33
-2.55365 11.34
-2.59485 11.35
-2.63489 11.36
-2.67453 11.37
-2.7131 11.38
-2.74991 11.39
-2.78605 11.4
-2.82204 11.41
-2.85805 11.42
-2.89441 11.43
-2.9313 11.44
-2.96896 11.45
-3.00754 11.46
-3.04719 11.47
-3.08798 11.48
-3.12997 11.49
-3.17313 11.5
-3.21743 11.51
-3.26275 11.52
-3.30901 11.53
-3.35603 11.54
-3.40372 11.55
-3.45192 11.56
-3.50055 11.57
-3.5495 11.58
-3.59868 11.59
-3.64804 11.6
-3.69746 11.61
-3.74694 11.62
-3.7965 11.63
-3.84629 11.64
-3.89564 11.65
-3.94472 11.66
-3.99302 11.67
-4.04089 11.68
-4.08781 11.69
-4.13435 11.7
-4.17997 11.71
-4.22546 11.72
-4.27025 11.73
-4.31537 11.74
-4.36009 11.75
-4.40565 11.76
-4.45113 11.77
-4.49791 11.78
-4.54484 11.79
-4.59331 11.8
-4.64206 11.81
-4.69228 11.82
-4.74278 11.83
-4.79446 11.84
-4.8463 11.85
-4.89886 11.86
-4.95136 11.87
-5.00406 11.88
-5.05638 11.89
-5.10835 11.9
-5.15956 11.91
-5.20985 11.92
-5.25893 11.93
-5.3065 11.94
-5.35235 11.95
-5.3961 11.96
-5.4376 11.97
-5.47639 11.98
-5.51243 11.99
-5.54517 12
