0 0
0.000413223 0.005
0.000826446 0.01
0.00123967 0.015
0.00165289 0.02
0.00206611 0.025
0.00247933 0.03
0.00289254 0.035
0.00330576 0.04
0.00371897 0.045
0.00413217 0.05
0.00454538 0.055
0.00495858 0.06
0.00537178 0.065
0.00578497 0.07
0.00619816 0.075
0.00661134 0.08
0.00702451 0.085
0.00743768 0.09
0.00785085 0.095
0.00826401 0.1
0.00867716 0.105
0.0090903 0.11
0.00950344 0.115
0.00991657 0.12
0.0103297 0.125
0.0107428 0.13
0.0111559 0.135
0.011569 0.14
0.0119821 0.145
0.0123952 0.15
0.0128082 0.155
0.0132213 0.16
0.0136343 0.165
0.0140473 0.17
0.0144604 0.175
0.0148734 0.18
0.0152864 0.185
0.0156994 0.19
0.0161123 0.195
0.0165253 0.2
0.0169382 0.205
0.0173512 0.21
0.0177641 0.215
0.018177 0.22
0.0185899 0.225
0.0190027 0.23
0.0194156 0.235
0.0198284 0.24
0.0202412 0.245
0.020654 0.25
0.0210668 0.255
0.0214796 0.26
0.0218924 0.265
0.0223051 0.27
0.0227178 0.275
0.0231305 0.28
0.0235432 0.285
0.0239558 0.29
0.0243685 0.295
0.0247811 0.3
0.0251937 0.305
0.0256063 0.31
0.0260188 0.315
0.0264314 0.32
0.0268439 0.325
0.0272564 0.33
0.0276688 0.335
0.0280813 0.34
0.0284937 0.345
0.0289061 0.35
0.0293185 0.355
0.0297308 0.36
0.0301432 0.365
0.0305555 0.37
0.0309677 0.375
0.03138 0.38
0.0317922 0.385
0.0322044 0.39
0.0326166 0.395
0.0330287 0.4
0.0334408 0.405
0.0338529 0.41
0.034265 0.415
0.034677 0.42
0.035089 0.425
0.035501 0.43
0.0359129 0.435
0.0363249 0.44
0.0367367 0.445
0.0371486 0.45
0.0375604 0.455
0.0379722 0.46
0.038384 0.465
0.0387957 0.47
0.0392074 0.475
0.0396191 0.48
0.0400307 0.485
0.0404423 0.49
0.0408539 0.495
0.0412654 0.5
0.0416769 0.505
0.0420884 0.51
0.0424998 0.515
0.0429112 0.52
0.0433226 0.525
0.0437339 0.53
0.0441452 0.535
0.0445564 0.54
0.0449676 0.545
0.0453788 0.55
0.04579 0.555
0.0462011 0.56
0.0466121 0.565
0.0470232 0.57
0.0474341 0.575
0.0478451 0.58
0.048256 0.585
0.0486669 0.59
0.0490777 0.595
0.0494885 0.6
0.0498992 0.605
0.0503099 0.61
0.0507206 0.615
0.0511312 0.62
0.0515418 0.625
0.0519523 0.63
0.0523628 0.635
0.0527733 0.64
0.0531837 0.645
0.053594 0.65
0.0540044 0.655
0.0544146 0.66
0.0548249 0.665
0.0552351 0.67
0.0556452 0.675
0.0560553 0.68
0.0564653 0.685
0.0568753 0.69
0.0572853 0.695
0.0576952 0.7
0.058105 0.705
0.0585148 0.71
0.0589246 0.715
0.0593343 0.72
0.059744 0.725
0.0601536 0.73
0.0605632 0.735
0.0609727 0.74
0.0613821 0.745
0.0617916 0.75
0.0622009 0.755
0.0626102 0.76
0.0630195 0.765
0.0634287 0.77
0.0638378 0.775
0.0642469 0.78
0.064656 0.785
0.065065 0.79
0.0654739 0.795
0.0658828 0.8
0.0662916 0.805
0.0667004 0.81
0.0671091 0.815
0.0675178 0.82
0.0679264 0.825
0.068335 0.83
0.0687435 0.835
0.0691519 0.84
0.0695603 0.845
0.0699686 0.85
0.0703769 0.855
0.0707851 0.86
0.0711933 0.865
0.0716014 0.87
0.0720094 0.875
0.0724174 0.88
0.0728253 0.885
0.0732331 0.89
0.0736409 0.895
0.0740487 0.9
0.0744563 0.905
0.0748639 0.91
0.0752715 0.915
0.075679 0.92
0.0760864 0.925
0.0764938 0.93
0.0769011 0.935
0.0773083 0.94
0.0777155 0.945
0.0781226 0.95
0.0785296 0.955
0.0789366 0.96
0.0793435 0.965
0.0797504 0.97
0.0801571 0.975
0.0805639 0.98
0.0809705 0.985
0.0813771 0.99
0.0817836 0.995
0.08219 1
0.0825964 1.005
0.0830027 1.01
0.083409 1.015
0.0838151 1.02
0.0842212 1.025
0.0846273 1.03
0.0850332 1.035
0.0854391 1.04
0.085845 1.045
0.0862507 1.05
0.0866564 1.055
0.087062 1.06
0.0874675 1.065
0.087873 1.07
0.0882784 1.075
0.0886837 1.08
0.0890889 1.085
0.0894941 1.09
0.0898992 1.095
0.0903042 1.1
0.0907092 1.105
0.0911141 1.11
0.0915189 1.115
0.0919236 1.12
0.0923282 1.125
0.0927328 1.13
0.0931373 1.135
0.0935417 1.14
0.0939461 1.145
0.0943503 1.15
0.0947545 1.155
0.0951586 1.16
0.0955626 1.165
0.0959666 1.17
0.0963704 1.175
0.0967742 1.18
0.0971779 1.185
0.0975816 1.19
0.0979851 1.195
0.0983886 1.2
0.098792 1.205
0.0991953 1.21
0.0995985 1.215
0.100002 1.22
0.100405 1.225
0.100808 1.23
0.101211 1.235
0.101613 1.24
0.102016 1.245
0.102419 1.25
0.102821 1.255
0.103224 1.26
0.103626 1.265
0.104028 1.27
0.104431 1.275
0.104833 1.28
0.105235 1.285
0.105637 1.29
0.106039 1.295
0.10644 1.3
0.106842 1.305
0.107244 1.31
0.107645 1.315
0.108047 1.32
0.108448 1.325
0.108849 1.33
0.10925 1.335
0.109651 1.34
0.110052 1.345
0.110453 1.35
0.110854 1.355
0.111255 1.36
0.111655 1.365
0.112056 1.37
0.112456 1.375
0.112857 1.38
0.113257 1.385
0.113657 1.39
0.114057 1.395
0.114457 1.4
0.114857 1.405
0.115257 1.41
0.115656 1.415
0.116056 1.42
0.116455 1.425
0.116855 1.43
0.117254 1.435
0.117653 1.44
0.118052 1.445
0.118451 1.45
0.11885 1.455
0.119249 1.46
0.119648 1.465
0.120046 1.47
0.120445 1.475
0.120843 1.48
0.121242 1.485
0.12164 1.49
0.122038 1.495
0.122436 1.5
0.122834 1.505
0.123232 1.51
0.123629 1.515
0.124027 1.52
0.124424 1.525
0.124822 1.53
0.125219 1.535
0.125616 1.54
0.126013 1.545
0.12641 1.55
0.126807 1.555
0.127204 1.56
0.127601 1.565
0.127997 1.57
0.128394 1.575
0.12879 1.58
0.129186 1.585
0.129582 1.59
0.129978 1.595
0.130374 1.6
0.13077 1.605
0.131166 1.61
0.131561 1.615
0.131957 1.62
0.132352 1.625
0.132747 1.63
0.133143 1.635
0.133538 1.64
0.133933 1.645
0.134327 1.65
0.134722 1.655
0.135117 1.66
0.135511 1.665
0.135906 1.67
0.1363 1.675
0.136694 1.68
0.137088 1.685
0.137482 1.69
0.137876 1.695
0.138269 1.7
0.138663 1.705
0.139056 1.71
0.13945 1.715
0.139843 1.72
0.140236 1.725
0.140629 1.73
0.141022 1.735
0.141415 1.74
0.141808 1.745
0.1422 1.75
0.142592 1.755
0.142985 1.76
0.143377 1.765
0.143769 1.77
0.144161 1.775
0.144553 1.78
0.144945 1.785
0.145336 1.79
0.145728 1.795
0.146119 1.8
0.14651 1.805
0.146901 1.81
0.147292 1.815
0.147683 1.82
0.148074 1.825
0.148465 1.83
0.148855 1.835
0.149245 1.84
0.149636 1.845
0.150026 1.85
0.150416 1.855
0.150806 1.86
0.151195 1.865
0.151585 1.87
0.151975 1.875
0.152364 1.88
0.152753 1.885
0.153142 1.89
0.153531 1.895
0.15392 1.9
0.154309 1.905
0.154698 1.91
0.155086 1.915
0.155474 1.92
0.155863 1.925
0.156251 1.93
0.156639 1.935
0.157027 1.94
0.157414 1.945
0.157802 1.95
0.158189 1.955
0.158577 1.96
0.158964 1.965
0.159351 1.97
0.159738 1.975
0.160125 1.98
0.160511 1.985
0.160898 1.99
0.161284 1.995
0.161671 2
0.162057 2.005
0.162443 2.01
0.162829 2.015
0.163214 2.02
0.1636 2.025
0.163985 2.03
0.164371 2.035
0.164756 2.04
0.165141 2.045
0.165526 2.05
0.165911 2.055
0.166295 2.06
0.16668 2.065
0.167064 2.07
0.167448 2.075
0.167832 2.08
0.168216 2.085
0.1686 2.09
0.168984 2.095
0.169367 2.1
0.169751 2.105
0.170134 2.11
0.170517 2.115
0.1709 2.12
0.171283 2.125
0.171666 2.13
0.172048 2.135
0.172431 2.14
0.172813 2.145
0.173195 2.15
0.173577 2.155
0.173959 2.16
0.174341 2.165
0.174722 2.17
0.175103 2.175
0.175485 2.18
0.175866 2.185
0.176247 2.19
0.176628 2.195
0.177008 2.2
0.177389 2.205
0.177769 2.21
0.178149 2.215
0.17853 2.22
0.17891 2.225
0.179289 2.23
0.179669 2.235
0.180048 2.24
0.180428 2.245
0.180807 2.25
0.181186 2.255
0.181565 2.26
0.181944 2.265
0.182322 2.27
0.182701 2.275
0.183079 2.28
0.183457 2.285
0.183835 2.29
0.184213 2.295
0.184591 2.3
0.184968 2.305
0.185346 2.31
0.185723 2.315
0.1861 2.32
0.186477 2.325
0.186854 2.33
0.18723 2.335
0.187607 2.34
0.187983 2.345
0.188359 2.35
0.188735 2.355
0.189111 2.36
0.189487 2.365
0.189862 2.37
0.190238 2.375
0.190613 2.38
0.190988 2.385
0.191363 2.39
0.191738 2.395
0.192112 2.4
0.192487 2.405
0.192861 2.41
0.193235 2.415
0.193609 2.42
0.193983 2.425
0.194356 2.43
0.19473 2.435
0.195103 2.44
0.195476 2.445
0.195849 2.45
0.196222 2.455
0.196595 2.46
0.196967 2.465
0.197339 2.47
0.197712 2.475
0.198084 2.48
0.198455 2.485
0.198827 2.49
0.199199 2.495
0.19957 2.5
0.199941 2.505
0.200312 2.51
0.200683 2.515
0.201054 2.52
0.201424 2.525
0.201795 2.53
0.202165 2.535
0.202535 2.54
0.202905 2.545
0.203274 2.55
0.203644 2.555
0.204013 2.56
0.204382 2.565
0.204751 2.57
0.20512 2.575
0.205489 2.58
0.205857 2.585
0.206226 2.59
0.206594 2.595
0.206962 2.6
0.20733 2.605
0.207697 2.61
0.208065 2.615
0.208432 2.62
0.208799 2.625
0.209166 2.63
0.209533 2.635
0.2099 2.64
0.210266 2.645
0.210632 2.65
0.210998 2.655
0.211364 2.66
0.21173 2.665
0.212096 2.67
0.212461 2.675
0.212826 2.68
0.213191 2.685
0.213556 2.69
0.213921 2.695
0.214285 2.7
0.21465 2.705
0.215014 2.71
0.215378 2.715
0.215742 2.72
0.216105 2.725
0.216469 2.73
0.216832 2.735
0.217195 2.74
0.217558 2.745
0.217921 2.75
0.218283 2.755
0.218646 2.76
0.219008 2.765
0.21937 2.77
0.219732 2.775
0.220093 2.78
0.220455 2.785
0.220816 2.79
0.221177 2.795
0.221538 2.8
0.221899 2.805
0.222259 2.81
0.22262 2.815
0.22298 2.82
0.22334 2.825
0.2237 2.83
0.224059 2.835
0.224419 2.84
0.224778 2.845
0.225137 2.85
0.225496 2.855
0.225855 2.86
0.226213 2.865
0.226571 2.87
0.22693 2.875
0.227288 2.88
0.227645 2.885
0.228003 2.89
0.22836 2.895
0.228717 2.9
0.229074 2.905
0.229431 2.91
0.229788 2.915
0.230144 2.92
0.230501 2.925
0.230857 2.93
0.231212 2.935
0.231568 2.94
0.231924 2.945
0.232279 2.95
0.232634 2.955
0.232989 2.96
0.233344 2.965
0.233698 2.97
0.234053 2.975
0.234407 2.98
0.234761 2.985
0.235114 2.99
0.235468 2.995
0.235821 3
0.236174 3.005
0.236527 3.01
0.23688 3.015
0.237233 3.02
0.237585 3.025
0.237937 3.03
0.238289 3.035
0.238641 3.04
0.238993 3.045
0.239344 3.05
0.239695 3.055
0.240046 3.06
0.240397 3.065
0.240748 3.07
0.241098 3.075
0.241448 3.08
0.241798 3.085
0.242148 3.09
0.242498 3.095
0.242847 3.1
0.243196 3.105
0.243545 3.11
0.243894 3.115
0.244243 3.12
0.244591 3.125
0.244939 3.13
0.245287 3.135
0.245635 3.14
0.245983 3.145
0.24633 3.15
0.246677 3.155
0.247024 3.16
0.247371 3.165
0.247718 3.17
0.248064 3.175
0.24841 3.18
0.248756 3.185
0.249102 3.19
0.249447 3.195
0.249793 3.2
0.250138 3.205
0.250483 3.21
0.250827 3.215
0.251172 3.22
0.251516 3.225
0.25186 3.23
0.252204 3.235
0.252548 3.24
0.252891 3.245
0.253235 3.25
0.253578 3.255
0.253921 3.26
0.254263 3.265
0.254606 3.27
0.254948 3.275
0.25529 3.28
0.255632 3.285
0.255973 3.29
0.256315 3.295
0.256656 3.3
0.256997 3.305
0.257337 3.31
0.257678 3.315
0.258018 3.32
0.258358 3.325
0.258698 3.33
0.259038 3.335
0.259377 3.34
0.259716 3.345
0.260055 3.35
0.260394 3.355
0.260733 3.36
0.261071 3.365
0.261409 3.37
0.261747 3.375
0.262085 3.38
0.262423 3.385
0.26276 3.39
0.263097 3.395
0.263434 3.4
0.26377 3.405
0.264107 3.41
0.264443 3.415
0.264779 3.42
0.265115 3.425
0.26545 3.43
0.265786 3.435
0.266121 3.44
0.266456 3.445
0.26679 3.45
0.267125 3.455
0.267459 3.46
0.267793 3.465
0.268127 3.47
0.26846 3.475
0.268794 3.48
0.269127 3.485
0.26946 3.49
0.269792 3.495
0.270125 3.5
0.270457 3.505
0.270789 3.51
0.271121 3.515
0.271452 3.52
0.271784 3.525
0.272115 3.53
0.272446 3.535
0.272776 3.54
0.273107 3.545
0.273437 3.55
0.273767 3.555
0.274097 3.56
0.274426 3.565
0.274756 3.57
0.275085 3.575
0.275414 3.58
0.275742 3.585
0.276071 3.59
0.276399 3.595
0.276727 3.6
0.277054 3.605
0.277382 3.61
0.277709 3.615
0.278036 3.62
0.278363 3.625
0.278689 3.63
0.279016 3.635
0.279342 3.64
0.279668 3.645
0.279993 3.65
0.280319 3.655
0.280644 3.66
0.280969 3.665
0.281294 3.67
0.281618 3.675
0.281942 3.68
0.282266 3.685
0.28259 3.69
0.282914 3.695
0.283237 3.7
0.28356 3.705
0.283883 3.71
0.284206 3.715
0.284528 3.72
0.28485 3.725
0.285172 3.73
0.285494 3.735
0.285815 3.74
0.286136 3.745
0.286457 3.75
0.286778 3.755
0.287098 3.76
0.287419 3.765
0.287739 3.77
0.288058 3.775
0.288378 3.78
0.288697 3.785
0.289016 3.79
0.289335 3.795
0.289654 3.8
0.289972 3.805
0.29029 3.81
0.290608 3.815
0.290926 3.82
0.291243 3.825
0.29156 3.83
0.291877 3.835
0.292194 3.84
0.29251 3.845
0.292826 3.85
0.293142 3.855
0.293458 3.86
0.293773 3.865
0.294088 3.87
0.294403 3.875
0.294718 3.88
0.295033 3.885
0.295347 3.89
0.295661 3.895
0.295975 3.9
0.296288 3.905
0.296601 3.91
0.296914 3.915
0.297227 3.92
0.29754 3.925
0.297852 3.93
0.298164 3.935
0.298476 3.94
0.298787 3.945
0.299098 3.95
0.29941 3.955
0.29972 3.96
0.300031 3.965
0.300341 3.97
0.300651 3.975
0.300961 3.98
0.301271 3.985
0.30158 3.99
0.301889 3.995
0.302198 4
0.302506 4.005
0.302815 4.01
0.303123 4.015
0.30343 4.02
0.303738 4.025
0.304045 4.03
0.304352 4.035
0.304659 4.04
0.304966 4.045
0.305272 4.05
0.305578 4.055
0.305884 4.06
0.306189 4.065
0.306495 4.07
0.3068 4.075
0.307104 4.08
0.307409 4.085
0.307713 4.09
0.308017 4.095
0.308321 4.1
0.308624 4.105
0.308928 4.11
0.309231 4.115
0.309533 4.12
0.309836 4.125
0.310138 4.13
0.31044 4.135
0.310742 4.14
0.311043 4.145
0.311344 4.15
0.311645 4.155
0.311946 4.16
0.312246 4.165
0.312547 4.17
0.312846 4.175
0.313146 4.18
0.313446 4.185
0.313745 4.19
0.314044 4.195
0.314342 4.2
0.31464 4.205
0.314939 4.21
0.315236 4.215
0.315534 4.22
0.315831 4.225
0.316128 4.23
0.316425 4.235
0.316722 4.24
0.317018 4.245
0.317314 4.25
0.31761 4.255
0.317905 4.26
0.3182 4.265
0.318495 4.27
0.31879 4.275
0.319084 4.28
0.319379 4.285
0.319672 4.29
0.319966 4.295
0.320259 4.3
0.320553 4.305
0.320845 4.31
0.321138 4.315
0.32143 4.32
0.321722 4.325
0.322014 4.33
0.322306 4.335
0.322597 4.34
0.322888 4.345
0.323179 4.35
0.323469 4.355
0.323759 4.36
0.324049 4.365
0.324339 4.37
0.324628 4.375
0.324917 4.38
0.325206 4.385
0.325495 4.39
0.325783 4.395
0.326071 4.4
0.326359 4.405
0.326646 4.41
0.326933 4.415
0.32722 4.42
0.327507 4.425
0.327793 4.43
0 0
0.000413223 0.005
0.000826446 0.01
0.00123967 0.015
0.00165289 0.02
0.00206611 0.025
0.00247933 0.03
0.00289254 0.035
0.00330576 0.04
0.00371897 0.045
0.00413217 0.05
0.00454538 0.055
0.00495858 0.06
0.00537178 0.065
0.00578497 0.07
0.00619816 0.075
0.00661134 0.08
0.00702451 0.085
0.00743768 0.09
0.00785085 0.095
0.00826401 0.1
0.00867716 0.105
0.0090903 0.11
0.00950344 0.115
0.00991657 0.12
0.0103297 0.125
0.0107428 0.13
0.0111559 0.135
0.011569 0.14
0.0119821 0.145
0.0123952 0.15
0.0128082 0.155
0.0132213 0.16
0.0136343 0.165
0.0140473 0.17
0.0144604 0.175
0.0148734 0.18
0.0152864 0.185
0.0156994 0.19
0.0161123 0.195
0.0165253 0.2
0.0169382 0.205
0.0173512 0.21
0.0177641 0.215
0.018177 0.22
0.0185899 0.225
0.0190027 0.23
0.0194156 0.235
0.0198284 0.24
0.0202412 0.245
0.020654 0.25
0.0210668 0.255
0.0214796 0.26
0.0218924 0.265
0.0223051 0.27
0.0227178 0.275
0.0231305 0.28
0.0235432 0.285
0.0239558 0.29
0.0243685 0.295
0.0247811 0.3
0.0251937 0.305
0.0256063 0.31
0.0260188 0.315
0.0264314 0.32
0.0268439 0.325
0.0272564 0.33
0.0276688 0.335
0.0280813 0.34
0.0284937 0.345
0.0289061 0.35
0.0293185 0.355
0.0297308 0.36
0.0301432 0.365
0.0305555 0.37
0.0309677 0.375
0.03138 0.38
0.0317922 0.385
0.0322044 0.39
0.0326166 0.395
0.0330287 0.4
0.0334408 0.405
0.0338529 0.41
0.034265 0.415
0.034677 0.42
0.035089 0.425
0.035501 0.43
0.0359129 0.435
0.0363249 0.44
0.0367367 0.445
0.0371486 0.45
0.0375604 0.455
0.0379722 0.46
0.038384 0.465
0.0387957 0.47
0.0392074 0.475
0.0396191 0.48
0.0400307 0.485
0.0404423 0.49
0.0408539 0.495
0.0412654 0.5
0.0416769 0.505
0.0420884 0.51
0.0424998 0.515
0.0429112 0.52
0.0433226 0.525
0.0437339 0.53
0.0441452 0.535
0.0445564 0.54
0.0449676 0.545
0.0453788 0.55
0.04579 0.555
0.0462011 0.56
0.0466121 0.565
0.0470232 0.57
0.0474341 0.575
0.0478451 0.58
0.048256 0.585
0.0486669 0.59
0.0490777 0.595
0.0494885 0.6
0.0498992 0.605
0.0503099 0.61
0.0507206 0.615
0.0511312 0.62
0.0515418 0.625
0.0519523 0.63
0.0523628 0.635
0.0527733 0.64
0.0531837 0.645
0.053594 0.65
0.0540044 0.655
0.0544146 0.66
0.0548249 0.665
0.0552351 0.67
0.0556452 0.675
0.0560553 0.68
0.0564653 0.685
0.0568753 0.69
0.0572853 0.695
0.0576952 0.7
0.058105 0.705
0.0585148 0.71
0.0589246 0.715
0.0593343 0.72
0.059744 0.725
0.0601536 0.73
0.0605632 0.735
0.0609727 0.74
0.0613821 0.745
0.0617916 0.75
0.0622009 0.755
0.0626102 0.76
0.0630195 0.765
0.0634287 0.77
0.0638378 0.775
0.0642469 0.78
0.064656 0.785
0.065065 0.79
0.0654739 0.795
0.0658828 0.8
0.0662916 0.805
0.0667004 0.81
0.0671091 0.815
0.0675178 0.82
0.0679264 0.825
0.068335 0.83
0.0687435 0.835
0.0691519 0.84
0.0695603 0.845
0.0699686 0.85
0.0703769 0.855
0.0707851 0.86
0.0711933 0.865
0.0716014 0.87
0.0720094 0.875
0.0724174 0.88
0.0728253 0.885
0.0732331 0.89
0.0736409 0.895
0.0740487 0.9
0.0744563 0.905
0.0748639 0.91
0.0752715 0.915
0.075679 0.92
0.0760864 0.925
0.0764938 0.93
0.0769011 0.935
0.0773083 0.94
0.0777155 0.945
0.0781226 0.95
0.0785296 0.955
0.0789366 0.96
0.0793435 0.965
0.0797504 0.97
0.0801571 0.975
0.0805639 0.98
0.0809705 0.985
0.0813771 0.99
0.0817836 0.995
0.08219 1
0.0825964 1.005
0.0830027 1.01
0.083409 1.015
0.0838151 1.02
0.0842212 1.025
0.0846273 1.03
0.0850332 1.035
0.0854391 1.04
0.085845 1.045
0.0862507 1.05
0.0866564 1.055
0.087062 1.06
0.0874675 1.065
0.087873 1.07
0.0882784 1.075
0.0886837 1.08
0.0890889 1.085
0.0894941 1.09
0.0898992 1.095
0.0903042 1.1
0.0907092 1.105
0.0911141 1.11
0.0915189 1.115
0.0919236 1.12
0.0923282 1.125
0.0927328 1.13
0.0931373 1.135
0.0935417 1.14
0.0939461 1.145
0.0943503 1.15
0.0947545 1.155
0.0951586 1.16
0.0955626 1.165
0.0959666 1.17
0.0963704 1.175
0.0967742 1.18
0.0971779 1.185
0.0975816 1.19
0.0979851 1.195
0.0983886 1.2
0.098792 1.205
0.0991953 1.21
0.0995985 1.215
0.100002 1.22
0.100405 1.225
0.100808 1.23
0.101211 1.235
0.101613 1.24
0.102016 1.245
0.102419 1.25
0.102821 1.255
0.103224 1.26
0.103626 1.265
0.104028 1.27
0.104431 1.275
0.104833 1.28
0.105235 1.285
0.105637 1.29
0.106039 1.295
0.10644 1.3
0.106842 1.305
0.107244 1.31
0.107645 1.315
0.108047 1.32
0.108448 1.325
0.108849 1.33
0.10925 1.335
0.109651 1.34
0.110052 1.345
0.110453 1.35
0.110854 1.355
0.111255 1.36
0.111655 1.365
0.112056 1.37
0.112456 1.375
0.112857 1.38
0.113257 1.385
0.113657 1.39
0.114057 1.395
0.114457 1.4
0.114857 1.405
0.115257 1.41
0.115656 1.415
0.116056 1.42
0.116455 1.425
0.116855 1.43
0.117254 1.435
0.117653 1.44
0.118052 1.445
0.118451 1.45
0.11885 1.455
0.119249 1.46
0.119648 1.465
0.120046 1.47
0.120445 1.475
0.120843 1.48
0.121242 1.485
0.12164 1.49
0.122038 1.495
0.122436 1.5
0.122834 1.505
0.123232 1.51
0.123629 1.515
0.124027 1.52
0.124424 1.525
0.124822 1.53
0.125219 1.535
0.125616 1.54
0.126013 1.545
0.12641 1.55
0.126807 1.555
0.127204 1.56
0.127601 1.565
0.127997 1.57
0.128394 1.575
0.12879 1.58
0.129186 1.585
0.129582 1.59
0.129978 1.595
0.130374 1.6
0.13077 1.605
0.131166 1.61
0.131561 1.615
0.131957 1.62
0.132352 1.625
0.132747 1.63
0.133143 1.635
0.133538 1.64
0.133933 1.645
0.134327 1.65
0.134722 1.655
0.135117 1.66
0.135511 1.665
0.135906 1.67
0.1363 1.675
0.136694 1.68
0.137088 1.685
0.137482 1.69
0.137876 1.695
0.138269 1.7
0.138663 1.705
0.139056 1.71
0.13945 1.715
0.139843 1.72
0.140236 1.725
0.140629 1.73
0.141022 1.735
0.141415 1.74
0.141808 1.745
0.1422 1.75
0.142592 1.755
0.142985 1.76
0.143377 1.765
0.143769 1.77
0.144161 1.775
0.144553 1.78
0.144945 1.785
0.145336 1.79
0.145728 1.795
0.146119 1.8
0.14651 1.805
0.146901 1.81
0.147292 1.815
0.147683 1.82
0.148074 1.825
0.148465 1.83
0.148855 1.835
0.149245 1.84
0.149636 1.845
0.150026 1.85
0.150416 1.855
0.150806 1.86
0.151195 1.865
0.151585 1.87
0.151975 1.875
0.152364 1.88
0.152753 1.885
0.153142 1.89
0.153531 1.895
0.15392 1.9
0.154309 1.905
0.154698 1.91
0.155086 1.915
0.155474 1.92
0.155863 1.925
0.156251 1.93
0.156639 1.935
0.157027 1.94
0.157414 1.945
0.157802 1.95
0.158189 1.955
0.158577 1.96
0.158964 1.965
0.159351 1.97
0.159738 1.975
0.160125 1.98
0.160511 1.985
0.160898 1.99
0.161284 1.995
0.161671 2
0.162057 2.005
0.162443 2.01
0.162829 2.015
0.163214 2.02
0.1636 2.025
0.163985 2.03
0.164371 2.035
0.164756 2.04
0.165141 2.045
0.165526 2.05
0.165911 2.055
0.166295 2.06
0.16668 2.065
0.167064 2.07
0.167448 2.075
0.167832 2.08
0.168216 2.085
0.1686 2.09
0.168984 2.095
0.169367 2.1
0.169751 2.105
0.170134 2.11
0.170517 2.115
0.1709 2.12
0.171283 2.125
0.171666 2.13
0.172048 2.135
0.172431 2.14
0.172813 2.145
0.173195 2.15
0.173577 2.155
0.173959 2.16
0.174341 2.165
0.174722 2.17
0.175103 2.175
0.175485 2.18
0.175866 2.185
0.176247 2.19
0.176628 2.195
0.177008 2.2
0.177389 2.205
0.177769 2.21
0.178149 2.215
0.17853 2.22
0.17891 2.225
0.179289 2.23
0.179669 2.235
0.180048 2.24
0.180428 2.245
0.180807 2.25
0.181186 2.255
0.181565 2.26
0.181944 2.265
0.182322 2.27
0.182701 2.275
0.183079 2.28
0.183457 2.285
0.183835 2.29
0.184213 2.295
0.184591 2.3
0.184968 2.305
0.185346 2.31
0.185723 2.315
0.1861 2.32
0.186477 2.325
0.186854 2.33
0.18723 2.335
0.187607 2.34
0.187983 2.345
0.188359 2.35
0.188735 2.355
0.189111 2.36
0.189487 2.365
0.189862 2.37
0.190238 2.375
0.190613 2.38
0.190988 2.385
0.191363 2.39
0.191738 2.395
0.192112 2.4
0.192487 2.405
0.192861 2.41
0.193235 2.415
0.193609 2.42
0.193983 2.425
0.194356 2.43
0.19473 2.435
0.195103 2.44
0.195476 2.445
0.195849 2.45
0.196222 2.455
0.196595 2.46
0.196967 2.465
0.197339 2.47
0.197712 2.475
0.198084 2.48
0.198455 2.485
0.198827 2.49
0.199199 2.495
0.19957 2.5
0.199941 2.505
0.200312 2.51
0.200683 2.515
0.201054 2.52
0.201424 2.525
0.201795 2.53
0.202165 2.535
0.202535 2.54
0.202905 2.545
0.203274 2.55
0.203644 2.555
0.204013 2.56
0.204382 2.565
0.204751 2.57
0.20512 2.575
0.205489 2.58
0.205857 2.585
0.206226 2.59
0.206594 2.595
0.206962 2.6
0.20733 2.605
0.207697 2.61
0.208065 2.615
0.208432 2.62
0.208799 2.625
0.209166 2.63
0.209533 2.635
0.2099 2.64
0.210266 2.645
0.210632 2.65
0.210998 2.655
0.211364 2.66
0.21173 2.665
0.212096 2.67
0.212461 2.675
0.212826 2.68
0.213191 2.685
0.213556 2.69
0.213921 2.695
0.214285 2.7
0.21465 2.705
0.215014 2.71
0.215378 2.715
0.215742 2.72
0.216105 2.725
0.216469 2.73
0.216832 2.735
0.217195 2.74
0.217558 2.745
0.217921 2.75
0.218283 2.755
0.218646 2.76
0.219008 2.765
0.21937 2.77
0.219732 2.775
0.220093 2.78
0.220455 2.785
0.220816 2.79
0.221177 2.795
0.221538 2.8
0.221899 2.805
0.222259 2.81
0.22262 2.815
0.22298 2.82
0.22334 2.825
0.2237 2.83
0.224059 2.835
0.224419 2.84
0.224778 2.845
0.225137 2.85
0.225496 2.855
0.225855 2.86
0.226213 2.865
0.226571 2.87
0.22693 2.875
0.227288 2.88
0.227645 2.885
0.228003 2.89
0.22836 2.895
0.228717 2.9
0.229074 2.905
0.229431 2.91
0.229788 2.915
0.230144 2.92
0.230501 2.925
0.230857 2.93
0.231212 2.935
0.231568 2.94
0.231924 2.945
0.232279 2.95
0.232634 2.955
0.232989 2.96
0.233344 2.965
0.233698 2.97
0.234053 2.975
0.234407 2.98
0.234761 2.985
0.235114 2.99
0.235468 2.995
0.235821 3
0.236174 3.005
0.236527 3.01
0.23688 3.015
0.237233 3.02
0.237585 3.025
0.237937 3.03
0.238289 3.035
0.238641 3.04
0.238993 3.045
0.239344 3.05
0.239695 3.055
0.240046 3.06
0.240397 3.065
0.240748 3.07
0.241098 3.075
0.241448 3.08
0.241798 3.085
0.242148 3.09
0.242498 3.095
0.242847 3.1
0.243196 3.105
0.243545 3.11
0.243894 3.115
0.244243 3.12
0.244591 3.125
0.244939 3.13
0.245287 3.135
0.245635 3.14
0.245983 3.145
0.24633 3.15
0.246677 3.155
0.247024 3.16
0.247371 3.165
0.247718 3.17
0.248064 3.175
0.24841 3.18
0.248756 3.185
0.249102 3.19
0.249447 3.195
0.249793 3.2
0.250138 3.205
0.250483 3.21
0.250827 3.215
0.251172 3.22
0.251516 3.225
0.25186 3.23
0.252204 3.235
0.252548 3.24
0.252891 3.245
0.253235 3.25
0.253578 3.255
0.253921 3.26
0.254263 3.265
0.254606 3.27
0.254948 3.275
0.25529 3.28
0.255632 3.285
0.255973 3.29
0.256315 3.295
0.256656 3.3
0.256997 3.305
0.257337 3.31
0.257678 3.315
0.258018 3.32
0.258358 3.325
0.258698 3.33
0.259038 3.335
0.259377 3.34
0.259716 3.345
0.260055 3.35
0.260394 3.355
0.260733 3.36
0.261071 3.365
0.261409 3.37
0.261747 3.375
0.262085 3.38
0.262423 3.385
0.26276 3.39
0.263097 3.395
0.263434 3.4
0.26377 3.405
0.264107 3.41
0.264443 3.415
0.264779 3.42
0.265115 3.425
0.26545 3.43
0.265786 3.435
0.266121 3.44
0.266456 3.445
0.26679 3.45
0.267125 3.455
0.267459 3.46
0.267793 3.465
0.268127 3.47
0.26846 3.475
0.268794 3.48
0.269127 3.485
0.26946 3.49
0.269792 3.495
0.270125 3.5
0.270457 3.505
0.270789 3.51
0.271121 3.515
0.271452 3.52
0.271784 3.525
0.272115 3.53
0.272446 3.535
0.272776 3.54
0.273107 3.545
0.273437 3.55
0.273767 3.555
0.274097 3.56
0.274426 3.565
0.274756 3.57
0.275085 3.575
0.275414 3.58
0.275742 3.585
0.276071 3.59
0.276399 3.595
0.276727 3.6
0.277054 3.605
0.277382 3.61
0.277709 3.615
0.278036 3.62
0.278363 3.625
0.278689 3.63
0.279016 3.635
0.279342 3.64
0.279668 3.645
0.279993 3.65
0.280319 3.655
0.280644 3.66
0.280969 3.665
0.281294 3.67
0.281618 3.675
0.281942 3.68
0.282266 3.685
0.28259 3.69
0.282914 3.695
0.283237 3.7
0.28356 3.705
0.283883 3.71
0.284206 3.715
0.284528 3.72
0.28485 3.725
0.285172 3.73
0.285494 3.735
0.285815 3.74
0.286136 3.745
0.286457 3.75
0.286778 3.755
0.287098 3.76
0.287419 3.765
0.287739 3.77
0.288058 3.775
0.288378 3.78
0.288697 3.785
0.289016 3.79
0.289335 3.795
0.289654 3.8
0.289972 3.805
0.29029 3.81
0.290608 3.815
0.290926 3.82
0.291243 3.825
0.29156 3.83
0.291877 3.835
0.292194 3.84
0.29251 3.845
0.292826 3.85
0.293142 3.855
0.293458 3.86
0.293773 3.865
0.294088 3.87
0.294403 3.875
0.294718 3.88
0.295033 3.885
0.295347 3.89
0.295661 3.895
0.295975 3.9
0.296288 3.905
0.296601 3.91
0.296914 3.915
0.297227 3.92
0.29754 3.925
0.297852 3.93
0.298164 3.935
0.298476 3.94
0.298787 3.945
0.299098 3.95
0.29941 3.955
0.29972 3.96
0.300031 3.965
0.300341 3.97
0.300651 3.975
0.300961 3.98
0.301271 3.985
0.30158 3.99
0.301889 3.995
0.302198 4
0.302506 4.005
0.302815 4.01
0.303123 4.015
0.30343 4.02
0.303738 4.025
0.304045 4.03
0.304352 4.035
0.304659 4.04
0.304966 4.045
0.305272 4.05
0.305578 4.055
0.305884 4.06
0.306189 4.065
0.306495 4.07
0.3068 4.075
0.307104 4.08
0.307409 4.085
0.307713 4.09
0.308017 4.095
0.308321 4.1
0.308624 4.105
0.308928 4.11
0.309231 4.115
0.309533 4.12
0.309836 4.125
0.310138 4.13
0.31044 4.135
0.310742 4.14
0.311043 4.145
0.311344 4.15
0.311645 4.155
0.311946 4.16
0.312246 4.165
0.312547 4.17
0.312846 4.175
0.313146 4.18
0.313446 4.185
0.313745 4.19
0.314044 4.195
0.314342 4.2
0.31464 4.205
0.314939 4.21
0.315236 4.215
0.315534 4.22
0.315831 4.225
0.316128 4.23
0.316425 4.235
0.316722 4.24
0.317018 4.245
0.317314 4.25
0.31761 4.255
0.317905 4.26
0.3182 4.265
0.318495 4.27
0.31879 4.275
0.319084 4.28
0.319379 4.285
0.319672 4.29
0.319966 4.295
0.320259 4.3
0.320553 4.305
0.320845 4.31
0.321138 4.315
0.32143 4.32
0.321722 4.325
0.322014 4.33
0.322306 4.335
0.322597 4.34
0.322888 4.345
0.323179 4.35
0.323469 4.355
0.323759 4.36
0.324049 4.365
0.324339 4.37
0.324628 4.375
0.324917 4.38
0.325206 4.385
0.325495 4.39
0.325783 4.395
0.326071 4.4
0.326359 4.405
0.326646 4.41
0.326933 4.415
0.32722 4.42
0.327507 4.425
0.327793 4.43
