0 0
0.000826446 0.01
0.00165289 0.02
0.00247933 0.03
0.00330576 0.04
0.00413217 0.05
0.00495858 0.06
0.00578497 0.07
0.00661134 0.08
0.00743768 0.09
0.00826401 0.1
0.0090903 0.11
0.00991657 0.12
0.0107428 0.13
0.011569 0.14
0.0123952 0.15
0.0132213 0.16
0.0140473 0.17
0.0148734 0.18
0.0156994 0.19
0.0165253 0.2
0.0173512 0.21
0.018177 0.22
0.0190027 0.23
0.0198284 0.24
0.020654 0.25
0.0214796 0.26
0.0223051 0.27
0.0231305 0.28
0.0239558 0.29
0.0247811 0.3
0.0256063 0.31
0.0264314 0.32
0.0272564 0.33
0.0280813 0.34
0.0289061 0.35
0.0297308 0.36
0.0305555 0.37
0.03138 0.38
0.0322044 0.39
0.0330287 0.4
0.0338529 0.41
0.034677 0.42
0.035501 0.43
0.0363249 0.44
0.0371486 0.45
0.0379722 0.46
0.0387957 0.47
0.0396191 0.48
0.0404423 0.49
0.0412654 0.5
0.0420884 0.51
0.0429112 0.52
0.0437339 0.53
0.0445564 0.54
0.0453788 0.55
0.0462011 0.56
0.0470232 0.57
0.0478451 0.58
0.0486669 0.59
0.0494885 0.6
0.0503099 0.61
0.0511312 0.62
0.0519523 0.63
0.0527733 0.64
0.053594 0.65
0.0544146 0.66
0.0552351 0.67
0.0560553 0.68
0.0568753 0.69
0.0576952 0.7
0.0585148 0.71
0.0593343 0.72
0.0601536 0.73
0.0609727 0.74
0.0617916 0.75
0.0626102 0.76
0.0634287 0.77
0.0642469 0.78
0.065065 0.79
0.0658828 0.8
0.0667004 0.81
0.0675178 0.82
0.068335 0.83
0.0691519 0.84
0.0699686 0.85
0.0707851 0.86
0.0716014 0.87
0.0724174 0.88
0.0732331 0.89
0.0740487 0.9
0.0748639 0.91
0.075679 0.92
0.0764938 0.93
0.0773083 0.94
0.0781226 0.95
0.0789366 0.96
0.0797504 0.97
0.0805639 0.98
0.0813771 0.99
0.08219 1
0.0830027 1.01
0.0838151 1.02
0.0846273 1.03
0.0854391 1.04
0.0862507 1.05
0.087062 1.06
0.087873 1.07
0.0886837 1.08
0.0894941 1.09
0.0903042 1.1
0.0911141 1.11
0.0919236 1.12
0.0927328 1.13
0.0935417 1.14
0.0943503 1.15
0.0951586 1.16
0.0959666 1.17
0.0967742 1.18
0.0975816 1.19
0.0983886 1.2
0.0991953 1.21
0.100002 1.22
0.100808 1.23
0.101613 1.24
0.102419 1.25
0.103224 1.26
0.104028 1.27
0.104833 1.28
0.105637 1.29
0.10644 1.3
0.107244 1.31
0.108047 1.32
0.108849 1.33
0.109651 1.34
0.110453 1.35
0.111255 1.36
0.112056 1.37
0.112857 1.38
0.113657 1.39
0.114457 1.4
0.115257 1.41
0.116056 1.42
0.116855 1.43
0.117653 1.44
0.118451 1.45
0.119249 1.46
0.120046 1.47
0.120843 1.48
0.12164 1.49
0.122436 1.5
0.123232 1.51
0.124027 1.52
0.124822 1.53
0.125616 1.54
0.12641 1.55
0.127204 1.56
0.127997 1.57
0.12879 1.58
0.129582 1.59
0.130374 1.6
0.131166 1.61
0.131957 1.62
0.132747 1.63
0.133538 1.64
0.134327 1.65
0.135117 1.66
0.135906 1.67
0.136694 1.68
0.137482 1.69
0.138269 1.7
0.139056 1.71
0.139843 1.72
0.140629 1.73
0.141415 1.74
0.1422 1.75
0.142985 1.76
0.143769 1.77
0.144553 1.78
0.145336 1.79
0.146119 1.8
0.146901 1.81
0.147683 1.82
0.148465 1.83
0.149245 1.84
0.150026 1.85
0.150806 1.86
0.151585 1.87
0.152364 1.88
0.153142 1.89
0.15392 1.9
0.154698 1.91
0.155474 1.92
0.156251 1.93
0.157027 1.94
0.157802 1.95
0.158577 1.96
0.159351 1.97
0.160125 1.98
0.160898 1.99
0.161671 2
0.162443 2.01
0.163214 2.02
0.163985 2.03
0.164756 2.04
0.165526 2.05
0.166295 2.06
0.167064 2.07
0.167832 2.08
0.1686 2.09
0.169367 2.1
0.170134 2.11
0.1709 2.12
0.171666 2.13
0.172431 2.14
0.173195 2.15
0.173959 2.16
0.174722 2.17
0.175485 2.18
0.176247 2.19
0.177008 2.2
0.177769 2.21
0.17853 2.22
0.179289 2.23
0.180048 2.24
0.180807 2.25
0.181565 2.26
0.182322 2.27
0.183079 2.28
0.183835 2.29
0.184591 2.3
0.185346 2.31
0.1861 2.32
0.186854 2.33
0.187607 2.34
0.188359 2.35
0.189111 2.36
0.189862 2.37
0.190613 2.38
0.191363 2.39
0.192112 2.4
0.192861 2.41
0.193609 2.42
0.194356 2.43
0.195103 2.44
0.195849 2.45
0.196595 2.46
0.197339 2.47
0.198084 2.48
0.198827 2.49
0.19957 2.5
0.200312 2.51
0.201054 2.52
0.201795 2.53
0.202535 2.54
0.203274 2.55
0.204013 2.56
0.204751 2.57
0.205489 2.58
0.206226 2.59
0.206962 2.6
0.207697 2.61
0.208432 2.62
0.209166 2.63
0.2099 2.64
0.210632 2.65
0.211364 2.66
0.212096 2.67
0.212826 2.68
0.213556 2.69
0.214285 2.7
0.215014 2.71
0.215742 2.72
0.216469 2.73
0.217195 2.74
0.217921 2.75
0.218646 2.76
0.21937 2.77
0.220093 2.78
0.220816 2.79
0.221538 2.8
0.222259 2.81
0.22298 2.82
0.2237 2.83
0.224419 2.84
0.225137 2.85
0.225855 2.86
0.226571 2.87
0.227288 2.88
0.228003 2.89
0.228717 2.9
0.229431 2.91
0.230144 2.92
0.230857 2.93
0.231568 2.94
0.232279 2.95
0.232989 2.96
0.233698 2.97
0.234407 2.98
0.235114 2.99
0.235821 3
0.236527 3.01
0.237233 3.02
0.237937 3.03
0.238641 3.04
0.239344 3.05
0.240046 3.06
0.240748 3.07
0.241448 3.08
0.242148 3.09
0.242847 3.1
0.243545 3.11
0.244243 3.12
0.244939 3.13
0.245635 3.14
0.24633 3.15
0.247024 3.16
0.247718 3.17
0.24841 3.18
0.249102 3.19
0.249793 3.2
0.250483 3.21
0.251172 3.22
0.25186 3.23
0.252548 3.24
0.253235 3.25
0.253921 3.26
0.254606 3.27
0.25529 3.28
0.255973 3.29
0.256656 3.3
0.257337 3.31
0.258018 3.32
0.258698 3.33
0.259377 3.34
0.260055 3.35
0.260733 3.36
0.261409 3.37
0.262085 3.38
0.26276 3.39
0.263434 3.4
0.264107 3.41
0.264779 3.42
0.26545 3.43
0.266121 3.44
0.26679 3.45
0.267459 3.46
0.268127 3.47
0.268794 3.48
0.26946 3.49
0.270125 3.5
0.270789 3.51
0.271452 3.52
0.272115 3.53
0.272776 3.54
0.273437 3.55
0.274097 3.56
0.274756 3.57
0.275414 3.58
0.276071 3.59
0.276727 3.6
0.277382 3.61
0.278036 3.62
0.278689 3.63
0.279342 3.64
0.279993 3.65
0.280644 3.66
0.281294 3.67
0.281942 3.68
0.28259 3.69
0.283237 3.7
0.283883 3.71
0.284528 3.72
0.285172 3.73
0.285815 3.74
0.286457 3.75
0.287098 3.76
0.287739 3.77
0.288378 3.78
0.289016 3.79
0.289654 3.8
0.29029 3.81
0.290926 3.82
0.29156 3.83
0.292194 3.84
0.292826 3.85
0.293458 3.86
0.294088 3.87
0.294718 3.88
0.295347 3.89
0.295975 3.9
0.296601 3.91
0.297227 3.92
0.297852 3.93
0.298476 3.94
0.299098 3.95
0.29972 3.96
0.300341 3.97
0.300961 3.98
0.30158 3.99
0.302198 4
0.302815 4.01
0.30343 4.02
0.304045 4.03
0.304659 4.04
0.305272 4.05
0.305884 4.06
0.306495 4.07
0.307104 4.08
0.307713 4.09
0.308321 4.1
0.308928 4.11
0.309533 4.12
0.310138 4.13
0.310742 4.14
0.311344 4.15
0.311946 4.16
0.312547 4.17
0.313146 4.18
0.313745 4.19
0.314342 4.2
0.314939 4.21
0.315534 4.22
0.316128 4.23
0.316722 4.24
0.317314 4.25
0.317905 4.26
0.318495 4.27
0.319084 4.28
0.319672 4.29
0.320259 4.3
0.320845 4.31
0.32143 4.32
0.322014 4.33
0.322597 4.34
0.323179 4.35
0.323759 4.36
0.324339 4.37
0.324917 4.38
0.325495 4.39
0.326071 4.4
0.326646 4.41
0.32722 4.42
0.327793 4.43
0.328365 4.44
0.328936 4.45
0.329506 4.46
0.330075 4.47
0.330643 4.48
0.331209 4.49
0.331775 4.5
0.332339 4.51
0.332902 4.52
0.333464 4.53
0.334026 4.54
0.334585 4.55
0.335144 4.56
0.335702 4.57
0.336259 4.58
0.336814 4.59
0.337369 4.6
0.337922 4.61
0.338474 4.62
0.339025 4.63
0.339575 4.64
0.340124 4.65
0.340672 4.66
0.341218 4.67
0.341764 4.68
0.342308 4.69
0.342851 4.7
0.343393 4.71
0.343934 4.72
0.344474 4.73
0.345013 4.74
0.34555 4.75
0.346086 4.76
0.346622 4.77
0.347156 4.78
0.347689 4.79
0.34822 4.8
0.348751 4.81
0.34928 4.82
0.349809 4.83
0.350336 4.84
0.350862 4.85
0.351387 4.86
0.35191 4.87
0.352433 4.88
0.352954 4.89
0.353474 4.9
0.353993 4.91
0.354511 4.92
0.355028 4.93
0.355543 4.94
0.356058 4.95
0.356571 4.96
0.357083 4.97
0.357594 4.98
0.358103 4.99
0.358612 5
0.359119 5.01
0.359625 5.02
0.36013 5.03
0.360633 5.04
0.361136 5.05
0.361637 5.06
0.362137 5.07
0.362636 5.08
0.363134 5.09
0.36363 5.1
0.364126 5.11
0.36462 5.12
0.365112 5.13
0.365604 5.14
0.366095 5.15
0.366584 5.16
0.367072 5.17
0.367559 5.18
0.368044 5.19
0.368529 5.2
0.369012 5.21
0.369494 5.22
0.369975 5.23
0.370454 5.24
0.370932 5.25
0.371409 5.26
0.371885 5.27
0.37236 5.28
0.372833 5.29
0.373305 5.3
0.373776 5.31
0.374246 5.32
0.374714 5.33
0.375181 5.34
0.375647 5.35
0.376112 5.36
0.376576 5.37
0.377038 5.38
0.377499 5.39
0.377959 5.4
0.378417 5.41
0.378874 5.42
0.37933 5.43
0.379785 5.44
0.380238 5.45
0.380691 5.46
0.381142 5.47
0.381591 5.48
0.38204 5.49
0.382487 5.5
0.382933 5.51
0.383377 5.52
0.383821 5.53
0.384263 5.54
0.384704 5.55
0.385143 5.56
0.385581 5.57
0.386018 5.58
0.386454 5.59
0.386889 5.6
0.387322 5.61
0.387754 5.62
0.388184 5.63
0.388614 5.64
0.389042 5.65
0.389468 5.66
0.389894 5.67
0.390318 5.68
0.390741 5.69
0.391163 5.7
0.391583 5.71
0.392002 5.72
0.39242 5.73
0.392836 5.74
0.393251 5.75
0.393665 5.76
0.394078 5.77
0.394489 5.78
0.394899 5.79
0.395307 5.8
0.395715 5.81
0.396121 5.82
0.396525 5.83
0.396929 5.84
0.397331 5.85
0.397731 5.86
0.398131 5.87
0.398529 5.88
0.398926 5.89
0.399321 5.9
0.399715 5.91
0.400108 5.92
0.4005 5.93
0.40089 5.94
0.401279 5.95
0.401666 5.96
0.402053 5.97
0.402437 5.98
0.402821 5.99
0.403203 6
0.403584 6.01
0.403964 6.02
0.404342 6.03
0.404719 6.04
0.405094 6.05
0.405468 6.06
0.405841 6.07
0.406213 6.08
0.406583 6.09
0.406952 6.1
0.407319 6.11
0.407685 6.12
0.40805 6.13
0.408414 6.14
0.408776 6.15
0.409137 6.16
0.409496 6.17
0.409854 6.18
0.410211 6.19
0.410566 6.2
0.41092 6.21
0.411273 6.22
0.411624 6.23
0.411974 6.24
0.412322 6.25
0.412669 6.26
0.413015 6.27
0.41336 6.28
0.413703 6.29
0.414044 6.3
0.414385 6.31
0.414724 6.32
0.415061 6.33
0.415398 6.34
0.415732 6.35
0.416066 6.36
0.416398 6.37
0.416729 6.38
0.417058 6.39
0.417386 6.4
0.417713 6.41
0.418038 6.42
0.418362 6.43
0.418684 6.44
0.419005 6.45
0.419325 6.46
0.419643 6.47
0.41996 6.48
0.420275 6.49
0.42059 6.5
0.420902 6.51
0.421214 6.52
0.421524 6.53
0.421832 6.54
0.422139 6.55
0.422445 6.56
0.422749 6.57
0.423052 6.58
0.423354 6.59
0.423654 6.6
0.423953 6.61
0.42425 6.62
0.424546 6.63
0.424841 6.64
0.425134 6.65
0.425426 6.66
0.425716 6.67
0.426005 6.68
0.426293 6.69
0.426579 6.7
0.426863 6.71
0.427147 6.72
0.427429 6.73
0.427709 6.74
0.427988 6.75
0.428266 6.76
0.428542 6.77
0.428817 6.78
0.42909 6.79
0.429362 6.8
0.429633 6.81
0.429902 6.82
0.43017 6.83
0.430436 6.84
0.430701 6.85
0.430964 6.86
0.431226 6.87
0.431487 6.88
0.431746 6.89
0.432004 6.9
0.43226 6.91
0.432515 6.92
0.432768 6.93
0.43302 6.94
0.433271 6.95
0.43352 6.96
0.433768 6.97
0.434014 6.98
0.434259 6.99
0.434502 7
0.434744 7.01
0.434985 7.02
0.435224 7.03
0.435462 7.04
0.435698 7.05
0.435933 7.06
0.436166 7.07
0.436398 7.08
0.436629 7.09
0.436858 7.1
0.437085 7.11
0.437311 7.12
0.437536 7.13
0.437759 7.14
0.437981 7.15
0.438201 7.16
0.43842 7.17
0.438638 7.18
0.438854 7.19
0.439068 7.2
0.439281 7.21
0.439493 7.22
0.439703 7.23
0.439912 7.24
0.440119 7.25
0.440325 7.26
0.440529 7.27
0.440732 7.28
0.440934 7.29
0.441134 7.3
0.441332 7.31
0.441529 7.32
0.441725 7.33
0.441919 7.34
0.442112 7.35
0.442303 7.36
0.442493 7.37
0.442681 7.38
0.442868 7.39
0.443054 7.4
0.443237 7.41
0.44342 7.42
0.443601 7.43
0.44378 7.44
0.443959 7.45
0.444135 7.46
0.44431 7.47
0.444484 7.48
0.444656 7.49
0.444827 7.5
0.444996 7.51
0.445164 7.52
0.44533 7.53
0.445495 7.54
0.445658 7.55
0.44582 7.56
0.445981 7.57
0.44614 7.58
0.446297 7.59
0.446453 7.6
0.446608 7.61
0.446761 7.62
0.446912 7.63
0.447062 7.64
0.447211 7.65
0.447358 7.66
0.447504 7.67
0.447648 7.68
0.44779 7.69
0.447932 7.7
0.448071 7.71
0.44821 7.72
0.448346 7.73
0.448482 7.74
0.448616 7.75
0.448748 7.76
0.448879 7.77
0.449008 7.78
0.449136 7.79
0.449262 7.8
0.449387 7.81
0.449511 7.82
0.449632 7.83
0.449753 7.84
0.449872 7.85
0.449989 7.86
0.450105 7.87
0.45022 7.88
0.450333 7.89
0.450444 7.9
0.450554 7.91
0.450663 7.92
0.45077 7.93
0.450875 7.94
0.45098 7.95
0.451082 7.96
0.451183 7.97
0.451283 7.98
0.451381 7.99
0.451477 8
0.451573 8.01
0.451666 8.02
0.451758 8.03
0.451849 8.04
0.451938 8.05
0.452026 8.06
0.452112 8.07
0.452197 8.08
0.45228 8.09
0.452361 8.1
0.452442 8.11
0.45252 8.12
0.452597 8.13
0.452673 8.14
0.452747 8.15
0.45282 8.16
0.452891 8.17
0.452961 8.18
0.453029 8.19
0.453096 8.2
0.453161 8.21
0.453225 8.22
0.453287 8.23
0.453348 8.24
0.453407 8.25
0.453465 8.26
0.453521 8.27
0.453575 8.28
0.453629 8.29
0.45368 8.3
0.453731 8.31
0.453779 8.32
0.453827 8.33
0.453872 8.34
0.453916 8.35
0.453959 8.36
0.454 8.37
0.45404 8.38
0.454078 8.39
0.454115 8.4
0.45415 8.41
0.454184 8.42
0.454216 8.43
0.454247 8.44
0.454276 8.45
0.454304 8.46
0.45433 8.47
0.454355 8.48
0.454378 8.49
0.4544 8.5
0.45442 8.51
0.454438 8.52
0.454456 8.53
0.454471 8.54
0.454485 8.55
0.454498 8.56
0.454509 8.57
0.454519 8.58
0.454527 8.59
0.454534 8.6
0.454539 8.61
0.454543 8.62
0.454545 8.63
0.454545 8.64
0.454545 8.65
0.454542 8.66
0.454538 8.67
0.454533 8.68
0.454526 8.69
0.454518 8.7
0.454508 8.71
0.454497 8.72
0.454484 8.73
0.454469 8.74
0.454454 8.75
0.454436 8.76
0.454417 8.77
0.454397 8.78
0.454375 8.79
0.454352 8.8
0.454327 8.81
0.4543 8.82
0.454272 8.83
0.454243 8.84
0.454212 8.85
0.45418 8.86
0.454146 8.87
0.454111 8.88
0.454074 8.89
0.454035 8.9
0.453995 8.91
0.453954 8.92
0.453911 8.93
0.453867 8.94
0.453821 8.95
0.453773 8.96
0.453724 8.97
0.453674 8.98
0.453622 8.99
0.453569 9
0.453514 9.01
0.453457 9.02
0.4534 9.03
0.45334 9.04
0.453279 9.05
0.453217 9.06
0.453153 9.07
0.453088 9.08
0.453021 9.09
0.452952 9.1
0.452882 9.11
0.452811 9.12
0.452738 9.13
0.452664 9.14
0.452588 9.15
0.452511 9.16
0.452432 9.17
0.452351 9.18
0.45227 9.19
0.452186 9.2
0.452101 9.21
0.452015 9.22
0.451927 9.23
0.451838 9.24
0.451747 9.25
0.451655 9.26
0.451561 9.27
0.451466 9.28
0.451369 9.29
0.451271 9.3
0.451171 9.31
0.451069 9.32
0.450967 9.33
0.450862 9.34
0.450757 9.35
0.45065 9.36
0.450541 9.37
0.450431 9.38
0.450319 9.39
0.450206 9.4
0.450091 9.41
0.449975 9.42
0.449857 9.43
0.449738 9.44
0.449617 9.45
0.449495 9.46
0.449372 9.47
0.449247 9.48
0.44912 9.49
0.448992 9.5
0.448863 9.51
0.448732 9.52
0.448599 9.53
0.448465 9.54
0.44833 9.55
0.448193 9.56
0.448054 9.57
0.447914 9.58
0.447773 9.59
0.44763 9.6
0.447486 9.61
0.44734 9.62
0.447192 9.63
0.447044 9.64
0.446893 9.65
0.446742 9.66
0.446588 9.67
0.446434 9.68
0.446278 9.69
0.44612 9.7
0.445961 9.71
0.4458 9.72
0.445638 9.73
0.445475 9.74
0.44531 9.75
0.445143 9.76
0.444975 9.77
0.444806 9.78
0.444635 9.79
0.444462 9.8
0.444289 9.81
0.444113 9.82
0.443937 9.83
0.443758 9.84
0.443579 9.85
0.443397 9.86
0.443215 9.87
0.443031 9.88
0.442845 9.89
0.442658 9.9
0.44247 9.91
0.44228 9.92
0.442088 9.93
0.441895 9.94
0.441701 9.95
0.441505 9.96
0.441308 9.97
0.441109 9.98
0.440909 9.99
0.440707 10
0.440504 10.01
0.4403 10.02
0.440094 10.03
0.439886 10.04
0.439677 10.05
0.439467 10.06
0.439255 10.07
0.439042 10.08
0.438827 10.09
0.438611 10.1
0.438393 10.11
0.438174 10.12
0.437954 10.13
0.437732 10.14
0.437508 10.15
0.437283 10.16
0.437057 10.17
0.436829 10.18
0.4366 10.19
0.436369 10.2
0.436137 10.21
0.435904 10.22
0.435669 10.23
0.435432 10.24
0.435194 10.25
0.434955 10.26
0.434714 10.27
0.434472 10.28
0.434229 10.29
0.433984 10.3
0.433737 10.31
0.433489 10.32
0.43324 10.33
0.432989 10.34
0.432737 10.35
0.432483 10.36
0.432228 10.37
0.431972 10.38
0.431714 10.39
0.431455 10.4
0.431194 10.41
0.430932 10.42
0.430668 10.43
0.430403 10.44
0.430136 10.45
0.429869 10.46
0.429599 10.47
0.429328 10.48
0.429056 10.49
0.428783 10.5
0.428508 10.51
0.428231 10.52
0.427954 10.53
0.427674 10.54
0.427394 10.55
0.427112 10.56
0.426828 10.57
0.426543 10.58
0.426257 10.59
0.425969 10.6
0.42568 10.61
0.42539 10.62
0.425098 10.63
0.424804 10.64
0.42451 10.65
0.424213 10.66
0.423916 10.67
0.423617 10.68
0.423317 10.69
0.423015 10.7
0.422712 10.71
0.422407 10.72
0.422101 10.73
0.421794 10.74
0.421485 10.75
0.421175 10.76
0.420864 10.77
0.420551 10.78
0.420236 10.79
0.419921 10.8
0.419604 10.81
0.419285 10.82
0.418965 10.83
0.418644 10.84
0.418322 10.85
0.417998 10.86
0.417672 10.87
0.417345 10.88
0.417017 10.89
0.416688 10.9
0.416357 10.91
0.416025 10.92
0.415691 10.93
0.415356 10.94
0.41502 10.95
0.414682 10.96
0.414343 10.97
0.414002 10.98
0.41366 10.99
0.413317 11
0.412972 11.01
0.412626 11.02
0.412279 11.03
0.41193 11.04
0.41158 11.05
0.411229 11.06
0.410876 11.07
0.410522 11.08
0.410167 11.09
0.40981 11.1
0.409451 11.11
0.409092 11.12
0.408731 11.13
0.408369 11.14
0.408005 11.15
0.40764 11.16
0.407274 11.17
0.406906 11.18
0.406537 11.19
0.406167 11.2
0.405795 11.21
0.405422 11.22
0.405048 11.23
0.404672 11.24
0.404295 11.25
0.403917 11.26
0.403537 11.27
0.403156 11.28
0.402773 11.29
0.40239 11.3
0.402005 11.31
0.401618 11.32
0.401231 11.33
0.400842 11.34
0.400451 11.35
0.40006 11.36
0.399667 11.37
0.399272 11.38
0.398877 11.39
0.39848 11.4
0.398081 11.41
0.397682 11.42
0.397281 11.43
0.396879 11.44
0.396475 11.45
0.39607 11.46
0.395664 11.47
0.395257 11.48
0.394848 11.49
0.394438 11.5
0.394026 11.51
0.393614 11.52
0.3932 11.53
0.392784 11.54
0.392368 11.55
0.39195 11.56
0.391531 11.57
0.39111 11.58
0.390689 11.59
0.390266 11.6
0.389841 11.61
0.389416 11.62
0.388989 11.63
0.38856 11.64
0.388131 11.65
0.3877 11.66
0.387268 11.67
0.386835 11.68
0.3864 11.69
0.385964 11.7
0.385527 11.71
0.385089 11.72
0.384649 11.73
0.384208 11.74
0.383766 11.75
0.383322 11.76
0.382877 11.77
0.382431 11.78
0.381984 11.79
0.381536 11.8
0.381086 11.81
0.380635 11.82
0.380182 11.83
0.379729 11.84
0.379274 11.85
0.378818 11.86
0.37836 11.87
0.377902 11.88
0.377442 11.89
0.376981 11.9
0.376518 11.91
0.376055 11.92
0.37559 11.93
0.375124 11.94
0.374656 11.95
0.374188 11.96
0.373718 11.97
0.373247 11.98
0.372775 11.99
0.372301 12
