0.0288462 0
0.16178 0.05
0.420772 0.1
0.801459 0.15
1.28372 0.2
1.60611 0.25
1.63732 0.3
1.58839 0.35
1.52161 0.4
1.52029 0.45
1.60061 0.5
1.67782 0.55
1.67844 0.6
1.85295 0.65
2.0582 0.7
2.25101 0.75
2.34463 0.8
2.33443 0.85
2.23571 0.9
2.06974 0.95
1.8832 1
1.70961 1.05
1.57706 1.1
1.48437 1.15
1.41944 1.2
1.36188 1.25
1.30914 1.3
1.25113 1.35
1.1958 1.4
1.15098 1.45
1.13508 1.5
1.16641 1.55
1.24026 1.6
1.33231 1.65
1.39806 1.7
1.42547 1.75
1.46095 1.8
1.5287 1.85
1.64876 1.9
1.74916 1.95
1.828 2
1.85024 2.05
1.82207 2.1
1.75746 2.15
1.66706 2.2
1.58393 2.25
1.50977 2.3
1.45325 2.35
1.40226 2.4
1.3508 2.45
1.29596 2.5
1.24893 2.55
1.23355 2.6
1.26628 2.65
1.35926 2.7
1.48936 2.75
1.64863 2.8
1.80891 2.85
1.94265 2.9
2.03463 2.95
2.05122 3
2.03181 3.05
1.96921 3.1
1.87769 3.15
1.75422 3.2
1.60465 3.25
1.45093 3.3
1.31693 3.35
1.22264 3.4
1.16588 3.45
1.13946 3.5
1.1216 3.55
1.11333 3.6
1.10264 3.65
1.09507 3.7
1.09377 3.75
1.10337 3.8
1.1343 3.85
1.17967 3.9
1.23962 3.95
1.29654 4
1.34414 4.05
1.3932 4.1
1.45573 4.15
1.55469 4.2
1.66169 4.25
1.76691 4.3
1.82689 4.35
1.85706 4.4
1.8632 4.45
1.84436 4.5
1.80616 4.55
1.73714 4.6
1.64404 4.65
1.52765 4.7
1.42976 4.75
1.35055 4.8
1.33134 4.85
1.37033 4.9
1.47213 4.95
1.63195 5
1.80953 5.05
1.98179 5.1
2.09833 5.15
2.18817 5.2
2.23946 5.25
2.27012 5.3
2.25404 5.35
2.16478 5.4
2.00089 5.45
1.77004 5.5
1.52587 5.55
1.30593 5.6
1.17441 5.65
1.14812 5.7
1.21648 5.75
1.34391 5.8
1.47054 5.85
1.56374 5.9
1.60093 5.95
1.58175 6
1.50892 6.05
1.401 6.1
1.27695 6.15
1.17787 6.2
1.11279 6.25
1.11484 6.3
1.17229 6.35
1.30361 6.4
1.51393 6.45
1.81276 6.5
2.19072 6.55
2.40446 6.6
2.4949 6.65
2.55669 6.7
2.53779 6.75
2.50654 6.8
2.41179 6.85
2.30198 6.9
2.12318 6.95
1.94509 7
1.74556 7.05
1.5801 7.1
1.46476 7.15
1.38778 7.2
1.39592 7.25
1.41565 7.3
1.48895 7.35
1.54357 7.4
1.61196 7.45
1.65305 7.5
1.68705 7.55
1.69606 7.6
1.6879 7.65
1.66037 7.7
1.61051 7.75
1.54769 7.8
1.46557 7.85
1.37857 7.9
1.28931 7.95
1.2063 8
1.15086 8.05
1.12027 8.1
1.14996 8.15
1.23919 8.2
1.36531 8.25
1.55975 8.3
1.69519 8.35
1.88534 8.4
1.99918 8.45
2.1517 8.5
2.21746 8.55
2.298 8.6
2.26978 8.65
2.23652 8.7
2.10861 8.75
1.96889 8.8
1.79953 8.85
1.61703 8.9
1.50385 8.95
1.37463 9
1.34867 9.05
1.28063 9.1
1.25927 9.15
1.18986 9.2
1.14866 9.25
1.09864 9.3
1.08856 9.35
1.10766 9.4
1.17283 9.45
1.27958 9.5
1.4009 9.55
1.54911 9.6
1.63911 9.65
1.74349 9.7
1.76389 9.75
1.80353 9.8
1.78398 9.85
1.78234 9.9
1.73406 9.95
1.70204 10
1.63346 10.05
1.5952 10.1
1.54131 10.15
1.52116 10.2
1.49171 10.25
1.4862 10.3
1.4746 10.35
1.47857 10.4
1.48765 10.45
1.50741 10.5
1.54316 10.55
1.58648 10.6
1.64674 10.65
1.70719 10.7
1.76838 10.75
1.81488 10.8
1.83334 10.85
1.82671 10.9
1.77239 10.95
1.70261 11
1.60144 11.05
1.50538 11.1
1.42275 11.15
1.35041 11.2
1.30696 11.25
1.264 11.3
1.25091 11.35
1.23588 11.4
1.24974 11.45
1.26376 11.5
1.28535 11.55
1.31366 11.6
1.32841 11.65
1.3734 11.7
1.41455 11.75
1.50903 11.8
1.61113 11.85
1.75332 11.9
1.88798 11.95
