0.0227273 0
-0.0487157 0.05
-0.204368 0.1
-0.489384 0.15
-0.867463 0.2
-1.29789 0.25
-1.75713 0.3
-2.17065 0.35
-2.54807 0.4
-2.89728 0.45
-3.24815 0.5
-3.65537 0.55
-4.16485 0.6
-4.66863 0.65
-5.11054 0.7
-5.43169 0.75
-5.62525 0.8
-5.72945 0.85
-5.7459 0.9
-5.70309 0.95
-5.59514 1
-5.44773 1.05
-5.27328 1.1
-5.09051 1.15
-4.90679 1.2
-4.72733 1.25
-4.55868 1.3
-4.40759 1.35
-4.29317 1.4
-4.22951 1.45
-4.24118 1.5
-4.32895 1.55
-4.49895 1.6
-4.7199 1.65
-4.94789 1.7
-5.10305 1.75
-5.13683 1.8
-5.05642 1.85
-4.90733 1.9
-4.75397 1.95
-4.61139 2
-4.50793 2.05
-4.43892 2.1
-4.41893 2.15
-4.44507 2.2
-4.51403 2.25
-4.61592 2.3
-4.73816 2.35
-4.86863 2.4
-4.99264 2.45
-5.09425 2.5
-5.15923 2.55
-5.18239 2.6
-5.16956 2.65
-5.14262 2.7
-5.11557 2.75
-5.11096 2.8
-5.13477 2.85
-5.18862 2.9
-5.29345 2.95
-5.39687 3
-5.54758 3.05
-5.64468 3.1
-5.7141 3.15
-5.70961 3.2
-5.64476 3.25
-5.51364 3.3
-5.32929 3.35
-5.10984 3.4
-4.87756 3.45
-4.65372 3.5
-4.44828 3.55
-4.2802 3.6
-4.15104 3.65
-4.08197 3.7
-4.06915 3.75
-4.12852 3.8
-4.24354 3.85
-4.4131 3.9
-4.60244 3.95
-4.7877 4
-4.92806 4.05
-4.99229 4.1
-4.95393 4.15
-4.8081 4.2
-4.58385 4.25
-4.32472 4.3
-4.08873 4.35
-3.89962 4.4
-3.77958 4.45
-3.73271 4.5
-3.76143 4.55
-3.86453 4.6
-4.03634 4.65
-4.2636 4.7
-4.52206 4.75
-4.79119 4.8
-5.04168 4.85
-5.25068 4.9
-5.38779 4.95
-5.42851 5
-5.36263 5.05
-5.19575 5.1
-4.96995 5.15
-4.71512 5.2
-4.49173 5.25
-4.32004 5.3
-4.23404 5.35
-4.22945 5.4
-4.30167 5.45
-4.43325 5.5
-4.60654 5.55
-4.80453 5.6
-4.99834 5.65
-5.17358 5.7
-5.29601 5.75
-5.36171 5.8
-5.37822 5.85
-5.36773 5.9
-5.35345 5.95
-5.34811 6
-5.36154 6.05
-5.39522 6.1
-5.44993 6.15
-5.51887 6.2
-5.59021 6.25
-5.66259 6.3
-5.72432 6.35
-5.77664 6.4
-5.69992 6.45
-5.46541 6.5
-4.83805 6.55
-4.63068 6.6
-4.41377 6.65
-4.27229 6.7
-4.14687 6.75
-4.10426 6.8
-4.10252 6.85
-4.18005 6.9
-4.27848 6.95
-4.43545 7
-4.57429 7.05
-4.74652 7.1
-4.89586 7.15
-5.04101 7.2
-5.15656 7.25
-5.23239 7.3
-5.27101 7.35
-5.27291 7.4
-5.23141 7.45
-5.1679 7.5
-5.06905 7.55
-4.96859 7.6
-4.85224 7.65
-4.75241 7.7
-4.65968 7.75
-4.58989 7.8
-4.54621 7.85
-4.5169 7.9
-4.52066 7.95
-4.50634 8
-4.50553 8.05
-4.42778 8.1
-4.33078 8.15
-4.12892 8.2
-3.93589 8.25
-3.70065 8.3
-3.52153 8.35
-3.36678 8.4
-3.25102 8.45
-3.17828 8.5
-3.11022 8.55
-3.0858 8.6
-3.03576 8.65
-3.02688 8.7
-2.96927 8.75
-2.94119 8.8
-2.85093 8.85
-2.76296 8.9
-2.60876 8.95
-2.42757 9
-2.19488 9.05
-1.93353 9.1
-1.66459 9.15
-1.38508 9.2
-1.15376 9.25
-0.92999 9.3
-0.792744 9.35
-0.673299 9.4
-0.647867 9.45
-0.644044 9.5
-0.724131 9.55
-0.816227 9.6
-0.950626 9.65
-1.06881 9.7
-1.16187 9.75
-1.21426 9.8
-1.20342 9.85
-1.15435 9.9
-1.06742 9.95
-0.984571 10
-0.927762 10.05
-0.903311 10.1
-0.937535 10.15
-0.999766 10.2
-1.11496 10.25
-1.23694 10.3
-1.38304 10.35
-1.51301 10.4
-1.63606 10.45
-1.73245 10.5
-1.80215 10.55
-1.84293 10.6
-1.84467 10.65
-1.81905 10.7
-1.74611 10.75
-1.65351 10.8
-1.51654 10.85
-1.37844 10.9
-1.22091 10.95
-1.08101 11
-0.955733 11.05
-0.833056 11.1
-0.739563 11.15
-0.613992 11.2
-0.532529 11.25
-0.425385 11.3
-0.382056 11.35
-0.331236 11.4
-0.349752 11.45
-0.370009 11.5
-0.461539 11.55
-0.55908 11.6
-0.726725 11.65
-0.894368 11.7
-1.11108 11.75
-1.31087 11.8
-1.51323 11.85
-1.6856 11.9
-1.80572 11.95
