0.0178571 0
-0.0716456 0.05
-0.2858 0.1
-0.606444 0.15
-1.01302 0.2
-1.32563 0.25
-1.4701 0.3
-1.57186 0.35
-1.6404 0.4
-1.70518 0.45
-1.74016 0.5
-1.8306 0.55
-2.01823 0.6
-2.15116 0.65
-2.29919 0.7
-2.403 0.75
-2.44328 0.8
-2.40192 0.85
-2.30088 0.9
-2.14708 0.95
-1.98348 1
-1.83375 1.05
-1.73169 1.1
-1.68298 1.15
-1.69383 1.2
-1.7536 1.25
-1.86542 1.3
-2.01438 1.35
-2.19843 1.4
-2.39105 1.45
-2.57335 1.5
-2.6985 1.55
-2.73756 1.6
-2.66104 1.65
-2.4806 1.7
-2.23009 1.75
-1.98655 1.8
-1.8007 1.85
-1.70898 1.9
-1.68772 1.95
-1.74708 2
-1.85174 2.05
-2.01002 2.1
-2.17947 2.15
-2.35186 2.2
-2.48932 2.25
-2.58549 2.3
-2.62103 2.35
-2.59423 2.4
-2.50168 2.45
-2.35063 2.5
-2.15705 2.55
-1.95285 2.6
-1.7655 2.65
-1.6328 2.7
-1.56249 2.75
-1.58189 2.8
-1.67501 2.85
-1.85264 2.9
-2.04352 2.95
-2.22944 3
-2.3398 3.05
-2.40043 3.1
-2.39411 3.15
-2.35054 3.2
-2.26997 3.25
-2.17648 3.3
-2.08584 3.35
-2.01823 3.4
-1.97927 3.45
-1.97218 3.5
-1.98637 3.55
-2.02729 3.6
-2.07953 3.65
-2.14861 3.7
-2.21506 3.75
-2.28042 3.8
-2.3221 3.85
-2.34141 3.9
-2.32228 3.95
-2.27463 4
-2.20147 4.05
-2.12449 4.1
-2.06093 4.15
-2.03569 4.2
-2.04207 4.25
-2.07858 4.3
-2.10525 4.35
-2.12845 4.4
-2.12494 4.45
-2.10517 4.5
-2.06817 4.55
-2.0254 4.6
-1.98663 4.65
-1.96319 4.7
-1.94998 4.75
-1.96168 4.8
-1.98347 4.85
-2.03817 4.9
-2.11164 4.95
-2.20972 5
-2.30616 5.05
-2.38116 5.1
-2.38947 5.15
-2.33264 5.2
-2.20099 5.25
-2.03806 5.3
-1.871 5.35
-1.74437 5.4
-1.67901 5.45
-1.68528 5.5
-1.75388 5.55
-1.87883 5.6
-2.02917 5.65
-2.20439 5.7
-2.36824 5.75
-2.50782 5.8
-2.59127 5.85
-2.60634 5.9
-2.54342 5.95
-2.41327 6
-2.23258 6.05
-2.0349 6.1
-1.84429 6.15
-1.69643 6.2
-1.59258 6.25
-1.55249 6.3
-1.56279 6.35
-1.6268 6.4
-1.74343 6.45
-1.90896 6.5
-2.11131 6.55
-2.19913 6.6
-2.26441 6.65
-2.27362 6.7
-2.26088 6.75
-2.21126 6.8
-2.15501 6.85
-2.08443 6.9
-2.03895 6.95
-1.99218 7
-1.99833 7.05
-1.9944 7.1
-2.05015 7.15
-2.07987 7.2
-2.15426 7.25
-2.18763 7.3
-2.24001 7.35
-2.24209 7.4
-2.25207 7.45
-2.21751 7.5
-2.19833 7.55
-2.14841 7.6
-2.13388 7.65
-2.10354 7.7
-2.12332 7.75
-2.13398 7.8
-2.19215 7.85
-2.23188 7.9
-2.2982 7.95
-2.32058 8
-2.34241 8.05
-2.30391 8.1
-2.26672 8.15
-2.18825 8.2
-2.14141 8.25
-2.0677 8.3
-2.02309 8.35
-1.94839 8.4
-1.87434 8.45
-1.76875 8.5
-1.65973 8.55
-1.53319 8.6
-1.42591 8.65
-1.32489 8.7
-1.26224 8.75
-1.21843 8.8
-1.2032 8.85
-1.20306 8.9
-1.18927 8.95
-1.1809 9
-1.1242 9.05
-1.08268 9.1
-1.00475 9.15
-0.959269 9.2
-0.893397 9.25
-0.863764 9.3
-0.831431 9.35
-0.836958 9.4
-0.855949 9.45
-0.913474 9.5
-0.976258 9.55
-1.0664 9.6
-1.12107 9.65
-1.19074 9.7
-1.19508 9.75
-1.21187 9.8
-1.15982 9.85
-1.12716 9.9
-1.04286 9.95
-0.998922 10
-0.932411 10.05
-0.922097 10.1
-0.906377 10.15
-0.944024 10.2
-0.969201 10.25
-1.03412 10.3
-1.06765 10.35
-1.12835 10.4
-1.147 10.45
-1.18358 10.5
-1.17653 10.55
-1.1824 10.6
-1.14771 10.65
-1.1292 10.7
-1.07855 10.75
-1.0575 10.8
-1.01622 10.85
-1.02123 10.9
-1.00945 10.95
-1.0506 11
-1.06396 11.05
-1.12459 11.1
-1.14924 11.15
-1.20905 11.2
-1.23364 11.25
-1.27479 11.3
-1.28752 11.35
-1.3035 11.4
-1.30004 11.45
-1.29546 11.5
-1.26858 11.55
-1.24091 11.6
-1.18042 11.65
-1.13072 11.7
-1.04899 11.75
-0.996365 11.8
-0.91694 11.85
-0.872708 11.9
-0.807243 11.95
