0 0
0.00665666 0.05
0.0133124 0.1
0.0199664 0.15
0.0266178 0.2
0.0332656 0.25
0.0399089 0.3
0.046547 0.35
0.0531788 0.4
0.0598036 0.45
0.0664204 0.5
0.0730284 0.55
0.0796267 0.6
0.0862143 0.65
0.0927905 0.7
0.0993543 0.75
0.105905 0.8
0.112441 0.85
0.118963 0.9
0.125469 0.95
0.131958 1
0.138429 1.05
0.144882 1.1
0.151316 1.15
0.157729 1.2
0.164122 1.25
0.170492 1.3
0.17684 1.35
0.183165 1.4
0.189465 1.45
0.19574 1.5
0.201989 1.55
0.20821 1.6
0.214405 1.65
0.22057 1.7
0.226707 1.75
0.232813 1.8
0.238888 1.85
0.244931 1.9
0.250942 1.95
0.256919 2
0.262862 2.05
0.26877 2.1
0.274642 2.15
0.280478 2.2
0.286276 2.25
0.292037 2.3
0.297758 2.35
0.30344 2.4
0.309081 2.45
0.314681 2.5
0.32024 2.55
0.325755 2.6
0.331228 2.65
0.336656 2.7
0.342039 2.75
0.347377 2.8
0.352669 2.85
0.357913 2.9
0.36311 2.95
0.368259 3
0.373358 3.05
0.378408 3.1
0.383408 3.15
0.388356 3.2
0.393253 3.25
0.398098 3.3
0.402889 3.35
0.407627 3.4
0.41231 3.45
0.416939 3.5
0.421512 3.55
0.426029 3.6
0.430489 3.65
0.434892 3.7
0.439237 3.75
0.443524 3.8
0.447751 3.85
0.451919 3.9
0.456027 3.95
0.460074 4
0.46406 4.05
0.467984 4.1
0.471846 4.15
0.475645 4.2
0.47938 4.25
0.483052 4.3
0.486659 4.35
0.490202 4.4
0.493679 4.45
0.497091 4.5
0.500436 4.55
0.503715 4.6
0.506927 4.65
0.510071 4.7
0.513148 4.75
0.516156 4.8
0.519095 4.85
0.521965 4.9
0.524766 4.95
0.527497 5
0.530158 5.05
0.532748 5.1
0.535267 5.15
0.537715 5.2
0.540091 5.25
0.542396 5.3
0.544628 5.35
0.546787 5.4
0.548874 5.45
0.550888 5.5
0.552829 5.55
0.554695 5.6
0.556488 5.65
0.558207 5.7
0.559852 5.75
0.561422 5.8
0.562917 5.85
0.564338 5.9
0.565683 5.95
0.566953 6
0.568147 6.05
0.569266 6.1
0.570309 6.15
0.571276 6.2
0.572167 6.25
0.572982 6.3
0.573721 6.35
0.574383 6.4
0.574969 6.45
0.575478 6.5
0.57591 6.55
0.576266 6.6
0.576546 6.65
0.576748 6.7
0.576874 6.75
0.576922 6.8
0.576894 6.85
0.57679 6.9
0.576608 6.95
0.57635 7
0.576015 7.05
0.575603 7.1
0.575114 7.15
0.574549 7.2
0.573908 7.25
0.57319 7.3
0.572396 7.35
0.571526 7.4
0.570579 7.45
0.569557 7.5
0.568458 7.55
0.567284 7.6
0.566035 7.65
0.56471 7.7
0.56331 7.75
0.561835 7.8
0.560285 7.85
0.558661 7.9
0.556962 7.95
0.555189 8
0.553342 8.05
0.551422 8.1
0.549428 8.15
0.547361 8.2
0.545221 8.25
0.543008 8.3
0.540724 8.35
0.538367 8.4
0.535938 8.45
0.533438 8.5
0.530868 8.55
0.528226 8.6
0.525514 8.65
0.522732 8.7
0.519881 8.75
0.51696 8.8
0.513971 8.85
0.510913 8.9
0.507787 8.95
0.504594 9
0.501333 9.05
0.498005 9.1
0.494612 9.15
0.491152 9.2
0.487627 9.25
0.484037 9.3
0.480383 9.35
0.476665 9.4
0.472883 9.45
0.469038 9.5
0.465131 9.55
0.461162 9.6
0.457131 9.65
0.45304 9.7
0.448888 9.75
0.444677 9.8
0.440406 9.85
0.436077 9.9
0.43169 9.95
0.427245 10
0.422743 10.05
0.418185 10.1
0.413572 10.15
0.408903 10.2
0.40418 10.25
0.399403 10.3
0.394573 10.35
0.38969 10.4
0.384756 10.45
0.37977 10.5
0.374734 10.55
0.369648 10.6
0.364512 10.65
0.359328 10.7
0.354096 10.75
0.348818 10.8
0.343492 10.85
0.338121 10.9
0.332705 10.95
0.327245 11
0.321741 11.05
0.316194 11.1
0.310605 11.15
0.304975 11.2
0.299304 11.25
0.293593 11.3
0.287843 11.35
0.282055 11.4
0.27623 11.45
0.270367 11.5
0.264469 11.55
0.258535 11.6
0.252567 11.65
0.246565 11.7
0.240531 11.75
0.234464 11.8
0.228367 11.85
0.222238 11.9
0.216081 11.95
