0.00288462 0
0.00676641 0.005
0.0118024 0.01
0.0178112 0.015
0.0250056 0.02
0.0331933 0.025
0.0425977 0.03
0.0530223 0.035
0.0646973 0.04
0.0774215 0.045
0.0914318 0.05
0.106521 0.055
0.122933 0.06
0.140454 0.065
0.159333 0.07
0.179349 0.075
0.200757 0.08
0.223325 0.085
0.247315 0.09
0.27248 0.095
0.299089 0.1
0.327326 0.105
0.356999 0.11
0.388095 0.115
0.42047 0.12
0.454249 0.125
0.489198 0.13
0.525466 0.135
0.562735 0.14
0.601168 0.145
0.640368 0.15
0.680495 0.155
0.721099 0.16
0.762254 0.165
0.803634 0.17
0.845155 0.175
0.886418 0.18
0.92736 0.185
0.967657 0.19
1.00711 0.195
1.04554 0.2
1.08263 0.205
1.11839 0.21
1.15237 0.215
1.18477 0.22
1.21512 0.225
1.24371 0.23
1.27009 0.235
1.29464 0.24
1.31698 0.245
1.33746 0.25
1.35582 0.255
1.37244 0.26
1.38721 0.265
1.40026 0.27
1.41175 0.275
1.42167 0.28
1.43037 0.285
1.43771 0.29
1.44419 0.295
1.44955 0.3
1.45445 0.305
1.4585 0.31
1.46248 0.315
1.46592 0.32
1.46968 0.325
1.47322 0.33
1.47746 0.335
1.48179 0.34
1.48718 0.345
1.49298 0.35
1.50015 0.355
1.50805 0.36
1.51757 0.365
1.52813 0.37
1.54051 0.375
1.55418 0.38
1.5698 0.385
1.58694 0.39
1.60601 0.395
1.6268 0.4
1.64937 0.405
1.67379 0.41
1.69975 0.415
1.72763 0.42
1.75677 0.425
1.78788 0.43
1.82003 0.435
1.85416 0.44
1.88925 0.445
1.92634 0.45
1.96441 0.455
2.00446 0.46
2.04562 0.465
2.0887 0.47
2.13303 0.475
2.17913 0.48
2.22652 0.485
2.27545 0.49
2.32552 0.495
2.37672 0.5
2.42866 0.505
2.48112 0.51
2.53357 0.515
2.58568 0.52
2.63671 0.525
2.68631 0.53
2.73354 0.535
2.77808 0.54
2.8189 0.545
2.85578 0.55
2.88779 0.555
2.91483 0.56
2.93625 0.565
2.95213 0.57
2.96217 0.575
2.96668 0.58
2.96566 0.585
2.95961 0.59
2.97378 0.595
2.98162 0.6
2.98813 0.605
2.99627 0.61
3.00371 0.615
3.01043 0.62
3.01639 0.625
3.02156 0.63
3.02588 0.635
3.02931 0.64
3.03668 0.645
3.03725 0.65
3.03765 0.655
3.03678 0.66
3.03477 0.665
3.03131 0.67
3.02653 0.675
3.02005 0.68
3.01026 0.685
2.999 0.69
2.98628 0.695
2.97231 0.7
2.95706 0.705
2.94087 0.71
2.9237 0.715
2.90596 0.72
2.88758 0.725
2.86902 0.73
2.85017 0.735
2.83151 0.74
2.81293 0.745
2.79485 0.75
2.77717 0.755
2.76023 0.76
2.74395 0.765
2.72858 0.77
2.71404 0.775
2.7005 0.78
2.6879 0.785
2.67632 0.79
2.66571 0.795
2.65609 0.8
2.64744 0.805
2.63973 0.81
2.63292 0.815
2.62698 0.82
2.62187 0.825
2.61754 0.83
2.61396 0.835
2.61106 0.84
2.60882 0.845
2.60716 0.85
2.60607 0.855
2.60547 0.86
2.60533 0.865
2.60559 0.87
2.60623 0.875
2.60717 0.88
2.60838 0.885
2.60982 0.89
2.61143 0.895
2.61317 0.9
2.61501 0.905
2.61688 0.91
2.61875 0.915
2.62058 0.92
2.62231 0.925
2.62391 0.93
2.62533 0.935
2.62653 0.94
2.62745 0.945
2.62808 0.95
2.62834 0.955
2.62823 0.96
2.62765 0.965
2.62662 0.97
2.62504 0.975
2.62292 0.98
2.62017 0.985
2.61681 0.99
2.61273 0.995
2.60795 1
2.60238 1.005
2.59604 1.01
2.58882 1.015
2.58078 1.02
2.57176 1.025
2.56186 1.03
2.55091 1.035
2.53902 1.04
2.526 1.045
2.51199 1.05
2.49676 1.055
2.48052 1.06
2.46298 1.065
2.4444 1.07
2.42444 1.075
2.40342 1.08
2.38097 1.085
2.35746 1.09
2.33244 1.095
2.30638 1.1
2.27879 1.105
2.2502 1.11
2.22004 1.115
2.18895 1.12
2.15631 1.125
2.12284 1.13
2.08786 1.135
2.05215 1.14
2.01504 1.145
1.97735 1.15
1.93838 1.155
1.89898 1.16
1.85852 1.165
1.81776 1.17
1.77619 1.175
1.73446 1.18
1.69219 1.185
1.6499 1.19
1.60736 1.195
1.56492 1.2
1.52252 1.205
1.48032 1.21
1.43844 1.215
1.39683 1.22
1.3558 1.225
1.31512 1.23
1.27521 1.235
1.23573 1.24
1.19718 1.245
1.15913 1.25
1.12212 1.255
1.08567 1.26
1.05035 1.265
1.01565 1.27
0.982108 1.275
0.949248 1.28
0.917568 1.285
0.886614 1.29
0.856834 1.295
0.827819 1.3
0.799959 1.305
0.772892 1.31
0.746948 1.315
0.721815 1.32
0.697768 1.325
0.674539 1.33
0.652351 1.335
0.63098 1.34
0.610604 1.345
0.591036 1.35
0.572414 1.355
0.554583 1.36
0.537647 1.365
0.52148 1.37
0.506162 1.375
0.491584 1.38
0.477806 1.385
0.464739 1.39
0.452426 1.395
0.44079 1.4
0.429862 1.405
0.419578 1.41
0.409959 1.415
0.40095 1.42
0.392565 1.425
0.384756 1.43
0.377532 1.435
0.370851 1.44
0.36472 1.445
0.359101 1.45
0.353998 1.455
0.349379 1.46
0.345248 1.465
0.341574 1.47
0.338362 1.475
0.335586 1.48
0.333251 1.485
0.331335 1.49
0.329843 1.495
0.328758 1.5
0.32809 1.505
0.327821 1.51
0.327968 1.515
0.328517 1.52
0.329488 1.525
0.330873 1.53
0.332699 1.535
0.334962 1.54
0.337697 1.545
0.340907 1.55
0.344635 1.555
0.348891 1.56
0.353732 1.565
0.359174 1.57
0.365291 1.575
0.372104 1.58
0.379707 1.585
0.388131 1.59
0.397493 1.595
0.407829 1.6
0.419288 1.605
0.431909 1.61
0.445878 1.615
0.461232 1.62
0.478204 1.625
0.496816 1.63
0.517361 1.635
0.539828 1.64
0.564578 1.645
0.591544 1.65
0.621169 1.655
0.653281 1.66
0.68843 1.665
0.726274 1.67
0.76749 1.675
0.811482 1.68
0.859083 1.685
0.909331 1.69
0.963243 1.695
1.01938 1.7
1.07894 1.705
1.13993 1.71
1.20373 1.715
1.26775 1.72
1.33348 1.725
1.39792 1.73
1.46247 1.735
1.52412 1.74
1.58392 1.745
1.63938 1.75
1.69099 1.755
1.73727 1.76
1.77804 1.765
1.8131 1.77
1.84169 1.775
1.86487 1.78
1.88147 1.785
1.89348 1.79
1.89953 1.795
1.90207 1.8
1.89958 1.805
1.89472 1.81
1.88595 1.815
1.87565 1.82
1.86248 1.825
1.84854 1.83
1.83257 1.835
1.8164 1.84
1.79889 1.845
1.78163 1.85
1.76361 1.855
1.74619 1.86
1.72851 1.865
1.71171 1.87
1.69506 1.875
1.6795 1.88
1.66447 1.885
1.65069 1.89
1.63773 1.895
1.62614 1.9
1.61563 1.905
1.60657 1.91
1.59879 1.915
1.59249 1.92
1.58764 1.925
1.58428 1.93
1.58247 1.935
1.58215 1.94
1.58337 1.945
1.58609 1.95
1.59035 1.955
1.59607 1.96
1.60331 1.965
1.61197 1.97
1.62211 1.975
1.63361 1.98
1.6465 1.985
1.66065 1.99
1.67608 1.995
1.6926 2
1.71021 2.005
1.72958 2.01
1.75034 2.015
1.77215 2.02
1.79511 2.025
1.8191 2.03
1.84415 2.035
1.87015 2.04
1.89713 2.045
1.92499 2.05
1.95377 2.055
1.98337 2.06
2.01382 2.065
2.04503 2.07
2.07703 2.075
2.10975 2.08
2.14318 2.085
2.17729 2.09
2.21206 2.095
2.24746 2.1
2.28347 2.105
2.32007 2.11
2.35723 2.115
2.39494 2.12
2.43316 2.125
2.47187 2.13
2.51106 2.135
2.55071 2.14
2.59079 2.145
2.63127 2.15
2.67214 2.155
2.71338 2.16
2.75496 2.165
2.79686 2.17
2.83906 2.175
2.88154 2.18
2.92428 2.185
2.96724 2.19
3.01042 2.195
3.05378 2.2
3.09732 2.205
3.14099 2.21
3.1848 2.215
3.2287 2.22
3.2727 2.225
3.31673 2.23
3.36084 2.235
3.40494 2.24
3.44907 2.245
3.49316 2.25
3.53725 2.255
3.58126 2.26
3.62524 2.265
3.66911 2.27
3.71291 2.275
3.75657 2.28
3.80014 2.285
3.84353 2.29
3.88681 2.295
3.92988 2.3
3.97281 2.305
4.01552 2.31
4.05804 2.315
4.10031 2.32
4.14237 2.325
4.18415 2.33
4.22568 2.335
4.2669 2.34
4.30784 2.345
4.34844 2.35
4.3887 2.355
4.4286 2.36
4.46812 2.365
4.50723 2.37
4.54593 2.375
4.58419 2.38
4.622 2.385
4.65933 2.39
4.69618 2.395
4.73252 2.4
4.76836 2.405
4.80367 2.41
4.83847 2.415
4.87277 2.42
4.90653 2.425
4.93979 2.43
4.9725 2.435
5.00474 2.44
5.03645 2.445
5.0677 2.45
5.09847 2.455
5.12881 2.46
5.15871 2.465
5.18823 2.47
5.21736 2.475
5.24617 2.48
5.27464 2.485
5.30284 2.49
5.33077 2.495
5.35849 2.5
5.38602 2.505
5.41339 2.51
5.44064 2.515
5.46779 2.52
5.49489 2.525
5.52196 2.53
5.54905 2.535
5.57617 2.54
5.60337 2.545
5.63066 2.55
5.65811 2.555
5.68569 2.56
5.7135 2.565
5.74149 2.57
5.76976 2.575
5.79828 2.58
5.82712 2.585
5.85625 2.59
5.88575 2.595
5.91559 2.6
5.94584 2.605
5.97647 2.61
6.00754 2.615
6.03904 2.62
6.071 2.625
6.10342 2.63
6.13633 2.635
6.16973 2.64
6.20365 2.645
6.23808 2.65
6.27305 2.655
6.30855 2.66
6.28319 2.665
6.28375 2.67
6.28319 2.675
6.28377 2.68
6.28319 2.685
6.28379 2.69
6.28319 2.695
6.2838 2.7
6.28319 2.705
6.28381 2.71
6.28319 2.715
6.28382 2.72
6.28319 2.725
6.28383 2.73
6.28319 2.735
6.28383 2.74
6.28319 2.745
6.28382 2.75
6.28319 2.755
6.2838 2.76
6.28319 2.765
6.28376 2.77
6.28319 2.775
6.28369 2.78
6.28319 2.785
6.28357 2.79
6.28319 2.795
6.28339 2.8
6.28319 2.805
6.28311 2.81
6.28277 2.815
6.28196 2.82
6.28045 2.825
6.27799 2.83
6.27425 2.835
6.26903 2.84
6.26198 2.845
6.25291 2.85
6.24144 2.855
6.2274 2.86
6.21043 2.865
6.19041 2.87
6.16704 2.875
6.14028 2.88
6.1099 2.885
6.07595 2.89
6.03831 2.895
5.99711 2.9
5.95236 2.905
5.90425 2.91
5.85291 2.915
5.79861 2.92
5.74159 2.925
5.68219 2.93
5.62075 2.935
5.55768 2.94
5.49339 2.945
5.42839 2.95
5.36312 2.955
5.29803 2.96
5.23381 2.965
5.17082 2.97
5.11004 2.975
5.05167 2.98
4.99688 2.985
4.94581 2.99
4.89982 2.995
4.85907 3
4.82496 3.005
4.79766 3.01
4.77815 3.015
4.76637 3.02
4.76202 3.025
4.76403 3.03
4.77032 3.035
4.77929 3.04
4.78813 3.045
4.79641 3.05
4.80261 3.055
4.80745 3.06
4.80957 3.065
4.81059 3.07
4.80989 3.075
4.80801 3.08
4.80488 3.085
4.80089 3.09
4.79601 3.095
4.79049 3.1
4.7843 3.105
4.7776 3.11
4.77037 3.115
4.76268 3.12
4.75454 3.125
4.74597 3.13
4.73701 3.135
4.72764 3.14
4.71792 3.145
4.70781 3.15
4.69738 3.155
4.6866 3.16
4.67552 3.165
4.66412 3.17
4.65246 3.175
4.64052 3.18
4.62835 3.185
4.61593 3.19
4.60333 3.195
4.59054 3.2
4.57764 3.205
4.56464 3.21
4.55166 3.215
4.53876 3.22
4.52611 3.225
4.51446 3.23
4.50326 3.235
4.49245 3.24
4.48228 3.245
4.4728 3.25
4.46415 3.255
4.45642 3.26
4.44971 3.265
4.44415 3.27
4.43981 3.275
4.4368 3.28
4.4352 3.285
4.43507 3.29
4.43645 3.295
4.43938 3.3
4.44384 3.305
4.44979 3.31
4.45714 3.315
4.46579 3.32
4.47558 3.325
4.48633 3.33
4.49782 3.335
4.50983 3.34
4.52211 3.345
4.53447 3.35
4.54663 3.355
4.55846 3.36
4.56973 3.365
4.58031 3.37
4.59024 3.375
4.59903 3.38
4.60715 3.385
4.61421 3.39
4.62016 3.395
4.62532 3.4
4.62942 3.405
4.6325 3.41
4.63482 3.415
4.63621 3.42
4.63674 3.425
4.63657 3.43
4.63565 3.435
4.6341 3.44
4.63193 3.445
4.62921 3.45
4.62598 3.455
4.62228 3.46
4.61817 3.465
4.61366 3.47
4.60883 3.475
4.60367 3.48
4.59826 3.485
4.59258 3.49
4.5867 3.495
4.58061 3.5
4.57437 3.505
4.56796 3.51
4.56143 3.515
4.55478 3.52
4.54804 3.525
4.5412 3.53
4.53429 3.535
4.52732 3.54
4.5203 3.545
4.51324 3.55
4.50614 3.555
4.49902 3.56
4.49187 3.565
4.48471 3.57
4.47753 3.575
4.47036 3.58
4.46318 3.585
4.45601 3.59
4.44884 3.595
4.44169 3.6
4.43454 3.605
4.42743 3.61
4.42031 3.615
4.41324 3.62
4.40618 3.625
4.39915 3.63
4.39214 3.635
4.38518 3.64
4.37822 3.645
4.37132 3.65
4.36443 3.655
4.35759 3.66
4.35077 3.665
4.344 3.67
4.33724 3.675
4.33053 3.68
4.32383 3.685
4.31717 3.69
4.31052 3.695
4.30391 3.7
4.2973 3.705
4.29071 3.71
4.2841 3.715
4.2775 3.72
4.27086 3.725
4.26421 3.73
4.2575 3.735
4.25074 3.74
4.2439 3.745
4.23698 3.75
4.22993 3.755
4.22276 3.76
4.21542 3.765
4.20756 3.77
4.19962 3.775
4.1914 3.78
4.18292 3.785
4.17405 3.79
4.16487 3.795
4.15522 3.8
4.14519 3.805
4.1346 3.81
4.12358 3.815
4.11193 3.82
4.09981 3.825
4.08701 3.83
4.07368 3.835
4.05966 3.84
4.04508 3.845
4.02981 3.85
4.01397 3.855
3.99745 3.86
3.98037 3.865
3.96266 3.87
3.94442 3.875
3.9256 3.88
3.90631 3.885
3.88653 3.89
3.86635 3.895
3.84579 3.9
3.82492 3.905
3.8038 3.91
3.78249 3.915
3.76109 3.92
3.73965 3.925
3.71829 3.93
3.69708 3.935
3.67616 3.94
3.65562 3.945
3.63561 3.95
3.61626 3.955
3.59773 3.96
3.58017 3.965
3.56377 3.97
3.54872 3.975
3.53524 3.98
3.52353 3.985
3.51385 3.99
3.50643 3.995
3.50157 4
3.49954 4.005
3.50065 4.01
3.50521 4.015
3.51354 4.02
3.52586 4.025
3.51277 4.03
3.51155 4.035
3.50839 4.04
3.50581 4.045
3.50129 4.05
3.49735 4.055
3.49124 4.06
3.48589 4.065
3.47816 4.07
3.47136 4.075
3.46201 4.08
3.45377 4.085
3.44283 4.09
3.4332 4.095
3.42076 4.1
3.40973 4.105
3.39587 4.11
3.38352 4.115
3.36829 4.12
3.35468 4.125
3.33814 4.13
3.32333 4.135
3.30555 4.14
3.2896 4.145
3.27063 4.15
3.25362 4.155
3.23352 4.16
3.2155 4.165
3.19432 4.17
3.17537 4.175
3.15317 4.18
3.13337 4.185
3.11023 4.19
3.08969 4.195
3.06574 4.2
3.04463 4.205
3.02005 4.21
2.99861 4.215
2.97372 4.22
2.95233 4.225
2.92762 4.23
2.90679 4.235
2.88298 4.24
2.86341 4.245
2.84156 4.25
2.82414 4.255
2.80561 4.26
2.79143 4.265
2.77791 4.27
2.76786 4.275
2.76095 4.28
2.75824 4.285
2.75755 4.29
2.76388 4.295
2.77038 4.3
2.78642 4.305
2.80072 4.31
2.82622 4.315
2.84848 4.32
2.88235 4.325
2.91214 4.33
2.95275 4.335
2.98907 4.34
3.0345 4.345
3.07585 4.35
3.12419 4.355
3.17071 4.36
3.21779 4.365
3.26333 4.37
3.31251 4.375
3.35887 4.38
3.40509 4.385
3.45043 4.39
3.49587 4.395
3.53925 4.4
3.58193 4.405
3.62404 4.41
3.66474 4.415
3.7044 4.42
3.74306 4.425
3.78073 4.43
0.00288462 0
0.00676641 0.005
0.0118024 0.01
0.0178112 0.015
0.0250056 0.02
0.0331933 0.025
0.0425977 0.03
0.0530223 0.035
0.0646973 0.04
0.0774215 0.045
0.0914318 0.05
0.106521 0.055
0.122933 0.06
0.140454 0.065
0.159333 0.07
0.179349 0.075
0.200757 0.08
0.223325 0.085
0.247315 0.09
0.27248 0.095
0.299089 0.1
0.327326 0.105
0.356999 0.11
0.388095 0.115
0.42047 0.12
0.454249 0.125
0.489198 0.13
0.525466 0.135
0.562735 0.14
0.601168 0.145
0.640368 0.15
0.680495 0.155
0.721099 0.16
0.762254 0.165
0.803634 0.17
0.845155 0.175
0.886418 0.18
0.92736 0.185
0.967657 0.19
1.00711 0.195
1.04554 0.2
1.08263 0.205
1.11839 0.21
1.15237 0.215
1.18477 0.22
1.21512 0.225
1.24371 0.23
1.27009 0.235
1.29464 0.24
1.31698 0.245
1.33746 0.25
1.35582 0.255
1.37244 0.26
1.38721 0.265
1.40026 0.27
1.41175 0.275
1.42167 0.28
1.43037 0.285
1.43771 0.29
1.44419 0.295
1.44955 0.3
1.45445 0.305
1.4585 0.31
1.46248 0.315
1.46592 0.32
1.46968 0.325
1.47322 0.33
1.47746 0.335
1.48179 0.34
1.48718 0.345
1.49298 0.35
1.50015 0.355
1.50805 0.36
1.51757 0.365
1.52813 0.37
1.54051 0.375
1.55418 0.38
1.5698 0.385
1.58694 0.39
1.60601 0.395
1.6268 0.4
1.64937 0.405
1.67379 0.41
1.69975 0.415
1.72763 0.42
1.75677 0.425
1.78788 0.43
1.82003 0.435
1.85416 0.44
1.88925 0.445
1.92634 0.45
1.96441 0.455
2.00446 0.46
2.04562 0.465
2.0887 0.47
2.13303 0.475
2.17913 0.48
2.22652 0.485
2.27545 0.49
2.32552 0.495
2.37672 0.5
2.42866 0.505
2.48112 0.51
2.53357 0.515
2.58568 0.52
2.63671 0.525
2.68631 0.53
2.73354 0.535
2.77808 0.54
2.8189 0.545
2.85578 0.55
2.88779 0.555
2.91483 0.56
2.93625 0.565
2.95213 0.57
2.96217 0.575
2.96668 0.58
2.96566 0.585
2.95961 0.59
2.97378 0.595
2.98162 0.6
2.98813 0.605
2.99627 0.61
3.00371 0.615
3.01043 0.62
3.01639 0.625
3.02156 0.63
3.02588 0.635
3.02931 0.64
3.03668 0.645
3.03725 0.65
3.03765 0.655
3.03678 0.66
3.03477 0.665
3.03131 0.67
3.02653 0.675
3.02005 0.68
3.01026 0.685
2.999 0.69
2.98628 0.695
2.97231 0.7
2.95706 0.705
2.94087 0.71
2.9237 0.715
2.90596 0.72
2.88758 0.725
2.86902 0.73
2.85017 0.735
2.83151 0.74
2.81293 0.745
2.79485 0.75
2.77717 0.755
2.76023 0.76
2.74395 0.765
2.72858 0.77
2.71404 0.775
2.7005 0.78
2.6879 0.785
2.67632 0.79
2.66571 0.795
2.65609 0.8
2.64744 0.805
2.63973 0.81
2.63292 0.815
2.62698 0.82
2.62187 0.825
2.61754 0.83
2.61396 0.835
2.61106 0.84
2.60882 0.845
2.60716 0.85
2.60607 0.855
2.60547 0.86
2.60533 0.865
2.60559 0.87
2.60623 0.875
2.60717 0.88
2.60838 0.885
2.60982 0.89
2.61143 0.895
2.61317 0.9
2.61501 0.905
2.61688 0.91
2.61875 0.915
2.62058 0.92
2.62231 0.925
2.62391 0.93
2.62533 0.935
2.62653 0.94
2.62745 0.945
2.62808 0.95
2.62834 0.955
2.62823 0.96
2.62765 0.965
2.62662 0.97
2.62504 0.975
2.62292 0.98
2.62017 0.985
2.61681 0.99
2.61273 0.995
2.60795 1
2.60238 1.005
2.59604 1.01
2.58882 1.015
2.58078 1.02
2.57176 1.025
2.56186 1.03
2.55091 1.035
2.53902 1.04
2.526 1.045
2.51199 1.05
2.49676 1.055
2.48052 1.06
2.46298 1.065
2.4444 1.07
2.42444 1.075
2.40342 1.08
2.38097 1.085
2.35746 1.09
2.33244 1.095
2.30638 1.1
2.27879 1.105
2.2502 1.11
2.22004 1.115
2.18895 1.12
2.15631 1.125
2.12284 1.13
2.08786 1.135
2.05215 1.14
2.01504 1.145
1.97735 1.15
1.93838 1.155
1.89898 1.16
1.85852 1.165
1.81776 1.17
1.77619 1.175
1.73446 1.18
1.69219 1.185
1.6499 1.19
1.60736 1.195
1.56492 1.2
1.52252 1.205
1.48032 1.21
1.43844 1.215
1.39683 1.22
1.3558 1.225
1.31512 1.23
1.27521 1.235
1.23573 1.24
1.19718 1.245
1.15913 1.25
1.12212 1.255
1.08567 1.26
1.05035 1.265
1.01565 1.27
0.982108 1.275
0.949248 1.28
0.917568 1.285
0.886614 1.29
0.856834 1.295
0.827819 1.3
0.799959 1.305
0.772892 1.31
0.746948 1.315
0.721815 1.32
0.697768 1.325
0.674539 1.33
0.652351 1.335
0.63098 1.34
0.610604 1.345
0.591036 1.35
0.572414 1.355
0.554583 1.36
0.537647 1.365
0.52148 1.37
0.506162 1.375
0.491584 1.38
0.477806 1.385
0.464739 1.39
0.452426 1.395
0.44079 1.4
0.429862 1.405
0.419578 1.41
0.409959 1.415
0.40095 1.42
0.392565 1.425
0.384756 1.43
0.377532 1.435
0.370851 1.44
0.36472 1.445
0.359101 1.45
0.353998 1.455
0.349379 1.46
0.345248 1.465
0.341574 1.47
0.338362 1.475
0.335586 1.48
0.333251 1.485
0.331335 1.49
0.329843 1.495
0.328758 1.5
0.32809 1.505
0.327821 1.51
0.327968 1.515
0.328517 1.52
0.329488 1.525
0.330873 1.53
0.332699 1.535
0.334962 1.54
0.337697 1.545
0.340907 1.55
0.344635 1.555
0.348891 1.56
0.353732 1.565
0.359174 1.57
0.365291 1.575
0.372104 1.58
0.379707 1.585
0.388131 1.59
0.397493 1.595
0.407829 1.6
0.419288 1.605
0.431909 1.61
0.445878 1.615
0.461232 1.62
0.478204 1.625
0.496816 1.63
0.517361 1.635
0.539828 1.64
0.564578 1.645
0.591544 1.65
0.621169 1.655
0.653281 1.66
0.68843 1.665
0.726274 1.67
0.76749 1.675
0.811482 1.68
0.859083 1.685
0.909331 1.69
0.963243 1.695
1.01938 1.7
1.07894 1.705
1.13993 1.71
1.20373 1.715
1.26775 1.72
1.33348 1.725
1.39792 1.73
1.46247 1.735
1.52412 1.74
1.58392 1.745
1.63938 1.75
1.69099 1.755
1.73727 1.76
1.77804 1.765
1.8131 1.77
1.84169 1.775
1.86487 1.78
1.88147 1.785
1.89348 1.79
1.89953 1.795
1.90207 1.8
1.89958 1.805
1.89472 1.81
1.88595 1.815
1.87565 1.82
1.86248 1.825
1.84854 1.83
1.83257 1.835
1.8164 1.84
1.79889 1.845
1.78163 1.85
1.76361 1.855
1.74619 1.86
1.72851 1.865
1.71171 1.87
1.69506 1.875
1.6795 1.88
1.66447 1.885
1.65069 1.89
1.63773 1.895
1.62614 1.9
1.61563 1.905
1.60657 1.91
1.59879 1.915
1.59249 1.92
1.58764 1.925
1.58428 1.93
1.58247 1.935
1.58215 1.94
1.58337 1.945
1.58609 1.95
1.59035 1.955
1.59607 1.96
1.60331 1.965
1.61197 1.97
1.62211 1.975
1.63361 1.98
1.6465 1.985
1.66065 1.99
1.67608 1.995
1.6926 2
1.71021 2.005
1.72958 2.01
1.75034 2.015
1.77215 2.02
1.79511 2.025
1.8191 2.03
1.84415 2.035
1.87015 2.04
1.89713 2.045
1.92499 2.05
1.95377 2.055
1.98337 2.06
2.01382 2.065
2.04503 2.07
2.07703 2.075
2.10975 2.08
2.14318 2.085
2.17729 2.09
2.21206 2.095
2.24746 2.1
2.28347 2.105
2.32007 2.11
2.35723 2.115
2.39494 2.12
2.43316 2.125
2.47187 2.13
2.51106 2.135
2.55071 2.14
2.59079 2.145
2.63127 2.15
2.67214 2.155
2.71338 2.16
2.75496 2.165
2.79686 2.17
2.83906 2.175
2.88154 2.18
2.92428 2.185
2.96724 2.19
3.01042 2.195
3.05378 2.2
3.09732 2.205
3.14099 2.21
3.1848 2.215
3.2287 2.22
3.2727 2.225
3.31673 2.23
3.36084 2.235
3.40494 2.24
3.44907 2.245
3.49316 2.25
3.53725 2.255
3.58126 2.26
3.62524 2.265
3.66911 2.27
3.71291 2.275
3.75657 2.28
3.80014 2.285
3.84353 2.29
3.88681 2.295
3.92988 2.3
3.97281 2.305
4.01552 2.31
4.05804 2.315
4.10031 2.32
4.14237 2.325
4.18415 2.33
4.22568 2.335
4.2669 2.34
4.30784 2.345
4.34844 2.35
4.3887 2.355
4.4286 2.36
4.46812 2.365
4.50723 2.37
4.54593 2.375
4.58419 2.38
4.622 2.385
4.65933 2.39
4.69618 2.395
4.73252 2.4
4.76836 2.405
4.80367 2.41
4.83847 2.415
4.87277 2.42
4.90653 2.425
4.93979 2.43
4.9725 2.435
5.00474 2.44
5.03645 2.445
5.0677 2.45
5.09847 2.455
5.12881 2.46
5.15871 2.465
5.18823 2.47
5.21736 2.475
5.24617 2.48
5.27464 2.485
5.30284 2.49
5.33077 2.495
5.35849 2.5
5.38602 2.505
5.41339 2.51
5.44064 2.515
5.46779 2.52
5.49489 2.525
5.52196 2.53
5.54905 2.535
5.57617 2.54
5.60337 2.545
5.63066 2.55
5.65811 2.555
5.68569 2.56
5.7135 2.565
5.74149 2.57
5.76976 2.575
5.79828 2.58
5.82712 2.585
5.85625 2.59
5.88575 2.595
5.91559 2.6
5.94584 2.605
5.97647 2.61
6.00754 2.615
6.03904 2.62
6.071 2.625
6.10342 2.63
6.13633 2.635
6.16973 2.64
6.20365 2.645
6.23808 2.65
6.27305 2.655
6.30855 2.66
6.28319 2.665
6.28375 2.67
6.28319 2.675
6.28377 2.68
6.28319 2.685
6.28379 2.69
6.28319 2.695
6.2838 2.7
6.28319 2.705
6.28381 2.71
6.28319 2.715
6.28382 2.72
6.28319 2.725
6.28383 2.73
6.28319 2.735
6.28383 2.74
6.28319 2.745
6.28382 2.75
6.28319 2.755
6.2838 2.76
6.28319 2.765
6.28376 2.77
6.28319 2.775
6.28369 2.78
6.28319 2.785
6.28357 2.79
6.28319 2.795
6.28339 2.8
6.28319 2.805
6.28311 2.81
6.28277 2.815
6.28196 2.82
6.28045 2.825
6.27799 2.83
6.27425 2.835
6.26903 2.84
6.26198 2.845
6.25291 2.85
6.24144 2.855
6.2274 2.86
6.21043 2.865
6.19041 2.87
6.16704 2.875
6.14028 2.88
6.1099 2.885
6.07595 2.89
6.03831 2.895
5.99711 2.9
5.95236 2.905
5.90425 2.91
5.85291 2.915
5.79861 2.92
5.74159 2.925
5.68219 2.93
5.62075 2.935
5.55768 2.94
5.49339 2.945
5.42839 2.95
5.36312 2.955
5.29803 2.96
5.23381 2.965
5.17082 2.97
5.11004 2.975
5.05167 2.98
4.99688 2.985
4.94581 2.99
4.89982 2.995
4.85907 3
4.82496 3.005
4.79766 3.01
4.77815 3.015
4.76637 3.02
4.76202 3.025
4.76403 3.03
4.77032 3.035
4.77929 3.04
4.78813 3.045
4.79641 3.05
4.80261 3.055
4.80745 3.06
4.80957 3.065
4.81059 3.07
4.80989 3.075
4.80801 3.08
4.80488 3.085
4.80089 3.09
4.79601 3.095
4.79049 3.1
4.7843 3.105
4.7776 3.11
4.77037 3.115
4.76268 3.12
4.75454 3.125
4.74597 3.13
4.73701 3.135
4.72764 3.14
4.71792 3.145
4.70781 3.15
4.69738 3.155
4.6866 3.16
4.67552 3.165
4.66412 3.17
4.65246 3.175
4.64052 3.18
4.62835 3.185
4.61593 3.19
4.60333 3.195
4.59054 3.2
4.57764 3.205
4.56464 3.21
4.55166 3.215
4.53876 3.22
4.52611 3.225
4.51446 3.23
4.50326 3.235
4.49245 3.24
4.48228 3.245
4.4728 3.25
4.46415 3.255
4.45642 3.26
4.44971 3.265
4.44415 3.27
4.43981 3.275
4.4368 3.28
4.4352 3.285
4.43507 3.29
4.43645 3.295
4.43938 3.3
4.44384 3.305
4.44979 3.31
4.45714 3.315
4.46579 3.32
4.47558 3.325
4.48633 3.33
4.49782 3.335
4.50983 3.34
4.52211 3.345
4.53447 3.35
4.54663 3.355
4.55846 3.36
4.56973 3.365
4.58031 3.37
4.59024 3.375
4.59903 3.38
4.60715 3.385
4.61421 3.39
4.62016 3.395
4.62532 3.4
4.62942 3.405
4.6325 3.41
4.63482 3.415
4.63621 3.42
4.63674 3.425
4.63657 3.43
4.63565 3.435
4.6341 3.44
4.63193 3.445
4.62921 3.45
4.62598 3.455
4.62228 3.46
4.61817 3.465
4.61366 3.47
4.60883 3.475
4.60367 3.48
4.59826 3.485
4.59258 3.49
4.5867 3.495
4.58061 3.5
4.57437 3.505
4.56796 3.51
4.56143 3.515
4.55478 3.52
4.54804 3.525
4.5412 3.53
4.53429 3.535
4.52732 3.54
4.5203 3.545
4.51324 3.55
4.50614 3.555
4.49902 3.56
4.49187 3.565
4.48471 3.57
4.47753 3.575
4.47036 3.58
4.46318 3.585
4.45601 3.59
4.44884 3.595
4.44169 3.6
4.43454 3.605
4.42743 3.61
4.42031 3.615
4.41324 3.62
4.40618 3.625
4.39915 3.63
4.39214 3.635
4.38518 3.64
4.37822 3.645
4.37132 3.65
4.36443 3.655
4.35759 3.66
4.35077 3.665
4.344 3.67
4.33724 3.675
4.33053 3.68
4.32383 3.685
4.31717 3.69
4.31052 3.695
4.30391 3.7
4.2973 3.705
4.29071 3.71
4.2841 3.715
4.2775 3.72
4.27086 3.725
4.26421 3.73
4.2575 3.735
4.25074 3.74
4.2439 3.745
4.23698 3.75
4.22993 3.755
4.22276 3.76
4.21542 3.765
4.20756 3.77
4.19962 3.775
4.1914 3.78
4.18292 3.785
4.17405 3.79
4.16487 3.795
4.15522 3.8
4.14519 3.805
4.1346 3.81
4.12358 3.815
4.11193 3.82
4.09981 3.825
4.08701 3.83
4.07368 3.835
4.05966 3.84
4.04508 3.845
4.02981 3.85
4.01397 3.855
3.99745 3.86
3.98037 3.865
3.96266 3.87
3.94442 3.875
3.9256 3.88
3.90631 3.885
3.88653 3.89
3.86635 3.895
3.84579 3.9
3.82492 3.905
3.8038 3.91
3.78249 3.915
3.76109 3.92
3.73965 3.925
3.71829 3.93
3.69708 3.935
3.67616 3.94
3.65562 3.945
3.63561 3.95
3.61626 3.955
3.59773 3.96
3.58017 3.965
3.56377 3.97
3.54872 3.975
3.53524 3.98
3.52353 3.985
3.51385 3.99
3.50643 3.995
3.50157 4
3.49954 4.005
3.50065 4.01
3.50521 4.015
3.51354 4.02
3.52586 4.025
3.51277 4.03
3.51155 4.035
3.50839 4.04
3.50581 4.045
3.50129 4.05
3.49735 4.055
3.49124 4.06
3.48589 4.065
3.47816 4.07
3.47136 4.075
3.46201 4.08
3.45377 4.085
3.44283 4.09
3.4332 4.095
3.42076 4.1
3.40973 4.105
3.39587 4.11
3.38352 4.115
3.36829 4.12
3.35468 4.125
3.33814 4.13
3.32333 4.135
3.30555 4.14
3.2896 4.145
3.27063 4.15
3.25362 4.155
3.23352 4.16
3.2155 4.165
3.19432 4.17
3.17537 4.175
3.15317 4.18
3.13337 4.185
3.11023 4.19
3.08969 4.195
3.06574 4.2
3.04463 4.205
3.02005 4.21
2.99861 4.215
2.97372 4.22
2.95233 4.225
2.92762 4.23
2.90679 4.235
2.88298 4.24
2.86341 4.245
2.84156 4.25
2.82414 4.255
2.80561 4.26
2.79143 4.265
2.77791 4.27
2.76786 4.275
2.76095 4.28
2.75824 4.285
2.75755 4.29
2.76388 4.295
2.77038 4.3
2.78642 4.305
2.80072 4.31
2.82622 4.315
2.84848 4.32
2.88235 4.325
2.91214 4.33
2.95275 4.335
2.98907 4.34
3.0345 4.345
3.07585 4.35
3.12419 4.355
3.17071 4.36
3.21779 4.365
3.26333 4.37
3.31251 4.375
3.35887 4.38
3.40509 4.385
3.45043 4.39
3.49587 4.395
3.53925 4.4
3.58193 4.405
3.62404 4.41
3.66474 4.415
3.7044 4.42
3.74306 4.425
3.78073 4.43
