0 0
0.00066568 0.005
0.00133136 0.01
0.00199704 0.015
0.00266271 0.02
0.00332838 0.025
0.00399405 0.03
0.00465971 0.035
0.00532537 0.04
0.00599102 0.045
0.00665666 0.05
0.00732229 0.055
0.00798791 0.06
0.00865352 0.065
0.00931912 0.07
0.00998471 0.075
0.0106503 0.08
0.0113158 0.085
0.0119814 0.09
0.0126469 0.095
0.0133124 0.1
0.0139779 0.105
0.0146434 0.11
0.0153089 0.115
0.0159743 0.12
0.0166397 0.125
0.0173051 0.13
0.0179705 0.135
0.0186358 0.14
0.0193011 0.145
0.0199664 0.15
0.0206317 0.155
0.0212969 0.16
0.0219621 0.165
0.0226273 0.17
0.0232925 0.175
0.0239576 0.18
0.0246227 0.185
0.0252878 0.19
0.0259528 0.195
0.0266178 0.2
0.0272827 0.205
0.0279476 0.21
0.0286125 0.215
0.0292774 0.22
0.0299422 0.225
0.0306069 0.23
0.0312716 0.235
0.0319363 0.24
0.032601 0.245
0.0332656 0.25
0.0339301 0.255
0.0345946 0.26
0.0352591 0.265
0.0359235 0.27
0.0365879 0.275
0.0372522 0.28
0.0379164 0.285
0.0385807 0.29
0.0392448 0.295
0.0399089 0.3
0.040573 0.305
0.041237 0.31
0.0419009 0.315
0.0425648 0.32
0.0432287 0.325
0.0438925 0.33
0.0445562 0.335
0.0452198 0.34
0.0458834 0.345
0.046547 0.35
0.0472105 0.355
0.0478739 0.36
0.0485372 0.365
0.0492005 0.37
0.0498637 0.375
0.0505269 0.38
0.05119 0.385
0.051853 0.39
0.052516 0.395
0.0531788 0.4
0.0538417 0.405
0.0545044 0.41
0.0551671 0.415
0.0558297 0.42
0.0564922 0.425
0.0571546 0.43
0.057817 0.435
0.0584793 0.44
0.0591415 0.445
0.0598036 0.45
0.0604657 0.455
0.0611276 0.46
0.0617895 0.465
0.0624514 0.47
0.0631131 0.475
0.0637747 0.48
0.0644363 0.485
0.0650978 0.49
0.0657591 0.495
0.0664204 0.5
0.0670816 0.505
0.0677428 0.51
0.0684038 0.515
0.0690647 0.52
0.0697256 0.525
0.0703863 0.53
0.071047 0.535
0.0717076 0.54
0.072368 0.545
0.0730284 0.55
0.0736887 0.555
0.0743489 0.56
0.0750089 0.565
0.0756689 0.57
0.0763288 0.575
0.0769886 0.58
0.0776483 0.585
0.0783078 0.59
0.0789673 0.595
0.0796267 0.6
0.0802859 0.605
0.0809451 0.61
0.0816041 0.615
0.082263 0.62
0.0829219 0.625
0.0835806 0.63
0.0842392 0.635
0.0848977 0.64
0.085556 0.645
0.0862143 0.65
0.0868725 0.655
0.0875305 0.66
0.0881884 0.665
0.0888462 0.67
0.0895039 0.675
0.0901614 0.68
0.0908189 0.685
0.0914762 0.69
0.0921334 0.695
0.0927905 0.7
0.0934474 0.705
0.0941043 0.71
0.094761 0.715
0.0954175 0.72
0.096074 0.725
0.0967303 0.73
0.0973865 0.735
0.0980426 0.74
0.0986985 0.745
0.0993543 0.75
0.10001 0.755
0.100665 0.76
0.101321 0.765
0.101976 0.77
0.102631 0.775
0.103286 0.78
0.103941 0.785
0.104596 0.79
0.10525 0.795
0.105905 0.8
0.106559 0.805
0.107213 0.81
0.107867 0.815
0.108521 0.82
0.109175 0.825
0.109829 0.83
0.110482 0.835
0.111135 0.84
0.111788 0.845
0.112441 0.85
0.113094 0.855
0.113747 0.86
0.114399 0.865
0.115052 0.87
0.115704 0.875
0.116356 0.88
0.117008 0.885
0.11766 0.89
0.118311 0.895
0.118963 0.9
0.119614 0.905
0.120265 0.91
0.120916 0.915
0.121567 0.92
0.122218 0.925
0.122868 0.93
0.123519 0.935
0.124169 0.94
0.124819 0.945
0.125469 0.95
0.126118 0.955
0.126768 0.96
0.127417 0.965
0.128066 0.97
0.128715 0.975
0.129364 0.98
0.130013 0.985
0.130661 0.99
0.131309 0.995
0.131958 1
0.132606 1.005
0.133253 1.01
0.133901 1.015
0.134548 1.02
0.135196 1.025
0.135843 1.03
0.136489 1.035
0.137136 1.04
0.137783 1.045
0.138429 1.05
0.139075 1.055
0.139721 1.06
0.140367 1.065
0.141012 1.07
0.141658 1.075
0.142303 1.08
0.142948 1.085
0.143593 1.09
0.144238 1.095
0.144882 1.1
0.145526 1.105
0.14617 1.11
0.146814 1.115
0.147458 1.12
0.148101 1.125
0.148745 1.13
0.149388 1.135
0.15003 1.14
0.150673 1.145
0.151316 1.15
0.151958 1.155
0.1526 1.16
0.153242 1.165
0.153884 1.17
0.154525 1.175
0.155166 1.18
0.155807 1.185
0.156448 1.19
0.157089 1.195
0.157729 1.2
0.158369 1.205
0.159009 1.21
0.159649 1.215
0.160289 1.22
0.160928 1.225
0.161567 1.23
0.162206 1.235
0.162845 1.24
0.163483 1.245
0.164122 1.25
0.16476 1.255
0.165398 1.26
0.166035 1.265
0.166673 1.27
0.16731 1.275
0.167947 1.28
0.168584 1.285
0.16922 1.29
0.169856 1.295
0.170492 1.3
0.171128 1.305
0.171764 1.31
0.172399 1.315
0.173034 1.32
0.173669 1.325
0.174304 1.33
0.174938 1.335
0.175573 1.34
0.176207 1.345
0.17684 1.35
0.177474 1.355
0.178107 1.36
0.17874 1.365
0.179373 1.37
0.180006 1.375
0.180638 1.38
0.18127 1.385
0.181902 1.39
0.182534 1.395
0.183165 1.4
0.183796 1.405
0.184427 1.41
0.185057 1.415
0.185688 1.42
0.186318 1.425
0.186948 1.43
0.187578 1.435
0.188207 1.44
0.188836 1.445
0.189465 1.45
0.190094 1.455
0.190722 1.46
0.19135 1.465
0.191978 1.47
0.192606 1.475
0.193233 1.48
0.19386 1.485
0.194487 1.49
0.195113 1.495
0.19574 1.5
0.196366 1.505
0.196992 1.51
0.197617 1.515
0.198242 1.52
0.198867 1.525
0.199492 1.53
0.200117 1.535
0.200741 1.54
0.201365 1.545
0.201989 1.55
0.202612 1.555
0.203235 1.56
0.203858 1.565
0.204481 1.57
0.205103 1.575
0.205725 1.58
0.206347 1.585
0.206968 1.59
0.20759 1.595
0.20821 1.6
0.208831 1.605
0.209452 1.61
0.210072 1.615
0.210692 1.62
0.211311 1.625
0.21193 1.63
0.212549 1.635
0.213168 1.64
0.213786 1.645
0.214405 1.65
0.215023 1.655
0.21564 1.66
0.216257 1.665
0.216874 1.67
0.217491 1.675
0.218107 1.68
0.218724 1.685
0.219339 1.69
0.219955 1.695
0.22057 1.7
0.221185 1.705
0.2218 1.71
0.222414 1.715
0.223028 1.72
0.223642 1.725
0.224256 1.73
0.224869 1.735
0.225482 1.74
0.226094 1.745
0.226707 1.75
0.227319 1.755
0.22793 1.76
0.228542 1.765
0.229153 1.77
0.229763 1.775
0.230374 1.78
0.230984 1.785
0.231594 1.79
0.232203 1.795
0.232813 1.8
0.233422 1.805
0.23403 1.81
0.234638 1.815
0.235246 1.82
0.235854 1.825
0.236461 1.83
0.237068 1.835
0.237675 1.84
0.238282 1.845
0.238888 1.85
0.239493 1.855
0.240099 1.86
0.240704 1.865
0.241309 1.87
0.241913 1.875
0.242518 1.88
0.243121 1.885
0.243725 1.89
0.244328 1.895
0.244931 1.9
0.245534 1.905
0.246136 1.91
0.246738 1.915
0.247339 1.92
0.24794 1.925
0.248541 1.93
0.249142 1.935
0.249742 1.94
0.250342 1.945
0.250942 1.95
0.251541 1.955
0.25214 1.96
0.252738 1.965
0.253337 1.97
0.253935 1.975
0.254532 1.98
0.255129 1.985
0.255726 1.99
0.256323 1.995
0.256919 2
0.257515 2.005
0.25811 2.01
0.258705 2.015
0.2593 2.02
0.259895 2.025
0.260489 2.03
0.261083 2.035
0.261676 2.04
0.262269 2.045
0.262862 2.05
0.263454 2.055
0.264046 2.06
0.264638 2.065
0.265229 2.07
0.26582 2.075
0.266411 2.08
0.267001 2.085
0.267591 2.09
0.268181 2.095
0.26877 2.1
0.269359 2.105
0.269947 2.11
0.270536 2.115
0.271123 2.12
0.271711 2.125
0.272298 2.13
0.272884 2.135
0.273471 2.14
0.274057 2.145
0.274642 2.15
0.275228 2.155
0.275812 2.16
0.276397 2.165
0.276981 2.17
0.277565 2.175
0.278148 2.18
0.278731 2.185
0.279314 2.19
0.279896 2.195
0.280478 2.2
0.28106 2.205
0.281641 2.21
0.282222 2.215
0.282802 2.22
0.283382 2.225
0.283962 2.23
0.284541 2.235
0.28512 2.24
0.285698 2.245
0.286276 2.25
0.286854 2.255
0.287432 2.26
0.288009 2.265
0.288585 2.27
0.289161 2.275
0.289737 2.28
0.290313 2.285
0.290888 2.29
0.291462 2.295
0.292037 2.3
0.292611 2.305
0.293184 2.31
0.293757 2.315
0.29433 2.32
0.294902 2.325
0.295474 2.33
0.296046 2.335
0.296617 2.34
0.297188 2.345
0.297758 2.35
0.298328 2.355
0.298898 2.36
0.299467 2.365
0.300036 2.37
0.300604 2.375
0.301172 2.38
0.301739 2.385
0.302307 2.39
0.302873 2.395
0.30344 2.4
0.304006 2.405
0.304571 2.41
0.305136 2.415
0.305701 2.42
0.306266 2.425
0.306829 2.43
0.307393 2.435
0.307956 2.44
0.308519 2.445
0.309081 2.45
0.309643 2.455
0.310204 2.46
0.310766 2.465
0.311326 2.47
0.311886 2.475
0.312446 2.48
0.313006 2.485
0.313565 2.49
0.314123 2.495
0.314681 2.5
0.315239 2.505
0.315796 2.51
0.316353 2.515
0.31691 2.52
0.317466 2.525
0.318021 2.53
0.318577 2.535
0.319131 2.54
0.319686 2.545
0.32024 2.55
0.320793 2.555
0.321346 2.56
0.321899 2.565
0.322451 2.57
0.323003 2.575
0.323554 2.58
0.324105 2.585
0.324656 2.59
0.325206 2.595
0.325755 2.6
0.326304 2.605
0.326853 2.61
0.327402 2.615
0.327949 2.62
0.328497 2.625
0.329044 2.63
0.32959 2.635
0.330137 2.64
0.330682 2.645
0.331228 2.65
0.331772 2.655
0.332317 2.66
0.332861 2.665
0.333404 2.67
0.333947 2.675
0.33449 2.68
0.335032 2.685
0.335574 2.69
0.336115 2.695
0.336656 2.7
0.337196 2.705
0.337736 2.71
0.338276 2.715
0.338815 2.72
0.339353 2.725
0.339891 2.73
0.340429 2.735
0.340966 2.74
0.341503 2.745
0.342039 2.75
0.342575 2.755
0.34311 2.76
0.343645 2.765
0.34418 2.77
0.344714 2.775
0.345247 2.78
0.34578 2.785
0.346313 2.79
0.346845 2.795
0.347377 2.8
0.347908 2.805
0.348439 2.81
0.348969 2.815
0.349499 2.82
0.350029 2.825
0.350558 2.83
0.351086 2.835
0.351614 2.84
0.352141 2.845
0.352669 2.85
0.353195 2.855
0.353721 2.86
0.354247 2.865
0.354772 2.87
0.355297 2.875
0.355821 2.88
0.356345 2.885
0.356868 2.89
0.357391 2.895
0.357913 2.9
0.358435 2.905
0.358956 2.91
0.359477 2.915
0.359998 2.92
0.360518 2.925
0.361037 2.93
0.361556 2.935
0.362075 2.94
0.362593 2.945
0.36311 2.95
0.363627 2.955
0.364144 2.96
0.36466 2.965
0.365175 2.97
0.365691 2.975
0.366205 2.98
0.366719 2.985
0.367233 2.99
0.367746 2.995
0.368259 3
0.368771 3.005
0.369283 3.01
0.369794 3.015
0.370305 3.02
0.370815 3.025
0.371325 3.03
0.371834 3.035
0.372342 3.04
0.372851 3.045
0.373358 3.05
0.373866 3.055
0.374372 3.06
0.374879 3.065
0.375384 3.07
0.37589 3.075
0.376394 3.08
0.376899 3.085
0.377402 3.09
0.377906 3.095
0.378408 3.1
0.378911 3.105
0.379412 3.11
0.379914 3.115
0.380414 3.12
0.380914 3.125
0.381414 3.13
0.381913 3.135
0.382412 3.14
0.38291 3.145
0.383408 3.15
0.383905 3.155
0.384402 3.16
0.384898 3.165
0.385393 3.17
0.385889 3.175
0.386383 3.18
0.386877 3.185
0.387371 3.19
0.387864 3.195
0.388356 3.2
0.388848 3.205
0.38934 3.21
0.389831 3.215
0.390321 3.22
0.390811 3.225
0.391301 3.23
0.39179 3.235
0.392278 3.24
0.392766 3.245
0.393253 3.25
0.39374 3.255
0.394226 3.26
0.394712 3.265
0.395197 3.27
0.395682 3.275
0.396166 3.28
0.39665 3.285
0.397133 3.29
0.397615 3.295
0.398098 3.3
0.398579 3.305
0.39906 3.31
0.399541 3.315
0.400021 3.32
0.4005 3.325
0.400979 3.33
0.401457 3.335
0.401935 3.34
0.402412 3.345
0.402889 3.35
0.403365 3.355
0.403841 3.36
0.404316 3.365
0.404791 3.37
0.405265 3.375
0.405738 3.38
0.406211 3.385
0.406684 3.39
0.407155 3.395
0.407627 3.4
0.408098 3.405
0.408568 3.41
0.409038 3.415
0.409507 3.42
0.409975 3.425
0.410443 3.43
0.410911 3.435
0.411378 3.44
0.411844 3.445
0.41231 3.45
0.412776 3.455
0.41324 3.46
0.413705 3.465
0.414168 3.47
0.414631 3.475
0.415094 3.48
0.415556 3.485
0.416018 3.49
0.416479 3.495
0.416939 3.5
0.417399 3.505
0.417858 3.51
0.418317 3.515
0.418775 3.52
0.419232 3.525
0.419689 3.53
0.420146 3.535
0.420602 3.54
0.421057 3.545
0.421512 3.55
0.421966 3.555
0.42242 3.56
0.422873 3.565
0.423326 3.57
0.423778 3.575
0.424229 3.58
0.42468 3.585
0.42513 3.59
0.42558 3.595
0.426029 3.6
0.426478 3.605
0.426926 3.61
0.427373 3.615
0.42782 3.62
0.428266 3.625
0.428712 3.63
0.429157 3.635
0.429602 3.64
0.430046 3.645
0.430489 3.65
0.430932 3.655
0.431374 3.66
0.431816 3.665
0.432257 3.67
0.432698 3.675
0.433138 3.68
0.433577 3.685
0.434016 3.69
0.434455 3.695
0.434892 3.7
0.435329 3.705
0.435766 3.71
0.436202 3.715
0.436637 3.72
0.437072 3.725
0.437506 3.73
0.43794 3.735
0.438373 3.74
0.438805 3.745
0.439237 3.75
0.439669 3.755
0.440099 3.76
0.440529 3.765
0.440959 3.77
0.441388 3.775
0.441816 3.78
0.442244 3.785
0.442671 3.79
0.443098 3.795
0.443524 3.8
0.443949 3.805
0.444374 3.81
0.444798 3.815
0.445222 3.82
0.445645 3.825
0.446068 3.83
0.446489 3.835
0.446911 3.84
0.447331 3.845
0.447751 3.85
0.448171 3.855
0.44859 3.86
0.449008 3.865
0.449426 3.87
0.449843 3.875
0.450259 3.88
0.450675 3.885
0.451091 3.89
0.451505 3.895
0.451919 3.9
0.452333 3.905
0.452746 3.91
0.453158 3.915
0.45357 3.92
0.453981 3.925
0.454391 3.93
0.454801 3.935
0.45521 3.94
0.455619 3.945
0.456027 3.95
0.456435 3.955
0.456841 3.96
0.457248 3.965
0.457653 3.97
0.458058 3.975
0.458463 3.98
0.458866 3.985
0.45927 3.99
0.459672 3.995
0.460074 4
0.460476 4.005
0.460876 4.01
0.461276 4.015
0.461676 4.02
0.462075 4.025
0.462473 4.03
0.462871 4.035
0.463268 4.04
0.463664 4.045
0.46406 4.05
0.464455 4.055
0.46485 4.06
0.465244 4.065
0.465637 4.07
0.46603 4.075
0.466422 4.08
0.466813 4.085
0.467204 4.09
0.467594 4.095
0.467984 4.1
0.468373 4.105
0.468761 4.11
0.469149 4.115
0.469536 4.12
0.469923 4.125
0.470309 4.13
0.470694 4.135
0.471078 4.14
0.471462 4.145
0.471846 4.15
0.472228 4.155
0.472611 4.16
0.472992 4.165
0.473373 4.17
0.473753 4.175
0.474133 4.18
0.474512 4.185
0.47489 4.19
0.475268 4.195
0.475645 4.2
0.476021 4.205
0.476397 4.21
0.476772 4.215
0.477146 4.22
0.47752 4.225
0.477894 4.23
0.478266 4.235
0.478638 4.24
0.479009 4.245
0.47938 4.25
0.47975 4.255
0.48012 4.26
0.480488 4.265
0.480857 4.27
0.481224 4.275
0.481591 4.28
0.481957 4.285
0.482323 4.29
0.482688 4.295
0.483052 4.3
0.483416 4.305
0.483779 4.31
0.484141 4.315
0.484503 4.32
0.484864 4.325
0.485224 4.33
0.485584 4.335
0.485943 4.34
0.486301 4.345
0.486659 4.35
0.487017 4.355
0.487373 4.36
0.487729 4.365
0.488084 4.37
0.488439 4.375
0.488793 4.38
0.489146 4.385
0.489499 4.39
0.489851 4.395
0.490202 4.4
0.490553 4.405
0.490903 4.41
0.491252 4.415
0.491601 4.42
0.491949 4.425
0.492296 4.43
0 0
0.00066568 0.005
0.00133136 0.01
0.00199704 0.015
0.00266271 0.02
0.00332838 0.025
0.00399405 0.03
0.00465971 0.035
0.00532537 0.04
0.00599102 0.045
0.00665666 0.05
0.00732229 0.055
0.00798791 0.06
0.00865352 0.065
0.00931912 0.07
0.00998471 0.075
0.0106503 0.08
0.0113158 0.085
0.0119814 0.09
0.0126469 0.095
0.0133124 0.1
0.0139779 0.105
0.0146434 0.11
0.0153089 0.115
0.0159743 0.12
0.0166397 0.125
0.0173051 0.13
0.0179705 0.135
0.0186358 0.14
0.0193011 0.145
0.0199664 0.15
0.0206317 0.155
0.0212969 0.16
0.0219621 0.165
0.0226273 0.17
0.0232925 0.175
0.0239576 0.18
0.0246227 0.185
0.0252878 0.19
0.0259528 0.195
0.0266178 0.2
0.0272827 0.205
0.0279476 0.21
0.0286125 0.215
0.0292774 0.22
0.0299422 0.225
0.0306069 0.23
0.0312716 0.235
0.0319363 0.24
0.032601 0.245
0.0332656 0.25
0.0339301 0.255
0.0345946 0.26
0.0352591 0.265
0.0359235 0.27
0.0365879 0.275
0.0372522 0.28
0.0379164 0.285
0.0385807 0.29
0.0392448 0.295
0.0399089 0.3
0.040573 0.305
0.041237 0.31
0.0419009 0.315
0.0425648 0.32
0.0432287 0.325
0.0438925 0.33
0.0445562 0.335
0.0452198 0.34
0.0458834 0.345
0.046547 0.35
0.0472105 0.355
0.0478739 0.36
0.0485372 0.365
0.0492005 0.37
0.0498637 0.375
0.0505269 0.38
0.05119 0.385
0.051853 0.39
0.052516 0.395
0.0531788 0.4
0.0538417 0.405
0.0545044 0.41
0.0551671 0.415
0.0558297 0.42
0.0564922 0.425
0.0571546 0.43
0.057817 0.435
0.0584793 0.44
0.0591415 0.445
0.0598036 0.45
0.0604657 0.455
0.0611276 0.46
0.0617895 0.465
0.0624514 0.47
0.0631131 0.475
0.0637747 0.48
0.0644363 0.485
0.0650978 0.49
0.0657591 0.495
0.0664204 0.5
0.0670816 0.505
0.0677428 0.51
0.0684038 0.515
0.0690647 0.52
0.0697256 0.525
0.0703863 0.53
0.071047 0.535
0.0717076 0.54
0.072368 0.545
0.0730284 0.55
0.0736887 0.555
0.0743489 0.56
0.0750089 0.565
0.0756689 0.57
0.0763288 0.575
0.0769886 0.58
0.0776483 0.585
0.0783078 0.59
0.0789673 0.595
0.0796267 0.6
0.0802859 0.605
0.0809451 0.61
0.0816041 0.615
0.082263 0.62
0.0829219 0.625
0.0835806 0.63
0.0842392 0.635
0.0848977 0.64
0.085556 0.645
0.0862143 0.65
0.0868725 0.655
0.0875305 0.66
0.0881884 0.665
0.0888462 0.67
0.0895039 0.675
0.0901614 0.68
0.0908189 0.685
0.0914762 0.69
0.0921334 0.695
0.0927905 0.7
0.0934474 0.705
0.0941043 0.71
0.094761 0.715
0.0954175 0.72
0.096074 0.725
0.0967303 0.73
0.0973865 0.735
0.0980426 0.74
0.0986985 0.745
0.0993543 0.75
0.10001 0.755
0.100665 0.76
0.101321 0.765
0.101976 0.77
0.102631 0.775
0.103286 0.78
0.103941 0.785
0.104596 0.79
0.10525 0.795
0.105905 0.8
0.106559 0.805
0.107213 0.81
0.107867 0.815
0.108521 0.82
0.109175 0.825
0.109829 0.83
0.110482 0.835
0.111135 0.84
0.111788 0.845
0.112441 0.85
0.113094 0.855
0.113747 0.86
0.114399 0.865
0.115052 0.87
0.115704 0.875
0.116356 0.88
0.117008 0.885
0.11766 0.89
0.118311 0.895
0.118963 0.9
0.119614 0.905
0.120265 0.91
0.120916 0.915
0.121567 0.92
0.122218 0.925
0.122868 0.93
0.123519 0.935
0.124169 0.94
0.124819 0.945
0.125469 0.95
0.126118 0.955
0.126768 0.96
0.127417 0.965
0.128066 0.97
0.128715 0.975
0.129364 0.98
0.130013 0.985
0.130661 0.99
0.131309 0.995
0.131958 1
0.132606 1.005
0.133253 1.01
0.133901 1.015
0.134548 1.02
0.135196 1.025
0.135843 1.03
0.136489 1.035
0.137136 1.04
0.137783 1.045
0.138429 1.05
0.139075 1.055
0.139721 1.06
0.140367 1.065
0.141012 1.07
0.141658 1.075
0.142303 1.08
0.142948 1.085
0.143593 1.09
0.144238 1.095
0.144882 1.1
0.145526 1.105
0.14617 1.11
0.146814 1.115
0.147458 1.12
0.148101 1.125
0.148745 1.13
0.149388 1.135
0.15003 1.14
0.150673 1.145
0.151316 1.15
0.151958 1.155
0.1526 1.16
0.153242 1.165
0.153884 1.17
0.154525 1.175
0.155166 1.18
0.155807 1.185
0.156448 1.19
0.157089 1.195
0.157729 1.2
0.158369 1.205
0.159009 1.21
0.159649 1.215
0.160289 1.22
0.160928 1.225
0.161567 1.23
0.162206 1.235
0.162845 1.24
0.163483 1.245
0.164122 1.25
0.16476 1.255
0.165398 1.26
0.166035 1.265
0.166673 1.27
0.16731 1.275
0.167947 1.28
0.168584 1.285
0.16922 1.29
0.169856 1.295
0.170492 1.3
0.171128 1.305
0.171764 1.31
0.172399 1.315
0.173034 1.32
0.173669 1.325
0.174304 1.33
0.174938 1.335
0.175573 1.34
0.176207 1.345
0.17684 1.35
0.177474 1.355
0.178107 1.36
0.17874 1.365
0.179373 1.37
0.180006 1.375
0.180638 1.38
0.18127 1.385
0.181902 1.39
0.182534 1.395
0.183165 1.4
0.183796 1.405
0.184427 1.41
0.185057 1.415
0.185688 1.42
0.186318 1.425
0.186948 1.43
0.187578 1.435
0.188207 1.44
0.188836 1.445
0.189465 1.45
0.190094 1.455
0.190722 1.46
0.19135 1.465
0.191978 1.47
0.192606 1.475
0.193233 1.48
0.19386 1.485
0.194487 1.49
0.195113 1.495
0.19574 1.5
0.196366 1.505
0.196992 1.51
0.197617 1.515
0.198242 1.52
0.198867 1.525
0.199492 1.53
0.200117 1.535
0.200741 1.54
0.201365 1.545
0.201989 1.55
0.202612 1.555
0.203235 1.56
0.203858 1.565
0.204481 1.57
0.205103 1.575
0.205725 1.58
0.206347 1.585
0.206968 1.59
0.20759 1.595
0.20821 1.6
0.208831 1.605
0.209452 1.61
0.210072 1.615
0.210692 1.62
0.211311 1.625
0.21193 1.63
0.212549 1.635
0.213168 1.64
0.213786 1.645
0.214405 1.65
0.215023 1.655
0.21564 1.66
0.216257 1.665
0.216874 1.67
0.217491 1.675
0.218107 1.68
0.218724 1.685
0.219339 1.69
0.219955 1.695
0.22057 1.7
0.221185 1.705
0.2218 1.71
0.222414 1.715
0.223028 1.72
0.223642 1.725
0.224256 1.73
0.224869 1.735
0.225482 1.74
0.226094 1.745
0.226707 1.75
0.227319 1.755
0.22793 1.76
0.228542 1.765
0.229153 1.77
0.229763 1.775
0.230374 1.78
0.230984 1.785
0.231594 1.79
0.232203 1.795
0.232813 1.8
0.233422 1.805
0.23403 1.81
0.234638 1.815
0.235246 1.82
0.235854 1.825
0.236461 1.83
0.237068 1.835
0.237675 1.84
0.238282 1.845
0.238888 1.85
0.239493 1.855
0.240099 1.86
0.240704 1.865
0.241309 1.87
0.241913 1.875
0.242518 1.88
0.243121 1.885
0.243725 1.89
0.244328 1.895
0.244931 1.9
0.245534 1.905
0.246136 1.91
0.246738 1.915
0.247339 1.92
0.24794 1.925
0.248541 1.93
0.249142 1.935
0.249742 1.94
0.250342 1.945
0.250942 1.95
0.251541 1.955
0.25214 1.96
0.252738 1.965
0.253337 1.97
0.253935 1.975
0.254532 1.98
0.255129 1.985
0.255726 1.99
0.256323 1.995
0.256919 2
0.257515 2.005
0.25811 2.01
0.258705 2.015
0.2593 2.02
0.259895 2.025
0.260489 2.03
0.261083 2.035
0.261676 2.04
0.262269 2.045
0.262862 2.05
0.263454 2.055
0.264046 2.06
0.264638 2.065
0.265229 2.07
0.26582 2.075
0.266411 2.08
0.267001 2.085
0.267591 2.09
0.268181 2.095
0.26877 2.1
0.269359 2.105
0.269947 2.11
0.270536 2.115
0.271123 2.12
0.271711 2.125
0.272298 2.13
0.272884 2.135
0.273471 2.14
0.274057 2.145
0.274642 2.15
0.275228 2.155
0.275812 2.16
0.276397 2.165
0.276981 2.17
0.277565 2.175
0.278148 2.18
0.278731 2.185
0.279314 2.19
0.279896 2.195
0.280478 2.2
0.28106 2.205
0.281641 2.21
0.282222 2.215
0.282802 2.22
0.283382 2.225
0.283962 2.23
0.284541 2.235
0.28512 2.24
0.285698 2.245
0.286276 2.25
0.286854 2.255
0.287432 2.26
0.288009 2.265
0.288585 2.27
0.289161 2.275
0.289737 2.28
0.290313 2.285
0.290888 2.29
0.291462 2.295
0.292037 2.3
0.292611 2.305
0.293184 2.31
0.293757 2.315
0.29433 2.32
0.294902 2.325
0.295474 2.33
0.296046 2.335
0.296617 2.34
0.297188 2.345
0.297758 2.35
0.298328 2.355
0.298898 2.36
0.299467 2.365
0.300036 2.37
0.300604 2.375
0.301172 2.38
0.301739 2.385
0.302307 2.39
0.302873 2.395
0.30344 2.4
0.304006 2.405
0.304571 2.41
0.305136 2.415
0.305701 2.42
0.306266 2.425
0.306829 2.43
0.307393 2.435
0.307956 2.44
0.308519 2.445
0.309081 2.45
0.309643 2.455
0.310204 2.46
0.310766 2.465
0.311326 2.47
0.311886 2.475
0.312446 2.48
0.313006 2.485
0.313565 2.49
0.314123 2.495
0.314681 2.5
0.315239 2.505
0.315796 2.51
0.316353 2.515
0.31691 2.52
0.317466 2.525
0.318021 2.53
0.318577 2.535
0.319131 2.54
0.319686 2.545
0.32024 2.55
0.320793 2.555
0.321346 2.56
0.321899 2.565
0.322451 2.57
0.323003 2.575
0.323554 2.58
0.324105 2.585
0.324656 2.59
0.325206 2.595
0.325755 2.6
0.326304 2.605
0.326853 2.61
0.327402 2.615
0.327949 2.62
0.328497 2.625
0.329044 2.63
0.32959 2.635
0.330137 2.64
0.330682 2.645
0.331228 2.65
0.331772 2.655
0.332317 2.66
0.332861 2.665
0.333404 2.67
0.333947 2.675
0.33449 2.68
0.335032 2.685
0.335574 2.69
0.336115 2.695
0.336656 2.7
0.337196 2.705
0.337736 2.71
0.338276 2.715
0.338815 2.72
0.339353 2.725
0.339891 2.73
0.340429 2.735
0.340966 2.74
0.341503 2.745
0.342039 2.75
0.342575 2.755
0.34311 2.76
0.343645 2.765
0.34418 2.77
0.344714 2.775
0.345247 2.78
0.34578 2.785
0.346313 2.79
0.346845 2.795
0.347377 2.8
0.347908 2.805
0.348439 2.81
0.348969 2.815
0.349499 2.82
0.350029 2.825
0.350558 2.83
0.351086 2.835
0.351614 2.84
0.352141 2.845
0.352669 2.85
0.353195 2.855
0.353721 2.86
0.354247 2.865
0.354772 2.87
0.355297 2.875
0.355821 2.88
0.356345 2.885
0.356868 2.89
0.357391 2.895
0.357913 2.9
0.358435 2.905
0.358956 2.91
0.359477 2.915
0.359998 2.92
0.360518 2.925
0.361037 2.93
0.361556 2.935
0.362075 2.94
0.362593 2.945
0.36311 2.95
0.363627 2.955
0.364144 2.96
0.36466 2.965
0.365175 2.97
0.365691 2.975
0.366205 2.98
0.366719 2.985
0.367233 2.99
0.367746 2.995
0.368259 3
0.368771 3.005
0.369283 3.01
0.369794 3.015
0.370305 3.02
0.370815 3.025
0.371325 3.03
0.371834 3.035
0.372342 3.04
0.372851 3.045
0.373358 3.05
0.373866 3.055
0.374372 3.06
0.374879 3.065
0.375384 3.07
0.37589 3.075
0.376394 3.08
0.376899 3.085
0.377402 3.09
0.377906 3.095
0.378408 3.1
0.378911 3.105
0.379412 3.11
0.379914 3.115
0.380414 3.12
0.380914 3.125
0.381414 3.13
0.381913 3.135
0.382412 3.14
0.38291 3.145
0.383408 3.15
0.383905 3.155
0.384402 3.16
0.384898 3.165
0.385393 3.17
0.385889 3.175
0.386383 3.18
0.386877 3.185
0.387371 3.19
0.387864 3.195
0.388356 3.2
0.388848 3.205
0.38934 3.21
0.389831 3.215
0.390321 3.22
0.390811 3.225
0.391301 3.23
0.39179 3.235
0.392278 3.24
0.392766 3.245
0.393253 3.25
0.39374 3.255
0.394226 3.26
0.394712 3.265
0.395197 3.27
0.395682 3.275
0.396166 3.28
0.39665 3.285
0.397133 3.29
0.397615 3.295
0.398098 3.3
0.398579 3.305
0.39906 3.31
0.399541 3.315
0.400021 3.32
0.4005 3.325
0.400979 3.33
0.401457 3.335
0.401935 3.34
0.402412 3.345
0.402889 3.35
0.403365 3.355
0.403841 3.36
0.404316 3.365
0.404791 3.37
0.405265 3.375
0.405738 3.38
0.406211 3.385
0.406684 3.39
0.407155 3.395
0.407627 3.4
0.408098 3.405
0.408568 3.41
0.409038 3.415
0.409507 3.42
0.409975 3.425
0.410443 3.43
0.410911 3.435
0.411378 3.44
0.411844 3.445
0.41231 3.45
0.412776 3.455
0.41324 3.46
0.413705 3.465
0.414168 3.47
0.414631 3.475
0.415094 3.48
0.415556 3.485
0.416018 3.49
0.416479 3.495
0.416939 3.5
0.417399 3.505
0.417858 3.51
0.418317 3.515
0.418775 3.52
0.419232 3.525
0.419689 3.53
0.420146 3.535
0.420602 3.54
0.421057 3.545
0.421512 3.55
0.421966 3.555
0.42242 3.56
0.422873 3.565
0.423326 3.57
0.423778 3.575
0.424229 3.58
0.42468 3.585
0.42513 3.59
0.42558 3.595
0.426029 3.6
0.426478 3.605
0.426926 3.61
0.427373 3.615
0.42782 3.62
0.428266 3.625
0.428712 3.63
0.429157 3.635
0.429602 3.64
0.430046 3.645
0.430489 3.65
0.430932 3.655
0.431374 3.66
0.431816 3.665
0.432257 3.67
0.432698 3.675
0.433138 3.68
0.433577 3.685
0.434016 3.69
0.434455 3.695
0.434892 3.7
0.435329 3.705
0.435766 3.71
0.436202 3.715
0.436637 3.72
0.437072 3.725
0.437506 3.73
0.43794 3.735
0.438373 3.74
0.438805 3.745
0.439237 3.75
0.439669 3.755
0.440099 3.76
0.440529 3.765
0.440959 3.77
0.441388 3.775
0.441816 3.78
0.442244 3.785
0.442671 3.79
0.443098 3.795
0.443524 3.8
0.443949 3.805
0.444374 3.81
0.444798 3.815
0.445222 3.82
0.445645 3.825
0.446068 3.83
0.446489 3.835
0.446911 3.84
0.447331 3.845
0.447751 3.85
0.448171 3.855
0.44859 3.86
0.449008 3.865
0.449426 3.87
0.449843 3.875
0.450259 3.88
0.450675 3.885
0.451091 3.89
0.451505 3.895
0.451919 3.9
0.452333 3.905
0.452746 3.91
0.453158 3.915
0.45357 3.92
0.453981 3.925
0.454391 3.93
0.454801 3.935
0.45521 3.94
0.455619 3.945
0.456027 3.95
0.456435 3.955
0.456841 3.96
0.457248 3.965
0.457653 3.97
0.458058 3.975
0.458463 3.98
0.458866 3.985
0.45927 3.99
0.459672 3.995
0.460074 4
0.460476 4.005
0.460876 4.01
0.461276 4.015
0.461676 4.02
0.462075 4.025
0.462473 4.03
0.462871 4.035
0.463268 4.04
0.463664 4.045
0.46406 4.05
0.464455 4.055
0.46485 4.06
0.465244 4.065
0.465637 4.07
0.46603 4.075
0.466422 4.08
0.466813 4.085
0.467204 4.09
0.467594 4.095
0.467984 4.1
0.468373 4.105
0.468761 4.11
0.469149 4.115
0.469536 4.12
0.469923 4.125
0.470309 4.13
0.470694 4.135
0.471078 4.14
0.471462 4.145
0.471846 4.15
0.472228 4.155
0.472611 4.16
0.472992 4.165
0.473373 4.17
0.473753 4.175
0.474133 4.18
0.474512 4.185
0.47489 4.19
0.475268 4.195
0.475645 4.2
0.476021 4.205
0.476397 4.21
0.476772 4.215
0.477146 4.22
0.47752 4.225
0.477894 4.23
0.478266 4.235
0.478638 4.24
0.479009 4.245
0.47938 4.25
0.47975 4.255
0.48012 4.26
0.480488 4.265
0.480857 4.27
0.481224 4.275
0.481591 4.28
0.481957 4.285
0.482323 4.29
0.482688 4.295
0.483052 4.3
0.483416 4.305
0.483779 4.31
0.484141 4.315
0.484503 4.32
0.484864 4.325
0.485224 4.33
0.485584 4.335
0.485943 4.34
0.486301 4.345
0.486659 4.35
0.487017 4.355
0.487373 4.36
0.487729 4.365
0.488084 4.37
0.488439 4.375
0.488793 4.38
0.489146 4.385
0.489499 4.39
0.489851 4.395
0.490202 4.4
0.490553 4.405
0.490903 4.41
0.491252 4.415
0.491601 4.42
0.491949 4.425
0.492296 4.43
