0.00178571 0
0.00248563 0.005
0.00194978 0.01
0.000366745 0.015
-0.00246918 0.02
-0.00635827 0.025
-0.0115173 0.03
-0.0177421 0.035
-0.0252571 0.04
-0.0338535 0.045
-0.0437633 0.05
-0.0547728 0.055
-0.067121 0.06
-0.0805886 0.065
-0.0954217 0.07
-0.111394 0.075
-0.128758 0.08
-0.14728 0.085
-0.167218 0.09
-0.188326 0.095
-0.210871 0.1
-0.235017 0.105
-0.260545 0.11
-0.287439 0.115
-0.315588 0.12
-0.345123 0.125
-0.375858 0.13
-0.407958 0.135
-0.441177 0.14
-0.475707 0.145
-0.511251 0.15
-0.548006 0.155
-0.585653 0.16
-0.624305 0.165
-0.663793 0.17
-0.704073 0.175
-0.744962 0.18
-0.786398 0.185
-0.828314 0.19
-0.870439 0.195
-0.912934 0.2
-0.955275 0.205
-0.997904 0.21
-1.04002 0.215
-1.08237 0.22
-1.12387 0.225
-1.16559 0.23
-1.2062 0.235
-1.24699 0.24
-1.2865 0.245
-1.32619 0.25
-1.36436 0.255
-1.4028 0.26
-1.43971 0.265
-1.47671 0.27
-1.51217 0.275
-1.54768 0.28
-1.58161 0.285
-1.61553 0.29
-1.64784 0.295
-1.68004 0.3
-1.71061 0.305
-1.74098 0.31
-1.76969 0.315
-1.7981 0.32
-1.82483 0.325
-1.85115 0.33
-1.87579 0.335
-1.89993 0.34
-1.92238 0.345
-1.94426 0.35
-1.96447 0.355
-1.98404 0.36
-2.00199 0.365
-2.01926 0.37
-2.03498 0.375
-2.04998 0.38
-2.06358 0.385
-2.07643 0.39
-2.0881 0.395
-2.09902 0.4
-2.10907 0.405
-2.11839 0.41
-2.12723 0.415
-2.1354 0.42
-2.14349 0.425
-2.15099 0.43
-2.1588 0.435
-2.1661 0.44
-2.17401 0.445
-2.18147 0.45
-2.18976 0.455
-2.19767 0.46
-2.20649 0.465
-2.215 0.47
-2.22443 0.475
-2.2336 0.48
-2.2436 0.485
-2.25336 0.49
-2.26378 0.495
-2.27394 0.5
-2.2845 0.505
-2.29474 0.51
-2.30501 0.515
-2.31482 0.52
-2.32425 0.525
-2.33296 0.53
-2.34084 0.535
-2.34769 0.54
-2.35324 0.545
-2.35743 0.55
-2.35991 0.555
-2.36074 0.56
-2.35962 0.565
-2.35667 0.57
-2.35172 0.575
-2.34499 0.58
-2.33637 0.585
-2.32615 0.59
-2.3394 0.595
-2.34819 0.6
-2.35481 0.605
-2.36203 0.61
-2.36715 0.615
-2.37014 0.62
-2.37099 0.625
-2.36969 0.63
-2.36623 0.635
-2.36062 0.64
-2.35761 0.645
-2.34683 0.65
-2.33479 0.655
-2.32054 0.66
-2.30428 0.665
-2.28589 0.67
-2.2656 0.675
-2.24328 0.68
-2.21762 0.685
-2.19026 0.69
-2.16117 0.695
-2.13055 0.7
-2.09839 0.705
-2.06501 0.71
-2.03038 0.715
-1.99489 0.72
-1.95849 0.725
-1.9216 0.73
-1.88418 0.735
-1.84662 0.74
-1.80889 0.745
-1.77134 0.75
-1.73397 0.755
-1.69704 0.76
-1.66059 0.765
-1.62477 0.77
-1.58965 0.775
-1.55532 0.78
-1.52185 0.785
-1.48925 0.79
-1.45764 0.795
-1.42695 0.8
-1.39731 0.805
-1.36862 0.81
-1.34102 0.815
-1.31439 0.82
-1.28885 0.825
-1.26428 0.83
-1.24082 0.835
-1.21831 0.84
-1.19689 0.845
-1.17643 0.85
-1.15704 0.855
-1.13859 0.86
-1.12121 0.865
-1.10474 0.87
-1.08933 0.875
-1.07482 0.88
-1.06133 0.885
-1.04874 0.89
-1.03715 0.895
-1.02644 0.9
-1.01671 0.905
-1.00784 0.91
-0.999931 0.915
-0.992856 0.92
-0.986726 0.925
-0.981407 0.93
-0.977013 0.935
-0.973409 0.94
-0.97071 0.945
-0.968777 0.95
-0.967731 0.955
-0.967429 0.96
-0.967998 0.965
-0.969287 0.97
-0.971432 0.975
-0.974277 0.98
-0.977968 0.985
-0.982337 0.99
-0.987545 0.995
-0.993413 1
-1.00012 1.005
-1.00747 1.01
-1.01566 1.015
-1.02448 1.02
-1.03416 1.025
-1.04445 1.03
-1.05562 1.035
-1.0674 1.04
-1.08007 1.045
-1.09335 1.05
-1.10756 1.055
-1.12238 1.06
-1.13816 1.065
-1.15456 1.07
-1.17195 1.075
-1.18996 1.08
-1.20901 1.085
-1.22867 1.09
-1.24943 1.095
-1.27076 1.1
-1.29323 1.105
-1.31626 1.11
-1.34045 1.115
-1.36517 1.12
-1.39104 1.125
-1.41739 1.13
-1.44488 1.135
-1.47277 1.14
-1.50174 1.145
-1.53103 1.15
-1.56131 1.155
-1.59184 1.16
-1.6232 1.165
-1.65473 1.17
-1.68691 1.175
-1.71919 1.18
-1.75191 1.185
-1.78467 1.19
-1.81765 1.195
-1.85061 1.2
-1.88358 1.205
-1.91648 1.21
-1.94917 1.215
-1.98176 1.22
-2.01397 1.225
-2.04604 1.23
-2.07758 1.235
-2.10894 1.24
-2.13967 1.245
-2.17018 1.25
-2.19998 1.255
-2.22953 1.26
-2.25833 1.265
-2.28685 1.27
-2.31459 1.275
-2.34202 1.28
-2.36868 1.285
-2.395 1.29
-2.42057 1.295
-2.44578 1.3
-2.47027 1.305
-2.49439 1.31
-2.51782 1.315
-2.54087 1.32
-2.56327 1.325
-2.58529 1.33
-2.60671 1.335
-2.62775 1.34
-2.64822 1.345
-2.66833 1.35
-2.68791 1.355
-2.70713 1.36
-2.72587 1.365
-2.74426 1.37
-2.7622 1.375
-2.7798 1.38
-2.79699 1.385
-2.81385 1.39
-2.83032 1.395
-2.84646 1.4
-2.86225 1.405
-2.87771 1.41
-2.89283 1.415
-2.90764 1.42
-2.9221 1.425
-2.93626 1.43
-2.95007 1.435
-2.96357 1.44
-2.97673 1.445
-2.98956 1.45
-3.00203 1.455
-3.01417 1.46
-3.02593 1.465
-3.03733 1.47
-3.04834 1.475
-3.05895 1.48
-3.06913 1.485
-3.07888 1.49
-3.08816 1.495
-3.09697 1.5
-3.10526 1.505
-3.11301 1.51
-3.12019 1.515
-3.12677 1.52
-3.13271 1.525
-3.13798 1.53
-3.14252 1.535
-3.1463 1.54
-3.14926 1.545
-3.15137 1.55
-3.15255 1.555
-3.15275 1.56
-3.1519 1.565
-3.14995 1.57
-3.1468 1.575
-3.14239 1.58
-3.13662 1.585
-3.12942 1.59
-3.12066 1.595
-3.11028 1.6
-3.09812 1.605
-3.08412 1.61
-3.06809 1.615
-3.04998 1.62
-3.02955 1.625
-3.00678 1.63
-2.98138 1.635
-2.95336 1.64
-2.92236 1.645
-2.88847 1.65
-2.85124 1.655
-2.81088 1.66
-2.76678 1.665
-2.71938 1.67
-2.66786 1.675
-2.61297 1.68
-2.55361 1.685
-2.49097 1.69
-2.42357 1.695
-2.35322 1.7
-2.27794 1.705
-2.20032 1.71
-2.11775 1.715
-2.03378 1.72
-1.94506 1.725
-1.85613 1.73
-1.76291 1.735
-1.67078 1.74
-1.57501 1.745
-1.48152 1.75
-1.38521 1.755
-1.2921 1.76
-1.19705 1.765
-1.1058 1.77
-1.01351 1.775
-0.925306 1.78
-0.836932 1.785
-0.752675 1.79
-0.668951 1.795
-0.589252 1.8
-0.510319 1.805
-0.435401 1.81
-0.361613 1.815
-0.291214 1.82
-0.222123 1.825
-0.1561 1.83
-0.09138 1.835
-0.0294119 1.84
0.0312835 1.845
0.0895034 1.85
0.146475 1.855
0.2012 1.86
0.254682 1.865
0.306103 1.87
0.356265 1.875
0.404512 1.88
0.45147 1.885
0.496631 1.89
0.54046 1.895
0.582586 1.9
0.623335 1.905
0.662461 1.91
0.700161 1.915
0.736312 1.92
0.77099 1.925
0.804185 1.93
0.835882 1.935
0.866158 1.94
0.894971 1.945
0.92241 1.95
0.948427 1.955
0.97312 1.96
0.996435 1.965
1.01848 1.97
1.03919 1.975
1.05868 1.98
1.07688 1.985
1.0939 1.99
1.10969 1.995
1.12434 2
1.13778 2.005
1.14892 2.01
1.15847 2.015
1.16682 2.02
1.1738 2.025
1.17951 2.03
1.1839 2.035
1.18702 2.04
1.18884 2.045
1.1894 2.05
1.18867 2.055
1.18669 2.06
1.18343 2.065
1.17894 2.07
1.17317 2.075
1.16618 2.08
1.15794 2.085
1.14848 2.09
1.13779 2.095
1.1259 2.1
1.11281 2.105
1.09853 2.11
1.08308 2.115
1.06647 2.12
1.04872 2.125
1.02984 2.13
1.00986 2.135
0.988787 2.14
0.966654 2.145
0.943468 2.15
0.919267 2.155
0.894059 2.16
0.867881 2.165
0.84075 2.17
0.812682 2.175
0.783723 2.18
0.753872 2.185
0.723176 2.19
0.691636 2.195
0.659301 2.2
0.626163 2.205
0.592275 2.21
0.557623 2.215
0.52227 2.22
0.486181 2.225
0.449435 2.23
0.411977 2.235
0.3739 2.24
0.335134 2.245
0.295778 2.25
0.255754 2.255
0.215164 2.26
0.173921 2.265
0.13213 2.27
0.0897037 2.275
0.0467389 2.28
0.00315712 2.285
-0.040958 2.29
-0.0856675 2.295
-0.130909 2.3
-0.176715 2.305
-0.223054 2.31
-0.269918 2.315
-0.317313 2.32
-0.365179 2.325
-0.413572 2.33
-0.462364 2.335
-0.511673 2.34
-0.561288 2.345
-0.611401 2.35
-0.661705 2.355
-0.712478 2.36
-0.763305 2.365
-0.814562 2.37
-0.865718 2.375
-0.917253 2.38
-0.968519 2.385
-1.0201 2.39
-1.07125 2.395
-1.12264 2.4
-1.17342 2.405
-1.22438 2.41
-1.27471 2.415
-1.32462 2.42
-1.37446 2.425
-1.42339 2.43
-1.4722 2.435
-1.52003 2.44
-1.56761 2.445
-1.61416 2.45
-1.66033 2.455
-1.70543 2.46
-1.75005 2.465
-1.79356 2.47
-1.83647 2.475
-1.87826 2.48
-1.91935 2.485
-1.95929 2.49
-1.99845 2.495
-2.03644 2.5
-2.07355 2.505
-2.10949 2.51
-2.14447 2.515
-2.17826 2.52
-2.21101 2.525
-2.24256 2.53
-2.273 2.535
-2.30222 2.54
-2.33027 2.545
-2.35708 2.55
-2.38266 2.555
-2.40697 2.56
-2.43001 2.565
-2.45174 2.57
-2.47215 2.575
-2.49124 2.58
-2.50895 2.585
-2.52531 2.59
-2.54025 2.595
-2.55381 2.6
-2.56591 2.605
-2.57659 2.61
-2.58578 2.615
-2.5935 2.62
-2.59971 2.625
-2.60441 2.63
-2.60756 2.635
-2.60916 2.64
-2.60918 2.645
-2.60761 2.65
-2.60442 2.655
-2.5996 2.66
-2.59437 2.665
-2.58692 2.67
-2.57783 2.675
-2.56698 2.68
-2.55443 2.685
-2.54009 2.69
-2.52399 2.695
-2.50605 2.7
-2.4863 2.705
-2.46465 2.71
-2.44114 2.715
-2.41567 2.72
-2.38828 2.725
-2.35887 2.73
-2.32747 2.735
-2.29398 2.74
-2.25844 2.745
-2.22076 2.75
-2.18094 2.755
-2.13892 2.76
-2.09471 2.765
-2.04823 2.77
-1.9995 2.775
-1.94848 2.78
-1.89516 2.785
-1.83954 2.79
-1.78162 2.795
-1.72144 2.8
-1.65901 2.805
-1.59442 2.81
-1.52776 2.815
-1.45916 2.82
-1.38871 2.825
-1.31664 2.83
-1.24316 2.835
-1.16853 2.84
-1.09295 2.845
-1.0168 2.85
-0.940314 2.855
-0.86392 2.86
-0.787848 2.865
-0.712555 2.87
-0.638217 2.875
-0.565301 2.88
-0.493887 2.885
-0.424439 2.89
-0.356917 2.895
-0.291783 2.9
-0.228866 2.905
-0.168634 2.91
-0.110791 2.915
-0.0558289 2.92
-0.00334 2.925
0.0461474 2.93
0.0931206 2.935
0.13701 2.94
0.178342 2.945
0.216493 2.95
0.252016 2.955
0.284425 2.96
0.313548 2.965
0.339708 2.97
0.362248 2.975
0.381362 2.98
0.396468 2.985
0.407549 2.99
0.414068 2.995
0.415823 3
0.412383 3.005
0.403502 3.01
0.389046 3.015
0.369114 3.02
0.34428 3.025
0.31567 3.03
0.284661 3.035
0.252987 3.04
0.222336 3.045
0.193575 3.05
0.167649 3.055
0.144383 3.06
0.125896 3.065
0.109102 3.07
0.0946847 3.075
0.0815688 3.08
0.0698497 3.085
0.0586195 3.09
0.0479495 3.095
0.0371129 3.1
0.0261647 3.105
0.0145522 3.11
0.00230731 3.115
-0.0109667 3.12
-0.0252714 3.125
-0.040864 3.13
-0.0577909 3.135
-0.0761821 3.14
-0.0961396 3.145
-0.117674 3.15
-0.140942 3.155
-0.165855 3.16
-0.192577 3.165
-0.220992 3.17
-0.251245 3.175
-0.283209 3.18
-0.317014 3.185
-0.352525 3.19
-0.389856 3.195
-0.428868 3.2
-0.469661 3.205
-0.51209 3.21
-0.556253 3.215
-0.601982 3.22
-0.649394 3.225
-0.700257 3.23
-0.753288 3.235
-0.80799 3.24
-0.86487 3.245
-0.923746 3.25
-0.984774 3.255
-1.04785 3.26
-1.1131 3.265
-1.18043 3.27
-1.24995 3.275
-1.32154 3.28
-1.39528 3.285
-1.47101 3.29
-1.54878 3.295
-1.62835 3.3
-1.7097 3.305
-1.79254 3.31
-1.87672 3.315
-1.9619 3.32
-2.04783 3.325
-2.13412 3.33
-2.22045 3.335
-2.30643 3.34
-2.39174 3.345
-2.47603 3.35
-2.559 3.355
-2.64042 3.36
-2.72002 3.365
-2.79759 3.37
-2.87336 3.375
-2.94647 3.38
-3.01778 3.385
-3.08667 3.39
-3.153 3.395
-3.21745 3.4
-3.27947 3.405
-3.33907 3.41
-3.39685 3.415
-3.45234 3.42
-3.50567 3.425
-3.55722 3.43
-3.60669 3.435
-3.65445 3.44
-3.70031 3.445
-3.74458 3.45
-3.78711 3.455
-3.82816 3.46
-3.86764 3.465
-3.90575 3.47
-3.94243 3.475
-3.97784 3.48
-4.01195 3.485
-4.0449 3.49
-4.07667 3.495
-4.10737 3.5
-4.137 3.505
-4.16563 3.51
-4.1933 3.515
-4.22005 3.52
-4.24592 3.525
-4.27094 3.53
-4.29515 3.535
-4.31858 3.54
-4.34128 3.545
-4.36324 3.55
-4.38454 3.555
-4.40515 3.56
-4.42514 3.565
-4.4445 3.57
-4.46329 3.575
-4.48147 3.58
-4.49914 3.585
-4.51624 3.59
-4.53285 3.595
-4.54892 3.6
-4.56454 3.605
-4.57965 3.61
-4.59434 3.615
-4.60854 3.62
-4.62234 3.625
-4.63568 3.63
-4.64865 3.635
-4.66117 3.64
-4.67333 3.645
-4.68507 3.65
-4.69647 3.655
-4.70747 3.66
-4.71814 3.665
-4.72843 3.67
-4.73841 3.675
-4.74802 3.68
-4.75733 3.685
-4.7663 3.69
-4.77499 3.695
-4.78336 3.7
-4.79147 3.705
-4.79928 3.71
-4.80686 3.715
-4.81417 3.72
-4.82128 3.725
-4.82816 3.73
-4.83487 3.735
-4.84141 3.74
-4.84783 3.745
-4.85412 3.75
-4.86036 3.755
-4.86654 3.76
-4.87274 3.765
-4.87956 3.77
-4.88624 3.775
-4.89311 3.78
-4.90013 3.785
-4.90747 3.79
-4.91506 3.795
-4.92308 3.8
-4.93144 3.805
-4.94036 3.81
-4.94971 3.815
-4.95975 3.82
-4.97031 3.825
-4.98165 3.83
-4.99363 3.835
-5.00647 3.84
-5.02004 3.845
-5.03456 3.85
-5.0499 3.855
-5.06624 3.86
-5.08348 3.865
-5.10179 3.87
-5.12107 3.875
-5.14145 3.88
-5.16289 3.885
-5.18546 3.89
-5.20915 3.895
-5.23401 3.9
-5.26006 3.905
-5.28731 3.91
-5.31582 3.915
-5.34559 3.92
-5.37666 3.925
-5.40907 3.93
-5.44284 3.935
-5.478 3.94
-5.5146 3.945
-5.55267 3.95
-5.59225 3.955
-5.63339 3.96
-5.67613 3.965
-5.72054 3.97
-5.76664 3.975
-5.81452 3.98
-5.86422 3.985
-5.91582 3.99
-5.96936 3.995
-6.02492 4
-6.08255 4.005
-6.14234 4.01
-6.2043 4.015
-6.26832 4.02
-6.33476 4.025
-6.28319 4.03
-6.28557 4.035
-6.28319 4.04
-6.28493 4.045
-6.28319 4.05
-6.28489 4.055
-6.28319 4.06
-6.28485 4.065
-6.28319 4.07
-6.28481 4.075
-6.28319 4.08
-6.28479 4.085
-6.28319 4.09
-6.28479 4.095
-6.28319 4.1
-6.28475 4.105
-6.28319 4.11
-6.28474 4.115
-6.28319 4.12
-6.28474 4.125
-6.28319 4.13
-6.28475 4.135
-6.28319 4.14
-6.28478 4.145
-6.28319 4.15
-6.28483 4.155
-6.28319 4.16
-6.2849 4.165
-6.28319 4.17
-6.285 4.175
-6.28319 4.18
-6.28512 4.185
-6.28319 4.19
-6.28529 4.195
-6.28319 4.2
-6.28551 4.205
-6.28319 4.21
-6.2858 4.215
-6.28319 4.22
-6.28617 4.225
-6.28319 4.23
-6.28663 4.235
-6.28319 4.24
-6.28718 4.245
-6.28319 4.25
-6.2878 4.255
-6.28319 4.26
-6.28846 4.265
-6.28319 4.27
-6.28319 4.275
-6.28938 4.28
-6.28319 4.285
-6.28978 4.29
-6.28319 4.295
-6.28984 4.3
-6.28319 4.305
-6.28954 4.31
-6.28319 4.315
-6.28886 4.32
-6.28319 4.325
-6.28793 4.33
-6.28319 4.335
-6.28693 4.34
-6.28319 4.345
-6.28606 4.35
-6.28319 4.355
-6.28334 4.36
-6.28352 4.365
-6.28538 4.37
-6.28337 4.375
-6.28399 4.38
-6.28411 4.385
-6.28434 4.39
-6.28351 4.395
-6.28391 4.4
-6.28395 4.405
-6.28343 4.41
-6.2834 4.415
-6.28338 4.42
-6.28336 4.425
-6.28334 4.43
0.00178571 0
0.00248563 0.005
0.00194978 0.01
0.000366745 0.015
-0.00246918 0.02
-0.00635827 0.025
-0.0115173 0.03
-0.0177421 0.035
-0.0252571 0.04
-0.0338535 0.045
-0.0437633 0.05
-0.0547728 0.055
-0.067121 0.06
-0.0805886 0.065
-0.0954217 0.07
-0.111394 0.075
-0.128758 0.08
-0.14728 0.085
-0.167218 0.09
-0.188326 0.095
-0.210871 0.1
-0.235017 0.105
-0.260545 0.11
-0.287439 0.115
-0.315588 0.12
-0.345123 0.125
-0.375858 0.13
-0.407958 0.135
-0.441177 0.14
-0.475707 0.145
-0.511251 0.15
-0.548006 0.155
-0.585653 0.16
-0.624305 0.165
-0.663793 0.17
-0.704073 0.175
-0.744962 0.18
-0.786398 0.185
-0.828314 0.19
-0.870439 0.195
-0.912934 0.2
-0.955275 0.205
-0.997904 0.21
-1.04002 0.215
-1.08237 0.22
-1.12387 0.225
-1.16559 0.23
-1.2062 0.235
-1.24699 0.24
-1.2865 0.245
-1.32619 0.25
-1.36436 0.255
-1.4028 0.26
-1.43971 0.265
-1.47671 0.27
-1.51217 0.275
-1.54768 0.28
-1.58161 0.285
-1.61553 0.29
-1.64784 0.295
-1.68004 0.3
-1.71061 0.305
-1.74098 0.31
-1.76969 0.315
-1.7981 0.32
-1.82483 0.325
-1.85115 0.33
-1.87579 0.335
-1.89993 0.34
-1.92238 0.345
-1.94426 0.35
-1.96447 0.355
-1.98404 0.36
-2.00199 0.365
-2.01926 0.37
-2.03498 0.375
-2.04998 0.38
-2.06358 0.385
-2.07643 0.39
-2.0881 0.395
-2.09902 0.4
-2.10907 0.405
-2.11839 0.41
-2.12723 0.415
-2.1354 0.42
-2.14349 0.425
-2.15099 0.43
-2.1588 0.435
-2.1661 0.44
-2.17401 0.445
-2.18147 0.45
-2.18976 0.455
-2.19767 0.46
-2.20649 0.465
-2.215 0.47
-2.22443 0.475
-2.2336 0.48
-2.2436 0.485
-2.25336 0.49
-2.26378 0.495
-2.27394 0.5
-2.2845 0.505
-2.29474 0.51
-2.30501 0.515
-2.31482 0.52
-2.32425 0.525
-2.33296 0.53
-2.34084 0.535
-2.34769 0.54
-2.35324 0.545
-2.35743 0.55
-2.35991 0.555
-2.36074 0.56
-2.35962 0.565
-2.35667 0.57
-2.35172 0.575
-2.34499 0.58
-2.33637 0.585
-2.32615 0.59
-2.3394 0.595
-2.34819 0.6
-2.35481 0.605
-2.36203 0.61
-2.36715 0.615
-2.37014 0.62
-2.37099 0.625
-2.36969 0.63
-2.36623 0.635
-2.36062 0.64
-2.35761 0.645
-2.34683 0.65
-2.33479 0.655
-2.32054 0.66
-2.30428 0.665
-2.28589 0.67
-2.2656 0.675
-2.24328 0.68
-2.21762 0.685
-2.19026 0.69
-2.16117 0.695
-2.13055 0.7
-2.09839 0.705
-2.06501 0.71
-2.03038 0.715
-1.99489 0.72
-1.95849 0.725
-1.9216 0.73
-1.88418 0.735
-1.84662 0.74
-1.80889 0.745
-1.77134 0.75
-1.73397 0.755
-1.69704 0.76
-1.66059 0.765
-1.62477 0.77
-1.58965 0.775
-1.55532 0.78
-1.52185 0.785
-1.48925 0.79
-1.45764 0.795
-1.42695 0.8
-1.39731 0.805
-1.36862 0.81
-1.34102 0.815
-1.31439 0.82
-1.28885 0.825
-1.26428 0.83
-1.24082 0.835
-1.21831 0.84
-1.19689 0.845
-1.17643 0.85
-1.15704 0.855
-1.13859 0.86
-1.12121 0.865
-1.10474 0.87
-1.08933 0.875
-1.07482 0.88
-1.06133 0.885
-1.04874 0.89
-1.03715 0.895
-1.02644 0.9
-1.01671 0.905
-1.00784 0.91
-0.999931 0.915
-0.992856 0.92
-0.986726 0.925
-0.981407 0.93
-0.977013 0.935
-0.973409 0.94
-0.97071 0.945
-0.968777 0.95
-0.967731 0.955
-0.967429 0.96
-0.967998 0.965
-0.969287 0.97
-0.971432 0.975
-0.974277 0.98
-0.977968 0.985
-0.982337 0.99
-0.987545 0.995
-0.993413 1
-1.00012 1.005
-1.00747 1.01
-1.01566 1.015
-1.02448 1.02
-1.03416 1.025
-1.04445 1.03
-1.05562 1.035
-1.0674 1.04
-1.08007 1.045
-1.09335 1.05
-1.10756 1.055
-1.12238 1.06
-1.13816 1.065
-1.15456 1.07
-1.17195 1.075
-1.18996 1.08
-1.20901 1.085
-1.22867 1.09
-1.24943 1.095
-1.27076 1.1
-1.29323 1.105
-1.31626 1.11
-1.34045 1.115
-1.36517 1.12
-1.39104 1.125
-1.41739 1.13
-1.44488 1.135
-1.47277 1.14
-1.50174 1.145
-1.53103 1.15
-1.56131 1.155
-1.59184 1.16
-1.6232 1.165
-1.65473 1.17
-1.68691 1.175
-1.71919 1.18
-1.75191 1.185
-1.78467 1.19
-1.81765 1.195
-1.85061 1.2
-1.88358 1.205
-1.91648 1.21
-1.94917 1.215
-1.98176 1.22
-2.01397 1.225
-2.04604 1.23
-2.07758 1.235
-2.10894 1.24
-2.13967 1.245
-2.17018 1.25
-2.19998 1.255
-2.22953 1.26
-2.25833 1.265
-2.28685 1.27
-2.31459 1.275
-2.34202 1.28
-2.36868 1.285
-2.395 1.29
-2.42057 1.295
-2.44578 1.3
-2.47027 1.305
-2.49439 1.31
-2.51782 1.315
-2.54087 1.32
-2.56327 1.325
-2.58529 1.33
-2.60671 1.335
-2.62775 1.34
-2.64822 1.345
-2.66833 1.35
-2.68791 1.355
-2.70713 1.36
-2.72587 1.365
-2.74426 1.37
-2.7622 1.375
-2.7798 1.38
-2.79699 1.385
-2.81385 1.39
-2.83032 1.395
-2.84646 1.4
-2.86225 1.405
-2.87771 1.41
-2.89283 1.415
-2.90764 1.42
-2.9221 1.425
-2.93626 1.43
-2.95007 1.435
-2.96357 1.44
-2.97673 1.445
-2.98956 1.45
-3.00203 1.455
-3.01417 1.46
-3.02593 1.465
-3.03733 1.47
-3.04834 1.475
-3.05895 1.48
-3.06913 1.485
-3.07888 1.49
-3.08816 1.495
-3.09697 1.5
-3.10526 1.505
-3.11301 1.51
-3.12019 1.515
-3.12677 1.52
-3.13271 1.525
-3.13798 1.53
-3.14252 1.535
-3.1463 1.54
-3.14926 1.545
-3.15137 1.55
-3.15255 1.555
-3.15275 1.56
-3.1519 1.565
-3.14995 1.57
-3.1468 1.575
-3.14239 1.58
-3.13662 1.585
-3.12942 1.59
-3.12066 1.595
-3.11028 1.6
-3.09812 1.605
-3.08412 1.61
-3.06809 1.615
-3.04998 1.62
-3.02955 1.625
-3.00678 1.63
-2.98138 1.635
-2.95336 1.64
-2.92236 1.645
-2.88847 1.65
-2.85124 1.655
-2.81088 1.66
-2.76678 1.665
-2.71938 1.67
-2.66786 1.675
-2.61297 1.68
-2.55361 1.685
-2.49097 1.69
-2.42357 1.695
-2.35322 1.7
-2.27794 1.705
-2.20032 1.71
-2.11775 1.715
-2.03378 1.72
-1.94506 1.725
-1.85613 1.73
-1.76291 1.735
-1.67078 1.74
-1.57501 1.745
-1.48152 1.75
-1.38521 1.755
-1.2921 1.76
-1.19705 1.765
-1.1058 1.77
-1.01351 1.775
-0.925306 1.78
-0.836932 1.785
-0.752675 1.79
-0.668951 1.795
-0.589252 1.8
-0.510319 1.805
-0.435401 1.81
-0.361613 1.815
-0.291214 1.82
-0.222123 1.825
-0.1561 1.83
-0.09138 1.835
-0.0294119 1.84
0.0312835 1.845
0.0895034 1.85
0.146475 1.855
0.2012 1.86
0.254682 1.865
0.306103 1.87
0.356265 1.875
0.404512 1.88
0.45147 1.885
0.496631 1.89
0.54046 1.895
0.582586 1.9
0.623335 1.905
0.662461 1.91
0.700161 1.915
0.736312 1.92
0.77099 1.925
0.804185 1.93
0.835882 1.935
0.866158 1.94
0.894971 1.945
0.92241 1.95
0.948427 1.955
0.97312 1.96
0.996435 1.965
1.01848 1.97
1.03919 1.975
1.05868 1.98
1.07688 1.985
1.0939 1.99
1.10969 1.995
1.12434 2
1.13778 2.005
1.14892 2.01
1.15847 2.015
1.16682 2.02
1.1738 2.025
1.17951 2.03
1.1839 2.035
1.18702 2.04
1.18884 2.045
1.1894 2.05
1.18867 2.055
1.18669 2.06
1.18343 2.065
1.17894 2.07
1.17317 2.075
1.16618 2.08
1.15794 2.085
1.14848 2.09
1.13779 2.095
1.1259 2.1
1.11281 2.105
1.09853 2.11
1.08308 2.115
1.06647 2.12
1.04872 2.125
1.02984 2.13
1.00986 2.135
0.988787 2.14
0.966654 2.145
0.943468 2.15
0.919267 2.155
0.894059 2.16
0.867881 2.165
0.84075 2.17
0.812682 2.175
0.783723 2.18
0.753872 2.185
0.723176 2.19
0.691636 2.195
0.659301 2.2
0.626163 2.205
0.592275 2.21
0.557623 2.215
0.52227 2.22
0.486181 2.225
0.449435 2.23
0.411977 2.235
0.3739 2.24
0.335134 2.245
0.295778 2.25
0.255754 2.255
0.215164 2.26
0.173921 2.265
0.13213 2.27
0.0897037 2.275
0.0467389 2.28
0.00315712 2.285
-0.040958 2.29
-0.0856675 2.295
-0.130909 2.3
-0.176715 2.305
-0.223054 2.31
-0.269918 2.315
-0.317313 2.32
-0.365179 2.325
-0.413572 2.33
-0.462364 2.335
-0.511673 2.34
-0.561288 2.345
-0.611401 2.35
-0.661705 2.355
-0.712478 2.36
-0.763305 2.365
-0.814562 2.37
-0.865718 2.375
-0.917253 2.38
-0.968519 2.385
-1.0201 2.39
-1.07125 2.395
-1.12264 2.4
-1.17342 2.405
-1.22438 2.41
-1.27471 2.415
-1.32462 2.42
-1.37446 2.425
-1.42339 2.43
-1.4722 2.435
-1.52003 2.44
-1.56761 2.445
-1.61416 2.45
-1.66033 2.455
-1.70543 2.46
-1.75005 2.465
-1.79356 2.47
-1.83647 2.475
-1.87826 2.48
-1.91935 2.485
-1.95929 2.49
-1.99845 2.495
-2.03644 2.5
-2.07355 2.505
-2.10949 2.51
-2.14447 2.515
-2.17826 2.52
-2.21101 2.525
-2.24256 2.53
-2.273 2.535
-2.30222 2.54
-2.33027 2.545
-2.35708 2.55
-2.38266 2.555
-2.40697 2.56
-2.43001 2.565
-2.45174 2.57
-2.47215 2.575
-2.49124 2.58
-2.50895 2.585
-2.52531 2.59
-2.54025 2.595
-2.55381 2.6
-2.56591 2.605
-2.57659 2.61
-2.58578 2.615
-2.5935 2.62
-2.59971 2.625
-2.60441 2.63
-2.60756 2.635
-2.60916 2.64
-2.60918 2.645
-2.60761 2.65
-2.60442 2.655
-2.5996 2.66
-2.59437 2.665
-2.58692 2.67
-2.57783 2.675
-2.56698 2.68
-2.55443 2.685
-2.54009 2.69
-2.52399 2.695
-2.50605 2.7
-2.4863 2.705
-2.46465 2.71
-2.44114 2.715
-2.41567 2.72
-2.38828 2.725
-2.35887 2.73
-2.32747 2.735
-2.29398 2.74
-2.25844 2.745
-2.22076 2.75
-2.18094 2.755
-2.13892 2.76
-2.09471 2.765
-2.04823 2.77
-1.9995 2.775
-1.94848 2.78
-1.89516 2.785
-1.83954 2.79
-1.78162 2.795
-1.72144 2.8
-1.65901 2.805
-1.59442 2.81
-1.52776 2.815
-1.45916 2.82
-1.38871 2.825
-1.31664 2.83
-1.24316 2.835
-1.16853 2.84
-1.09295 2.845
-1.0168 2.85
-0.940314 2.855
-0.86392 2.86
-0.787848 2.865
-0.712555 2.87
-0.638217 2.875
-0.565301 2.88
-0.493887 2.885
-0.424439 2.89
-0.356917 2.895
-0.291783 2.9
-0.228866 2.905
-0.168634 2.91
-0.110791 2.915
-0.0558289 2.92
-0.00334 2.925
0.0461474 2.93
0.0931206 2.935
0.13701 2.94
0.178342 2.945
0.216493 2.95
0.252016 2.955
0.284425 2.96
0.313548 2.965
0.339708 2.97
0.362248 2.975
0.381362 2.98
0.396468 2.985
0.407549 2.99
0.414068 2.995
0.415823 3
0.412383 3.005
0.403502 3.01
0.389046 3.015
0.369114 3.02
0.34428 3.025
0.31567 3.03
0.284661 3.035
0.252987 3.04
0.222336 3.045
0.193575 3.05
0.167649 3.055
0.144383 3.06
0.125896 3.065
0.109102 3.07
0.0946847 3.075
0.0815688 3.08
0.0698497 3.085
0.0586195 3.09
0.0479495 3.095
0.0371129 3.1
0.0261647 3.105
0.0145522 3.11
0.00230731 3.115
-0.0109667 3.12
-0.0252714 3.125
-0.040864 3.13
-0.0577909 3.135
-0.0761821 3.14
-0.0961396 3.145
-0.117674 3.15
-0.140942 3.155
-0.165855 3.16
-0.192577 3.165
-0.220992 3.17
-0.251245 3.175
-0.283209 3.18
-0.317014 3.185
-0.352525 3.19
-0.389856 3.195
-0.428868 3.2
-0.469661 3.205
-0.51209 3.21
-0.556253 3.215
-0.601982 3.22
-0.649394 3.225
-0.700257 3.23
-0.753288 3.235
-0.80799 3.24
-0.86487 3.245
-0.923746 3.25
-0.984774 3.255
-1.04785 3.26
-1.1131 3.265
-1.18043 3.27
-1.24995 3.275
-1.32154 3.28
-1.39528 3.285
-1.47101 3.29
-1.54878 3.295
-1.62835 3.3
-1.7097 3.305
-1.79254 3.31
-1.87672 3.315
-1.9619 3.32
-2.04783 3.325
-2.13412 3.33
-2.22045 3.335
-2.30643 3.34
-2.39174 3.345
-2.47603 3.35
-2.559 3.355
-2.64042 3.36
-2.72002 3.365
-2.79759 3.37
-2.87336 3.375
-2.94647 3.38
-3.01778 3.385
-3.08667 3.39
-3.153 3.395
-3.21745 3.4
-3.27947 3.405
-3.33907 3.41
-3.39685 3.415
-3.45234 3.42
-3.50567 3.425
-3.55722 3.43
-3.60669 3.435
-3.65445 3.44
-3.70031 3.445
-3.74458 3.45
-3.78711 3.455
-3.82816 3.46
-3.86764 3.465
-3.90575 3.47
-3.94243 3.475
-3.97784 3.48
-4.01195 3.485
-4.0449 3.49
-4.07667 3.495
-4.10737 3.5
-4.137 3.505
-4.16563 3.51
-4.1933 3.515
-4.22005 3.52
-4.24592 3.525
-4.27094 3.53
-4.29515 3.535
-4.31858 3.54
-4.34128 3.545
-4.36324 3.55
-4.38454 3.555
-4.40515 3.56
-4.42514 3.565
-4.4445 3.57
-4.46329 3.575
-4.48147 3.58
-4.49914 3.585
-4.51624 3.59
-4.53285 3.595
-4.54892 3.6
-4.56454 3.605
-4.57965 3.61
-4.59434 3.615
-4.60854 3.62
-4.62234 3.625
-4.63568 3.63
-4.64865 3.635
-4.66117 3.64
-4.67333 3.645
-4.68507 3.65
-4.69647 3.655
-4.70747 3.66
-4.71814 3.665
-4.72843 3.67
-4.73841 3.675
-4.74802 3.68
-4.75733 3.685
-4.7663 3.69
-4.77499 3.695
-4.78336 3.7
-4.79147 3.705
-4.79928 3.71
-4.80686 3.715
-4.81417 3.72
-4.82128 3.725
-4.82816 3.73
-4.83487 3.735
-4.84141 3.74
-4.84783 3.745
-4.85412 3.75
-4.86036 3.755
-4.86654 3.76
-4.87274 3.765
-4.87956 3.77
-4.88624 3.775
-4.89311 3.78
-4.90013 3.785
-4.90747 3.79
-4.91506 3.795
-4.92308 3.8
-4.93144 3.805
-4.94036 3.81
-4.94971 3.815
-4.95975 3.82
-4.97031 3.825
-4.98165 3.83
-4.99363 3.835
-5.00647 3.84
-5.02004 3.845
-5.03456 3.85
-5.0499 3.855
-5.06624 3.86
-5.08348 3.865
-5.10179 3.87
-5.12107 3.875
-5.14145 3.88
-5.16289 3.885
-5.18546 3.89
-5.20915 3.895
-5.23401 3.9
-5.26006 3.905
-5.28731 3.91
-5.31582 3.915
-5.34559 3.92
-5.37666 3.925
-5.40907 3.93
-5.44284 3.935
-5.478 3.94
-5.5146 3.945
-5.55267 3.95
-5.59225 3.955
-5.63339 3.96
-5.67613 3.965
-5.72054 3.97
-5.76664 3.975
-5.81452 3.98
-5.86422 3.985
-5.91582 3.99
-5.96936 3.995
-6.02492 4
-6.08255 4.005
-6.14234 4.01
-6.2043 4.015
-6.26832 4.02
-6.33476 4.025
-6.28319 4.03
-6.28557 4.035
-6.28319 4.04
-6.28493 4.045
-6.28319 4.05
-6.28489 4.055
-6.28319 4.06
-6.28485 4.065
-6.28319 4.07
-6.28481 4.075
-6.28319 4.08
-6.28479 4.085
-6.28319 4.09
-6.28479 4.095
-6.28319 4.1
-6.28475 4.105
-6.28319 4.11
-6.28474 4.115
-6.28319 4.12
-6.28474 4.125
-6.28319 4.13
-6.28475 4.135
-6.28319 4.14
-6.28478 4.145
-6.28319 4.15
-6.28483 4.155
-6.28319 4.16
-6.2849 4.165
-6.28319 4.17
-6.285 4.175
-6.28319 4.18
-6.28512 4.185
-6.28319 4.19
-6.28529 4.195
-6.28319 4.2
-6.28551 4.205
-6.28319 4.21
-6.2858 4.215
-6.28319 4.22
-6.28617 4.225
-6.28319 4.23
-6.28663 4.235
-6.28319 4.24
-6.28718 4.245
-6.28319 4.25
-6.2878 4.255
-6.28319 4.26
-6.28846 4.265
-6.28319 4.27
-6.28319 4.275
-6.28938 4.28
-6.28319 4.285
-6.28978 4.29
-6.28319 4.295
-6.28984 4.3
-6.28319 4.305
-6.28954 4.31
-6.28319 4.315
-6.28886 4.32
-6.28319 4.325
-6.28793 4.33
-6.28319 4.335
-6.28693 4.34
-6.28319 4.345
-6.28606 4.35
-6.28319 4.355
-6.28334 4.36
-6.28352 4.365
-6.28538 4.37
-6.28337 4.375
-6.28399 4.38
-6.28411 4.385
-6.28434 4.39
-6.28351 4.395
-6.28391 4.4
-6.28395 4.405
-6.28343 4.41
-6.2834 4.415
-6.28338 4.42
-6.28336 4.425
-6.28334 4.43
