0 0
0.002551 0.05
0.00510187 0.1
0.00765248 0.15
0.0102027 0.2
0.0127524 0.25
0.0153014 0.3
0.0178497 0.35
0.0203971 0.4
0.0229434 0.45
0.0254885 0.5
0.0280324 0.55
0.0305748 0.6
0.0331156 0.65
0.0356548 0.7
0.0381921 0.75
0.0407275 0.8
0.0432609 0.85
0.045792 0.9
0.0483207 0.95
0.050847 1
0.0533708 1.05
0.0558918 1.1
0.0584099 1.15
0.0609251 1.2
0.0634371 1.25
0.0659459 1.3
0.0684514 1.35
0.0709533 1.4
0.0734517 1.45
0.0759463 1.5
0.078437 1.55
0.0809237 1.6
0.0834063 1.65
0.0858846 1.7
0.0883586 1.75
0.090828 1.8
0.0932928 1.85
0.0957528 1.9
0.098208 1.95
0.100658 2
0.103103 2.05
0.105543 2.1
0.107977 2.15
0.110406 2.2
0.112829 2.25
0.115247 2.3
0.117658 2.35
0.120064 2.4
0.122464 2.45
0.124857 2.5
0.127244 2.55
0.129624 2.6
0.131998 2.65
0.134365 2.7
0.136725 2.75
0.139078 2.8
0.141424 2.85
0.143763 2.9
0.146094 2.95
0.148419 3
0.150735 3.05
0.153044 3.1
0.155345 3.15
0.157638 3.2
0.159923 3.25
0.1622 3.3
0.164468 3.35
0.166729 3.4
0.16898 3.45
0.171223 3.5
0.173458 3.55
0.175683 3.6
0.1779 3.65
0.180107 3.7
0.182305 3.75
0.184494 3.8
0.186674 3.85
0.188844 3.9
0.191004 3.95
0.193155 4
0.195296 4.05
0.197427 4.1
0.199547 4.15
0.201658 4.2
0.203758 4.25
0.205848 4.3
0.207928 4.35
0.209996 4.4
0.212054 4.45
0.214102 4.5
0.216138 4.55
0.218163 4.6
0.220177 4.65
0.22218 4.7
0.224172 4.75
0.226152 4.8
0.228121 4.85
0.230078 4.9
0.232023 4.95
0.233956 5
0.235878 5.05
0.237787 5.1
0.239685 5.15
0.24157 5.2
0.243442 5.25
0.245303 5.3
0.247151 5.35
0.248986 5.4
0.250808 5.45
0.252618 5.5
0.254415 5.55
0.256199 5.6
0.257969 5.65
0.259727 5.7
0.261471 5.75
0.263202 5.8
0.26492 5.85
0.266624 5.9
0.268314 5.95
0.269991 6
0.271654 6.05
0.273303 6.1
0.274939 6.15
0.27656 6.2
0.278167 6.25
0.27976 6.3
0.281338 6.35
0.282902 6.4
0.284452 6.45
0.285988 6.5
0.287508 6.55
0.289014 6.6
0.290506 6.65
0.291982 6.7
0.293444 6.75
0.29489 6.8
0.296322 6.85
0.297738 6.9
0.299139 6.95
0.300525 7
0.301896 7.05
0.303251 7.1
0.304591 7.15
0.305915 7.2
0.307224 7.25
0.308517 7.3
0.309794 7.35
0.311055 7.4
0.312301 7.45
0.313531 7.5
0.314744 7.55
0.315942 7.6
0.317123 7.65
0.318288 7.7
0.319437 7.75
0.32057 7.8
0.321686 7.85
0.322786 7.9
0.32387 7.95
0.324937 8
0.325987 8.05
0.327021 8.1
0.328038 8.15
0.329038 8.2
0.330022 8.25
0.330988 8.3
0.331938 8.35
0.332871 8.4
0.333787 8.45
0.334686 8.5
0.335568 8.55
0.336432 8.6
0.33728 8.65
0.33811 8.7
0.338923 8.75
0.339719 8.8
0.340497 8.85
0.341258 8.9
0.342002 8.95
0.342728 9
0.343437 9.05
0.344128 9.1
0.344802 9.15
0.345458 9.2
0.346096 9.25
0.346717 9.3
0.34732 9.35
0.347905 9.4
0.348473 9.45
0.349022 9.5
0.349554 9.55
0.350069 9.6
0.350565 9.65
0.351043 9.7
0.351504 9.75
0.351946 9.8
0.352371 9.85
0.352778 9.9
0.353166 9.95
0.353537 10
0.353889 10.05
0.354224 10.1
0.35454 10.15
0.354839 10.2
0.355119 10.25
0.355381 10.3
0.355625 10.35
0.355851 10.4
0.356059 10.45
0.356248 10.5
0.35642 10.55
0.356573 10.6
0.356708 10.65
0.356825 10.7
0.356923 10.75
0.357003 10.8
0.357066 10.85
0.35711 10.9
0.357135 10.95
0.357143 11
0.357132 11.05
0.357103 11.1
0.357056 11.15
0.356991 11.2
0.356907 11.25
0.356805 11.3
0.356685 11.35
0.356547 11.4
0.356391 11.45
0.356216 11.5
0.356023 11.55
0.355812 11.6
0.355583 11.65
0.355336 11.7
0.355071 11.75
0.354787 11.8
0.354486 11.85
0.354166 11.9
0.353828 11.95
