0 0
0.00413217 0.05
0.00826401 0.1
0.0123952 0.15
0.0165253 0.2
0.020654 0.25
0.0247811 0.3
0.0289061 0.35
0.0330287 0.4
0.0371486 0.45
0.0412654 0.5
0.0453788 0.55
0.0494885 0.6
0.053594 0.65
0.0576952 0.7
0.0617916 0.75
0.0658828 0.8
0.0699686 0.85
0.0740487 0.9
0.0781226 0.95
0.08219 1
0.0862507 1.05
0.0903042 1.1
0.0943503 1.15
0.0983886 1.2
0.102419 1.25
0.10644 1.3
0.110453 1.35
0.114457 1.4
0.118451 1.45
0.122436 1.5
0.12641 1.55
0.130374 1.6
0.134327 1.65
0.138269 1.7
0.1422 1.75
0.146119 1.8
0.150026 1.85
0.15392 1.9
0.157802 1.95
0.161671 2
0.165526 2.05
0.169367 2.1
0.173195 2.15
0.177008 2.2
0.180807 2.25
0.184591 2.3
0.188359 2.35
0.192112 2.4
0.195849 2.45
0.19957 2.5
0.203274 2.55
0.206962 2.6
0.210632 2.65
0.214285 2.7
0.217921 2.75
0.221538 2.8
0.225137 2.85
0.228717 2.9
0.232279 2.95
0.235821 3
0.239344 3.05
0.242847 3.1
0.24633 3.15
0.249793 3.2
0.253235 3.25
0.256656 3.3
0.260055 3.35
0.263434 3.4
0.26679 3.45
0.270125 3.5
0.273437 3.55
0.276727 3.6
0.279993 3.65
0.283237 3.7
0.286457 3.75
0.289654 3.8
0.292826 3.85
0.295975 3.9
0.299098 3.95
0.302198 4
0.305272 4.05
0.308321 4.1
0.311344 4.15
0.314342 4.2
0.317314 4.25
0.320259 4.3
0.323179 4.35
0.326071 4.4
0.328936 4.45
0.331775 4.5
0.334585 4.55
0.337369 4.6
0.340124 4.65
0.342851 4.7
0.34555 4.75
0.34822 4.8
0.350862 4.85
0.353474 4.9
0.356058 4.95
0.358612 5
0.361136 5.05
0.36363 5.1
0.366095 5.15
0.368529 5.2
0.370932 5.25
0.373305 5.3
0.375647 5.35
0.377959 5.4
0.380238 5.45
0.382487 5.5
0.384704 5.55
0.386889 5.6
0.389042 5.65
0.391163 5.7
0.393251 5.75
0.395307 5.8
0.397331 5.85
0.399321 5.9
0.401279 5.95
0.403203 6
0.405094 6.05
0.406952 6.1
0.408776 6.15
0.410566 6.2
0.412322 6.25
0.414044 6.3
0.415732 6.35
0.417386 6.4
0.419005 6.45
0.42059 6.5
0.422139 6.55
0.423654 6.6
0.425134 6.65
0.426579 6.7
0.427988 6.75
0.429362 6.8
0.430701 6.85
0.432004 6.9
0.433271 6.95
0.434502 7
0.435698 7.05
0.436858 7.1
0.437981 7.15
0.439068 7.2
0.440119 7.25
0.441134 7.3
0.442112 7.35
0.443054 7.4
0.443959 7.45
0.444827 7.5
0.445658 7.55
0.446453 7.6
0.447211 7.65
0.447932 7.7
0.448616 7.75
0.449262 7.8
0.449872 7.85
0.450444 7.9
0.45098 7.95
0.451477 8
0.451938 8.05
0.452361 8.1
0.452747 8.15
0.453096 8.2
0.453407 8.25
0.45368 8.3
0.453916 8.35
0.454115 8.4
0.454276 8.45
0.4544 8.5
0.454485 8.55
0.454534 8.6
0.454545 8.65
0.454518 8.7
0.454454 8.75
0.454352 8.8
0.454212 8.85
0.454035 8.9
0.453821 8.95
0.453569 9
0.453279 9.05
0.452952 9.1
0.452588 9.15
0.452186 9.2
0.451747 9.25
0.451271 9.3
0.450757 9.35
0.450206 9.4
0.449617 9.45
0.448992 9.5
0.44833 9.55
0.44763 9.6
0.446893 9.65
0.44612 9.7
0.44531 9.75
0.444462 9.8
0.443579 9.85
0.442658 9.9
0.441701 9.95
0.440707 10
0.439677 10.05
0.438611 10.1
0.437508 10.15
0.436369 10.2
0.435194 10.25
0.433984 10.3
0.432737 10.35
0.431455 10.4
0.430136 10.45
0.428783 10.5
0.427394 10.55
0.425969 10.6
0.42451 10.65
0.423015 10.7
0.421485 10.75
0.419921 10.8
0.418322 10.85
0.416688 10.9
0.41502 10.95
0.413317 11
0.41158 11.05
0.40981 11.1
0.408005 11.15
0.406167 11.2
0.404295 11.25
0.40239 11.3
0.400451 11.35
0.39848 11.4
0.396475 11.45
0.394438 11.5
0.392368 11.55
0.390266 11.6
0.388131 11.65
0.385964 11.7
0.383766 11.75
0.381536 11.8
0.379274 11.85
0.376981 11.9
0.374656 11.95
