0 0
0.000255102 0.005
0.000510204 0.01
0.000765306 0.015
0.00102041 0.02
0.00127551 0.025
0.00153061 0.03
0.00178571 0.035
0.00204081 0.04
0.0022959 0.045
0.002551 0.05
0.00280609 0.055
0.00306119 0.06
0.00331628 0.065
0.00357137 0.07
0.00382646 0.075
0.00408154 0.08
0.00433663 0.085
0.00459171 0.09
0.00484679 0.095
0.00510187 0.1
0.00535694 0.105
0.00561201 0.11
0.00586708 0.115
0.00612215 0.12
0.00637721 0.125
0.00663227 0.13
0.00688733 0.135
0.00714238 0.14
0.00739743 0.145
0.00765248 0.15
0.00790752 0.155
0.00816255 0.16
0.00841759 0.165
0.00867262 0.17
0.00892764 0.175
0.00918266 0.18
0.00943768 0.185
0.00969269 0.19
0.00994769 0.195
0.0102027 0.2
0.0104577 0.205
0.0107127 0.21
0.0109677 0.215
0.0112226 0.22
0.0114776 0.225
0.0117326 0.23
0.0119875 0.235
0.0122425 0.24
0.0124974 0.245
0.0127524 0.25
0.0130073 0.255
0.0132623 0.26
0.0135172 0.265
0.0137721 0.27
0.014027 0.275
0.0142819 0.28
0.0145368 0.285
0.0147917 0.29
0.0150466 0.295
0.0153014 0.3
0.0155563 0.305
0.0158112 0.31
0.016066 0.315
0.0163208 0.32
0.0165757 0.325
0.0168305 0.33
0.0170853 0.335
0.0173401 0.34
0.0175949 0.345
0.0178497 0.35
0.0181045 0.355
0.0183593 0.36
0.018614 0.365
0.0188688 0.37
0.0191235 0.375
0.0193782 0.38
0.019633 0.385
0.0198877 0.39
0.0201424 0.395
0.0203971 0.4
0.0206517 0.405
0.0209064 0.41
0.0211611 0.415
0.0214157 0.42
0.0216704 0.425
0.021925 0.43
0.0221796 0.435
0.0224342 0.44
0.0226888 0.445
0.0229434 0.45
0.0231979 0.455
0.0234525 0.46
0.023707 0.465
0.0239616 0.47
0.0242161 0.475
0.0244706 0.48
0.0247251 0.485
0.0249796 0.49
0.0252341 0.495
0.0254885 0.5
0.025743 0.505
0.0259974 0.51
0.0262518 0.515
0.0265062 0.52
0.0267606 0.525
0.027015 0.53
0.0272694 0.535
0.0275237 0.54
0.027778 0.545
0.0280324 0.55
0.0282867 0.555
0.028541 0.56
0.0287952 0.565
0.0290495 0.57
0.0293038 0.575
0.029558 0.58
0.0298122 0.585
0.0300664 0.59
0.0303206 0.595
0.0305748 0.6
0.0308289 0.605
0.0310831 0.61
0.0313372 0.615
0.0315913 0.62
0.0318454 0.625
0.0320995 0.63
0.0323535 0.635
0.0326076 0.64
0.0328616 0.645
0.0331156 0.65
0.0333696 0.655
0.0336236 0.66
0.0338776 0.665
0.0341315 0.67
0.0343854 0.675
0.0346393 0.68
0.0348932 0.685
0.0351471 0.69
0.035401 0.695
0.0356548 0.7
0.0359086 0.705
0.0361624 0.71
0.0364162 0.715
0.03667 0.72
0.0369237 0.725
0.0371774 0.73
0.0374311 0.735
0.0376848 0.74
0.0379385 0.745
0.0381921 0.75
0.0384458 0.755
0.0386994 0.76
0.038953 0.765
0.0392065 0.77
0.0394601 0.775
0.0397136 0.78
0.0399671 0.785
0.0402206 0.79
0.0404741 0.795
0.0407275 0.8
0.040981 0.805
0.0412344 0.81
0.0414878 0.815
0.0417411 0.82
0.0419945 0.825
0.0422478 0.83
0.0425011 0.835
0.0427544 0.84
0.0430076 0.845
0.0432609 0.85
0.0435141 0.855
0.0437673 0.86
0.0440204 0.865
0.0442736 0.87
0.0445267 0.875
0.0447798 0.88
0.0450329 0.885
0.0452859 0.89
0.045539 0.895
0.045792 0.9
0.0460449 0.905
0.0462979 0.91
0.0465508 0.915
0.0468038 0.92
0.0470566 0.925
0.0473095 0.93
0.0475624 0.935
0.0478152 0.94
0.048068 0.945
0.0483207 0.95
0.0485735 0.955
0.0488262 0.96
0.0490789 0.965
0.0493316 0.97
0.0495842 0.975
0.0498368 0.98
0.0500894 0.985
0.050342 0.99
0.0505945 0.995
0.050847 1
0.0510995 1.005
0.051352 1.01
0.0516044 1.015
0.0518569 1.02
0.0521092 1.025
0.0523616 1.03
0.0526139 1.035
0.0528662 1.04
0.0531185 1.045
0.0533708 1.05
0.053623 1.055
0.0538752 1.06
0.0541274 1.065
0.0543795 1.07
0.0546316 1.075
0.0548837 1.08
0.0551357 1.085
0.0553878 1.09
0.0556398 1.095
0.0558918 1.1
0.0561437 1.105
0.0563956 1.11
0.0566475 1.115
0.0568994 1.12
0.0571512 1.125
0.057403 1.13
0.0576548 1.135
0.0579065 1.14
0.0581582 1.145
0.0584099 1.15
0.0586615 1.155
0.0589132 1.16
0.0591648 1.165
0.0594163 1.17
0.0596679 1.175
0.0599194 1.18
0.0601708 1.185
0.0604223 1.19
0.0606737 1.195
0.0609251 1.2
0.0611764 1.205
0.0614277 1.21
0.061679 1.215
0.0619303 1.22
0.0621815 1.225
0.0624327 1.23
0.0626838 1.235
0.062935 1.24
0.063186 1.245
0.0634371 1.25
0.0636881 1.255
0.0639391 1.26
0.0641901 1.265
0.064441 1.27
0.0646919 1.275
0.0649428 1.28
0.0651936 1.285
0.0654444 1.29
0.0656952 1.295
0.0659459 1.3
0.0661966 1.305
0.0664473 1.31
0.0666979 1.315
0.0669485 1.32
0.0671991 1.325
0.0674496 1.33
0.0677001 1.335
0.0679506 1.34
0.068201 1.345
0.0684514 1.35
0.0687017 1.355
0.068952 1.36
0.0692023 1.365
0.0694526 1.37
0.0697028 1.375
0.069953 1.38
0.0702031 1.385
0.0704532 1.39
0.0707033 1.395
0.0709533 1.4
0.0712033 1.405
0.0714533 1.41
0.0717032 1.415
0.0719531 1.42
0.072203 1.425
0.0724528 1.43
0.0727026 1.435
0.0729523 1.44
0.073202 1.445
0.0734517 1.45
0.0737013 1.455
0.0739509 1.46
0.0742004 1.465
0.07445 1.47
0.0746994 1.475
0.0749489 1.48
0.0751983 1.485
0.0754476 1.49
0.075697 1.495
0.0759463 1.5
0.0761955 1.505
0.0764447 1.51
0.0766939 1.515
0.076943 1.52
0.0771921 1.525
0.0774412 1.53
0.0776902 1.535
0.0779392 1.54
0.0781881 1.545
0.078437 1.55
0.0786858 1.555
0.0789346 1.56
0.0791834 1.565
0.0794322 1.57
0.0796808 1.575
0.0799295 1.58
0.0801781 1.585
0.0804267 1.59
0.0806752 1.595
0.0809237 1.6
0.0811721 1.605
0.0814205 1.61
0.0816689 1.615
0.0819172 1.62
0.0821655 1.625
0.0824137 1.63
0.0826619 1.635
0.0829101 1.64
0.0831582 1.645
0.0834063 1.65
0.0836543 1.655
0.0839023 1.66
0.0841502 1.665
0.0843981 1.67
0.084646 1.675
0.0848938 1.68
0.0851416 1.685
0.0853893 1.69
0.085637 1.695
0.0858846 1.7
0.0861322 1.705
0.0863798 1.71
0.0866273 1.715
0.0868747 1.72
0.0871221 1.725
0.0873695 1.73
0.0876168 1.735
0.0878641 1.74
0.0881114 1.745
0.0883586 1.75
0.0886057 1.755
0.0888528 1.76
0.0890999 1.765
0.0893469 1.77
0.0895938 1.775
0.0898408 1.78
0.0900876 1.785
0.0903345 1.79
0.0905813 1.795
0.090828 1.8
0.0910747 1.805
0.0913213 1.81
0.0915679 1.815
0.0918145 1.82
0.092061 1.825
0.0923074 1.83
0.0925539 1.835
0.0928002 1.84
0.0930465 1.845
0.0932928 1.85
0.093539 1.855
0.0937852 1.86
0.0940313 1.865
0.0942774 1.87
0.0945234 1.875
0.0947694 1.88
0.0950153 1.885
0.0952612 1.89
0.0955071 1.895
0.0957528 1.9
0.0959986 1.905
0.0962443 1.91
0.0964899 1.915
0.0967355 1.92
0.096981 1.925
0.0972265 1.93
0.097472 1.935
0.0977174 1.94
0.0979627 1.945
0.098208 1.95
0.0984533 1.955
0.0986984 1.96
0.0989436 1.965
0.0991887 1.97
0.0994337 1.975
0.0996787 1.98
0.0999236 1.985
0.100169 1.99
0.100413 1.995
0.100658 2
0.100903 2.005
0.101148 2.01
0.101392 2.015
0.101637 2.02
0.101881 2.025
0.102126 2.03
0.10237 2.035
0.102615 2.04
0.102859 2.045
0.103103 2.05
0.103347 2.055
0.103592 2.06
0.103836 2.065
0.10408 2.07
0.104324 2.075
0.104568 2.08
0.104812 2.085
0.105055 2.09
0.105299 2.095
0.105543 2.1
0.105787 2.105
0.10603 2.11
0.106274 2.115
0.106517 2.12
0.106761 2.125
0.107004 2.13
0.107248 2.135
0.107491 2.14
0.107734 2.145
0.107977 2.15
0.10822 2.155
0.108464 2.16
0.108707 2.165
0.10895 2.17
0.109192 2.175
0.109435 2.18
0.109678 2.185
0.109921 2.19
0.110164 2.195
0.110406 2.2
0.110649 2.205
0.110891 2.21
0.111134 2.215
0.111376 2.22
0.111618 2.225
0.111861 2.23
0.112103 2.235
0.112345 2.24
0.112587 2.245
0.112829 2.25
0.113071 2.255
0.113313 2.26
0.113555 2.265
0.113797 2.27
0.114039 2.275
0.114281 2.28
0.114522 2.285
0.114764 2.29
0.115005 2.295
0.115247 2.3
0.115488 2.305
0.11573 2.31
0.115971 2.315
0.116212 2.32
0.116453 2.325
0.116695 2.33
0.116936 2.335
0.117177 2.34
0.117418 2.345
0.117658 2.35
0.117899 2.355
0.11814 2.36
0.118381 2.365
0.118621 2.37
0.118862 2.375
0.119103 2.38
0.119343 2.385
0.119583 2.39
0.119824 2.395
0.120064 2.4
0.120304 2.405
0.120544 2.41
0.120785 2.415
0.121025 2.42
0.121265 2.425
0.121504 2.43
0.121744 2.435
0.121984 2.44
0.122224 2.445
0.122464 2.45
0.122703 2.455
0.122943 2.46
0.123182 2.465
0.123422 2.47
0.123661 2.475
0.1239 2.48
0.124139 2.485
0.124379 2.49
0.124618 2.495
0.124857 2.5
0.125096 2.505
0.125335 2.51
0.125573 2.515
0.125812 2.52
0.126051 2.525
0.12629 2.53
0.126528 2.535
0.126767 2.54
0.127005 2.545
0.127244 2.55
0.127482 2.555
0.12772 2.56
0.127958 2.565
0.128196 2.57
0.128435 2.575
0.128673 2.58
0.12891 2.585
0.129148 2.59
0.129386 2.595
0.129624 2.6
0.129862 2.605
0.130099 2.61
0.130337 2.615
0.130574 2.62
0.130812 2.625
0.131049 2.63
0.131286 2.635
0.131523 2.64
0.131761 2.645
0.131998 2.65
0.132235 2.655
0.132472 2.66
0.132708 2.665
0.132945 2.67
0.133182 2.675
0.133419 2.68
0.133655 2.685
0.133892 2.69
0.134128 2.695
0.134365 2.7
0.134601 2.705
0.134837 2.71
0.135073 2.715
0.13531 2.72
0.135546 2.725
0.135782 2.73
0.136017 2.735
0.136253 2.74
0.136489 2.745
0.136725 2.75
0.13696 2.755
0.137196 2.76
0.137431 2.765
0.137667 2.77
0.137902 2.775
0.138138 2.78
0.138373 2.785
0.138608 2.79
0.138843 2.795
0.139078 2.8
0.139313 2.805
0.139548 2.81
0.139783 2.815
0.140017 2.82
0.140252 2.825
0.140486 2.83
0.140721 2.835
0.140955 2.84
0.14119 2.845
0.141424 2.85
0.141658 2.855
0.141892 2.86
0.142126 2.865
0.14236 2.87
0.142594 2.875
0.142828 2.88
0.143062 2.885
0.143296 2.89
0.143529 2.895
0.143763 2.9
0.143996 2.905
0.14423 2.91
0.144463 2.915
0.144696 2.92
0.14493 2.925
0.145163 2.93
0.145396 2.935
0.145629 2.94
0.145862 2.945
0.146094 2.95
0.146327 2.955
0.14656 2.96
0.146792 2.965
0.147025 2.97
0.147257 2.975
0.14749 2.98
0.147722 2.985
0.147954 2.99
0.148186 2.995
0.148419 3
0.148651 3.005
0.148882 3.01
0.149114 3.015
0.149346 3.02
0.149578 3.025
0.149809 3.03
0.150041 3.035
0.150272 3.04
0.150504 3.045
0.150735 3.05
0.150966 3.055
0.151197 3.06
0.151428 3.065
0.151659 3.07
0.15189 3.075
0.152121 3.08
0.152352 3.085
0.152583 3.09
0.152813 3.095
0.153044 3.1
0.153274 3.105
0.153505 3.11
0.153735 3.115
0.153965 3.12
0.154195 3.125
0.154425 3.13
0.154655 3.135
0.154885 3.14
0.155115 3.145
0.155345 3.15
0.155574 3.155
0.155804 3.16
0.156034 3.165
0.156263 3.17
0.156492 3.175
0.156722 3.18
0.156951 3.185
0.15718 3.19
0.157409 3.195
0.157638 3.2
0.157867 3.205
0.158096 3.21
0.158324 3.215
0.158553 3.22
0.158781 3.225
0.15901 3.23
0.159238 3.235
0.159467 3.24
0.159695 3.245
0.159923 3.25
0.160151 3.255
0.160379 3.26
0.160607 3.265
0.160835 3.27
0.161062 3.275
0.16129 3.28
0.161518 3.285
0.161745 3.29
0.161973 3.295
0.1622 3.3
0.162427 3.305
0.162654 3.31
0.162881 3.315
0.163108 3.32
0.163335 3.325
0.163562 3.33
0.163789 3.335
0.164015 3.34
0.164242 3.345
0.164468 3.35
0.164695 3.355
0.164921 3.36
0.165147 3.365
0.165374 3.37
0.1656 3.375
0.165826 3.38
0.166051 3.385
0.166277 3.39
0.166503 3.395
0.166729 3.4
0.166954 3.405
0.16718 3.41
0.167405 3.415
0.16763 3.42
0.167856 3.425
0.168081 3.43
0.168306 3.435
0.168531 3.44
0.168756 3.445
0.16898 3.45
0.169205 3.455
0.16943 3.46
0.169654 3.465
0.169879 3.47
0.170103 3.475
0.170327 3.48
0.170551 3.485
0.170775 3.49
0.170999 3.495
0.171223 3.5
0.171447 3.505
0.171671 3.51
0.171895 3.515
0.172118 3.52
0.172342 3.525
0.172565 3.53
0.172788 3.535
0.173012 3.54
0.173235 3.545
0.173458 3.55
0.173681 3.555
0.173904 3.56
0.174126 3.565
0.174349 3.57
0.174572 3.575
0.174794 3.58
0.175017 3.585
0.175239 3.59
0.175461 3.595
0.175683 3.6
0.175905 3.605
0.176127 3.61
0.176349 3.615
0.176571 3.62
0.176793 3.625
0.177014 3.63
0.177236 3.635
0.177457 3.64
0.177679 3.645
0.1779 3.65
0.178121 3.655
0.178342 3.66
0.178563 3.665
0.178784 3.67
0.179005 3.675
0.179225 3.68
0.179446 3.685
0.179666 3.69
0.179887 3.695
0.180107 3.7
0.180327 3.705
0.180548 3.71
0.180768 3.715
0.180988 3.72
0.181208 3.725
0.181427 3.73
0.181647 3.735
0.181867 3.74
0.182086 3.745
0.182305 3.75
0.182525 3.755
0.182744 3.76
0.182963 3.765
0.183182 3.77
0.183401 3.775
0.18362 3.78
0.183839 3.785
0.184057 3.79
0.184276 3.795
0.184494 3.8
0.184713 3.805
0.184931 3.81
0.185149 3.815
0.185367 3.82
0.185585 3.825
0.185803 3.83
0.186021 3.835
0.186239 3.84
0.186456 3.845
0.186674 3.85
0.186891 3.855
0.187109 3.86
0.187326 3.865
0.187543 3.87
0.18776 3.875
0.187977 3.88
0.188194 3.885
0.188411 3.89
0.188627 3.895
0.188844 3.9
0.189061 3.905
0.189277 3.91
0.189493 3.915
0.189709 3.92
0.189925 3.925
0.190141 3.93
0.190357 3.935
0.190573 3.94
0.190789 3.945
0.191004 3.95
0.19122 3.955
0.191435 3.96
0.191651 3.965
0.191866 3.97
0.192081 3.975
0.192296 3.98
0.192511 3.985
0.192726 3.99
0.19294 3.995
0.193155 4
0.19337 4.005
0.193584 4.01
0.193798 4.015
0.194013 4.02
0.194227 4.025
0.194441 4.03
0.194655 4.035
0.194869 4.04
0.195082 4.045
0.195296 4.05
0.195509 4.055
0.195723 4.06
0.195936 4.065
0.196149 4.07
0.196363 4.075
0.196576 4.08
0.196789 4.085
0.197001 4.09
0.197214 4.095
0.197427 4.1
0.197639 4.105
0.197852 4.11
0.198064 4.115
0.198276 4.12
0.198488 4.125
0.1987 4.13
0.198912 4.135
0.199124 4.14
0.199336 4.145
0.199547 4.15
0.199759 4.155
0.19997 4.16
0.200182 4.165
0.200393 4.17
0.200604 4.175
0.200815 4.18
0.201026 4.185
0.201237 4.19
0.201447 4.195
0.201658 4.2
0.201869 4.205
0.202079 4.21
0.202289 4.215
0.202499 4.22
0.202709 4.225
0.202919 4.23
0.203129 4.235
0.203339 4.24
0.203549 4.245
0.203758 4.25
0.203968 4.255
0.204177 4.26
0.204386 4.265
0.204596 4.27
0.204805 4.275
0.205014 4.28
0.205222 4.285
0.205431 4.29
0.20564 4.295
0.205848 4.3
0.206057 4.305
0.206265 4.31
0.206473 4.315
0.206681 4.32
0.206889 4.325
0.207097 4.33
0.207305 4.335
0.207513 4.34
0.20772 4.345
0.207928 4.35
0.208135 4.355
0.208342 4.36
0.208549 4.365
0.208756 4.37
0.208963 4.375
0.20917 4.38
0.209377 4.385
0.209583 4.39
0.20979 4.395
0.209996 4.4
0.210203 4.405
0.210409 4.41
0.210615 4.415
0.210821 4.42
0.211027 4.425
0.211233 4.43
0 0
0.000255102 0.005
0.000510204 0.01
0.000765306 0.015
0.00102041 0.02
0.00127551 0.025
0.00153061 0.03
0.00178571 0.035
0.00204081 0.04
0.0022959 0.045
0.002551 0.05
0.00280609 0.055
0.00306119 0.06
0.00331628 0.065
0.00357137 0.07
0.00382646 0.075
0.00408154 0.08
0.00433663 0.085
0.00459171 0.09
0.00484679 0.095
0.00510187 0.1
0.00535694 0.105
0.00561201 0.11
0.00586708 0.115
0.00612215 0.12
0.00637721 0.125
0.00663227 0.13
0.00688733 0.135
0.00714238 0.14
0.00739743 0.145
0.00765248 0.15
0.00790752 0.155
0.00816255 0.16
0.00841759 0.165
0.00867262 0.17
0.00892764 0.175
0.00918266 0.18
0.00943768 0.185
0.00969269 0.19
0.00994769 0.195
0.0102027 0.2
0.0104577 0.205
0.0107127 0.21
0.0109677 0.215
0.0112226 0.22
0.0114776 0.225
0.0117326 0.23
0.0119875 0.235
0.0122425 0.24
0.0124974 0.245
0.0127524 0.25
0.0130073 0.255
0.0132623 0.26
0.0135172 0.265
0.0137721 0.27
0.014027 0.275
0.0142819 0.28
0.0145368 0.285
0.0147917 0.29
0.0150466 0.295
0.0153014 0.3
0.0155563 0.305
0.0158112 0.31
0.016066 0.315
0.0163208 0.32
0.0165757 0.325
0.0168305 0.33
0.0170853 0.335
0.0173401 0.34
0.0175949 0.345
0.0178497 0.35
0.0181045 0.355
0.0183593 0.36
0.018614 0.365
0.0188688 0.37
0.0191235 0.375
0.0193782 0.38
0.019633 0.385
0.0198877 0.39
0.0201424 0.395
0.0203971 0.4
0.0206517 0.405
0.0209064 0.41
0.0211611 0.415
0.0214157 0.42
0.0216704 0.425
0.021925 0.43
0.0221796 0.435
0.0224342 0.44
0.0226888 0.445
0.0229434 0.45
0.0231979 0.455
0.0234525 0.46
0.023707 0.465
0.0239616 0.47
0.0242161 0.475
0.0244706 0.48
0.0247251 0.485
0.0249796 0.49
0.0252341 0.495
0.0254885 0.5
0.025743 0.505
0.0259974 0.51
0.0262518 0.515
0.0265062 0.52
0.0267606 0.525
0.027015 0.53
0.0272694 0.535
0.0275237 0.54
0.027778 0.545
0.0280324 0.55
0.0282867 0.555
0.028541 0.56
0.0287952 0.565
0.0290495 0.57
0.0293038 0.575
0.029558 0.58
0.0298122 0.585
0.0300664 0.59
0.0303206 0.595
0.0305748 0.6
0.0308289 0.605
0.0310831 0.61
0.0313372 0.615
0.0315913 0.62
0.0318454 0.625
0.0320995 0.63
0.0323535 0.635
0.0326076 0.64
0.0328616 0.645
0.0331156 0.65
0.0333696 0.655
0.0336236 0.66
0.0338776 0.665
0.0341315 0.67
0.0343854 0.675
0.0346393 0.68
0.0348932 0.685
0.0351471 0.69
0.035401 0.695
0.0356548 0.7
0.0359086 0.705
0.0361624 0.71
0.0364162 0.715
0.03667 0.72
0.0369237 0.725
0.0371774 0.73
0.0374311 0.735
0.0376848 0.74
0.0379385 0.745
0.0381921 0.75
0.0384458 0.755
0.0386994 0.76
0.038953 0.765
0.0392065 0.77
0.0394601 0.775
0.0397136 0.78
0.0399671 0.785
0.0402206 0.79
0.0404741 0.795
0.0407275 0.8
0.040981 0.805
0.0412344 0.81
0.0414878 0.815
0.0417411 0.82
0.0419945 0.825
0.0422478 0.83
0.0425011 0.835
0.0427544 0.84
0.0430076 0.845
0.0432609 0.85
0.0435141 0.855
0.0437673 0.86
0.0440204 0.865
0.0442736 0.87
0.0445267 0.875
0.0447798 0.88
0.0450329 0.885
0.0452859 0.89
0.045539 0.895
0.045792 0.9
0.0460449 0.905
0.0462979 0.91
0.0465508 0.915
0.0468038 0.92
0.0470566 0.925
0.0473095 0.93
0.0475624 0.935
0.0478152 0.94
0.048068 0.945
0.0483207 0.95
0.0485735 0.955
0.0488262 0.96
0.0490789 0.965
0.0493316 0.97
0.0495842 0.975
0.0498368 0.98
0.0500894 0.985
0.050342 0.99
0.0505945 0.995
0.050847 1
0.0510995 1.005
0.051352 1.01
0.0516044 1.015
0.0518569 1.02
0.0521092 1.025
0.0523616 1.03
0.0526139 1.035
0.0528662 1.04
0.0531185 1.045
0.0533708 1.05
0.053623 1.055
0.0538752 1.06
0.0541274 1.065
0.0543795 1.07
0.0546316 1.075
0.0548837 1.08
0.0551357 1.085
0.0553878 1.09
0.0556398 1.095
0.0558918 1.1
0.0561437 1.105
0.0563956 1.11
0.0566475 1.115
0.0568994 1.12
0.0571512 1.125
0.057403 1.13
0.0576548 1.135
0.0579065 1.14
0.0581582 1.145
0.0584099 1.15
0.0586615 1.155
0.0589132 1.16
0.0591648 1.165
0.0594163 1.17
0.0596679 1.175
0.0599194 1.18
0.0601708 1.185
0.0604223 1.19
0.0606737 1.195
0.0609251 1.2
0.0611764 1.205
0.0614277 1.21
0.061679 1.215
0.0619303 1.22
0.0621815 1.225
0.0624327 1.23
0.0626838 1.235
0.062935 1.24
0.063186 1.245
0.0634371 1.25
0.0636881 1.255
0.0639391 1.26
0.0641901 1.265
0.064441 1.27
0.0646919 1.275
0.0649428 1.28
0.0651936 1.285
0.0654444 1.29
0.0656952 1.295
0.0659459 1.3
0.0661966 1.305
0.0664473 1.31
0.0666979 1.315
0.0669485 1.32
0.0671991 1.325
0.0674496 1.33
0.0677001 1.335
0.0679506 1.34
0.068201 1.345
0.0684514 1.35
0.0687017 1.355
0.068952 1.36
0.0692023 1.365
0.0694526 1.37
0.0697028 1.375
0.069953 1.38
0.0702031 1.385
0.0704532 1.39
0.0707033 1.395
0.0709533 1.4
0.0712033 1.405
0.0714533 1.41
0.0717032 1.415
0.0719531 1.42
0.072203 1.425
0.0724528 1.43
0.0727026 1.435
0.0729523 1.44
0.073202 1.445
0.0734517 1.45
0.0737013 1.455
0.0739509 1.46
0.0742004 1.465
0.07445 1.47
0.0746994 1.475
0.0749489 1.48
0.0751983 1.485
0.0754476 1.49
0.075697 1.495
0.0759463 1.5
0.0761955 1.505
0.0764447 1.51
0.0766939 1.515
0.076943 1.52
0.0771921 1.525
0.0774412 1.53
0.0776902 1.535
0.0779392 1.54
0.0781881 1.545
0.078437 1.55
0.0786858 1.555
0.0789346 1.56
0.0791834 1.565
0.0794322 1.57
0.0796808 1.575
0.0799295 1.58
0.0801781 1.585
0.0804267 1.59
0.0806752 1.595
0.0809237 1.6
0.0811721 1.605
0.0814205 1.61
0.0816689 1.615
0.0819172 1.62
0.0821655 1.625
0.0824137 1.63
0.0826619 1.635
0.0829101 1.64
0.0831582 1.645
0.0834063 1.65
0.0836543 1.655
0.0839023 1.66
0.0841502 1.665
0.0843981 1.67
0.084646 1.675
0.0848938 1.68
0.0851416 1.685
0.0853893 1.69
0.085637 1.695
0.0858846 1.7
0.0861322 1.705
0.0863798 1.71
0.0866273 1.715
0.0868747 1.72
0.0871221 1.725
0.0873695 1.73
0.0876168 1.735
0.0878641 1.74
0.0881114 1.745
0.0883586 1.75
0.0886057 1.755
0.0888528 1.76
0.0890999 1.765
0.0893469 1.77
0.0895938 1.775
0.0898408 1.78
0.0900876 1.785
0.0903345 1.79
0.0905813 1.795
0.090828 1.8
0.0910747 1.805
0.0913213 1.81
0.0915679 1.815
0.0918145 1.82
0.092061 1.825
0.0923074 1.83
0.0925539 1.835
0.0928002 1.84
0.0930465 1.845
0.0932928 1.85
0.093539 1.855
0.0937852 1.86
0.0940313 1.865
0.0942774 1.87
0.0945234 1.875
0.0947694 1.88
0.0950153 1.885
0.0952612 1.89
0.0955071 1.895
0.0957528 1.9
0.0959986 1.905
0.0962443 1.91
0.0964899 1.915
0.0967355 1.92
0.096981 1.925
0.0972265 1.93
0.097472 1.935
0.0977174 1.94
0.0979627 1.945
0.098208 1.95
0.0984533 1.955
0.0986984 1.96
0.0989436 1.965
0.0991887 1.97
0.0994337 1.975
0.0996787 1.98
0.0999236 1.985
0.100169 1.99
0.100413 1.995
0.100658 2
0.100903 2.005
0.101148 2.01
0.101392 2.015
0.101637 2.02
0.101881 2.025
0.102126 2.03
0.10237 2.035
0.102615 2.04
0.102859 2.045
0.103103 2.05
0.103347 2.055
0.103592 2.06
0.103836 2.065
0.10408 2.07
0.104324 2.075
0.104568 2.08
0.104812 2.085
0.105055 2.09
0.105299 2.095
0.105543 2.1
0.105787 2.105
0.10603 2.11
0.106274 2.115
0.106517 2.12
0.106761 2.125
0.107004 2.13
0.107248 2.135
0.107491 2.14
0.107734 2.145
0.107977 2.15
0.10822 2.155
0.108464 2.16
0.108707 2.165
0.10895 2.17
0.109192 2.175
0.109435 2.18
0.109678 2.185
0.109921 2.19
0.110164 2.195
0.110406 2.2
0.110649 2.205
0.110891 2.21
0.111134 2.215
0.111376 2.22
0.111618 2.225
0.111861 2.23
0.112103 2.235
0.112345 2.24
0.112587 2.245
0.112829 2.25
0.113071 2.255
0.113313 2.26
0.113555 2.265
0.113797 2.27
0.114039 2.275
0.114281 2.28
0.114522 2.285
0.114764 2.29
0.115005 2.295
0.115247 2.3
0.115488 2.305
0.11573 2.31
0.115971 2.315
0.116212 2.32
0.116453 2.325
0.116695 2.33
0.116936 2.335
0.117177 2.34
0.117418 2.345
0.117658 2.35
0.117899 2.355
0.11814 2.36
0.118381 2.365
0.118621 2.37
0.118862 2.375
0.119103 2.38
0.119343 2.385
0.119583 2.39
0.119824 2.395
0.120064 2.4
0.120304 2.405
0.120544 2.41
0.120785 2.415
0.121025 2.42
0.121265 2.425
0.121504 2.43
0.121744 2.435
0.121984 2.44
0.122224 2.445
0.122464 2.45
0.122703 2.455
0.122943 2.46
0.123182 2.465
0.123422 2.47
0.123661 2.475
0.1239 2.48
0.124139 2.485
0.124379 2.49
0.124618 2.495
0.124857 2.5
0.125096 2.505
0.125335 2.51
0.125573 2.515
0.125812 2.52
0.126051 2.525
0.12629 2.53
0.126528 2.535
0.126767 2.54
0.127005 2.545
0.127244 2.55
0.127482 2.555
0.12772 2.56
0.127958 2.565
0.128196 2.57
0.128435 2.575
0.128673 2.58
0.12891 2.585
0.129148 2.59
0.129386 2.595
0.129624 2.6
0.129862 2.605
0.130099 2.61
0.130337 2.615
0.130574 2.62
0.130812 2.625
0.131049 2.63
0.131286 2.635
0.131523 2.64
0.131761 2.645
0.131998 2.65
0.132235 2.655
0.132472 2.66
0.132708 2.665
0.132945 2.67
0.133182 2.675
0.133419 2.68
0.133655 2.685
0.133892 2.69
0.134128 2.695
0.134365 2.7
0.134601 2.705
0.134837 2.71
0.135073 2.715
0.13531 2.72
0.135546 2.725
0.135782 2.73
0.136017 2.735
0.136253 2.74
0.136489 2.745
0.136725 2.75
0.13696 2.755
0.137196 2.76
0.137431 2.765
0.137667 2.77
0.137902 2.775
0.138138 2.78
0.138373 2.785
0.138608 2.79
0.138843 2.795
0.139078 2.8
0.139313 2.805
0.139548 2.81
0.139783 2.815
0.140017 2.82
0.140252 2.825
0.140486 2.83
0.140721 2.835
0.140955 2.84
0.14119 2.845
0.141424 2.85
0.141658 2.855
0.141892 2.86
0.142126 2.865
0.14236 2.87
0.142594 2.875
0.142828 2.88
0.143062 2.885
0.143296 2.89
0.143529 2.895
0.143763 2.9
0.143996 2.905
0.14423 2.91
0.144463 2.915
0.144696 2.92
0.14493 2.925
0.145163 2.93
0.145396 2.935
0.145629 2.94
0.145862 2.945
0.146094 2.95
0.146327 2.955
0.14656 2.96
0.146792 2.965
0.147025 2.97
0.147257 2.975
0.14749 2.98
0.147722 2.985
0.147954 2.99
0.148186 2.995
0.148419 3
0.148651 3.005
0.148882 3.01
0.149114 3.015
0.149346 3.02
0.149578 3.025
0.149809 3.03
0.150041 3.035
0.150272 3.04
0.150504 3.045
0.150735 3.05
0.150966 3.055
0.151197 3.06
0.151428 3.065
0.151659 3.07
0.15189 3.075
0.152121 3.08
0.152352 3.085
0.152583 3.09
0.152813 3.095
0.153044 3.1
0.153274 3.105
0.153505 3.11
0.153735 3.115
0.153965 3.12
0.154195 3.125
0.154425 3.13
0.154655 3.135
0.154885 3.14
0.155115 3.145
0.155345 3.15
0.155574 3.155
0.155804 3.16
0.156034 3.165
0.156263 3.17
0.156492 3.175
0.156722 3.18
0.156951 3.185
0.15718 3.19
0.157409 3.195
0.157638 3.2
0.157867 3.205
0.158096 3.21
0.158324 3.215
0.158553 3.22
0.158781 3.225
0.15901 3.23
0.159238 3.235
0.159467 3.24
0.159695 3.245
0.159923 3.25
0.160151 3.255
0.160379 3.26
0.160607 3.265
0.160835 3.27
0.161062 3.275
0.16129 3.28
0.161518 3.285
0.161745 3.29
0.161973 3.295
0.1622 3.3
0.162427 3.305
0.162654 3.31
0.162881 3.315
0.163108 3.32
0.163335 3.325
0.163562 3.33
0.163789 3.335
0.164015 3.34
0.164242 3.345
0.164468 3.35
0.164695 3.355
0.164921 3.36
0.165147 3.365
0.165374 3.37
0.1656 3.375
0.165826 3.38
0.166051 3.385
0.166277 3.39
0.166503 3.395
0.166729 3.4
0.166954 3.405
0.16718 3.41
0.167405 3.415
0.16763 3.42
0.167856 3.425
0.168081 3.43
0.168306 3.435
0.168531 3.44
0.168756 3.445
0.16898 3.45
0.169205 3.455
0.16943 3.46
0.169654 3.465
0.169879 3.47
0.170103 3.475
0.170327 3.48
0.170551 3.485
0.170775 3.49
0.170999 3.495
0.171223 3.5
0.171447 3.505
0.171671 3.51
0.171895 3.515
0.172118 3.52
0.172342 3.525
0.172565 3.53
0.172788 3.535
0.173012 3.54
0.173235 3.545
0.173458 3.55
0.173681 3.555
0.173904 3.56
0.174126 3.565
0.174349 3.57
0.174572 3.575
0.174794 3.58
0.175017 3.585
0.175239 3.59
0.175461 3.595
0.175683 3.6
0.175905 3.605
0.176127 3.61
0.176349 3.615
0.176571 3.62
0.176793 3.625
0.177014 3.63
0.177236 3.635
0.177457 3.64
0.177679 3.645
0.1779 3.65
0.178121 3.655
0.178342 3.66
0.178563 3.665
0.178784 3.67
0.179005 3.675
0.179225 3.68
0.179446 3.685
0.179666 3.69
0.179887 3.695
0.180107 3.7
0.180327 3.705
0.180548 3.71
0.180768 3.715
0.180988 3.72
0.181208 3.725
0.181427 3.73
0.181647 3.735
0.181867 3.74
0.182086 3.745
0.182305 3.75
0.182525 3.755
0.182744 3.76
0.182963 3.765
0.183182 3.77
0.183401 3.775
0.18362 3.78
0.183839 3.785
0.184057 3.79
0.184276 3.795
0.184494 3.8
0.184713 3.805
0.184931 3.81
0.185149 3.815
0.185367 3.82
0.185585 3.825
0.185803 3.83
0.186021 3.835
0.186239 3.84
0.186456 3.845
0.186674 3.85
0.186891 3.855
0.187109 3.86
0.187326 3.865
0.187543 3.87
0.18776 3.875
0.187977 3.88
0.188194 3.885
0.188411 3.89
0.188627 3.895
0.188844 3.9
0.189061 3.905
0.189277 3.91
0.189493 3.915
0.189709 3.92
0.189925 3.925
0.190141 3.93
0.190357 3.935
0.190573 3.94
0.190789 3.945
0.191004 3.95
0.19122 3.955
0.191435 3.96
0.191651 3.965
0.191866 3.97
0.192081 3.975
0.192296 3.98
0.192511 3.985
0.192726 3.99
0.19294 3.995
0.193155 4
0.19337 4.005
0.193584 4.01
0.193798 4.015
0.194013 4.02
0.194227 4.025
0.194441 4.03
0.194655 4.035
0.194869 4.04
0.195082 4.045
0.195296 4.05
0.195509 4.055
0.195723 4.06
0.195936 4.065
0.196149 4.07
0.196363 4.075
0.196576 4.08
0.196789 4.085
0.197001 4.09
0.197214 4.095
0.197427 4.1
0.197639 4.105
0.197852 4.11
0.198064 4.115
0.198276 4.12
0.198488 4.125
0.1987 4.13
0.198912 4.135
0.199124 4.14
0.199336 4.145
0.199547 4.15
0.199759 4.155
0.19997 4.16
0.200182 4.165
0.200393 4.17
0.200604 4.175
0.200815 4.18
0.201026 4.185
0.201237 4.19
0.201447 4.195
0.201658 4.2
0.201869 4.205
0.202079 4.21
0.202289 4.215
0.202499 4.22
0.202709 4.225
0.202919 4.23
0.203129 4.235
0.203339 4.24
0.203549 4.245
0.203758 4.25
0.203968 4.255
0.204177 4.26
0.204386 4.265
0.204596 4.27
0.204805 4.275
0.205014 4.28
0.205222 4.285
0.205431 4.29
0.20564 4.295
0.205848 4.3
0.206057 4.305
0.206265 4.31
0.206473 4.315
0.206681 4.32
0.206889 4.325
0.207097 4.33
0.207305 4.335
0.207513 4.34
0.20772 4.345
0.207928 4.35
0.208135 4.355
0.208342 4.36
0.208549 4.365
0.208756 4.37
0.208963 4.375
0.20917 4.38
0.209377 4.385
0.209583 4.39
0.20979 4.395
0.209996 4.4
0.210203 4.405
0.210409 4.41
0.210615 4.415
0.210821 4.42
0.211027 4.425
0.211233 4.43
