0 0
0.00133136 0.01
0.00266271 0.02
0.00399405 0.03
0.00532537 0.04
0.00665666 0.05
0.00798791 0.06
0.00931912 0.07
0.0106503 0.08
0.0119814 0.09
0.0133124 0.1
0.0146434 0.11
0.0159743 0.12
0.0173051 0.13
0.0186358 0.14
0.0199664 0.15
0.0212969 0.16
0.0226273 0.17
0.0239576 0.18
0.0252878 0.19
0.0266178 0.2
0.0279476 0.21
0.0292774 0.22
0.0306069 0.23
0.0319363 0.24
0.0332656 0.25
0.0345946 0.26
0.0359235 0.27
0.0372522 0.28
0.0385807 0.29
0.0399089 0.3
0.041237 0.31
0.0425648 0.32
0.0438925 0.33
0.0452198 0.34
0.046547 0.35
0.0478739 0.36
0.0492005 0.37
0.0505269 0.38
0.051853 0.39
0.0531788 0.4
0.0545044 0.41
0.0558297 0.42
0.0571546 0.43
0.0584793 0.44
0.0598036 0.45
0.0611276 0.46
0.0624514 0.47
0.0637747 0.48
0.0650978 0.49
0.0664204 0.5
0.0677428 0.51
0.0690647 0.52
0.0703863 0.53
0.0717076 0.54
0.0730284 0.55
0.0743489 0.56
0.0756689 0.57
0.0769886 0.58
0.0783078 0.59
0.0796267 0.6
0.0809451 0.61
0.082263 0.62
0.0835806 0.63
0.0848977 0.64
0.0862143 0.65
0.0875305 0.66
0.0888462 0.67
0.0901614 0.68
0.0914762 0.69
0.0927905 0.7
0.0941043 0.71
0.0954175 0.72
0.0967303 0.73
0.0980426 0.74
0.0993543 0.75
0.100665 0.76
0.101976 0.77
0.103286 0.78
0.104596 0.79
0.105905 0.8
0.107213 0.81
0.108521 0.82
0.109829 0.83
0.111135 0.84
0.112441 0.85
0.113747 0.86
0.115052 0.87
0.116356 0.88
0.11766 0.89
0.118963 0.9
0.120265 0.91
0.121567 0.92
0.122868 0.93
0.124169 0.94
0.125469 0.95
0.126768 0.96
0.128066 0.97
0.129364 0.98
0.130661 0.99
0.131958 1
0.133253 1.01
0.134548 1.02
0.135843 1.03
0.137136 1.04
0.138429 1.05
0.139721 1.06
0.141012 1.07
0.142303 1.08
0.143593 1.09
0.144882 1.1
0.14617 1.11
0.147458 1.12
0.148745 1.13
0.15003 1.14
0.151316 1.15
0.1526 1.16
0.153884 1.17
0.155166 1.18
0.156448 1.19
0.157729 1.2
0.159009 1.21
0.160289 1.22
0.161567 1.23
0.162845 1.24
0.164122 1.25
0.165398 1.26
0.166673 1.27
0.167947 1.28
0.16922 1.29
0.170492 1.3
0.171764 1.31
0.173034 1.32
0.174304 1.33
0.175573 1.34
0.17684 1.35
0.178107 1.36
0.179373 1.37
0.180638 1.38
0.181902 1.39
0.183165 1.4
0.184427 1.41
0.185688 1.42
0.186948 1.43
0.188207 1.44
0.189465 1.45
0.190722 1.46
0.191978 1.47
0.193233 1.48
0.194487 1.49
0.19574 1.5
0.196992 1.51
0.198242 1.52
0.199492 1.53
0.200741 1.54
0.201989 1.55
0.203235 1.56
0.204481 1.57
0.205725 1.58
0.206968 1.59
0.20821 1.6
0.209452 1.61
0.210692 1.62
0.21193 1.63
0.213168 1.64
0.214405 1.65
0.21564 1.66
0.216874 1.67
0.218107 1.68
0.219339 1.69
0.22057 1.7
0.2218 1.71
0.223028 1.72
0.224256 1.73
0.225482 1.74
0.226707 1.75
0.22793 1.76
0.229153 1.77
0.230374 1.78
0.231594 1.79
0.232813 1.8
0.23403 1.81
0.235246 1.82
0.236461 1.83
0.237675 1.84
0.238888 1.85
0.240099 1.86
0.241309 1.87
0.242518 1.88
0.243725 1.89
0.244931 1.9
0.246136 1.91
0.247339 1.92
0.248541 1.93
0.249742 1.94
0.250942 1.95
0.25214 1.96
0.253337 1.97
0.254532 1.98
0.255726 1.99
0.256919 2
0.25811 2.01
0.2593 2.02
0.260489 2.03
0.261676 2.04
0.262862 2.05
0.264046 2.06
0.265229 2.07
0.266411 2.08
0.267591 2.09
0.26877 2.1
0.269947 2.11
0.271123 2.12
0.272298 2.13
0.273471 2.14
0.274642 2.15
0.275812 2.16
0.276981 2.17
0.278148 2.18
0.279314 2.19
0.280478 2.2
0.281641 2.21
0.282802 2.22
0.283962 2.23
0.28512 2.24
0.286276 2.25
0.287432 2.26
0.288585 2.27
0.289737 2.28
0.290888 2.29
0.292037 2.3
0.293184 2.31
0.29433 2.32
0.295474 2.33
0.296617 2.34
0.297758 2.35
0.298898 2.36
0.300036 2.37
0.301172 2.38
0.302307 2.39
0.30344 2.4
0.304571 2.41
0.305701 2.42
0.306829 2.43
0.307956 2.44
0.309081 2.45
0.310204 2.46
0.311326 2.47
0.312446 2.48
0.313565 2.49
0.314681 2.5
0.315796 2.51
0.31691 2.52
0.318021 2.53
0.319131 2.54
0.32024 2.55
0.321346 2.56
0.322451 2.57
0.323554 2.58
0.324656 2.59
0.325755 2.6
0.326853 2.61
0.327949 2.62
0.329044 2.63
0.330137 2.64
0.331228 2.65
0.332317 2.66
0.333404 2.67
0.33449 2.68
0.335574 2.69
0.336656 2.7
0.337736 2.71
0.338815 2.72
0.339891 2.73
0.340966 2.74
0.342039 2.75
0.34311 2.76
0.34418 2.77
0.345247 2.78
0.346313 2.79
0.347377 2.8
0.348439 2.81
0.349499 2.82
0.350558 2.83
0.351614 2.84
0.352669 2.85
0.353721 2.86
0.354772 2.87
0.355821 2.88
0.356868 2.89
0.357913 2.9
0.358956 2.91
0.359998 2.92
0.361037 2.93
0.362075 2.94
0.36311 2.95
0.364144 2.96
0.365175 2.97
0.366205 2.98
0.367233 2.99
0.368259 3
0.369283 3.01
0.370305 3.02
0.371325 3.03
0.372342 3.04
0.373358 3.05
0.374372 3.06
0.375384 3.07
0.376394 3.08
0.377402 3.09
0.378408 3.1
0.379412 3.11
0.380414 3.12
0.381414 3.13
0.382412 3.14
0.383408 3.15
0.384402 3.16
0.385393 3.17
0.386383 3.18
0.387371 3.19
0.388356 3.2
0.38934 3.21
0.390321 3.22
0.391301 3.23
0.392278 3.24
0.393253 3.25
0.394226 3.26
0.395197 3.27
0.396166 3.28
0.397133 3.29
0.398098 3.3
0.39906 3.31
0.400021 3.32
0.400979 3.33
0.401935 3.34
0.402889 3.35
0.403841 3.36
0.404791 3.37
0.405738 3.38
0.406684 3.39
0.407627 3.4
0.408568 3.41
0.409507 3.42
0.410443 3.43
0.411378 3.44
0.41231 3.45
0.41324 3.46
0.414168 3.47
0.415094 3.48
0.416018 3.49
0.416939 3.5
0.417858 3.51
0.418775 3.52
0.419689 3.53
0.420602 3.54
0.421512 3.55
0.42242 3.56
0.423326 3.57
0.424229 3.58
0.42513 3.59
0.426029 3.6
0.426926 3.61
0.42782 3.62
0.428712 3.63
0.429602 3.64
0.430489 3.65
0.431374 3.66
0.432257 3.67
0.433138 3.68
0.434016 3.69
0.434892 3.7
0.435766 3.71
0.436637 3.72
0.437506 3.73
0.438373 3.74
0.439237 3.75
0.440099 3.76
0.440959 3.77
0.441816 3.78
0.442671 3.79
0.443524 3.8
0.444374 3.81
0.445222 3.82
0.446068 3.83
0.446911 3.84
0.447751 3.85
0.44859 3.86
0.449426 3.87
0.450259 3.88
0.451091 3.89
0.451919 3.9
0.452746 3.91
0.45357 3.92
0.454391 3.93
0.45521 3.94
0.456027 3.95
0.456841 3.96
0.457653 3.97
0.458463 3.98
0.45927 3.99
0.460074 4
0.460876 4.01
0.461676 4.02
0.462473 4.03
0.463268 4.04
0.46406 4.05
0.46485 4.06
0.465637 4.07
0.466422 4.08
0.467204 4.09
0.467984 4.1
0.468761 4.11
0.469536 4.12
0.470309 4.13
0.471078 4.14
0.471846 4.15
0.472611 4.16
0.473373 4.17
0.474133 4.18
0.47489 4.19
0.475645 4.2
0.476397 4.21
0.477146 4.22
0.477894 4.23
0.478638 4.24
0.47938 4.25
0.48012 4.26
0.480857 4.27
0.481591 4.28
0.482323 4.29
0.483052 4.3
0.483779 4.31
0.484503 4.32
0.485224 4.33
0.485943 4.34
0.486659 4.35
0.487373 4.36
0.488084 4.37
0.488793 4.38
0.489499 4.39
0.490202 4.4
0.490903 4.41
0.491601 4.42
0.492296 4.43
0.492989 4.44
0.493679 4.45
0.494367 4.46
0.495052 4.47
0.495734 4.48
0.496414 4.49
0.497091 4.5
0.497765 4.51
0.498437 4.52
0.499106 4.53
0.499773 4.54
0.500436 4.55
0.501098 4.56
0.501756 4.57
0.502412 4.58
0.503065 4.59
0.503715 4.6
0.504363 4.61
0.505008 4.62
0.50565 4.63
0.50629 4.64
0.506927 4.65
0.507561 4.66
0.508193 4.67
0.508822 4.68
0.509448 4.69
0.510071 4.7
0.510692 4.71
0.51131 4.72
0.511925 4.73
0.512538 4.74
0.513148 4.75
0.513755 4.76
0.514359 4.77
0.514961 4.78
0.51556 4.79
0.516156 4.8
0.516749 4.81
0.51734 4.82
0.517928 4.83
0.518513 4.84
0.519095 4.85
0.519675 4.86
0.520252 4.87
0.520826 4.88
0.521397 4.89
0.521965 4.9
0.522531 4.91
0.523094 4.92
0.523654 4.93
0.524212 4.94
0.524766 4.95
0.525318 4.96
0.525867 4.97
0.526413 4.98
0.526957 4.99
0.527497 5
0.528035 5.01
0.52857 5.02
0.529102 5.03
0.529631 5.04
0.530158 5.05
0.530681 5.06
0.531202 5.07
0.53172 5.08
0.532235 5.09
0.532748 5.1
0.533257 5.11
0.533764 5.12
0.534268 5.13
0.534769 5.14
0.535267 5.15
0.535762 5.16
0.536255 5.17
0.536744 5.18
0.537231 5.19
0.537715 5.2
0.538196 5.21
0.538674 5.22
0.539149 5.23
0.539622 5.24
0.540091 5.25
0.540558 5.26
0.541022 5.27
0.541482 5.28
0.54194 5.29
0.542396 5.3
0.542848 5.31
0.543297 5.32
0.543744 5.33
0.544187 5.34
0.544628 5.35
0.545065 5.36
0.5455 5.37
0.545932 5.38
0.546361 5.39
0.546787 5.4
0.547211 5.41
0.547631 5.42
0.548048 5.43
0.548463 5.44
0.548874 5.45
0.549283 5.46
0.549689 5.47
0.550091 5.48
0.550491 5.49
0.550888 5.5
0.551282 5.51
0.551673 5.52
0.552061 5.53
0.552446 5.54
0.552829 5.55
0.553208 5.56
0.553584 5.57
0.553957 5.58
0.554328 5.59
0.554695 5.6
0.55506 5.61
0.555421 5.62
0.55578 5.63
0.556136 5.64
0.556488 5.65
0.556838 5.66
0.557185 5.67
0.557529 5.68
0.557869 5.69
0.558207 5.7
0.558542 5.71
0.558874 5.72
0.559203 5.73
0.559529 5.74
0.559852 5.75
0.560172 5.76
0.560489 5.77
0.560803 5.78
0.561114 5.79
0.561422 5.8
0.561727 5.81
0.562029 5.82
0.562328 5.83
0.562624 5.84
0.562917 5.85
0.563207 5.86
0.563494 5.87
0.563779 5.88
0.56406 5.89
0.564338 5.9
0.564613 5.91
0.564885 5.92
0.565154 5.93
0.56542 5.94
0.565683 5.95
0.565943 5.96
0.5662 5.97
0.566454 5.98
0.566705 5.99
0.566953 6
0.567198 6.01
0.56744 6.02
0.567679 6.03
0.567914 6.04
0.568147 6.05
0.568377 6.06
0.568604 6.07
0.568828 6.08
0.569048 6.09
0.569266 6.1
0.569481 6.11
0.569692 6.12
0.569901 6.13
0.570107 6.14
0.570309 6.15
0.570509 6.16
0.570705 6.17
0.570899 6.18
0.571089 6.19
0.571276 6.2
0.571461 6.21
0.571642 6.22
0.57182 6.23
0.571995 6.24
0.572167 6.25
0.572336 6.26
0.572502 6.27
0.572665 6.28
0.572825 6.29
0.572982 6.3
0.573136 6.31
0.573287 6.32
0.573434 6.33
0.573579 6.34
0.573721 6.35
0.573859 6.36
0.573995 6.37
0.574127 6.38
0.574257 6.39
0.574383 6.4
0.574506 6.41
0.574626 6.42
0.574744 6.43
0.574858 6.44
0.574969 6.45
0.575077 6.46
0.575182 6.47
0.575283 6.48
0.575382 6.49
0.575478 6.5
0.575571 6.51
0.57566 6.52
0.575747 6.53
0.57583 6.54
0.57591 6.55
0.575988 6.56
0.576062 6.57
0.576133 6.58
0.576201 6.59
0.576266 6.6
0.576328 6.61
0.576387 6.62
0.576443 6.63
0.576496 6.64
0.576546 6.65
0.576592 6.66
0.576636 6.67
0.576676 6.68
0.576714 6.69
0.576748 6.7
0.576779 6.71
0.576807 6.72
0.576833 6.73
0.576855 6.74
0.576874 6.75
0.576889 6.76
0.576902 6.77
0.576912 6.78
0.576919 6.79
0.576922 6.8
0.576923 6.81
0.57692 6.82
0.576915 6.83
0.576906 6.84
0.576894 6.85
0.57688 6.86
0.576862 6.87
0.576841 6.88
0.576817 6.89
0.57679 6.9
0.576759 6.91
0.576726 6.92
0.57669 6.93
0.57665 6.94
0.576608 6.95
0.576562 6.96
0.576514 6.97
0.576462 6.98
0.576407 6.99
0.57635 7
0.576289 7.01
0.576225 7.02
0.576158 7.03
0.576088 7.04
0.576015 7.05
0.575938 7.06
0.575859 7.07
0.575777 7.08
0.575691 7.09
0.575603 7.1
0.575511 7.11
0.575417 7.12
0.575319 7.13
0.575218 7.14
0.575114 7.15
0.575008 7.16
0.574898 7.17
0.574785 7.18
0.574669 7.19
0.574549 7.2
0.574427 7.21
0.574302 7.22
0.574174 7.23
0.574042 7.24
0.573908 7.25
0.573771 7.26
0.57363 7.27
0.573486 7.28
0.57334 7.29
0.57319 7.3
0.573037 7.31
0.572882 7.32
0.572723 7.33
0.572561 7.34
0.572396 7.35
0.572228 7.36
0.572057 7.37
0.571883 7.38
0.571706 7.39
0.571526 7.4
0.571342 7.41
0.571156 7.42
0.570967 7.43
0.570775 7.44
0.570579 7.45
0.570381 7.46
0.570179 7.47
0.569975 7.48
0.569767 7.49
0.569557 7.5
0.569343 7.51
0.569126 7.52
0.568907 7.53
0.568684 7.54
0.568458 7.55
0.56823 7.56
0.567998 7.57
0.567763 7.58
0.567525 7.59
0.567284 7.6
0.567041 7.61
0.566794 7.62
0.566544 7.63
0.566291 7.64
0.566035 7.65
0.565776 7.66
0.565514 7.67
0.565249 7.68
0.564981 7.69
0.56471 7.7
0.564436 7.71
0.564159 7.72
0.563879 7.73
0.563596 7.74
0.56331 7.75
0.563021 7.76
0.562729 7.77
0.562434 7.78
0.562136 7.79
0.561835 7.8
0.561531 7.81
0.561224 7.82
0.560914 7.83
0.560601 7.84
0.560285 7.85
0.559966 7.86
0.559645 7.87
0.55932 7.88
0.558992 7.89
0.558661 7.9
0.558327 7.91
0.55799 7.92
0.557651 7.93
0.557308 7.94
0.556962 7.95
0.556614 7.96
0.556262 7.97
0.555907 7.98
0.55555 7.99
0.555189 8
0.554826 8.01
0.554459 8.02
0.55409 8.03
0.553718 8.04
0.553342 8.05
0.552964 8.06
0.552583 8.07
0.552199 8.08
0.551812 8.09
0.551422 8.1
0.551029 8.11
0.550633 8.12
0.550234 8.13
0.549833 8.14
0.549428 8.15
0.54902 8.16
0.54861 8.17
0.548196 8.18
0.54778 8.19
0.547361 8.2
0.546939 8.21
0.546514 8.22
0.546086 8.23
0.545655 8.24
0.545221 8.25
0.544784 8.26
0.544345 8.27
0.543902 8.28
0.543457 8.29
0.543008 8.3
0.542557 8.31
0.542103 8.32
0.541646 8.33
0.541186 8.34
0.540724 8.35
0.540258 8.36
0.539789 8.37
0.539318 8.38
0.538844 8.39
0.538367 8.4
0.537887 8.41
0.537404 8.42
0.536918 8.43
0.53643 8.44
0.535938 8.45
0.535444 8.46
0.534947 8.47
0.534447 8.48
0.533944 8.49
0.533438 8.5
0.53293 8.51
0.532419 8.52
0.531904 8.53
0.531387 8.54
0.530868 8.55
0.530345 8.56
0.529819 8.57
0.529291 8.58
0.52876 8.59
0.528226 8.6
0.527689 8.61
0.52715 8.62
0.526607 8.63
0.526062 8.64
0.525514 8.65
0.524963 8.66
0.52441 8.67
0.523853 8.68
0.523294 8.69
0.522732 8.7
0.522168 8.71
0.5216 8.72
0.52103 8.73
0.520457 8.74
0.519881 8.75
0.519302 8.76
0.518721 8.77
0.518137 8.78
0.51755 8.79
0.51696 8.8
0.516368 8.81
0.515773 8.82
0.515175 8.83
0.514574 8.84
0.513971 8.85
0.513365 8.86
0.512756 8.87
0.512144 8.88
0.51153 8.89
0.510913 8.9
0.510293 8.91
0.509671 8.92
0.509046 8.93
0.508418 8.94
0.507787 8.95
0.507154 8.96
0.506518 8.97
0.505879 8.98
0.505238 8.99
0.504594 9
0.503947 9.01
0.503297 9.02
0.502645 9.03
0.50199 9.04
0.501333 9.05
0.500673 9.06
0.50001 9.07
0.499344 9.08
0.498676 9.09
0.498005 9.1
0.497332 9.11
0.496656 9.12
0.495977 9.13
0.495296 9.14
0.494612 9.15
0.493925 9.16
0.493236 9.17
0.492544 9.18
0.491849 9.19
0.491152 9.2
0.490452 9.21
0.48975 9.22
0.489045 9.23
0.488337 9.24
0.487627 9.25
0.486914 9.26
0.486199 9.27
0.485481 9.28
0.48476 9.29
0.484037 9.3
0.483311 9.31
0.482583 9.32
0.481852 9.33
0.481119 9.34
0.480383 9.35
0.479644 9.36
0.478903 9.37
0.47816 9.38
0.477413 9.39
0.476665 9.4
0.475913 9.41
0.475159 9.42
0.474403 9.43
0.473644 9.44
0.472883 9.45
0.472119 9.46
0.471352 9.47
0.470584 9.48
0.469812 9.49
0.469038 9.5
0.468262 9.51
0.467483 9.52
0.466701 9.53
0.465917 9.54
0.465131 9.55
0.464342 9.56
0.463551 9.57
0.462757 9.58
0.461961 9.59
0.461162 9.6
0.460361 9.61
0.459557 9.62
0.458751 9.63
0.457942 9.64
0.457131 9.65
0.456318 9.66
0.455502 9.67
0.454684 9.68
0.453863 9.69
0.45304 9.7
0.452215 9.71
0.451387 9.72
0.450556 9.73
0.449724 9.74
0.448888 9.75
0.448051 9.76
0.447211 9.77
0.446369 9.78
0.445524 9.79
0.444677 9.8
0.443828 9.81
0.442976 9.82
0.442122 9.83
0.441265 9.84
0.440406 9.85
0.439545 9.86
0.438682 9.87
0.437816 9.88
0.436948 9.89
0.436077 9.9
0.435204 9.91
0.434329 9.92
0.433452 9.93
0.432572 9.94
0.43169 9.95
0.430805 9.96
0.429919 9.97
0.42903 9.98
0.428139 9.99
0.427245 10
0.426349 10.01
0.425451 10.02
0.424551 10.03
0.423648 10.04
0.422743 10.05
0.421836 10.06
0.420927 10.07
0.420015 10.08
0.419101 10.09
0.418185 10.1
0.417267 10.11
0.416347 10.12
0.415424 10.13
0.414499 10.14
0.413572 10.15
0.412642 10.16
0.411711 10.17
0.410777 10.18
0.409841 10.19
0.408903 10.2
0.407963 10.21
0.40702 10.22
0.406076 10.23
0.405129 10.24
0.40418 10.25
0.403229 10.26
0.402276 10.27
0.40132 10.28
0.400363 10.29
0.399403 10.3
0.398441 10.31
0.397477 10.32
0.396511 10.33
0.395543 10.34
0.394573 10.35
0.393601 10.36
0.392626 10.37
0.39165 10.38
0.390671 10.39
0.38969 10.4
0.388708 10.41
0.387723 10.42
0.386736 10.43
0.385747 10.44
0.384756 10.45
0.383763 10.46
0.382768 10.47
0.38177 10.48
0.380771 10.49
0.37977 10.5
0.378767 10.51
0.377762 10.52
0.376754 10.53
0.375745 10.54
0.374734 10.55
0.37372 10.56
0.372705 10.57
0.371688 10.58
0.370669 10.59
0.369648 10.6
0.368624 10.61
0.367599 10.62
0.366572 10.63
0.365543 10.64
0.364512 10.65
0.363479 10.66
0.362444 10.67
0.361408 10.68
0.360369 10.69
0.359328 10.7
0.358286 10.71
0.357241 10.72
0.356195 10.73
0.355147 10.74
0.354096 10.75
0.353044 10.76
0.35199 10.77
0.350935 10.78
0.349877 10.79
0.348818 10.8
0.347756 10.81
0.346693 10.82
0.345628 10.83
0.344561 10.84
0.343492 10.85
0.342422 10.86
0.341349 10.87
0.340275 10.88
0.339199 10.89
0.338121 10.9
0.337041 10.91
0.33596 10.92
0.334877 10.93
0.333792 10.94
0.332705 10.95
0.331616 10.96
0.330526 10.97
0.329434 10.98
0.32834 10.99
0.327245 11
0.326147 11.01
0.325048 11.02
0.323947 11.03
0.322845 11.04
0.321741 11.05
0.320635 11.06
0.319527 11.07
0.318418 11.08
0.317307 11.09
0.316194 11.1
0.315079 11.11
0.313963 11.12
0.312845 11.13
0.311726 11.14
0.310605 11.15
0.309482 11.16
0.308358 11.17
0.307232 11.18
0.306104 11.19
0.304975 11.2
0.303844 11.21
0.302711 11.22
0.301577 11.23
0.300441 11.24
0.299304 11.25
0.298165 11.26
0.297024 11.27
0.295882 11.28
0.294738 11.29
0.293593 11.3
0.292446 11.31
0.291298 11.32
0.290148 11.33
0.288996 11.34
0.287843 11.35
0.286689 11.36
0.285533 11.37
0.284375 11.38
0.283216 11.39
0.282055 11.4
0.280893 11.41
0.279729 11.42
0.278564 11.43
0.277398 11.44
0.27623 11.45
0.27506 11.46
0.273889 11.47
0.272716 11.48
0.271543 11.49
0.270367 11.5
0.26919 11.51
0.268012 11.52
0.266832 11.53
0.265651 11.54
0.264469 11.55
0.263285 11.56
0.262099 11.57
0.260913 11.58
0.259725 11.59
0.258535 11.6
0.257344 11.61
0.256152 11.62
0.254958 11.63
0.253763 11.64
0.252567 11.65
0.251369 11.66
0.25017 11.67
0.24897 11.68
0.247768 11.69
0.246565 11.7
0.245361 11.71
0.244155 11.72
0.242948 11.73
0.24174 11.74
0.240531 11.75
0.23932 11.76
0.238108 11.77
0.236895 11.78
0.23568 11.79
0.234464 11.8
0.233247 11.81
0.232029 11.82
0.230809 11.83
0.229589 11.84
0.228367 11.85
0.227143 11.86
0.225919 11.87
0.224693 11.88
0.223466 11.89
0.222238 11.9
0.221009 11.91
0.219779 11.92
0.218547 11.93
0.217315 11.94
0.216081 11.95
0.214846 11.96
0.213609 11.97
0.212372 11.98
0.211134 11.99
0.209894 12
