0
0.109383
0.0865606
0.0865605
-0.127981
-0.127981
-0.278139
-0.496256
-0.496256
-0.517728
-0.321691
0.0857648
0.528103
0.682578
0.524571
0.325299
0.131843
-0.0354213
-0.128162
-0.19383
-0.29125
-0.419289
-0.510651
-0.502404
-0.36719
-0.11696
0.188216
0.188217
0.400999
0.340378
0.057472
-0.108087
-0.102864
-0.102864
-0.0331245
0.116512
0.105488
-0.0923752
-0.287938
-0.326497
-0.198764
0.0294461
0.239388
0.239388
0.30888
0.354764
0.408955
0.408955
0.408986
0.408986
0.501433
0.565574
0.374154
-0.0710305
-0.413772
-0.493051
-0.49218
-0.49218
-0.492183
-0.492183
-0.506118
-0.472105
-0.261264
0.220942
0.220942
1.02641
1.3317
0.245165
-0.506667
-0.495091
-0.229147
-0.232219
-0.232219
-0.279557
-0.279635
-0.279635
-0.40472
-0.463771
-0.464567
-0.464567
-0.434159
-0.279431
-0.0192497
0.282436
0.282436
0.48734
