0
-0.0445859
-0.0514159
-0.0494401
-0.141471
-0.139342
-0.253456
8.30217
-0.599727
-1.15006
-1.81635
-2.3241
-2.21443
-1.47497
-0.943507
-0.80195
-0.652162
-0.282785
0.321278
1.09113
1.94071
2.77484
3.53812
4.23553
4.89184
5.50907
-17.1861
5.97115
5.87738
4.71032
2.63629
0.354593
0.154958
0.102277
-0.745853
-2.47752
-4.03598
-5.32115
-6.3006
-7.0793
-7.74511
-8.34219
21.9334
-8.58961
-7.46458
-4.71637
-4.49566
-4.45031
-4.40712
-4.36589
-3.36674
-0.482726
1.98157
3.94372
5.48688
6.66341
7.26309
7.31585
7.36609
7.41384
7.59454
8.21906
8.89527
-20.4895
9.46176
8.05991
2.68357
0.74714
0.161084
-1.2092
-2.44551
-2.51703
-2.57091
-3.53373
-3.58572
-3.63501
-4.44122
-5.22609
-5.36477
-5.40341
-5.9699
-6.62178
-7.21123
19.8466
-7.51469
-6.87615
