0.357143
-0.159573
-0.147206
-0.147206
-0.0121318
-0.0121318
0.0142694
0.0876866
0.0876865
0.0426292
0.0558641
0.0474081
-0.000462131
-0.163271
-0.228702
-0.16878
-0.226696
-0.212432
-0.247879
-0.304
-0.363785
-0.419468
-0.449019
-0.480767
-0.482989
-0.458161
-0.370115
-0.370115
-0.224555
-0.100791
-0.0294804
0.0325884
0.0210127
0.0210127
-0.0441698
-0.0778716
-0.212572
-0.258512
-0.220779
-0.272154
-0.271022
-0.253072
-0.116093
-0.116093
0.101892
0.178927
0.199377
0.199377
0.19938
0.19938
0.0595058
-0.0655429
-0.293583
-0.395495
-0.150433
-0.283327
-0.307801
-0.307801
-0.307812
-0.307813
-0.342125
-0.399124
-0.304307
-0.143683
-0.143683
0.347007
-0.512981
-2.0105
1.18527
0.457729
0.129108
0.13168
0.13168
0.151566
0.151516
0.151516
0.00247055
0.15538
0.13868
0.13868
0.046517
0.0783646
0.0169681
0.0390706
0.0390707
0.10347
