1.30952
0.361498
0.320066
0.320066
-0.0261492
-0.0261494
-0.222781
-0.304806
-0.304807
-0.144144
0.148445
0.642346
1.19851
1.23487
0.567583
-0.103201
-0.435112
-0.390629
-0.09142
0.124892
0.0564818
-0.274839
-0.682695
-1.00775
-1.16047
-1.11275
-0.932681
-0.932681
-0.91035
-1.34278
-1.76931
-1.37362
-1.12791
-1.12791
-0.358965
0.601046
0.931642
0.719737
0.47629
0.413698
0.454581
0.434641
0.165863
0.165863
-0.227788
0.199009
0.406276
0.406276
0.406388
0.406388
1.04103
2.03874
1.9855
1.17898
0.616045
0.39957
0.0638341
0.0638339
0.0637555
0.0637552
-0.158355
-0.911673
-1.25144
-0.474078
-0.474077
2.1551
3.15327
-0.211648
-1.73662
-0.658215
0.241929
0.253935
0.253935
-0.034105
-0.0341875
-0.0341876
-0.586087
-0.977414
-1.00234
-1.00234
-1.18949
-1.25479
-1.1403
-0.96359
-0.96359
-1.02414
