1.11022e-16
0.145776
0.132268
0.132268
0.0443185
0.0443185
0.0410589
0.148861
0.148861
0.0890795
0.198362
0.133214
0.048963
-0.345839
-0.151922
0.0192583
0.0298682
0.134954
0.0586274
0.033287
-0.0733801
-0.0304115
-0.0393176
0.00688058
-0.0242455
0.00728151
0.0289552
0.0289552
0.168099
0.0999029
-0.413436
-0.689965
-0.58829
-0.58829
-0.269256
0.0392594
0.265533
0.0724449
0.0625464
-0.0403778
0.0660682
0.0237436
0.122481
0.122481
0.216749
0.516869
0.407077
0.407077
0.407021
0.407021
0.0899572
-0.139826
-0.566154
0.0564248
0.26821
0.146765
0.137128
0.137128
0.137123
0.137123
0.0970263
-0.141335
-0.0339051
-0.0885244
-0.0885242
0.549921
0.338484
1.01711
-2.29866
2.00543
-1.80666
-1.68154
-1.68154
1.33607
1.33504
1.33504
-1.32801
1.09296
0.791446
0.791445
-0.566156
0.350675
-0.634016
0.0696322
0.0696319
-0.939821
