5.55112e-17
0.106011
0.0956927
0.0956927
-0.0048224
-0.00482244
-0.0610642
-0.219928
-0.219928
-0.326671
-0.366162
-0.153917
0.380952
0.798966
0.348214
0.100917
-0.0250373
-0.118973
-0.0884339
0.000277976
0.0703671
0.0447379
0.00936506
-0.0133704
-0.0145348
-0.0201792
-0.0599824
-0.0599825
-0.145772
-0.174463
-0.07919
0.184708
0.225491
0.225491
0.277084
0.0683326
-0.282994
-0.16987
-0.0300141
0.00875556
0.00757597
-0.0275909
-0.0510338
-0.0510339
-0.147485
-0.410097
-0.380669
-0.380669
-0.380642
-0.380642
-0.19138
0.107852
0.499143
-0.0581107
-0.352537
-0.3448
-0.296191
-0.296191
-0.296179
-0.296179
-0.242172
-0.0597619
0.211844
0.722778
0.722778
-0.119471
-4.81463
-0.311324
1.16471
1.02138
-0.165707
-0.15238
-0.15238
0.0914189
0.0912158
0.0912156
-0.29627
0.270657
0.213893
0.213893
0.0240457
0.164508
0.274402
0.407981
0.407981
0.812
