-0.125
-0.00796775
-0.00143011
-0.0660166
-0.00402538
-0.0556
-0.130489
-0.0293821
-0.15083
-0.195954
-0.27243
-0.373222
-0.468417
-0.527491
-0.561757
-0.591512
-0.616988
-0.627649
-0.611976
-0.561657
-0.47244
-0.344614
-0.18104
0.0158154
0.244826
0.505006
0.555
0.789547
1.07153
1.29803
1.42425
1.51666
1.55246
1.46699
1.39597
1.27793
1.08536
0.831361
0.530462
0.191822
-0.179867
-0.582135
-0.644193
-0.998422
-1.36093
-1.50354
-1.53799
-1.53801
-1.53803
-1.60886
-1.73874
-1.76275
-1.66741
-1.47759
-1.21378
-0.990565
-1.0273
-1.02726
-1.02726
-0.926485
-0.524783
-0.129379
0.300014
0.346192
0.758866
1.14965
1.27439
1.30568
1.31141
1.25251
1.36189
1.36641
1.13459
1.23566
1.23571
0.957193
0.746807
0.757845
0.765121
0.503219
0.212668
-0.102829
-0.448398
-0.506835
-0.810671
-1.14338
