-0.219431
0.0660957
0.0820008
-0.060213
0.0910966
-0.0330998
-0.223231
0.0306983
-0.268869
-0.338531
-0.407584
-0.446482
-0.407813
-0.328656
-0.279963
-0.268466
-0.284614
-0.287808
-0.256041
-0.180734
-0.0806464
0.0297861
0.141567
0.262696
0.404559
0.586082
0.576933
0.811704
1.05025
1.20615
1.20758
1.26886
1.3068
1.15417
1.04975
0.962501
0.807085
0.566382
0.267464
-0.0783895
-0.442178
-0.827569
-0.841027
-1.21718
-1.55548
-1.62483
-1.63323
-1.63326
-1.63326
-1.71472
-1.77636
-1.65207
-1.43121
-1.17949
-0.892417
-0.666972
-0.693944
-0.693907
-0.693911
-0.603896
-0.254347
0.0498367
0.397642
0.411232
0.861728
1.4383
1.5222
1.47304
1.35298
1.39653
1.4209
1.42164
1.17996
1.18018
1.18017
1.06071
0.7129
0.60251
0.584895
0.427933
0.0506334
-0.317939
-0.745044
-0.953264
-1.12189
-1.48818
