65.1786
-21.662
-18.9683
-24.8062
4.07758
0.817791
2.26657
23.7129
19.7845
16.1771
25.2843
32.1666
32.7233
10.4711
6.142
27.3518
26.6404
39.8446
43.0884
40.6941
35.2035
27.7059
22.4754
14.0598
8.80234
6.87388
28.9517
16.44
38.0105
56.967
66.953
81.3574
80.6874
75.2654
57.991
47.5861
16.5883
2.00998
5.0954
-7.53478
-8.80052
-4.91196
23.0413
25.2792
76.3605
96.2276
100.624
100.627
100.628
109.123
94.3678
79.975
40.944
21.465
69.2691
43.7974
39.6797
39.6792
39.6772
38.562
26.6024
7.27343
15.5095
44.3856
37.2295
128.372
-48.0132
-375.774
224.625
92.3966
30.1039
30.4821
26.3353
27.6341
27.6237
24.7892
-9.85558
15.1616
11.6077
11.9367
-7.66007
-2.65818
-14.3622
-14.3327
-8.80098
7.17918
