0.454545
0.454076
0.454024
0.454024
0.453376
0.453376
0.452668
0.450326
0.450326
0.447053
0.442857
0.437745
0.43173
0.424823
0.417038
0.408391
0.398901
0.388587
0.37747
0.365574
0.352922
0.339541
0.325459
0.310704
0.295308
0.279301
0.262718
0.262718
0.245592
0.227959
0.209854
0.191316
0.185931
0.185931
0.172383
0.153094
0.133489
0.113607
0.0934916
0.0731825
0.0527224
0.0321533
0.0115178
0.0115178
-0.00914155
-0.029782
-0.0359181
-0.0359181
-0.0359222
-0.0359222
-0.0503609
-0.0708357
-0.0911643
-0.111304
-0.131215
-0.150854
-0.165443
-0.165443
-0.165445
-0.165445
-0.170182
-0.189158
-0.207743
-0.225899
-0.225899
-0.243589
-0.260775
-0.277422
-0.293497
-0.308965
-0.323795
-0.324373
-0.324373
-0.337956
-0.337963
-0.337963
-0.351419
-0.364156
-0.366153
-0.366153
-0.376141
-0.387349
-0.397756
-0.407342
-0.407342
-0.416087
