324.702
284.153
222.715
169.272
123.099
83.5393
50.0022
21.7131
-1.595
-7.14133
-20.3132
-34.7461
-45.0995
-51.465
-53.8038
-51.9286
-45.4879
-33.9549
-16.6305
7.32889
38.843
78.78
127.755
185.852
252.308
325.218
399.236
401.724
403.962
451.826
500.168
544.608
581.843
609.285
625.368
629.623
622.558
605.402
579.815
547.643
510.725
470.78
429.35
387.775
347.195
308.564
272.657
240.087
211.312
186.64
166.235
150.117
138.172
130.159
125.718
124.392
125.642
128.875
133.462
138.772
144.189
149.141
153.115
155.675
156.47
155.238
151.807
146.089
138.073
127.815
115.422
101.049
84.8807
67.1283
48.0212
27.8047
6.73947
-14.8957
-36.798
-58.6319
-80.0179
-100.52
-119.629
-136.754
-151.206
-162.2
-168.869
-174.192
-174.192
-170.297
-165.595
-154.019
-135.142
-109.083
-76.7418
-40.0202
-1.90764
33.6267
61.9969
78.5752
79.3502
61.4983
23.7407
-33.5349
-108.318
-197.094
-295.007
-396.106
-493.767
-581.35
-653.016
-704.531
-733.808
-741.03
-728.349
-699.313
-658.204
-609.429
-557.054
-504.489
-454.335
-408.342
-367.474
-332.038
-301.84
-276.353
-254.864
-236.597
-220.801
-206.807
-194.063
-182.145
-170.752
-159.701
-148.901
-138.347
-128.091
-118.233
-108.903
-100.249
-92.4234
-85.5756
-79.8401
-75.3303
-72.1342
-74.0697
-70.315
-69.9205
-71.0053
-73.668
-78.104
-84.6664
-93.9161
-106.632
-123.742
-146.156
-174.502
-208.826
-248.348
-291.378
-335.432
-377.548
-414.696
-444.197
-464.053
-473.141
-471.249
-458.988
-437.619
-408.823
-374.482
-336.485
-296.577
-256.264
-216.764
-178.998
-143.606
-110.989
-81.3518
-54.7517
-31.1431
-10.4158
7.57491
22.9851
35.9669
46.6584
55.179
61.6282
66.0868
68.62
69.2817
68.1192
65.1789
60.5115
54.1784
46.2585
36.8555
26.1076
14.1984
1.37253
-12.0453
-25.6242
-38.7925
-50.7924
-60.6228
-66.9673
-68.114
-61.8746
-35.7394
-45.5287
-15.843
30.7469
97.6698
187.338
299.8
431.151
571.986
709.048
826.639
911.52
938.805
938.856
956.908
931.799
887.533
830.063
764.074
693.745
622.309
552.147
484.975
421.992
363.998
311.493
264.747
223.862
188.809
159.466
135.637
117.073
103.482
94.534
89.8678
89.0881
91.7672
97.4446
105.628
115.795
127.401
139.887
152.694
165.273
177.105
187.714
196.687
203.676
208.417
210.724
210.493
207.696
202.368
194.604
184.539
172.341
158.2
142.315
124.891
106.134
86.2465
65.4273
43.8762
21.7966
-0.598213
-23.0768
-45.3801
-67.21
-88.2173
-107.988
-126.034
-141.78
-154.564
-163.649
-168.252
-171.907
-167.606
-161.058
-148.228
-129.194
-104.727
-76.486
-47.1339
-20.2632
-0.0842387
9.11993
3.66336
-18.9221
-59.4748
-117.066
-189.101
-271.56
-359.324
-446.583
-527.354
-596.124
-648.532
-681.942
-695.721
-691.158
-671.046
-639.087
-599.272
