-1.44231
-0.670068
-0.263551
0.00322699
0.220655
0.434333
0.668834
0.91988
1.21578
2.91026
1.55901
1.95507
2.41256
2.94294
3.56026
4.28023
5.1187
6.08886
7.19663
8.43341
9.76561
11.1207
12.3716
13.3237
13.714
13.236
12.6596
12.587
11.5249
8.35495
4.63617
0.498864
-3.81505
-7.96511
-11.587
-14.3812
-16.1777
-16.9563
-16.8224
-15.9587
-14.5741
-12.8638
-10.9873
-9.06071
-7.16028
-5.33029
-3.59312
-1.95819
-0.428885
0.992635
2.30277
3.49549
4.56251
5.49429
6.28144
6.91621
7.39387
7.71386
7.88055
7.90355
7.79757
7.58171
7.27848
6.91227
6.50782
6.08849
5.6748
5.28317
4.92513
4.60691
4.32951
4.08911
3.87775
3.68419
3.49482
3.29462
3.06803
2.79986
2.47612
2.08503
1.6181
1.07159
0.448273
-0.240149
-0.970181
-1.70304
-2.38084
-1.95307
-1.95307
-2.9229
-3.22295
-3.14825
-2.54242
-1.23315
0.953451
4.17064
8.52042
14.0144
20.5285
27.7582
35.1897
42.1066
47.6475
50.918
51.1362
47.7793
40.7016
30.201
17.0241
2.30403
-12.5729
-26.1671
-37.2224
-44.8826
-48.8217
-49.2446
-46.7693
-42.2415
-36.5456
-30.4629
-24.5937
-19.3368
-14.909
-11.3828
-8.72877
-6.8529
-5.62705
-4.91089
-4.56719
-4.47167
-4.51845
-4.62232
-4.71861
-4.76126
-4.72011
-4.57752
-4.32518
-3.96119
-3.48775
-2.90957
-2.23309
-1.46651
-0.620727
0.28879
1.23926
1.95444
2.19701
3.11343
3.92121
4.53219
4.83905
4.7238
4.07618
2.82364
0.970549
-1.36265
-3.91691
-6.30785
-8.08589
-8.83476
-8.27854
-6.35764
-3.2456
0.696342
5.00608
9.21736
12.939
15.9017
17.9715
19.1364
19.4785
19.1402
18.2938
17.1159
15.7698
14.3936
13.0947
11.9482
10.9989
10.265
9.74347
9.41523
9.25074
9.21448
9.26869
9.37614
9.502
9.61491
9.68756
9.69679
9.62356
9.45273
9.17295
8.7766
8.25987
7.62304
6.87094
6.01363
5.06733
4.05556
3.01047
1.9744
1.00137
0.158358
-0.474403
-0.805113
-0.735973
-0.17542
0.0792226
0.938879
2.60287
4.69487
6.92039
8.78439
9.64922
8.94389
6.90254
4.05837
1.82448
1.8092
3.7956
3.80531
4.91184
10.8836
16.4835
20.6245
22.9096
23.3521
22.229
19.9666
17.0214
13.7983
10.6133
7.68559
5.14825
3.06619
1.45514
0.298165
-0.441573
-0.811601
-0.864049
-0.651879
-0.226744
0.362131
1.06848
1.84927
2.665
3.47999
4.26281
4.98685
5.63072
6.17872
6.62099
6.95342
7.17723
7.29833
7.32632
7.27346
7.15349
6.98057
6.76829
6.5289
6.27272
6.00784
5.73993
5.47232
5.20618
4.94083
4.67406
4.40252
4.12211
3.82826
3.51617
3.18102
2.81794
2.42196
1.98768
1.50874
0.97687
0.380391
-0.298113
-1.08534
-2.02244
-4.36909
-3.17206
-4.62733
-6.52138
-9.03408
-12.3895
-16.834
-22.5834
-29.736
-38.1619
-47.4098
-56.6866
-64.9551
-71.1434
-74.4002
-74.295
-70.8952
-64.7061
-56.5183
-47.2262
-37.6716
-28.5451
-20.3495
-13.4105
-7.90807
-3.9061
-1.36941
-0.171898
