0.5
0.329408
0.34559
0.34559
0.48017
0.48017
0.54829
0.531624
0.531624
0.309655
-0.0788811
-0.580761
-0.996331
-1.0094
-0.629969
-0.183468
0.222491
0.515506
0.616456
0.570781
0.464568
0.346539
0.209645
0.046839
-0.131396
-0.302576
-0.425985
-0.425985
-0.398786
-0.0987261
0.364455
0.606986
0.601387
0.601387
0.486848
0.180948
-0.0371197
-0.085087
-0.0919059
-0.16273
-0.280066
-0.380645
-0.37697
-0.37697
-0.19916
-0.024606
-0.0267504
-0.0267504
-0.0267486
-0.0267486
-0.0316703
-0.0712214
0.023753
0.275072
0.37399
0.219186
0.0836634
0.0836633
0.0836517
0.0836517
0.065222
-0.0278752
-0.175389
-0.487358
-0.487358
-1.05736
-1.11961
0.15804
1.00227
0.961748
0.552607
0.548014
0.548014
0.380625
0.380584
0.380584
0.258651
0.106327
0.0799638
0.0799638
-0.047144
-0.207892
-0.354779
-0.451596
-0.451596
-0.410214
