0.5
0.438791
0.432151
0.43215
0.352189
0.352189
0.270151
0.0353686
0.0353685
-0.208073
-0.400572
-0.494996
-0.468228
-0.326822
-0.105398
0.141831
0.354335
0.480085
0.488294
0.376951
0.173318
-0.07275
-0.301006
-0.455565
-0.498586
-0.419536
-0.237768
-0.237768
0.00221285
0.241652
0.421927
0.498899
0.498524
0.498524
0.453723
0.29746
0.0683686
-0.177462
-0.379844
-0.489227
-0.47883
-0.351199
-0.137582
-0.137582
0.10972
0.330158
0.382205
0.382205
0.382237
0.382237
0.469762
0.494352
0.397907
0.204041
-0.0397818
-0.273865
-0.408517
-0.408517
-0.408531
-0.408531
-0.440896
-0.49998
-0.436652
-0.266417
-0.266416
-0.0309526
0.21209
0.403205
0.495601
0.466658
0.32346
0.315795
0.315795
0.101068
0.100949
0.100949
-0.146069
-0.357443
-0.384603
-0.384603
-0.481303
-0.487323
-0.374029
-0.16916
-0.16916
0.0771257
