0.454545
0.348065
0.358331
0.358331
0.458198
0.458198
0.513733
0.670254
0.670254
0.773724
0.809019
0.591663
0.0507779
-0.374143
0.068824
0.307474
0.423938
0.50756
0.465904
0.365296
0.282555
0.294803
0.316094
0.324075
0.309843
0.299481
0.322701
0.322701
0.391364
0.402421
0.289044
0.00660827
-0.0395598
-0.0395598
-0.104701
0.0847615
0.416483
0.283477
0.123506
0.064427
0.0451464
0.0597442
0.0625516
0.0625516
0.138344
0.380315
0.34475
0.34475
0.34472
0.34472
0.141019
-0.178688
-0.590308
-0.0531938
0.221323
0.193946
0.130748
0.130748
0.130734
0.130734
0.0719902
-0.129396
-0.419587
-0.948677
-0.948677
-0.124117
4.55386
0.0339012
-1.45821
-1.33034
-0.158088
-0.171993
-0.171993
-0.429375
-0.429179
-0.429179
-0.0551489
-0.634813
-0.580046
-0.580046
-0.400187
-0.551857
-0.672158
-0.815323
-0.815323
-1.22809
