0.00576923
0.0114384
0.0170573
0.0226446
0.028207
0.0337449
0.0392555
0.0447368
0.0501829
0.0501829
0.0555879
0.0609454
0.066248
0.071487
0.0766523
0.081732
0.0867123
0.0915785
0.0963154
0.100909
0.105351
0.109642
0.113799
0.117864
0.12191
0.12605
0.126194
0.126194
0.130442
0.135256
0.140553
0.14637
0.152711
0.159537
0.166762
0.174266
0.18191
0.189555
0.197083
0.204402
0.211449
0.218191
0.224613
0.230718
0.236518
0.242031
0.247275
0.252271
0.257039
0.261599
0.26597
0.270171
0.274222
0.278144
0.281959
0.285686
0.289347
0.292964
0.296555
0.300138
0.303728
0.307338
0.310974
0.314644
0.318349
0.322088
0.325856
0.329649
0.333459
0.337278
0.341099
0.344916
0.348721
0.352512
0.356286
0.360043
0.363785
0.367515
0.37124
0.374966
0.3787
0.38245
0.386224
0.390027
0.393862
0.397725
0.401606
0.401606
0.401606
0.405486
0.40933
0.413089
0.416696
0.420061
0.423079
0.425624
0.427563
0.428767
0.429125
0.428569
0.427101
0.424815
0.421912
0.418703
0.415588
0.413026
0.411474
0.41134
0.412922
0.416361
0.421614
0.428456
0.436506
0.445284
0.454284
0.463043
0.471193
0.478486
0.484797
0.490106
0.494469
0.497995
0.500814
0.503065
0.504875
0.506357
0.507602
0.508683
0.509651
0.510538
0.511363
0.512134
0.51285
0.513502
0.51408
0.514571
0.514961
0.515238
0.515388
0.515399
0.515262
0.514968
0.514509
0.51388
0.513079
0.513079
0.512109
0.510978
0.509703
0.508313
0.506848
0.505363
0.503926
0.50261
0.501488
0.500613
0.500003
0.499628
0.499397
0.499173
0.498783
0.498057
0.496848
0.495063
0.492673
0.489706
0.486243
0.482395
0.47829
0.474049
0.469782
0.465576
0.461492
0.457567
0.453816
0.450236
0.446809
0.44351
0.440307
0.437167
0.434059
0.430956
0.427835
0.424678
0.421473
0.418213
0.414896
0.411525
0.408104
0.404642
0.401149
0.397638
0.394122
0.390614
0.387129
0.383679
0.380278
0.376935
0.37366
0.370458
0.367328
0.364266
0.361261
0.358293
0.355332
0.352339
0.349261
0.346036
0.346036
0.342598
0.33888
0.334835
0.330457
0.325801
0.321004
0.316273
0.311776
0.307609
0.303683
0.299701
0.299688
0.299688
0.295262
0.29001
0.28402
0.277502
0.270711
0.263895
0.257254
0.25093
0.244999
0.239486
0.23437
0.229604
0.225128
0.220872
0.216768
0.212752
0.208767
0.204764
0.200702
0.196549
0.192279
0.187875
0.183327
0.178628
0.173779
0.168785
0.163655
0.1584
0.153034
0.147574
0.142036
0.136437
0.130793
0.125118
0.119426
0.113728
0.108032
0.102346
0.0966742
0.0910204
0.0853862
0.0797724
0.0741788
0.0686053
0.0630511
0.0575161
0.052
0.0465034
0.0410272
0.0355729
0.0301426
0.0247391
0.0193656
0.014026
0.00872467
0.00346681
-0.00174155
-0.006893
-0.0119781
-0.0169843
-0.021894
-0.021894
-0.0266821
-0.0313124
-0.0357325
-0.0398686
-0.0436201
-0.0468582
-0.04943
-0.0511751
-0.0519549
-0.0516935
-0.0504197
-0.0482954
-0.0456152
-0.0427743
-0.0402105
-0.0383391
-0.0374963
-0.0379057
-0.0396683
-0.042773
-0.0471202
-0.0525482
-0.0588589
-0.0658372
-0.0732665
-0.0809419
-0.0886813
