0
0.29636
0.193349
0.100084
0.0157631
-0.0603233
-0.128788
-0.190548
-0.245619
-0.294218
-0.294218
-0.336396
-0.372036
-0.400844
-0.422342
-0.435864
-0.440548
-0.435351
-0.419069
-0.390413
-0.348139
-0.291281
-0.219482
-0.13343
-0.0353107
0.0708666
0.179276
0.18295
0.18295
0.25174
0.318824
0.377886
0.424909
0.457354
0.474376
0.476654
0.465968
0.444684
0.415318
0.380232
0.341477
0.300751
0.259418
0.218564
0.179051
0.141571
0.106686
0.0748522
0.046435
0.0217118
0.000869011
-0.0160056
-0.0289314
-0.0380417
-0.0435866
-0.0459304
-0.0455432
-0.0429854
-0.0388878
-0.0339261
-0.0287941
-0.0241758
-0.0207194
-0.0190141
-0.0195722
-0.022816
-0.0290709
-0.0385622
-0.0514176
-0.0676718
-0.087273
-0.11009
-0.135921
-0.164496
-0.195483
-0.228487
-0.263053
-0.298654
-0.33469
-0.370472
-0.405207
-0.437985
-0.467755
-0.493312
-0.513279
-0.52611
-0.530108
-0.523482
-0.523481
-0.523481
-0.504452
-0.471431
-0.42328
-0.359642
-0.28131
-0.19056
-0.0913125
0.0109635
0.109688
0.197879
0.268976
0.317571
0.339928
0.334274
0.300979
0.242666
0.164254
0.072783
-0.0231377
-0.114323
-0.192305
-0.250586
-0.285468
-0.296243
-0.284806
-0.25492
-0.211401
-0.159397
-0.103821
-0.0489642
0.0017417
0.0458153
0.0816998
0.10865
0.126567
0.135819
0.137068
0.131129
0.118866
0.101117
0.0786578
0.052187
0.0223292
-0.0103475
-0.0453066
-0.0820151
-0.119912
-0.158379
-0.196706
-0.234067
-0.26949
-0.30183
-0.329756
-0.35174
-0.366072
-0.370896
-0.370896
-0.364296
-0.344441
-0.309794
-0.259402
-0.193244
-0.112579
-0.0202163
0.0794087
0.180474
0.276362
0.360548
0.42759
0.47395
0.498445
0.502198
0.488183
0.460514
0.423696
0.381999
0.339039
0.297574
0.259484
0.225863
0.197182
0.173454
0.154399
0.139567
0.128435
0.120467
0.115147
0.111988
0.110535
0.110357
0.111032
0.112145
0.113281
0.114022
0.113955
0.112672
0.109784
0.104924
0.0977593
0.0879988
0.0754017
0.0597837
0.0410233
0.0190662
-0.006069
-0.0342867
-0.0654084
-0.0991648
-0.135186
-0.172984
-0.211931
-0.251228
-0.289854
-0.326504
-0.359502
-0.386691
-0.405311
-0.411864
-0.402038
-0.402038
-0.370754
-0.312526
-0.222331
-0.0972129
0.0613568
0.244954
0.436533
0.613786
0.753538
0.83993
0.869235
0.869267
0.869267
0.808101
0.731781
0.647912
0.561518
0.476511
0.39552
0.3202
0.251573
0.190202
0.136325
0.0899345
0.0508363
0.018696
-0.00692323
-0.0265288
-0.0406718
-0.0499252
-0.0548669
-0.0560676
-0.0540835
-0.0494514
-0.0426884
-0.0342915
-0.0247396
-0.014495
-0.00400404
0.00630367
0.0160174
0.024749
0.0321385
0.0378587
0.0416214
0.0431811
0.0423381
0.0389391
0.0328766
0.0240861
0.0125431
-0.00174114
-0.0187233
-0.0383309
-0.060465
-0.0850003
-0.111785
-0.140639
-0.171349
-0.203665
-0.237295
-0.271894
-0.307055
-0.342301
-0.377068
-0.410693
-0.442395
-0.471259
-0.496221
-0.516055
-0.529369
-0.534623
-0.530171
-0.514356
-0.514356
-0.485651
-0.44289
-0.385563
-0.314159
-0.230502
-0.13797
-0.0414849
0.0528201
0.138239
0.208331
0.257759
0.282939
0.282441
0.257143
0.210212
0.146902
0.0741209
-0.000297877
-0.0685889
-0.124143
-0.162415
-0.181399
-0.181576
-0.165428
-0.136728
-0.0998025
