0
-0.00073123
-0.00779976
-0.0209504
-0.0405565
-0.0671706
-0.101401
-0.14418
-0.195823
6.76554
-0.256826
-0.327593
-0.408433
-0.499519
-0.600849
-0.712155
-0.832787
-0.96153
-1.09638
-1.23426
-1.37072
-1.49974
-1.61359
-1.7032
-1.75891
-1.77195
-1.73641
-1.69911
-1.66347
-1.60571
-1.51514
-1.3975
-1.26051
-1.11375
-0.967045
-0.828986
-0.705972
-0.601842
-0.518025
-0.45401
-0.407903
-0.376962
-0.358034
-0.347884
-0.34342
-0.34184
-0.340716
-0.338034
-0.332197
-0.322002
-0.306598
-0.285441
-0.25823
-0.224854
-0.185344
-0.139831
-0.0885168
-0.0316564
0.0304515
0.0974677
0.169013
0.24467
0.323987
0.406486
0.491674
0.579065
0.668191
0.758623
0.849989
0.941983
1.03438
1.12703
1.21987
1.31292
1.4063
1.50015
1.59472
1.69028
1.78715
1.88566
1.98611
2.08879
2.19384
2.30128
2.41085
2.5219
2.63326
1.87384
1.87377
2.74307
2.84857
2.94602
3.03064
3.09681
3.13853
3.15028
3.12808
3.07064
2.98004
2.86177
2.72369
2.57425
2.42049
2.26638
2.11199
1.9537
1.78553
1.60108
1.39587
1.16912
0.92451
0.669395
0.412927
0.16383
-0.0713115
-0.28877
-0.487452
-0.668116
-0.832456
-0.982367
-1.11951
-1.24516
-1.36027
-1.46558
-1.56179
-1.64962
-1.72989
-1.80349
-1.87138
-1.93457
-1.99406
-2.05085
-2.10589
-2.16014
-2.21449
-2.2698
-2.32688
-2.38647
-2.44922
-2.51569
-2.58623
-2.66099
-2.73981
-2.82213
-2.90682
2.09181
-2.9921
-3.07535
-3.15298
-3.22036
-3.27187
-3.30109
-3.30127
-3.26607
-3.19048
-3.07177
-2.91019
-2.70923
-2.47519
-2.2163
-1.94154
-1.65964
-1.37831
-1.10398
-0.841651
-0.595006
-0.366517
-0.157576
0.0313666
0.200629
0.351115
0.484114
0.601132
0.703749
0.793513
0.871885
0.940208
0.999697
1.05145
1.09644
1.13555
1.16957
1.19922
1.22514
1.24792
1.26807
1.2861
1.30244
1.31753
1.33177
1.34557
1.35932
1.37345
1.3884
1.40469
1.42287
1.44358
1.46757
1.49572
1.52904
1.56871
1.6161
1.67277
1.74041
1.82081
1.91566
2.02625
2.15301
-4.99347
2.29458
2.44667
2.6004
2.74057
2.84459
2.88336
2.82617
2.65111
2.35513
1.96295
1.52202
1.08639
1.03785
0.992534
0.673311
0.421701
0.234635
0.104003
0.0199614
-0.0270428
-0.0454278
-0.0422525
-0.0232502
0.00700893
0.0449177
0.0876342
0.132906
0.178925
0.224203
0.267484
0.307675
0.343795
0.374945
0.400295
0.419077
0.430589
0.434215
0.429437
0.41586
0.393231
0.361458
0.32062
0.270972
0.212939
0.147098
0.0741599
-0.00507146
-0.0897291
-0.178923
-0.271777
-0.36746
-0.465212
-0.564367
-0.664363
-0.764747
-0.865183
-0.965442
-1.0654
-1.16502
-1.26437
-1.36357
-1.46281
-1.56235
-1.66247
-1.76347
-1.86567
-1.96938
-2.07483
-2.1822
-2.29151
-2.40252
-2.51472
-2.62711
-2.7381
5.39854
-2.84535
-2.94561
-3.03472
-3.10766
-3.15888
-3.18297
-3.17551
-3.1341
-3.05914
-2.95406
-2.82473
-2.67805
-2.52024
-2.35535
-2.1844
-2.0056
-1.8154
-1.6102
-1.38801
-1.14971
-0.899324
-0.643153
-0.38837
-0.141455
0.0928315
0.311774
0.514414
