0.357143
-0.00926082
0.00819217
0.00820544
0.00931761
0.0104154
0.0113986
0.0121073
0.0126003
0.0128062
0.0128062
0.0127452
0.0124596
0.0120139
0.0114912
0.0109904
0.0106198
0.0104878
0.0106842
0.011253
0.0121505
0.0131936
0.0140043
0.0139752
0.0122918
0.00805597
0.000529892
2.25694e-06
2.22354e-06
-0.0228514
-0.0351484
-0.0480327
-0.0610386
-0.073623
-0.0853179
-0.0958988
-0.105427
-0.114176
-0.122508
-0.130759
-0.139173
-0.147885
-0.156939
-0.166314
-0.17596
-0.185817
-0.195835
-0.205981
-0.216242
-0.226624
-0.237146
-0.247837
-0.258731
-0.26986
-0.281253
-0.292932
-0.304911
-0.31719
-0.32976
-0.342595
-0.355657
-0.368896
-0.38225
-0.395648
-0.409015
-0.422271
-0.435339
-0.448143
-0.460611
-0.472678
-0.484284
-0.495373
-0.505893
-0.515797
-0.525037
-0.533565
-0.54133
-0.548278
-0.554351
-0.55948
-0.56359
-0.566595
-0.568393
-0.568873
-0.567911
-0.565371
-0.56112
-0.555032
-0.555032
-0.555032
-0.547017
-0.537044
-0.525179
-0.511612
-0.496665
-0.480769
-0.464375
-0.447839
-0.431304
-0.414658
-0.397613
-0.379881
-0.361346
-0.342138
-0.322564
-0.302965
-0.283613
-0.264737
-0.246647
-0.229869
-0.21515
-0.203291
-0.194892
-0.190176
-0.188969
-0.190818
-0.195125
-0.201237
-0.208485
-0.216204
-0.223764
-0.230614
-0.236325
-0.240616
-0.243358
-0.244555
-0.244305
-0.242767
-0.240126
-0.236564
-0.232243
-0.227299
-0.221835
-0.215923
-0.209605
-0.202897
-0.195794
-0.188268
-0.180273
-0.171744
-0.162601
-0.152746
-0.142069
-0.130449
-0.117766
-0.103914
-0.103914
-0.0888204
-0.0724798
-0.0549887
-0.0365879
-0.0176974
0.00107343
0.0189576
0.0351215
0.0488081
0.0594979
0.0670261
0.0715982
0.0736852
0.0738431
0.0725312
0.0699996
0.0662681
0.0611783
0.0544815
0.0459291
0.0353445
0.0226703
0.00798775
-0.00848708
-0.0264272
-0.0454318
-0.065069
-0.0849181
-0.104603
-0.123817
-0.14233
-0.15999
-0.176715
-0.192479
-0.207295
-0.221204
-0.234262
-0.24653
-0.258065
-0.268921
-0.279144
-0.288771
-0.29783
-0.306345
-0.314329
-0.321795
-0.328746
-0.335185
-0.341107
-0.346504
-0.35136
-0.35565
-0.359337
-0.362368
-0.364668
-0.366131
-0.366618
-0.365944
-0.363872
-0.360121
-0.354377
-0.346357
-0.346357
-0.335914
-0.323235
-0.309157
-0.295566
-0.285733
-0.284186
-0.2943
-0.32054
-0.359301
-0.401967
-0.436881
-0.436962
-0.436962
-0.441945
-0.435891
-0.416323
-0.388379
-0.35713
-0.325391
-0.294605
-0.265499
-0.238293
-0.212956
-0.189343
-0.167266
-0.146535
-0.126974
-0.108431
-0.0907824
-0.0739311
-0.0578085
-0.0423709
-0.0275966
-0.0134818
-3.59904e-05
0.0127242
0.0247808
0.0361205
0.0467408
0.0566541
0.0658915
0.0745033
0.0825575
0.0901366
0.0973312
0.104233
0.110929
0.117493
0.123978
0.130421
0.136832
0.143203
0.149508
0.155706
0.161747
0.167578
0.173146
0.178401
0.183301
0.187812
0.191909
0.195579
0.198818
0.201634
0.204044
0.206075
0.207764
0.209158
0.210307
0.211269
0.212096
0.212829
0.213481
0.214011
0.214011
0.214301
0.214128
0.213147
0.21091
0.206942
0.200895
0.192762
0.183104
0.17316
0.164737
0.159834
0.160122
0.166469
0.178711
0.195728
0.21573
0.236647
0.25647
0.273493
0.286425
0.294391
0.296887
0.293736
0.285083
0.271408
0.253529
