1.30952
1.11389
0.842807
0.610645
0.413446
0.247649
0.110043
-0.00320111
-0.0938294
-0.164019
-0.164019
-0.215548
-0.249759
-0.267512
-0.269134
-0.254369
-0.222328
-0.171467
-0.0996208
-0.00412227
0.117911
0.269079
0.45092
0.662874
0.901094
1.15742
1.41896
1.42781
1.42781
1.57257
1.71387
1.83589
1.92636
1.97615
1.98036
1.9385
1.85389
1.73253
1.58197
1.4102
1.22499
1.03342
0.841647
0.654892
0.477437
0.312711
0.163358
0.0313112
-0.0821548
-0.176383
-0.2513
-0.307383
-0.345624
-0.367484
-0.37483
-0.369863
-0.355029
-0.332925
-0.306196
-0.277435
-0.249085
-0.223359
-0.202169
-0.187078
-0.17927
-0.179549
-0.188347
-0.205756
-0.231566
-0.265321
-0.306362
-0.353885
-0.406976
-0.464655
-0.525896
-0.589642
-0.654808
-0.720268
-0.784838
-0.84724
-0.906064
-0.959717
-1.00638
-1.04395
-1.07002
-1.08188
-1.07657
-1.05104
-1.05104
-1.05104
-1.00242
-0.928495
-0.828348
-0.703194
-0.557267
-0.398551
-0.239029
-0.0941393
0.0187357
0.0825557
0.0831721
0.0114603
-0.13544
-0.353832
-0.633827
-0.959982
-1.31209
-1.6663
-1.99681
-2.27853
-2.4902
-2.61743
-2.65456
-2.60494
-2.47945
-2.29407
-2.06719
-1.81712
-1.56033
-1.31026
-1.07681
-0.866307
-0.681815
-0.52377
-0.390653
-0.279689
-0.187468
-0.110427
-0.045208
0.0111268
0.0609801
0.106189
0.148051
0.187385
0.224603
0.259799
0.292819
0.323341
0.350931
0.375101
0.395354
0.411226
0.422322
0.428338
0.42908
0.424455
0.424455
0.414433
0.398958
0.377806
0.350381
0.315495
0.271185
0.214702
0.142793
0.0523743
-0.0584555
-0.189279
-0.336489
-0.49304
-0.649023
-0.792946
-0.913394
-1.00065
-1.04793
-1.05202
-1.01336
-0.935589
-0.82472
-0.688256
-0.534251
-0.370551
-0.204217
-0.0411758
0.113938
0.257781
0.388192
0.504006
0.604852
0.690944
0.762887
0.821522
0.867796
0.902677
0.927086
0.941864
0.947755
0.945405
0.935366
0.918117
0.894075
0.863622
0.827126
0.784958
0.737523
0.68528
0.628773
0.568661
0.505763
0.441111
0.376016
0.312165
0.251743
0.197591
0.153416
0.12404
0.11568
0.136221
0.195389
0.195389
0.304615
0.476282
0.721889
1.04865
1.45439
1.92165
2.41211
2.87361
3.24603
3.48056
3.55466
3.55476
3.55476
3.35321
3.08302
2.7694
2.43181
2.08719
1.7483
1.4242
1.12115
0.843179
0.592666
0.370754
0.177663
0.0129464
-0.124331
-0.235446
-0.321916
-0.385426
-0.427779
-0.450869
-0.456664
-0.447198
-0.424577
-0.390972
-0.348614
-0.299784
-0.246785
-0.191907
-0.13738
-0.0853215
-0.037675
0.00384508
0.0378039
0.0630831
0.0789015
0.0848184
0.0807185
0.066781
0.043438
0.0113241
-0.028775
-0.0759738
-0.129331
-0.187889
-0.250698
-0.316839
-0.385427
-0.455615
-0.526581
-0.597513
-0.667581
-0.735913
-0.801552
-0.863418
-0.920265
-0.970632
-1.01281
-1.0448
-1.06433
-1.06891
-1.05592
-1.02289
-1.02289
-0.967886
-0.890056
-0.790378
-0.672475
-0.543325
-0.413594
-0.297252
-0.210258
-0.168392
-0.184653
-0.266933
-0.416566
-0.627984
-0.889308
-1.18347
-1.48965
-1.78492
-2.04637
-2.25357
-2.39117
-2.45096
-2.43275
-2.34381
-2.19705
-2.00854
-1.79498
