5.55112e-17
0.0843485
0.0585698
0.0374956
0.0184445
-0.000450926
-0.0204045
-0.042212
-0.0662226
-0.0925985
-0.0925985
-0.121368
-0.152478
-0.185815
-0.221169
-0.258173
-0.296174
-0.334079
-0.370145
-0.40176
-0.425244
-0.435759
-0.427459
-0.394054
-0.329928
-0.231832
-0.100831
-0.0957944
-0.0957942
0.048247
0.190555
0.324269
0.443129
0.540032
0.609264
0.647999
0.656721
0.638743
0.599201
0.543971
0.478788
0.408675
0.337657
0.2687
0.203792
0.144096
0.090131
0.0419611
-0.000640501
-0.0380495
-0.0706817
-0.098917
-0.123056
-0.143309
-0.159804
-0.172619
-0.181818
-0.187496
-0.189807
-0.188993
-0.185388
-0.179411
-0.171547
-0.162318
-0.152246
-0.141818
-0.131465
-0.121533
-0.112273
-0.103841
-0.0962997
-0.0896264
-0.0837298
-0.0784613
-0.0736296
-0.0690133
-0.064371
-0.0594521
-0.0540052
-0.0477901
-0.0405918
-0.032243
-0.0226566
-0.0118735
-0.000131068
0.0120468
0.0237371
0.0334938
0.0334939
0.0334939
0.0392387
0.0382155
0.0270824
0.00224147
-0.0395149
-0.10003
-0.178631
-0.271166
-0.369722
-0.463463
-0.54062
-0.591144
-0.609125
-0.594127
-0.550979
-0.488123
-0.41503
-0.339495
-0.265661
-0.193545
-0.120296
-0.0427045
0.040204
0.125752
0.207958
0.279318
0.333074
0.365019
0.374295
0.363194
0.336257
0.299095
0.2573
0.21565
0.177675
0.145565
0.120291
0.101869
0.0896511
0.0826007
0.0795114
0.0791668
0.0804429
0.0823632
0.0841196
0.0850713
0.0847286
0.0827317
0.0788288
0.0728575
0.0647347
0.0544558
0.0421091
0.0279046
0.0122205
-0.00433604
-0.00433606
-0.020861
-0.0360962
-0.0484135
-0.0558832
-0.0564783
-0.0484478
-0.0308465
-0.00411667
0.0294771
0.0658057
0.0993905
0.124425
0.136004
0.131147
0.109296
0.072231
0.0235441
-0.0320801
-0.0895992
-0.144252
-0.192061
-0.230171
-0.257015
-0.2723
-0.276841
-0.272288
-0.260802
-0.244727
-0.226328
-0.207587
-0.190089
-0.174983
-0.162987
-0.154451
-0.149418
-0.147709
-0.148986
-0.152813
-0.158706
-0.166159
-0.174665
-0.18373
-0.192869
-0.201606
-0.209467
-0.215969
-0.220607
-0.222848
-0.222115
-0.217779
-0.209148
-0.195464
-0.175897
-0.149553
-0.115491
-0.0727611
-0.0204805
0.0420351
0.115049
0.198045
0.289174
0.384439
0.384439
0.476619
0.553988
0.599206
0.589176
0.49725
0.299404
-0.0168775
-0.435326
-0.909864
-1.37136
-1.74948
-1.75022
-1.75022
-1.91699
-1.9445
-1.86402
-1.71071
-1.51301
-1.29318
-1.06763
-0.847506
-0.639828
-0.448575
-0.275599
-0.121358
0.0145495
0.133007
0.235128
0.322093
0.395046
0.45505
0.503059
0.539924
0.566409
0.583219
0.591035
0.590549
0.582497
0.567688
0.547019
0.521483
0.492155
0.460171
0.42669
0.392846
0.359702
0.3282
0.299123
0.273063
0.250414
0.231364
0.215915
0.203906
0.195045
0.188942
0.185147
0.183182
0.182563
0.18283
0.183557
0.184363
0.18492
0.184959
0.18427
0.182713
0.180232
0.17687
0.172817
0.168452
0.164426
0.161759
0.161952
0.167117
0.180077
0.180077
0.204394
0.244243
0.304032
0.387666
0.497425
0.632576
0.788077
0.953923
1.11572
1.2567
1.36072
1.41532
1.41374
1.35547
1.24539
1.0924
0.9079
0.704633
0.495852
0.294625
0.11306
-0.0386634
-0.153335
-0.227564
-0.262098
-0.261476
