1.11022e-16
0.00996356
0.0148855
0.0178443
0.0200696
0.0221736
0.0244771
0.0269186
0.0298588
0.0333136
0.0333136
0.0373376
0.042023
0.0474967
0.0539143
0.0614482
0.0702669
0.0804992
0.0921756
0.105139
0.118914
0.132539
0.144379
0.15198
0.152086
0.140983
0.11531
0.113736
0.113736
0.0697201
0.0194542
-0.0345916
-0.0891741
-0.139883
-0.182142
-0.212358
-0.228729
-0.231438
-0.222286
-0.204014
-0.179611
-0.151793
-0.12273
-0.0939597
-0.0664556
-0.0407487
-0.01707
0.00452475
0.0240588
0.041571
0.0570799
0.0705724
0.0820066
0.0913261
0.0984776
0.103431
0.106197
0.106838
0.105479
0.102309
0.0975756
0.0915765
0.0846424
0.0771186
0.069343
0.0616253
0.0542284
0.0473539
0.0411335
0.0356268
0.0308235
0.0266517
0.0229883
0.0196719
0.0165157
0.0133206
0.0098874
0.00602747
0.00157431
-0.00360509
-0.00959671
-0.0164228
-0.0240204
-0.0322138
-0.0406805
-0.0489113
-0.0561669
-0.0614378
-0.0614379
-0.0614379
-0.0634164
-0.0604966
-0.0508183
-0.0323761
-0.0032092
0.0383141
0.0931114
0.160905
0.239672
0.325133
0.410441
0.486354
0.542064
0.566682
0.551119
0.489928
0.382701
0.234765
0.0570679
-0.134809
-0.322522
-0.487627
-0.614647
-0.693764
-0.722313
-0.704571
-0.650007
-0.570719
-0.478916
-0.385085
-0.297035
-0.219727
-0.155611
-0.105197
-0.0676628
-0.0413807
-0.0243341
-0.0144142
-0.00962049
-0.00818387
-0.00862989
-0.00979846
-0.0108314
-0.0111393
-0.010356
-0.00828912
-0.00487286
-0.000126198
0.00587952
0.0130429
0.0212435
0.0303423
0.0401694
0.050502
0.0610297
0.0713118
0.0713118
0.0807289
0.0884406
0.0933643
0.0942051
0.0895723
0.0782197
0.0594281
0.0334938
0.00220132
-0.0309339
-0.0608928
-0.0819766
-0.0891005
-0.0791545
-0.0519202
-0.0101946
0.0408936
0.09508
0.146248
0.189448
0.221462
0.240922
0.24808
0.244389
0.232039
0.213531
0.191344
0.167702
0.144435
0.122916
0.104059
0.0883545
0.0759372
0.0666603
0.0601777
0.0560176
0.0536468
0.0525205
0.0521182
0.0519668
0.0516539
0.0508321
0.0492192
0.0465949
0.0427966
0.0377158
0.0312953
0.0235294
0.0144649
0.00420621
-0.00707834
-0.0191464
-0.0316692
-0.0442172
-0.0562433
-0.0670672
-0.0758635
-0.0816624
-0.083376
-0.0798741
-0.0701435
-0.0535809
-0.0535809
-0.0304589
-0.00255921
0.0261642
0.0492973
0.0587923
0.047722
0.0197707
-0.017637
-0.0459626
-0.0447462
-0.00346812
-0.0032954
-0.00329531
0.0737571
0.143568
0.192304
0.215522
0.214215
0.192751
0.157281
0.114144
0.068814
0.0254393
-0.0132151
-0.0455847
-0.0710346
-0.0895847
-0.101676
-0.107993
-0.109335
-0.106534
-0.100409
-0.0917313
-0.0812201
-0.0695312
-0.0572574
-0.0449278
-0.0330043
-0.0218792
-0.0118705
-0.00321791
0.00391977
0.00946408
0.0134134
0.015835
0.0168543
0.0166405
0.0153916
0.0133182
0.0106297
0.00752124
0.00416438
0.000700472
-0.00276286
-0.00615233
-0.00942735
-0.0125765
-0.0156127
-0.0185681
-0.0214883
-0.0244277
-0.0274445
-0.030598
-0.0339461
-0.0375454
-0.0414518
-0.0457252
-0.0504358
-0.0556761
-0.0615799
-0.0683503
-0.076304
-0.0859336
-0.0979937
-0.0979937
-0.113607
-0.134378
-0.162459
-0.200508
-0.25138
-0.317449
-0.399489
-0.495312
-0.598649
-0.699025
-0.783149
-0.83772
-0.852701
-0.823819
-0.753356
-0.649173
-0.52256
-0.385782
-0.250028
-0.124174
-0.0143907
0.0756377
0.144226
0.191243
0.217837
0.226296
