0
0.0239713
0.0251487
0.0251487
0.0354913
0.0354913
0.0420735
0.0498747
0.0498747
0.0454649
0.0299236
0.007056
-0.0175392
-0.0378401
-0.0488765
-0.0479462
-0.035277
-0.0139708
0.010756
0.0328493
0.0469
0.0494679
0.0399244
0.0206059
-0.00375756
-0.0272011
-0.0439848
-0.0439848
-0.0499995
-0.0437726
-0.0268286
-0.00331609
0.00383967
0.00383968
0.0210084
0.0401892
0.0495304
0.0467448
0.0325144
0.0103234
-0.0143952
-0.0355893
-0.0480699
-0.0480699
-0.0487813
-0.0375494
-0.0322365
-0.0322365
-0.0322327
-0.0322327
-0.017124
0.00749386
0.030277
0.0456473
0.0498415
0.0418328
0.0288295
0.0288295
0.0288275
0.0288274
0.023582
-0.000442565
-0.0243587
-0.042311
-0.042311
-0.0499041
-0.0452789
-0.0295679
-0.00661759
0.0179529
0.0381279
0.0387651
0.0387651
0.0489679
0.0489703
0.0489703
0.0478188
0.034962
0.03195
0.03195
0.0135453
-0.0111878
-0.0331817
-0.0470516
-0.0470516
-0.0494016
