0.025
0.0258906
0.0258906
0.0349524
0.0349524
0.045072
0.0724865
0.0724865
0.0990678
0.114551
0.110606
0.0815684
0.0317519
-0.0187181
-0.0502166
-0.05939
-0.0482654
-0.0224901
0.00833267
0.0368717
0.0601001
0.077427
0.0879093
0.0902512
0.0836814
0.0685526
0.0685526
0.0472534
0.0273141
0.0223778
0.0406005
0.049295
0.049295
0.0707501
0.0950925
0.10414
0.102284
0.0980296
0.0934343
0.0852978
0.0712945
0.0522622
0.0522622
0.0334138
0.0234558
0.0230894
0.0230894
0.0230891
0.0230891
0.0221502
0.0205667
0.0170056
0.0181933
0.0319469
0.0506464
0.0589009
0.0589009
0.0589013
0.0589013
0.0599332
0.0631943
0.0618005
0.0530311
0.0530311
0.0286631
-0.0242051
-0.0801857
-0.0722837
-0.0221702
0.0259172
0.0270188
0.0270188
0.053327
0.0533362
0.0533362
0.0723562
0.0852888
0.0861514
0.0861514
0.0895008
0.0871437
0.0767491
0.0590101
0.0590101
0.0364303
0.0159196
