0.125
0.13167
0.13167
0.196256
0.196256
0.247831
0.370202
0.370202
0.491649
0.61669
0.746922
0.871969
0.96041
0.98214
0.950794
0.890748
0.807819
0.698209
0.557879
0.386265
0.18666
-0.0337876
-0.266454
-0.50458
-0.744472
-0.984468
-0.984468
-1.21901
-1.4243
-1.55217
-1.56396
-1.53325
-1.53325
-1.44777
-1.28841
-1.05291
-0.756869
-0.419821
-0.0614617
0.305478
0.674546
1.04344
1.04344
1.39767
1.67329
1.7096
1.7096
1.70962
1.70962
1.78044
1.82568
1.72517
1.50765
1.20558
0.846432
0.550717
0.550717
0.550676
0.550676
0.4499
0.039784
-0.370616
-0.783918
-0.783918
-1.19659
-1.51398
-1.54268
-1.46124
-1.34457
-1.16121
-1.15181
-1.15181
-0.91999
-0.919857
-0.919857
-0.64134
-0.344914
-0.294854
-0.294854
-0.0329519
0.282635
0.59965
0.915846
0.915846
1.21968
1.46853
