-131.875
-17.5684
-12.0747
-79.8075
-33.3191
-87.2927
-189.751
1675.1
-282.369
-443.068
-660.673
-871.351
-949.245
-859.61
-786.544
-788.846
-784.942
-720.282
-579.612
-368.321
-99.6088
206.662
536.086
887.087
1263.56
1664.9
-2946.23
2060.04
2338.27
2337.39
2044.34
1672.94
1669.69
1568.69
1319.47
839.084
315.664
-216.41
-735.136
-1252.43
-1781.38
-2328.47
3827.69
-2818.5
-2969.75
-2555.45
-2546.44
-2537.14
-2528.29
-2594.53
-2526.23
-1958.9
-1351.9
-748.418
-152.985
324.284
408.767
419.651
429.972
546.102
1007.03
1552.52
2144.49
-3845.35
2745
2869.19
1895.95
1531.03
1416.64
1072.91
934.246
924.309
668.666
577.443
566.808
262.844
-124.79
-274.435
-295.259
-579.505
-1002.45
-1469.26
-1954.97
3543.77
-2399.53
-2619.32
