2.5
2.46687
2.46511
2.46314
2.44932
2.44719
2.44741
-6.47294
2.42895
2.50081
2.60465
2.50094
1.76881
0.434605
-0.626928
-1.20091
-1.65859
-2.1922
-2.8066
-3.43227
-3.99211
-4.40895
-4.65334
-4.76252
-4.79784
-4.79991
18.4664
-4.69093
-4.10571
-2.55734
-0.235863
2.14403
2.3432
2.39588
3.18732
4.71003
5.92073
6.74096
7.16719
7.33879
7.38136
7.37782
-23.4384
7.08458
5.51247
2.43855
2.14751
2.10217
2.05893
2.0177
0.904829
-2.0102
-4.35052
-6.0414
-7.18287
-7.85225
-8.01925
-8.07201
-8.12219
-8.16993
-8.20232
-8.208
-8.26604
21.6977
-8.2535
-6.34774
-0.573935
1.62879
2.33341
3.66717
4.71413
4.77506
4.82894
5.47194
5.52374
5.57303
5.92852
6.17001
6.21403
6.25266
6.31174
6.34029
6.32392
-21.2846
6.07672
4.97693
