2.5
2.42228
2.4137
2.4137
2.30785
2.30785
2.19396
1.82922
1.82922
1.35076
0.788306
0.176843
-0.445615
-1.04037
-1.57043
-2.00286
-2.31076
-2.47498
-2.48532
-2.34114
-2.0514
-1.63411
-1.11522
-0.526989
0.0940054
0.709155
1.28021
1.28021
1.77167
2.15298
2.40043
2.49862
2.49815
2.49815
2.44147
2.23252
1.88476
1.41981
0.866588
0.259486
-0.36375
-0.96437
-1.50503
-1.50503
-1.95211
-2.27783
-2.34814
-2.34814
-2.34819
-2.34819
-2.46191
-2.49293
-2.36895
-2.09768
-1.69598
-1.18884
-0.756155
-0.756155
-0.756095
-0.756095
-0.607784
0.0110642
0.629224
1.20826
1.20826
1.71218
2.10963
2.37593
2.4945
2.45797
2.26862
2.25803
2.25803
1.93821
1.93802
1.93802
1.4873
0.943916
0.849253
0.849253
0.341843
-0.281484
-0.887311
-1.43797
-1.43797
-1.89922
