0
0.505613
0.49202
0.49202
0.341825
0.341825
0.299153
0.173631
0.173631
0.150336
0.056751
-0.0221448
-0.0631972
0.0146472
0.00435391
-0.117342
-0.103412
-0.141136
-0.107168
-0.0304493
0.0707285
0.186024
0.289702
0.405483
0.496419
0.559469
0.553003
0.553003
0.477652
0.40836
0.372398
0.324358
0.335866
0.335866
0.392951
0.396802
0.481823
0.461342
0.344578
0.309224
0.219058
0.115305
-0.0989109
-0.098911
-0.380765
-0.504331
-0.534827
-0.534827
-0.534835
-0.534835
-0.411208
-0.29059
-0.0448381
0.0958265
-0.0918503
0.113492
0.199779
0.199779
0.199799
0.199799
0.255299
0.400704
0.394196
0.316292
0.316292
-0.102411
0.814357
2.34991
-0.828913
-0.106591
0.19498
0.190896
0.190896
0.125322
0.125344
0.125344
0.210001
-0.0205348
-0.0173586
-0.0173586
0.00231776
-0.118577
-0.143727
-0.244495
-0.244495
-0.374787
