0.357143
0.34604
0.344814
0.344814
0.329693
0.329693
0.313422
0.261317
0.261317
0.192965
0.112615
0.0252633
-0.0636593
-0.148624
-0.224348
-0.286123
-0.330108
-0.353569
-0.355046
-0.334449
-0.293057
-0.233444
-0.159317
-0.0752842
0.0134293
0.101308
0.182888
0.182888
0.253096
0.307569
0.342918
0.356946
0.356879
0.356879
0.348781
0.318931
0.269251
0.20283
0.123798
0.0370694
-0.0519643
-0.137767
-0.215004
-0.215004
-0.278873
-0.325404
-0.335449
-0.335449
-0.335455
-0.335455
-0.351702
-0.356133
-0.338421
-0.299668
-0.242284
-0.169835
-0.108022
-0.108022
-0.108014
-0.108014
-0.0868262
0.00158061
0.0898892
0.172609
0.172609
0.244597
0.301376
0.339418
0.356357
0.351138
0.324088
0.322576
0.322576
0.276888
0.27686
0.27686
0.212472
0.134845
0.121322
0.121322
0.0488347
-0.0402121
-0.126759
-0.205424
-0.205424
-0.271317
