0.357143
1.28207
1.32095
1.32095
1.63547
1.63547
1.79771
1.76744
1.76744
1.45396
0.972242
0.258158
-0.543144
-0.842808
-0.449688
-0.0563384
0.00255912
-0.302949
-0.843962
-1.27616
-1.39172
-1.20737
-0.90541
-0.642237
-0.505669
-0.523378
-0.62808
-0.62808
-0.531795
0.0592168
0.6799
0.508562
0.331832
0.331832
-0.257774
-0.952372
-1.00782
-0.518654
-0.00352012
0.317658
0.515091
0.746475
1.19396
1.19396
1.72864
1.40128
1.21514
1.21514
1.21504
1.21504
0.614337
-0.374166
-0.357856
0.366632
0.8047
0.856934
1.04569
1.04569
1.04574
1.04574
1.21579
1.74074
1.82917
0.784448
0.784446
-2.12069
-3.39577
-0.301042
0.967942
-0.345139
-1.45216
-1.47175
-1.47175
-1.34946
-1.34945
-1.34945
-0.932463
-0.634043
-0.620027
-0.620027
-0.470213
-0.407167
-0.477848
-0.565903
-0.565903
-0.374316
