185.446
92.1238
88.6398
67.3381
41.6301
20.4325
-43.6975
-9.19039
-63.5393
-41.4237
10.0239
107.319
231.422
278.934
200.527
101.001
42.0107
40.6443
86.3741
125.906
120.121
64.131
-16.5218
-95.4325
-153.896
-181.533
-203.789
-184.476
-211.05
-319.74
-441.196
-416.443
-386.904
-394.185
-286.434
-128.065
-54.0735
-67.9857
-94.01
-94.6105
-78.1029
-70.9029
-72.0619
-108.776
-176.895
-77.9152
-32.0724
-32.0798
-32.0532
-58.2828
53.4317
265.756
319.51
236.16
172.689
161.629
138.704
138.701
138.692
130.759
68.2774
-69.1758
-154.708
-24.4176
-48.5392
416.362
667.301
160.182
-118.074
26.9909
129.68
129.993
173.444
91.7749
91.7419
133.217
34.4028
-69.368
-81.1763
-65.2043
-121.159
-169.622
-188.304
-210.305
-192.903
-235.597
