1.66667
1.64357
1.64101
1.64101
1.60932
1.60932
1.57493
1.46264
1.46264
1.30981
1.12069
0.900504
0.655364
0.392063
0.117895
-0.159539
-0.432552
-0.693578
-0.935382
-1.15126
-1.33524
-1.48221
-1.58811
-1.64999
-1.66614
-1.63612
-1.56076
-1.56076
-1.44214
-1.28356
-1.08941
-0.865059
-0.79608
-0.79608
-0.616739
-0.351326
-0.0761773
0.201083
0.47277
0.731356
0.969672
1.18112
1.35983
1.35983
1.50085
1.60028
1.62142
1.62142
1.62143
1.62143
1.65537
1.66457
1.62765
1.54561
1.42075
1.2565
1.10952
1.10952
1.1095
1.1095
1.05744
0.829071
0.577726
0.310369
0.310369
0.0344114
-0.2425
-0.512691
-0.768673
-1.00335
-1.21023
-1.21781
-1.21781
-1.38356
-1.38364
-1.38364
-1.51855
-1.61146
-1.62237
-1.62237
-1.6597
-1.66195
-1.61815
-1.52949
-1.52949
-1.39845
