0.576923
0.575963
0.575857
0.575857
0.574532
0.574532
0.573087
0.568304
0.568304
0.561629
0.553086
0.542703
0.530513
0.516559
0.500885
0.483545
0.464596
0.444101
0.422128
0.398751
0.374047
0.348098
0.320991
0.292815
0.263666
0.233639
0.202834
0.202834
0.171355
0.139306
0.106793
0.0739243
0.064458
0.064458
0.0408099
0.00755979
-0.0257155
-0.0589052
-0.0918989
-0.124587
-0.15686
-0.188612
-0.219735
-0.219735
-0.250128
-0.279688
-0.288315
-0.288315
-0.288321
-0.288321
-0.308318
-0.335922
-0.362408
-0.387688
-0.411678
-0.434298
-0.450386
-0.450386
-0.450388
-0.450388
-0.455473
-0.475133
-0.493211
-0.509649
-0.509649
-0.52439
-0.537387
-0.548595
-0.557978
-0.565505
-0.57115
-0.571335
-0.571335
-0.574894
-0.574895
-0.574895
-0.576725
-0.576637
-0.576442
-0.576442
-0.574631
-0.570712
-0.564894
-0.557197
-0.557197
-0.547646
