0.0288462
0.0300093
0.0300093
0.0416407
0.0416407
0.052815
0.0794164
0.0794164
0.100389
0.124016
0.141752
0.162227
0.186304
0.229424
0.262064
0.285279
0.307015
0.322472
0.340648
0.358921
0.381292
0.400217
0.418233
0.43253
0.446925
0.458243
0.458243
0.466937
0.4671
0.46907
0.495081
0.506023
0.506023
0.529311
0.544814
0.543229
0.528667
0.522099
0.514377
0.510166
0.49902
0.488402
0.488402
0.471291
0.447948
0.436088
0.436088
0.436081
0.436081
0.411674
0.39176
0.381955
0.392142
0.369937
0.335942
0.314059
0.314059
0.314056
0.314056
0.306809
0.279185
0.262495
0.239529
0.239529
0.218473
0.164757
0.120964
0.0426787
0.129713
0.00116608
0.00362909
0.00362911
0.0569262
0.0568798
0.0568798
-0.0385707
-0.00100653
-0.0145529
-0.0145529
-0.0718488
-0.0722726
-0.118342
-0.114886
-0.114886
-0.146227
-0.126619
