0
0.0227194
0.0239471
0.0239471
0.0358442
0.0358442
0.045392
0.0679707
0.0679707
0.090409
0.112661
0.134679
0.15642
0.177838
0.198888
0.219527
0.239713
0.259403
0.278558
0.297137
0.315103
0.332417
0.349045
0.364952
0.380105
0.394473
0.408026
0.408026
0.420735
0.432576
0.443523
0.453554
0.456256
0.456256
0.462649
0.470787
0.477953
0.484131
0.48931
0.493477
0.496625
0.498747
0.499839
0.499839
0.499899
0.498926
0.498437
0.498437
0.498436
0.498436
0.496922
0.493891
0.489841
0.484778
0.478714
0.471661
0.465705
0.465705
0.465704
0.465704
0.463634
0.454649
0.444724
0.433882
0.433882
0.422142
0.409531
0.396074
0.381798
0.366734
0.350913
0.350266
0.350266
0.334366
0.334358
0.334358
0.317129
0.299236
0.296273
0.296273
0.280725
0.261635
0.242004
0.221873
0.221873
0.201284
