-2.27273
11.0362
10.0756
9.13602
-0.228355
-1.19401
-8.71328
-23.1361
-26.4874
-39.3202
-45.2867
-23.7574
34.324
82.2279
36.6599
11.2203
-2.10604
-12.538
-9.74547
-0.399269
7.34386
4.91024
1.27841
-1.13851
-1.2947
-1.94799
-4.77205
-6.38555
-16.0792
-19.9198
-10.2667
18.4362
22.9886
23.1298
29.7098
8.18088
-30.0743
-18.9958
-4.41059
-0.245151
-0.279924
-4.05894
-6.41125
-6.72402
-17.5372
-45.7749
-42.7339
-42.7342
-42.7315
-43.9415
-24.9256
7.08425
50.7163
-8.03569
-40.6635
-41.2867
-36.7784
-36.7785
-36.7773
-36.9386
-31.8348
-12.9333
16.6908
69.2546
73.998
-14.9915
-532.014
-60.6817
100.165
90.2609
-35.9338
-34.599
-33.7733
-9.76349
-9.78564
-7.6408
-49.774
8.47917
2.22267
4.65227
-14.8355
0.763234
13.6998
25.7125
29.7891
76.2926
