0.576923
0.430187
0.443589
0.443589
0.530214
0.530214
0.532028
0.419443
0.419443
0.47255
0.354724
0.409489
0.48155
0.862397
0.652807
0.464287
0.434728
0.309147
0.363501
0.365464
0.447427
0.378509
0.360308
0.285935
0.287911
0.226357
0.173879
0.173879
0.00325644
0.0394028
0.520229
0.763889
0.652748
0.652748
0.310066
-0.0316996
-0.291249
-0.13135
-0.154445
-0.084209
-0.222928
-0.212355
-0.342216
-0.342216
-0.466877
-0.796557
-0.695393
-0.695393
-0.695342
-0.695342
-0.398275
-0.196096
0.203746
-0.444113
-0.679888
-0.581063
-0.587513
-0.587513
-0.58751
-0.58751
-0.5525
-0.333798
-0.459306
-0.421124
-0.421125
-1.07431
-0.875871
-1.5657
1.74068
-2.57094
1.23551
1.11021
1.11021
-1.91097
-1.90994
-1.90994
0.751283
-1.6696
-1.36789
-1.36789
-0.00847436
-0.921387
0.0691215
-0.626829
-0.626829
0.392176
