-0.005
-0.00201975
-4.47954e-05
0.0010219
0.00126913
0.000778348
-0.000375367
-0.00212629
-0.0044091
-0.00111057
-0.00716078
-0.0103191
-0.0138206
-0.0175992
-0.0215842
-0.0256981
-0.029855
-0.0339586
-0.0379005
-0.0415594
-0.0448018
-0.047484
-0.049459
-0.0505864
-0.0507477
-0.0498642
-0.053523
-0.0536549
-0.0480021
-0.0452169
-0.0419144
-0.038044
-0.0337271
-0.02911
-0.0243475
-0.0195873
-0.0149588
-0.0105677
-0.00649435
-0.00279509
0.000494391
0.00335565
0.00578408
0.00778612
0.00937701
0.0105791
0.0114204
0.0119338
0.0121557
0.0121256
0.0118846
0.011475
0.0109387
0.0103164
0.00964612
0.00896224
0.0082943
0.00766612
0.00709511
0.0065917
0.00615925
0.00579406
0.00548575
0.00521782
0.0049684
0.00471119
0.00441635
0.00405157
0.003583
0.00297618
0.00219697
0.00121224
-9.2726e-06
-0.0014964
-0.00327484
-0.00536653
-0.00778901
-0.0105547
-0.0136702
-0.0171352
-0.0209417
-0.0250726
-0.0295003
-0.034185
-0.0390735
-0.0440968
-0.0491689
-0.0515476
-0.0515477
-0.054186
-0.059026
-0.0635512
-0.0676122
-0.0710557
-0.0737365
-0.0755315
-0.0763571
-0.0761836
-0.0750474
-0.0730541
-0.0703748
-0.0672344
-0.063895
-0.0606361
-0.0577332
-0.0554354
-0.0539425
-0.0533836
-0.0538014
-0.0551467
-0.0572855
-0.0600187
-0.0631099
-0.0663157
-0.0694117
-0.0722107
-0.074574
-0.0764142
-0.0776933
-0.0784158
-0.0786211
-0.0783732
-0.077752
-0.0768447
-0.07574
-0.0745228
-0.0732719
-0.0720579
-0.070943
-0.0699814
-0.0692197
-0.0686978
-0.0684495
-0.0685032
-0.0688824
-0.0696051
-0.0706843
-0.0721269
-0.0739329
-0.0760943
-0.0785933
-0.0814013
-0.0844761
-0.0877605
-0.0911804
-0.0902504
-0.094643
-0.0980367
-0.101231
-0.104081
-0.106432
-0.108128
-0.109027
-0.109013
-0.108017
-0.106026
-0.103093
-0.0993384
-0.0949338
-0.0900875
-0.0850194
-0.0799377
-0.0750207
-0.0704052
-0.0661829
-0.0624024
-0.059076
-0.056188
-0.0537038
-0.0515777
-0.0497588
-0.0481962
-0.0468414
-0.0456503
-0.0445838
-0.0436082
-0.0426946
-0.041819
-0.040962
-0.0401084
-0.039247
-0.0383711
-0.0374779
-0.0365691
-0.0356503
-0.0347315
-0.0338268
-0.0329538
-0.0321339
-0.0313915
-0.0307536
-0.0302491
-0.0299086
-0.0297634
-0.0298448
-0.0301834
-0.0308083
-0.0317461
-0.03302
-0.0346486
-0.0366443
-0.039012
-0.0417463
-0.0448291
-0.0482257
-0.05188
-0.0557085
-0.0595927
-0.0582579
-0.0633711
-0.0668317
-0.0697073
-0.071681
-0.0724059
-0.0715499
-0.0688653
-0.0642745
-0.0579231
-0.0501882
-0.0416054
-0.0452559
-0.0452671
-0.0327573
-0.024519
-0.017076
-0.010494
-0.00479912
2.16187e-05
0.00400785
0.00721597
0.00971284
0.0115712
0.0128665
0.0136742
0.0140681
0.014119
0.0138935
0.0134533
0.0128546
0.0121484
0.0113799
0.0105885
0.00980857
0.00906888
0.0083932
0.00780035
0.0073044
0.00691474
0.00663628
0.00646958
0.00641098
0.00645287
0.00658386
0.00678916
0.00705095
0.00734871
0.00765978
0.00795971
0.00822276
0.0084223
0.00853123
0.0085223
0.00836844
0.00804306
0.00752033
0.0067754
0.00578475
0.0045264
0.00298031
0.00112875
-0.00104327
-0.00354744
-0.00639153
-0.00957865
-0.0131064
-0.0169657
-0.0211399
-0.0256031
-0.0303187
-0.0352379
-0.0402979
-0.0454206
-0.0505109
-0.0535215
-0.0554575
-0.0601334
-0.0643999
-0.0681128
-0.0711329
-0.0733388
-0.0746428
-0.0750061
-0.0744511
-0.0730668
-0.0710065
-0.0684767
-0.0657193
-0.0629905
-0.0605372
-0.0585746
-0.0572651
-0.0567019
-0.0568994
-0.0577946
-0.0592579
-0.0611143
-0.0631686
-0.0652303
-0.0671337
-0.0687509
-0.069997
