-0.025
-0.0249865
-0.0250125
-0.0251389
-0.0254305
-0.0259577
-0.026797
-0.0280343
-0.0297588
-0.00698516
-0.0320645
-0.03505
-0.0388166
-0.0434676
-0.0491062
-0.0558332
-0.0637427
-0.072917
-0.0834183
-0.0952778
-0.108483
-0.12296
-0.138559
-0.155039
-0.172062
-0.189203
-0.18156
-0.181302
-0.204975
-0.220692
-0.235236
-0.248597
-0.260583
-0.271098
-0.280144
-0.287809
-0.294244
-0.299642
-0.304205
-0.308135
-0.31161
-0.314785
-0.317781
-0.320687
-0.323562
-0.326436
-0.329315
-0.332184
-0.335013
-0.33776
-0.340374
-0.342799
-0.344974
-0.346841
-0.348337
-0.349404
-0.349985
-0.350025
-0.349473
-0.348279
-0.346399
-0.343793
-0.340424
-0.33626
-0.331276
-0.325449
-0.318762
-0.311202
-0.302759
-0.293428
-0.283203
-0.272082
-0.260063
-0.247144
-0.233319
-0.218585
-0.202933
-0.186352
-0.168829
-0.150347
-0.130884
-0.110419
-0.088925
-0.0663782
-0.0427561
-0.0180424
0.00776711
-0.00502855
-0.00502865
0.034658
0.0625893
0.0914812
0.121207
0.151584
0.182368
0.213262
0.243928
0.274015
0.303192
0.331185
0.357797
0.382916
0.406501
0.428549
0.449059
0.467994
0.485256
0.500684
0.514073
0.525207
0.53391
0.540078
0.543699
0.544848
0.543665
0.540329
0.535029
0.527945
0.519242
0.509066
0.497544
0.484793
0.470919
0.45602
0.440188
0.423507
0.406053
0.387894
0.369087
0.349679
0.329708
0.309199
0.288172
0.266633
0.244581
0.222007
0.198893
0.175213
0.150935
0.126022
0.100432
0.0741216
0.0470502
0.0191818
-0.00950809
0.00974215
-0.0390263
-0.0693538
-0.100435
-0.132169
-0.164398
-0.196901
-0.229388
-0.261506
-0.292854
-0.323001
-0.351521
-0.37802
-0.40217
-0.423723
-0.442522
-0.458498
-0.471658
-0.482073
-0.489865
-0.495192
-0.498237
-0.499198
-0.498276
-0.495669
-0.491566
-0.486145
-0.479565
-0.471973
-0.463499
-0.454257
-0.444349
-0.433866
-0.422886
-0.411477
-0.399699
-0.387605
-0.375239
-0.362639
-0.349838
-0.336862
-0.323734
-0.310471
-0.297087
-0.28359
-0.269984
-0.256272
-0.24245
-0.228509
-0.214436
-0.200212
-0.185813
-0.171205
-0.156347
-0.141186
-0.125658
-0.109687
-0.0931788
-0.0760229
-0.0580914
-0.0392392
-0.0193078
0.00186499
-0.0180317
0.0244282
0.0484883
0.0740624
0.101016
0.128989
0.15733
0.18508
0.211062
0.234069
0.253139
0.267787
0.25879
0.258765
0.277102
0.283265
0.286879
0.288614
0.289037
0.288616
0.287722
0.286642
0.285595
0.28474
0.284191
0.284027
0.284296
0.285025
0.286225
0.287889
0.289997
0.292522
0.295423
0.298653
0.302153
0.305861
0.309705
0.313606
0.317482
0.321246
0.324809
0.328079
0.330968
0.333388
0.335255
0.336492
0.337029
0.336804
0.335763
0.33386
0.331059
0.327332
0.32266
0.317027
0.310425
0.30285
0.294302
0.284782
0.274293
0.262838
0.250418
0.237036
0.222689
0.207374
0.191085
0.173812
0.155542
0.136259
0.115944
0.0945781
0.0721395
0.0486103
0.0239775
-0.00176207
-0.0285958
-0.0174497
-0.0564874
-0.0853689
-0.11513
-0.14561
-0.176594
-0.207812
-0.238949
-0.269669
-0.299636
-0.328552
-0.356175
-0.382333
-0.406917
-0.429858
-0.451096
-0.470554
-0.48812
-0.503645
-0.516962
-0.527909
-0.536368
-0.542283
-0.545668
-0.546603
-0.545215
-0.54166
-0.536102
