-0.0227273
-0.000948899
0.000278723
-0.00911716
0.00277997
-0.00687655
-0.0230154
-0.000436713
-0.0339494
-0.0501973
-0.0683966
-0.0759609
-0.0567592
-0.0166346
0.000974379
0.00623994
0.00522881
-0.000458598
-0.00459908
-0.00428456
-0.000446822
0.00212758
0.00295075
0.00265383
0.00231461
0.00170828
0.0152611
-0.000873922
-0.00773217
-0.0160124
-0.0195174
-0.0095811
-0.00687922
-0.00546788
0.00615934
0.0100596
-0.00359875
-0.0115942
-0.0125911
-0.0116449
-0.010754
-0.011619
-0.010527
-0.0136546
-0.0205123
-0.0271479
-0.027637
-0.0276404
-0.0276408
-0.039741
-0.0483064
-0.0424025
-0.0169378
-0.0193407
-0.0364708
-0.0508277
-0.0567842
-0.0567848
-0.0567857
-0.0583983
-0.0640678
-0.066583
-0.0555279
-0.0663708
-0.018937
-0.0244703
-0.264774
-0.279927
-0.221292
-0.169839
-0.185345
-0.185991
-0.177735
-0.193625
-0.193633
-0.172184
-0.186656
-0.199398
-0.202361
-0.178065
-0.173603
-0.165101
-0.151124
-0.171255
-0.130489
-0.0896738
