0.005
0.00701142
0.00997826
0.0137541
0.0182018
0.0231929
0.0286075
0.0343372
0.0402769
0.0402769
0.0463271
0.0523926
0.0583809
0.0642012
0.0697621
0.0749706
0.0797297
0.0839372
0.0874837
0.0902518
0.0921168
0.0929488
0.0926194
0.0910112
0.088033
0.0836373
0.0834466
0.0834466
0.0777938
0.070992
0.0632834
0.0547934
0.0456895
0.036166
0.0264266
0.0166686
0.00707148
-0.00220935
-0.0110448
-0.0193309
-0.0269862
-0.0339485
-0.0401724
-0.0456262
-0.0502909
-0.0541579
-0.0572287
-0.0595139
-0.0610323
-0.0618101
-0.0618808
-0.0612832
-0.0600613
-0.0582626
-0.0559369
-0.053135
-0.0499077
-0.0463043
-0.0423721
-0.038155
-0.0336935
-0.0290242
-0.0241796
-0.0191886
-0.0140765
-0.00886566
-0.00357566
0.00177589
0.007173
0.0126009
0.0180455
0.0234934
0.0289313
0.0343457
0.0397233
0.0450499
0.0503108
0.0554901
0.0605702
0.0655312
0.0703502
0.0749998
0.0794473
0.0836529
0.087568
0.0911333
0.0942775
0.0942776
0.0942776
0.0969159
0.0989504
0.100271
0.100761
0.100302
0.0987875
0.0961375
0.092312
0.0873281
0.0812701
0.0742929
0.0666173
0.0585181
0.050307
0.0423121
0.0348564
0.0282344
0.022689
0.0183898
0.0154171
0.0137554
0.0133008
0.0138799
0.0152782
0.0172689
0.0196398
0.0222112
0.0248464
0.0274554
0.0299923
0.0324494
0.0348485
0.0372318
0.0396528
0.0421684
0.0448331
0.0476942
0.0507895
0.0541464
0.0577814
0.0617012
0.0659036
0.0703789
0.0751111
0.0800787
0.0852561
0.0906135
0.0961174
0.101731
0.107411
0.113113
0.118783
0.124359
0.129774
0.134945
0.139781
0.139781
0.144173
0.148002
0.151133
0.15342
0.154715
0.154873
0.153766
0.1513
0.147429
0.14217
0.135608
0.127898
0.119254
0.109925
0.100175
0.0902611
0.0804084
0.0708034
0.0615876
0.0528595
0.0446808
0.0370844
0.0300827
0.023675
0.0178535
0.0126069
0.00792382
0.00379322
0.000205474
-0.00284804
-0.00537532
-0.00738424
-0.00888299
-0.00988036
-0.010386
-0.0104102
-0.0099643
-0.00906006
-0.00770982
-0.00592633
-0.00372259
-0.00111187
0.0018923
0.00527609
0.00902528
0.0131251
0.0175599
0.0223135
0.027368
0.0327045
0.0383021
0.0441378
0.0501858
0.0564169
0.0627976
0.069289
0.0758445
0.0824078
0.0889094
0.0952622
0.101356
0.107049
0.107049
0.112162
0.11647
0.119697
0.121522
0.121601
0.119608
0.115305
0.108632
0.0997559
0.0890779
0.0771634
0.0771271
0.077127
0.0646173
0.0523848
0.040658
0.0295565
0.0191518
0.00947772
0.000543275
-0.00765853
-0.0151447
-0.021938
-0.0280647
-0.0335519
-0.0384268
-0.0427153
-0.0464416
-0.049628
-0.0522945
-0.0544594
-0.0561392
-0.057349
-0.058103
-0.0584147
-0.0582973
-0.0577642
-0.0568287
-0.0555047
-0.0538064
-0.0517485
-0.0493463
-0.0466157
-0.0435728
-0.0402347
-0.0366188
-0.0327435
-0.0286278
-0.0242915
-0.019755
-0.0150399
-0.010168
-0.00516189
-4.44358e-05
0.00516137
0.0104326
0.0157466
0.0210814
0.0264154
0.0317279
0.0369992
0.0422099
0.0473415
0.0523754
0.0572929
0.0620743
0.066698
0.0711396
0.0753706
0.0793568
0.0830567
0.0864196
0.0893842
0.0918773
0.0918773
0.0938134
0.0950954
0.0956187
0.0952766
0.0939702
0.0916214
0.0881881
0.0836787
0.0781644
0.0717836
0.0647397
0.0572889
0.0497223
0.0423441
0.0354477
0.0292927
0.0240834
0.0199519
0.0169483
0.0150416
0.0141301
0.0140627
0.0146633
0.0157559
0.0171846
0.0188261
0.0205954
