-0.005
-8.33139e-06
5.24423e-05
5.21084e-05
0.00491949
0.00976203
0.00973363
0.0143841
0.0188231
0.0230048
0.0268859
0.0304264
0.0335894
0.0363423
0.0386562
0.040507
0.0418752
0.042746
0.0431102
0.0429632
0.042306
0.0411445
0.0394899
0.037358
0.0347696
0.0317496
0.0283269
0.0245344
0.0204089
0.0159905
0.0113228
0.00645173
0.00142554
-0.00370603
-0.00889215
-0.0140814
-0.0192221
-0.0242634
-0.0291549
-0.0338478
-0.0382954
-0.0424529
-0.0462787
-0.0497344
-0.052785
-0.0553997
-0.057552
-0.0592201
-0.0604238
-0.0610525
-0.0610107
-0.0610359
-0.0611701
-0.0607831
-0.0600035
-0.0595577
-0.0594285
-0.0584615
-0.0565547
-0.054173
-0.0513402
-0.0480845
-0.0444384
-0.0404381
-0.0361233
-0.0315363
-0.0267223
-0.0217286
-0.016604
-0.0113989
-0.00616462
-0.000952643
0.00418572
0.00919989
0.0140406
0.0186602
0.0230133
0.0270573
0.0307525
0.0340626
0.0369554
0.0394027
0.0413807
0.0428704
0.0438576
0.0443333
0.0442933
0.0437389
0.0426763
0.041117
0.0390773
0.0365783
0.0336458
0.0303098
0.0266046
0.0225677
0.0182404
0.0136666
0.00889284
0.00396747
-0.0010595
-0.00613708
-0.0112137
-0.016238
-0.0211587
-0.0259261
-0.0304915
-0.0348086
-0.0388334
-0.0425248
-0.0458452
-0.0487605
-0.0512408
-0.0532607
-0.0547992
-0.0558404
-0.0563732
-0.0563918
-0.0558954
-0.0548885
-0.0533806
-0.0513863
-0.048925
-0.0460209
-0.0427023
-0.0390019
-0.0349559
-0.0306043
-0.0259899
-0.0211581
-0.0161567
-0.011035
-0.00584381
-0.000634339
0.00454189
0.00963381
0.0145914
0.0193659
0.0239109
0.0280815
0.0281818
0.0321369
0.0357376
0.0389485
0.0417381
0.044079
0.0459482
0.0473352
0.0481078
0.0480971
0.0482004
0.0485647
0.0484139
0.04775
0.04658
0.0449161
0.0427752
0.040179
0.0371538
0.0337302
0.0299429
0.0258301
0.0214333
0.016797
0.0119681
0.00699515
0.00192838
-0.00318117
-0.00828203
-0.0133228
-0.0182527
-0.0230221
-0.0275829
-0.0318891
-0.0358973
-0.039567
-0.042861
-0.0457462
-0.0481932
-0.0501772
-0.0516782
-0.0526806
-0.0531744
-0.0531541
-0.0526198
-0.0515765
-0.0500344
-0.0480087
-0.0455193
-0.0425907
-0.039252
-0.0355362
-0.0314798
-0.0273501
-0.0272848
-0.027094
-0.0234769
-0.0234411
-0.022509
-0.0176826
-0.0126919
-0.00758608
-0.0024158
0.00276779
0.00791336
0.0129699
0.0178873
0.0226169
0.0271116
0.031327
0.0351551
0.0355008
0.0355653
0.0387541
0.0418937
0.0446075
0.0468685
0.0486545
0.0499478
0.0507357
0.0510108
0.0507706
0.0500178
0.0487602
0.0470109
0.0447876
0.0421131
0.0390143
0.0355228
0.0316737
0.027506
0.0230617
0.0183856
0.0135248
0.00852827
0.00344636
-0.00166976
-0.00676853
-0.0117986
-0.0167092
-0.0214507
-0.0259754
-0.0302373
-0.0341934
-0.0378035
-0.041031
-0.043843
-0.046211
-0.0482076
-0.0482847
-0.0481868
-0.0496374
-0.0497038
-0.0495872
-0.0504306
-0.0508287
-0.0507109
-0.0500781
-0.0489365
-0.0472972
-0.0451764
-0.0425951
-0.0395788
-0.0361574
-0.0323648
-0.0282384
-0.0238192
-0.0191508
-0.0142794
-0.00925316
-0.00412181
0.00106389
0.00625264
0.0113931
0.0164344
0.0213266
0.0260212
0.0304719
0.0346344
0.0384677
0.0419337
0.0449981
0.0476308
0.0498057
0.0515015
0.0527016
0.0533945
0.0536601
0.0536604
0.0535735
0.0532371
0.0523897
0.0510398
0.0492015
0.0470287
0.0467918
0.0466559
0.0441387
0.0409663
0.037408
0.0334995
0.0292831
0.0250306
0.0250279
0.0247932
0.0200831
0.0151977
0.0101861
0.00509884
-1.28096e-05
-0.00509732
-0.0101034
-0.0149806
-0.0196795
-0.0241527
-0.0283454
-0.0284978
-0.0285064
-0.0322427
-0.0357782
-0.0389247
-0.0416502
-0.0439268
-0.0457312
-0.0470449
-0.0479787
-0.0481262
-0.0479984
-0.0481471
-0.0479269
-0.0471922
