-0.025
-0.000315638
-1.06486e-05
-0.0246899
-0.0250435
-0.000241119
-0.0252012
-0.0255292
-0.026091
-0.0269641
-0.0282467
-0.0300587
-0.0325505
-0.0359093
-0.0403687
-0.0462177
-0.0538143
-0.0635998
-0.0761128
-0.0919985
-0.111991
-0.136841
-0.167123
-0.202872
-0.243098
-0.285547
-0.327191
-0.365394
-0.398826
-0.42749
-0.452178
-0.473935
-0.49375
-0.512441
-0.530648
-0.54885
-0.567401
-0.586554
-0.606487
-0.627318
-0.649117
-0.67192
-0.695738
-0.720564
-0.746385
-0.77319
-0.800974
-0.829754
-0.855419
-0.866909
-0.871086
-0.89056
-0.92274
-0.956277
-0.982104
-0.990449
-0.999978
-1.02869
-1.06792
-1.10968
-1.15443
-1.20261
-1.25457
-1.31027
-1.36901
-1.42918
-1.48855
-1.54502
-1.59731
-1.6451
-1.68875
-1.72883
-1.76597
-1.80067
-1.83335
-1.86431
-1.89377
-1.92186
-1.9487
-1.97435
-1.99883
-2.02215
-2.04431
-2.06527
-2.08501
-2.10348
-2.12061
-2.13636
-2.15064
-2.1634
-2.17454
-2.18398
-2.19163
-2.1974
-2.20118
-2.20289
-2.20241
-2.19965
-2.19454
-2.187
-2.17698
-2.16446
-2.14946
-2.13203
-2.11227
-2.0903
-2.0663
-2.04049
-2.01308
-1.98433
-1.95448
-1.92376
-1.89238
-1.86048
-1.82818
-1.79551
-1.76248
-1.72904
-1.69509
-1.66053
-1.62522
-1.58899
-1.55165
-1.51297
-1.47271
-1.43056
-1.38616
-1.33908
-1.2888
-1.23476
-1.17634
-1.11293
-1.04408
-0.969638
-0.889888
-0.805644
-0.718154
-0.628871
-0.539166
-0.515225
-0.450131
-0.362488
-0.276614
-0.192611
-0.110392
-0.0297593
0.0495376
0.115319
0.130523
0.142949
0.205186
0.281915
0.357973
0.433262
0.507499
0.580208
0.650732
0.71831
0.782162
0.841618
0.89622
0.945775
0.99033
1.03013
1.06552
1.0969
1.12468
1.14922
1.17084
1.18984
1.20644
1.22084
1.23323
1.24374
1.25251
1.25967
1.26534
1.26965
1.27273
1.27472
1.27579
1.27611
1.27589
1.27534
1.27473
1.27432
1.27443
1.27535
1.27735
1.28063
1.28519
1.29078
1.29681
1.27338
1.27301
1.2974
1.27737
1.28188
1.30657
1.30853
1.30764
1.30376
1.29705
1.28784
1.27653
1.26356
1.24929
1.23405
1.21815
1.20182
1.179
1.17679
1.18303
1.16866
1.1522
1.13598
1.12013
1.10472
1.08985
1.07555
1.0619
1.04892
1.03663
1.02503
1.01413
1.0039
0.994306
0.985298
0.976837
0.968892
0.961463
0.95459
0.94835
0.942851
0.938206
0.934514
0.931849
0.930253
0.929739
0.930297
0.931898
0.934499
0.938044
0.942473
0.947716
0.953699
0.960344
0.967565
0.980991
0.981613
0.97587
0.989621
0.990411
0.984119
0.99176
1.00042
1.00924
1.01821
1.02739
1.03694
1.04707
1.05801
1.06994
1.08292
1.09689
1.11176
1.12734
1.14348
1.16002
1.17679
1.19365
1.21047
1.22714
1.24353
1.25954
1.27507
1.29005
1.3044
1.31805
1.33094
1.34303
1.35428
1.36466
1.37413
1.38266
1.39022
1.39679
1.41467
1.41504
1.40267
1.40673
1.41
1.41205
1.4128
1.42474
1.426
1.41337
1.40996
1.40622
1.40077
1.3935
1.38457
1.39096
1.39066
1.37301
1.3596
1.34393
1.32594
1.30557
1.2828
1.25767
1.23025
1.20066
1.16907
1.13569
1.12754
1.12725
1.10047
1.06456
1.02737
0.989418
0.95095
0.912144
0.873131
0.833983
0.812947
0.809316
0.791196
0.755316
0.715541
0.675368
