0
0.00349795
0.00354157
-0.00236113
0.000171564
0.00374241
-0.00157438
0.000435999
-0.000825033
0.000812148
-2.69872e-05
0.00137261
0.000899476
0.00215706
0.00199946
0.00318065
0.00329294
0.00444078
0.00478203
0.00592487
0.00646211
0.00762294
0.00833442
0.00953101
0.010384
0.0115744
0.0124278
0.0134222
0.0140505
0.0147274
0.0151304
0.0156141
0.0159423
0.0163751
0.0167179
0.0171551
0.0175303
0.0179793
0.0183824
0.0188439
0.0192747
0.0197564
0.0202236
0.0207405
0.0212594
0.0218304
0.0224182
0.0230607
0.0245034
0.0269273
0.0261085
0.024103
0.0251943
0.0257518
0.0281278
0.0295682
0.0280437
0.0272529
0.0283888
0.0290742
0.030107
0.0307673
0.031657
0.0322211
0.0329107
0.0333007
0.0337432
0.0339397
0.0341847
0.0342608
0.0343794
0.0343574
0.0343448
0.034201
0.0340444
0.0337748
0.0334882
0.0331133
0.0327263
0.0322749
0.0318181
0.031316
0.0308131
0.0302784
0.0297445
0.0291866
0.0286282
0.0280491
0.0274658
0.0268616
0.0262478
0.0256108
0.0249584
0.0242796
0.02358
0.0228512
0.0220977
0.021314
0.0205041
0.0196654
0.0188025
0.0179151
0.017009
0.0160861
0.0151533
0.0142143
0.0132768
0.0123459
0.0114295
0.0105335
0.00966553
0.00883104
0.00803617
0.00728477
0.00658015
0.00592299
0.00531291
0.00474702
0.00422151
0.00373083
0.00326923
0.00283026
0.00240796
0.00199651
0.00159101
0.00118702
0.000781005
0.000369761
-4.95245e-05
-0.000479936
-0.000925034
-0.0013894
-0.00187829
-0.00239654
-0.0029453
-0.00351759
-0.00409362
-0.00464325
-0.00513055
-0.00302212
-0.00552429
-0.0058034
-0.00596707
-0.00599999
-0.00592422
-0.0057368
-0.00545827
-0.00474778
-0.00322025
-0.00356452
-0.0047969
-0.00410729
-0.00364138
-0.00287668
-0.00228095
-0.00147189
-0.000805466
-1.24895e-05
0.000646246
0.0013667
0.00196016
0.00258287
0.00310635
0.00365747
0.00414673
0.00467
0.00515891
0.00568148
0.0061837
0.00671429
0.00723232
0.00777431
0.00831054
0.00886905
0.00942836
0.0100097
0.0105968
0.0112051
0.0118214
0.0124557
0.0130966
0.0137493
0.0144032
0.0150596
0.0157079
0.0163469
0.0169659
0.0175618
0.0181245
0.0186496
0.0191281
0.0195558
0.0199265
0.02086
0.0208742
0.0203497
0.0211112
0.0210028
0.0204258
0.020688
0.020806
0.0209639
0.0210034
0.0210588
0.0210093
0.0209556
0.0208093
0.0206485
0.0204098
0.0201545
0.0206851
0.0207426
0.019869
0.019472
0.0191088
0.0187106
0.0182935
0.0178485
0.0173868
0.0169004
0.0163968
0.0158686
0.0153202
0.0147452
0.0141463
0.0135182
0.0128629
0.0121766
0.0114613
0.0107146
0.0099389
0.00913321
0.0083
0.00743956
0.00655461
0.00564643
0.0047182
0.00377209
0.0028118
0.00184025
0.000861572
-0.000120661
-0.00110201
-0.00207845
-0.00304533
-0.00399837
-0.00493291
-0.0058447
-0.00616577
-0.00617927
-0.00674911
-0.00708402
-0.00710133
-0.00761412
-0.00841578
-0.00919715
-0.00994371
-0.0106515
-0.0113245
-0.0119617
-0.0125681
-0.0131448
-0.0136966
-0.0142248
-0.0147327
-0.0152207
-0.0156908
-0.0161426
-0.0165766
-0.0169917
-0.0173873
-0.0177614
-0.0181125
-0.0184378
-0.018735
-0.0190011
-0.0192332
-0.0194282
-0.0195833
-0.0196957
-0.0197628
-0.0197825
-0.019753
-0.0196731
-0.0195421
-0.0193597
-0.0191267
-0.0202632
-0.0202877
-0.0188565
-0.018504
-0.0181286
-0.0177098
-0.0172494
-0.01836
-0.0184881
-0.0168223
-0.0161553
-0.0156219
-0.0150257
-0.0144347
-0.0138318
-0.0152358
-0.0152014
-0.0131419
-0.0125089
-0.0118342
-0.0111837
-0.0105054
-0.00984898
-0.0091746
-0.00851926
-0.00785193
-0.0071996
-0.00653754
-0.00813025
-0.00819395
-0.00591772
-0.00519079
-0.00453865
-0.00386099
-0.00318357
-0.00247697
-0.00176216
-0.00101713
-0.00229784
-0.00271083
-0.000540277
0.000721611
0.00137818
0.00222455
