-0.00357143
0.0129965
0.0132
0.00541105
0.0101258
0.0267338
0.0119905
0.0116004
0.00972219
0.00700174
0.00400622
0.00118481
-0.00107514
-0.00250134
-0.00287078
-0.0020548
3.6062e-05
0.00341287
0.00805243
0.0138644
0.0207254
0.0284502
0.0368098
0.0454927
0.0541
0.0621248
0.0690342
0.0744074
0.0780777
0.0801193
0.0807456
0.0801893
0.0786475
0.0762595
0.0731219
0.0693017
0.0648598
0.0598637
0.0544014
0.0485858
0.0425582
0.0364853
0.030555
0.0249674
0.0199253
0.0156221
0.0122292
0.00988239
0.00942714
0.0101291
0.00971652
0.00896379
0.0100097
0.0120506
0.0128503
0.0123518
0.0148597
0.0192862
0.0234025
0.0274798
0.0312938
0.0346267
0.0372966
0.0391642
0.0401677
0.0403386
0.0398092
0.0387565
0.0373287
0.0355931
0.0335525
0.0311809
0.0284588
0.0253876
0.0219964
0.0183371
0.0144817
0.0105151
0.00653062
0.00262447
-0.0011077
-0.00457522
-0.00769562
-0.0103981
-0.0126267
-0.0143429
-0.0155283
-0.0161856
-0.0163392
-0.0160346
-0.0153356
-0.0143209
-0.0130791
-0.0117032
-0.0102844
-0.00890646
-0.00764038
-0.00654039
-0.00564147
-0.00495841
-0.00448675
-0.00420523
-0.00407969
-0.0040681
-0.00412627
-0.00421389
-0.00430046
-0.00437063
-0.00442863
-0.00450119
-0.00463858
-0.00491328
-0.00541599
-0.00624897
-0.00751707
-0.00931692
-0.011726
-0.0147923
-0.0185259
-0.0228939
-0.0278191
-0.0331827
-0.0388307
-0.0445834
-0.0502474
-0.0556283
-0.0605429
-0.064831
-0.068364
-0.0710508
-0.072839
-0.0737102
-0.0736672
-0.072714
-0.0708323
-0.0679655
-0.0640272
-0.0589386
-0.0526814
-0.058067
-0.0453406
-0.0371152
-0.028288
-0.0192109
-0.0102478
-0.00173841
0.00602702
0.0110294
0.0101658
0.0116942
0.0183624
0.0229165
0.0261834
0.0281797
0.0289587
0.0285939
0.0271752
0.0247938
0.0215737
0.0176675
0.0132645
0.00858602
0.00387148
-0.000645445
-0.0047588
-0.00830915
-0.0111918
-0.0133584
-0.0148113
-0.0155949
-0.0157853
-0.0154803
-0.014791
-0.0138346
-0.012729
-0.0115879
-0.0105178
-0.00961441
-0.00895958
-0.00861862
-0.0086375
-0.00904049
-0.00982856
-0.0109787
-0.0124445
-0.0141582
-0.0160342
-0.0179732
-0.019867
-0.0216033
-0.0230681
-0.0241487
-0.0247366
-0.00865219
-0.00840165
-0.0219183
-0.00832177
-0.0108273
-0.0241567
-0.0229064
-0.0209659
-0.0184365
-0.0154594
-0.0121934
-0.00879823
-0.00542175
-0.00219453
0.000774132
0.00339744
0.00561223
0.0204543
0.0219868
0.00880822
0.00844498
0.00921839
0.0096163
0.00968182
0.00947778
0.00908268
0.00858527
0.00807782
0.00764885
0.00737573
0.0073179
0.00751146
0.00796562
0.00866145
0.00955303
0.0105709
0.0116272
0.0126227
0.0134536
0.0140195
0.0142299
0.0140115
0.0133128
0.0121089
0.0104028
0.00822734
0.00564327
0.00273764
-0.000379897
-0.00358169
-0.00672771
-0.00967203
-0.01227
-0.0143861
-0.0159013
-0.0137556
-0.0136684
-0.016586
-0.0150368
-0.0149622
-0.0166054
-0.0159638
-0.0144692
-0.0122421
-0.00936326
-0.00594212
-0.00210852
0.00199609
0.00622671
0.0104415
0.0145075
0.0183063
0.0217382
0.0247258
0.0272145
0.0291718
0.0305846
0.031457
0.0318066
0.031663
0.031065
0.0300596
0.0287005
0.027048
0.025168
0.0231315
0.0210138
0.0188933
0.0168492
0.0149596
0.013298
0.0119296
0.0109082
0.0102719
-0.00371818
-0.00401794
0.00977297
0.0102729
0.0108415
0.0117378
0.0129016
-0.000945281
-0.00248466
0.012827
0.0159671
0.0175219
0.018957
0.0202064
0.0209282
0.00479015
0.00507582
0.0219805
0.022431
0.0225813
0.0224571
0.0221016
0.0215719
0.0209334
0.0202549
0.0196017
0.0190297
0.0185801
0.00282433
0.00221069
0.0176989
0.0182022
0.0181805
0.0181978
0.0181783
0.0180234
0.0176211
0.0168516
0.00492896
0.00166407
0.0123765
0.0142176
0.0120026
0.00898193
