-0.00454545
-4.37217e-05
1.18003e-05
-0.00352171
-0.00277549
0.00176877
-0.00214265
-0.00171446
-0.00151444
-0.00161986
-0.00206728
-0.00296137
-0.00433891
-0.00631513
-0.00892007
-0.0122703
-0.016391
-0.0214025
-0.0273374
-0.0343337
-0.0424471
-0.051839
-0.0625658
-0.0747234
-0.0881688
-0.102581
-0.117197
-0.131002
-0.142805
-0.151615
-0.156766
-0.158034
-0.155559
-0.149766
-0.14124
-0.130636
-0.11861
-0.105765
-0.092632
-0.0796542
-0.0671908
-0.0555195
-0.0448467
-0.0353141
-0.0270087
-0.0199676
-0.0141861
-0.0096212
-0.00598312
-0.0030017
-0.00342475
-0.00400685
-0.00251518
-0.00178355
0.000623592
0.00238396
9.75024e-06
-0.00201868
-0.00246312
-0.00285173
-0.0029334
-0.00242886
-0.00105098
0.00149652
0.0054374
0.0108682
0.0176103
0.0252011
0.0329302
0.0400577
0.0459618
0.0502573
0.0527874
0.0535928
0.0528449
0.0507949
0.0477262
0.0439244
0.0396549
0.0351515
0.0306099
0.0261864
0.0220002
0.018136
0.0146493
0.0115712
0.00891313
0.00667151
0.00483205
0.003373
0.00226819
0.00148913
0.00100673
0.000792096
0.00081707
0.00105385
0.00147446
0.00204938
0.00274625
0.00352801
0.0043515
0.00516607
0.00591317
0.00652663
0.00693445
0.00706154
0.0068341
0.00618466
0.00505813
0.00341785
0.00125138
-0.00142507
-0.00456416
-0.00808787
-0.011891
-0.0158474
-0.0198186
-0.0236636
-0.0272472
-0.0304475
-0.0331608
-0.0353031
-0.0368097
-0.0376319
-0.0377321
-0.0370773
-0.0356326
-0.0333547
-0.0301866
-0.0260552
-0.0208738
-0.014552
-0.00701737
0.00175021
0.0116735
0.0225358
0.033961
0.0454355
0.0563711
0.0580375
0.0661874
0.074385
0.0805986
0.0845991
0.0862882
0.0856734
0.0828449
0.0792913
0.0803597
0.0786965
0.0707932
0.0622802
0.0523275
0.0411066
0.0288764
0.0158714
0.00242036
-0.0111513
-0.0244132
-0.0369239
-0.0482163
-0.0578819
-0.0655907
-0.0711507
-0.0745101
-0.0757616
-0.0751103
-0.0728426
-0.0692846
-0.0647704
-0.059615
-0.0540977
-0.0484526
-0.0428664
-0.0374789
-0.0323887
-0.027658
-0.0233189
-0.0193799
-0.0158306
-0.0126463
-0.00979187
-0.00722407
-0.00489345
-0.00274505
-0.000718766
0.0012511
0.00323602
0.00531307
0.00756229
0.0100604
0.0128683
0.0160124
0.0156705
0.0156641
0.0188561
0.0184928
0.019137
0.0232066
0.0269405
0.0304685
0.0335584
0.0360171
0.0377045
0.038558
0.0385789
0.0378265
0.0363956
0.0344042
0.031976
0.0308721
0.0307815
0.0291232
0.0262662
0.0232092
0.0201228
0.0170704
0.0140999
0.011246
0.00853286
0.00597685
0.00358915
0.00137798
-0.000649507
-0.00248611
-0.00412403
-0.00555517
-0.00677207
-0.0077697
-0.00854778
-0.00911324
-0.00948194
-0.00967889
-0.00973602
-0.00968808
-0.00956775
-0.00940145
-0.00920703
-0.00899337
-0.0087615
-0.00850652
-0.00821975
-0.00789079
-0.00750931
-0.00706656
-0.0065566
-0.00597755
-0.00533276
-0.0075135
-0.00761548
-0.00472708
-0.00681289
-0.00693555
-0.00399727
-0.00311519
-0.00238539
-0.0017353
-0.00122733
-0.000933682
-0.00093018
-0.00128514
-0.00204448
-0.00321813
-0.00477425
-0.0066443
-0.00873565
-0.0109462
-0.0131762
-0.0153361
-0.0173508
-0.0191606
-0.0207211
-0.022002
-0.0229849
-0.0236624
-0.0240357
-0.0241135
-0.0239108
-0.0234474
-0.0227471
-0.0218363
-0.0207434
-0.0194977
-0.0181281
-0.0166622
-0.0151256
-0.0135414
-0.0168575
-0.0169289
-0.0119963
-0.0102989
-0.00867493
-0.00706153
-0.00546447
-0.00851195
-0.00886354
-0.00422362
-0.0023013
-0.000760678
0.000754764
0.00224462
0.00362176
-1.88383e-05
6.65963e-05
0.00514059
0.00650972
0.00781499
0.00902588
0.0101048
0.011002
0.0116603
0.0120125
0.0119885
0.0115155
0.0105273
0.00666998
0.00652101
0.00880028
0.00679102
0.00400846
0.000621835
-0.00331753
-0.00772343
-0.0124808
-0.0174479
-0.021751
-0.0226585
-0.0233554
-0.027336
-0.0319675
-0.0361755
