-0.00576923
-6.9386e-05
1.08068e-06
-0.00559896
-0.0054856
0.000281191
-0.00522435
-0.00488681
-0.00447607
-0.00398543
-0.0034153
-0.00275451
-0.00199644
-0.00112722
-0.000137512
0.000986884
0.00225613
0.00368198
0.00527302
0.00703496
0.00896999
0.0110673
0.0133016
0.0156005
0.0178289
0.0197232
0.0208981
0.0208636
0.0192051
0.0157161
0.0105166
0.00398594
-0.00332932
-0.0108594
-0.0180942
-0.0246432
-0.0302464
-0.0347667
-0.0381668
-0.0404825
-0.041798
-0.0422242
-0.0418823
-0.0408917
-0.0393613
-0.0373843
-0.035035
-0.0323677
-0.0288276
-0.0252502
-0.0257805
-0.0261526
-0.0226772
-0.0189125
-0.0143717
-0.0122824
-0.0126524
-0.0102996
-0.00545291
-0.000180232
0.00551546
0.0116229
0.0180779
0.0247713
0.0314998
0.0379734
0.0438176
0.0486639
0.0522415
0.0544524
0.0553606
0.0551401
0.0540107
0.0521928
0.0498809
0.0472335
0.0443713
0.0413817
0.038323
0.0352326
0.0321313
0.0290306
0.0259363
0.0228527
0.0197847
0.01674
0.0137288
0.0107649
0.00786403
0.00504399
0.00232317
-0.000279867
-0.00274732
-0.00506248
-0.00721019
-0.009177
-0.0109513
-0.0125236
-0.0138865
-0.0150351
-0.0159675
-0.0166849
-0.0171922
-0.0174975
-0.0176115
-0.0175463
-0.0173124
-0.0169164
-0.016357
-0.0156214
-0.0146833
-0.0135017
-0.0120223
-0.0101815
-0.0079126
-0.00515387
-0.00185639
0.00200895
0.00644697
0.0114367
0.0169328
0.0228701
0.029169
0.0357418
0.0424994
0.0493553
0.0562286
0.0630441
0.0697291
0.0762074
0.0823893
0.0881592
0.0933617
0.0977927
0.101201
0.103312
0.103872
0.102709
0.0997835
0.100092
0.0952087
0.0892344
0.0821989
0.0744833
0.0664627
0.0584692
0.0507682
0.045055
0.0448846
0.0434791
0.0369734
0.0309042
0.0253906
0.0202932
0.015437
0.0105836
0.00549481
-0.000121695
-0.00650584
-0.0138424
-0.0221891
-0.0314749
-0.0414726
-0.0518424
-0.0621619
-0.0719953
-0.0809359
-0.0886521
-0.0949037
-0.0995503
-0.102542
-0.103906
-0.103727
-0.102133
-0.0992745
-0.095316
-0.0904226
-0.0847548
-0.0784627
-0.0716837
-0.0645405
-0.0571407
-0.0495772
-0.0419281
-0.0342583
-0.0266206
-0.0190574
-0.0116038
-0.00429144
0.00284493
0.00975958
0.0163858
0.0226272
0.0198185
0.0197731
0.0269412
0.0244632
0.0257489
0.0333593
0.0376475
0.0410123
0.0433939
0.0447958
0.0452755
0.0449308
0.0438793
0.0422435
0.0401387
0.0376675
0.0349169
0.0313328
0.0309836
0.0316028
0.0288539
0.0256571
0.0224042
0.0191324
0.0158752
0.0126633
0.00952512
0.00648715
0.0035739
0.00080828
-0.00178795
-0.00419356
-0.00638686
-0.00834496
-0.010043
-0.0114542
-0.0125507
-0.0133058
-0.0136982
-0.0137163
-0.0133623
-0.012655
-0.0116289
-0.0103318
-0.00882017
-0.00715504
-0.00539846
-0.00361104
-0.00185064
-0.000172059
0.00137271
0.00273398
0.00386385
0.00471603
0.00524596
0.000335682
0.000110036
0.00517376
0.000483593
0.000214704
0.00489034
0.00451216
0.00339574
0.00178887
-0.000315287
-0.00290377
-0.00593595
-0.00933687
-0.0129948
-0.016768
-0.0204991
-0.024035
-0.0272428
-0.0300197
-0.0322959
-0.0340325
-0.0352174
-0.0358593
-0.0359828
-0.0356237
-0.0348252
-0.0336349
-0.032103
-0.0302805
-0.0282184
-0.0259664
-0.0235729
-0.0210843
-0.0185442
-0.0159931
-0.013468
-0.011002
-0.00862409
-0.006359
-0.0119515
-0.0120712
-0.00434739
-0.00223908
-0.000407883
0.00126102
0.00276718
-0.00230043
-0.00286903
0.00354225
0.00532981
0.00640591
0.0073532
0.00818855
0.00882238
0.00315951
0.00326651
0.00960124
0.0102117
0.0107688
0.0112787
0.0117441
0.012164
0.0125333
0.0128434
0.0130826
0.0132383
0.013299
0.00784243
0.00762932
0.013043
0.0131164
0.0128823
0.0125752
0.0122291
0.0118918
0.0116213
0.0114818
0.00717253
0.00595106
0.0103642
0.0119243
0.0125557
0.0135
