-0.00438861
-0.0028851
-0.00111861
0.000223417
0.00163608
0.00768997
0.0027974
0.00394627
0.00493364
0.00587636
0.00670651
0.00748235
0.00817411
0.00881174
0.00938316
0.00990447
0.0103717
0.010794
0.011171
0.0115084
0.0118072
0.0120712
0.0123019
0.0125021
0.0126734
0.012818
0.0129372
0.0130329
0.0131064
0.013159
0.0131919
0.0132064
0.0132035
0.0131841
0.0131491
0.0130994
0.0130357
0.0129588
0.0128693
0.0127679
0.0126552
0.0125316
0.0123976
0.0122538
0.0121006
0.0119383
0.0117673
0.011588
0.0114008
0.0112056
0.0110029
0.0107928
0.0105757
0.0103518
0.0101212
0.00988427
0.00964111
0.00939193
0.00913689
0.00887616
0.00860987
0.00833819
0.00806123
0.00777913
0.00749199
0.00719994
0.00690308
0.00660152
0.00629533
0.00598463
0.00566948
0.00534999
0.00502622
0.00469826
0.00436617
0.00403004
0.00368992
0.00334589
0.00299801
0.00264634
0.00229095
0.0019319
0.00156924
0.00120304
0.000833356
0.00046024
8.37506e-05
-0.000296055
-0.000679121
-0.00106539
-0.00145481
-0.00184733
-0.00224288
-0.00264142
-0.00304288
-0.00344722
-0.00385437
-0.00426428
-0.00467689
-0.00509216
-0.00551001
-0.00593039
-0.00635325
-0.00677852
-0.00720615
-0.00763607
-0.00806823
-0.00850257
-0.00893903
-0.00937754
-0.00981804
-0.0102605
-0.0107048
-0.0111509
-0.0115987
-0.0120483
-0.0124994
-0.0129521
-0.0134063
-0.0138619
-0.0143188
-0.014777
-0.0152365
-0.0156971
-0.0161588
-0.0166215
-0.0170852
-0.0175497
-0.018015
-0.0184812
-0.0189479
-0.0194153
-0.0198833
-0.0203517
-0.0208205
-0.0212897
-0.0217591
-0.0222288
-0.0226986
-0.0231684
-0.0236383
-0.0241081
-0.0245777
-0.0250472
-0.0255165
-0.0259854
-0.0264539
-0.0269219
-0.0273895
-0.0278564
-0.0283228
-0.0287884
-0.0292533
-0.0297173
-0.0301805
-0.0306427
-0.0311039
-0.0315641
-0.0320232
-0.0324811
-0.0329378
-0.0333932
-0.0338473
-0.0343
-0.0347513
-0.0352011
-0.0356493
-0.036096
-0.0365411
-0.0369845
-0.0374263
-0.0378662
-0.0383044
-0.0387407
-0.0391752
-0.0396077
-0.0400383
-0.040467
-0.0408935
-0.0413181
-0.0417405
-0.0421609
-0.0425791
-0.0429951
-0.0434089
-0.0438204
-0.0442298
-0.0446368
-0.0450415
-0.0454439
-0.045844
-0.0462417
-0.046637
-0.0470299
-0.0474203
-0.0478084
-0.048194
-0.0485771
-0.0489578
-0.049336
-0.0497116
-0.0500848
-0.0504555
-0.0508236
-0.0511893
-0.0515524
-0.051913
-0.052271
-0.0526265
-0.0529795
-0.0533299
-0.0536778
-0.0540231
-0.0543659
-0.0547062
-0.055044
-0.0553792
-0.0557119
-0.0560421
-0.0563698
-0.056695
-0.0570177
-0.0573379
-0.0576557
-0.0579709
-0.0582837
-0.0585941
-0.058902
-0.0592075
-0.0595106
-0.0598113
-0.0601096
-0.0604055
-0.0606991
-0.0609903
-0.0612791
-0.0615656
-0.0618499
-0.0621318
-0.0624114
-0.0626888
-0.0629639
-0.0632368
-0.0635075
-0.0637759
-0.0640422
-0.0643063
-0.0645682
-0.064828
-0.0650856
-0.0653412
-0.0655946
-0.065846
-0.0660953
-0.0663425
-0.0665877
-0.0668309
-0.0670721
-0.0673113
-0.0675485
-0.0677837
-0.0680171
-0.0682485
-0.0684779
-0.0687055
-0.0689312
-0.069155
-0.069377
-0.0695972
-0.0698155
-0.070032
-0.0702467
-0.0704596
-0.0706708
-0.0708802
-0.0710878
-0.0712938
-0.071498
-0.0717005
-0.0719013
-0.0721004
-0.0722979
-0.0724937
-0.0726879
-0.0728804
-0.0730714
-0.0732607
-0.0734484
-0.0736345
-0.073819
-0.074002
-0.0741834
-0.0743633
-0.0745416
-0.0747184
-0.0748937
-0.0750675
-0.0752398
-0.0754105
-0.0755798
-0.0757476
-0.075914
-0.0760789
-0.0762423
-0.0764043
-0.0765648
-0.0767239
-0.0768816
-0.0770378
-0.0771927
-0.0773461
-0.0774981
-0.0776487
-0.077798
-0.0779458
-0.0780923
-0.0782374
-0.0783811
-0.0785234
-0.0786644
-0.078804
-0.0789423
-0.0790792
-0.0792148
-0.079349
-0.0794819
-0.0796134
-0.0797436
-0.0798725
-0.0800001
-0.0801263
-0.0802511
-0.0803747
-0.0804969
-0.0806179
-0.0807374
-0.0808557
-0.0809727
-0.0810883
-0.0812027
-0.0813157
-0.0814274
-0.0815378
-0.0816468
-0.0817546
-0.0818611
-0.0819662
-0.08207
-0.0821725
-0.0822737
-0.0823736
-0.0824722
-0.0825694
-0.0826654
-0.08276
-0.0828533
-0.0829453
-0.0830359
-0.0831252
-0.0832132
-0.0832999
-0.0833853
-0.0834693
-0.0835519
-0.0836333
-0.0837133
-0.083792
-0.0838693
-0.0839452
-0.0840199
-0.0840931
-0.084165
-0.0842356
-0.0843048
-0.0843726
-0.084439
-0.0845041
-0.0845678
-0.0846301
-0.084691
-0.0847505
-0.0848087
-0.0848654
-0.0849207
-0.0849747
-0.0850272
-0.0850783
-0.0851279
-0.0851762
-0.085223
-0.0852684
-0.0853123
-0.0853548
-0.0853958
-0.0854354
-0.0854735
-0.0855101
-0.0855453
-0.0855789
-0.0856111
-0.0856418
-0.085671
-0.0856987
-0.0857249
-0.0857495
-0.0857726
-0.0857942
-0.0858143
-0.0858328
-0.0858498
-0.0858652
-0.085879
-0.0858912
-0.0859019
-0.085911
-0.0859185
-0.0859244
-0.0859287
-0.0859314
-0.0859324
-0.0859319
-0.0859296
-0.0859258
-0.0859203
-0.0859131
-0.0859042
-0.0858937
-0.0858815
-0.0858676
-0.085852
-0.0858347
-0.0858157
-0.0857949
-0.0857724
-0.0857482
-0.0857223
-0.0856945
-0.085665
-0.0856338
-0.0856007
-0.0855659
-0.0855293
-0.0854908
-0.0854506
-0.0854085
-0.0853646
-0.0853188
-0.0852712
-0.0852217
-0.0851704
-0.0851172
-0.0850621
-0.0850052
-0.0849463
-0.0848855
-0.0848228
-0.0847581
-0.0846916
-0.0846231
-0.0845526
-0.0844802
-0.0844058
-0.0843294
-0.084251
-0.0841707
-0.0840883
-0.0840039
-0.0839176
-0.0838291
-0.0837387
-0.0836462
-0.0835516
-0.083455
-0.0833562
-0.0832555
-0.0831526
-0.0830476
-0.0829405
-0.0828314
-0.08272
-0.0826066
-0.082491
-0.0823733
-0.0822534
-0.0821313
-0.0820071
-0.0818807
-0.0817521
-0.0816214
-0.0814884
-0.0813532
-0.0812158
-0.0810761
-0.0809342
-0.0807901
-0.0806438
-0.0804952
-0.0803443
-0.0801911
-0.0800357
-0.079878
-0.079718
-0.0795556
-0.079391
-0.0792241
-0.0790549
-0.0788833
-0.0787094
-0.0785331
-0.0783545
-0.0781736
-0.0779903
-0.0778046
-0.0776166
-0.0774262
-0.0772334
-0.0770382
-0.0768406
-0.0766406
-0.0764383
-0.0762335
-0.0760263
-0.0758166
-0.0756046
-0.0753901
-0.0751732
-0.0749538
-0.074732
-0.0745078
-0.0742811
-0.0740519
-0.0738203
-0.0735862
-0.0733496
-0.0731106
-0.0728691
-0.0726251
-0.0723787
-0.0721297
-0.0718783
-0.0716243
-0.0713679
-0.071109
-0.0708476
-0.0705836
-0.0703172
-0.0700483
-0.0697768
-0.0695029
-0.0692264
-0.0689475
-0.068666
-0.068382
-0.0680955
-0.0678064
-0.0675149
-0.0672208
-0.0669243
-0.0666252
-0.0663236
-0.0660195
-0.0657128
-0.0654037
-0.065092
-0.0647778
-0.0644611
-0.0641419
-0.0638202
-0.063496
-0.0631693
-0.0628401
-0.0625084
-0.0621742
-0.0618375
-0.0614983
-0.0611566
-0.0608125
-0.0604658
-0.0601167
-0.0597651
-0.0594111
-0.0590546
-0.0586956
-0.0583342
-0.0579703
-0.057604
-0.0572352
-0.056864
-0.0564904
-0.0561144
-0.0557359
-0.0553551
-0.0549718
-0.0545862
-0.0541982
-0.0538078
-0.053415
-0.0530199
-0.0526224
-0.0522226
-0.0518204
-0.0514159
-0.0510091
-0.0506
-0.0501886
-0.0497749
-0.049359
-0.0489408
-0.0485203
-0.0480975
-0.0476726
-0.0472454
-0.046816
-0.0463844
-0.0459506
-0.0455146
-0.0450765
-0.0446363
-0.0441939
-0.0437493
-0.0433027
-0.042854
-0.0424032
-0.0419503
-0.0414954
-0.0410384
-0.0405794
-0.0401185
-0.0396555
-0.0391905
-0.0387236
-0.0382548
-0.037784
-0.0373113
-0.0368367
-0.0363603
-0.0358819
-0.0354018
-0.0349198
-0.034436
-0.0339504
-0.0334631
-0.032974
-0.0324832
-0.0319906
-0.0314964
-0.0310005
-0.030503
-0.0300038
-0.029503
-0.0290006
-0.0284966
-0.0279911
-0.027484
-0.0269755
-0.0264654
-0.0259539
-0.0254409
-0.0249265
-0.0244108
-0.0238936
-0.023375
-0.0229079
-0.0223866
-0.021864
-0.0213401
-0.0208149
-0.0202885
-0.0197609
-0.019232
-0.018702
-0.0181708
-0.0176384
-0.017105
-0.0165704
-0.0160348
-0.0154981
-0.0149605
-0.0144218
-0.0138822
-0.0133416
-0.0128001
-0.0122577
-0.0117144
-0.0111703
-0.0106254
-0.0100796
-0.00953314
-0.00898591
-0.00843797
-0.00788934
-0.00734004
-0.0067901
-0.00623955
-0.00568841
-0.00513671
-0.00458447
-0.00403172
-0.00347848
-0.00292478
-0.00237064
-0.00181609
-0.00126115
-0.000705852
-0.000150211
0.000405744
0.000961991
0.0015185
0.00207526
0.00263223
0.00318941
0.00374675
0.00430424
0.00486186
0.00541958
0.00597739
0.00653525
0.00709315
0.00765107
0.00820897
0.00876685
0.00932468
0.00988244
0.0104401
0.0109977
0.0115551
0.0121124
0.0126695
0.0132264
0.0137831
0.0143396
0.0148958
0.0154517
0.0160074
0.0165628
0.0171178
0.0176725
0.0182269
0.0187809
0.0193345
0.0198877
0.0204405
0.0209928
0.0215447
0.0220962
0.0226471
0.0231976
0.0237476
0.024297
0.0248459
0.0253943
0.0259421
0.0264893
0.027036
0.0275821
0.0281275
0.0286724
0.0292166
0.0297602
0.0303031
0.0308454
0.031387
0.0319279
0.0324682
0.0330078
0.0335467
0.0340848
0.0346223
0.035159
0.0356951
0.0362303
0.0367649
0.0372987
0.0378318
0.0383641
0.0388956
0.0394264
0.0399564
0.0404857
0.0410142
0.0415419
0.0420688
0.042595
0.0431203
0.0436449
0.0441687
0.0446918
0.045214
0.0457355
0.0462561
0.046776
0.0472951
0.0478134
0.0483309
0.0488477
0.0493636
0.0498788
0.0503932
0.0509068
0.0514197
0.0519318
0.0524431
0.0529536
0.0534634
0.0539725
0.0544807
0.0549883
0.0554951
0.0560011
0.0565064
0.057011
0.0575149
0.058018
0.0585204
0.0590222
0.0595232
0.0600235
0.0605231
0.0610221
0.0615203
0.0620179
0.0625149
0.0630111
0.0635068
0.0640018
0.0644961
0.0649898
0.0654829
0.0659754
0.0664673
0.0669586
0.0674493
0.0679394
0.0684289
0.0689179
0.0694063
0.0698942
0.0703815
0.0708683
0.0713545
0.0718403
0.0723255
0.0728103
0.0732945
0.0737783
0.0742616
0.0747444
0.0752268
0.0757087
0.0761901
0.0766712
0.0771518
0.077632
0.0781118
0.0785912
0.0790702
0.0795488
0.080027
0.0805049
0.0809824
0.0814596
0.0819364
0.0824129
0.082889
0.0833648
0.0838403
0.0843155
0.0847904
0.085265
0.0857393
0.0862134
0.0866871
0.0871606
0.0876338
0.0881068
0.0885795
0.089052
0.0895242
0.0899962
0.090468
0.0909396
0.0914109
0.091882
0.0923529
0.0928236
0.0932941
0.0937644
0.0942345
0.0947044
0.0951742
0.0956437
0.0961131
0.0965822
0.0970512
0.0975201
0.0979887
0.0984572
0.0989255
0.0993937
0.0998616
0.100329
0.100797
0.101265
0.101732
0.102199
0.102666
0.103133
0.103599
0.104066
0.104532
0.104998
0.105464
0.10593
0.106395
0.106861
0.107326
0.107791
0.108255
0.10872
0.109184
0.109648
0.110112
0.110576
0.111039
0.111503
0.111965
0.112428
0.11289
0.113353
0.113814
0.114276
0.114737
0.115198
0.115659
0.116119
0.116579
0.117038
0.117498
0.117956
0.118415
0.118873
0.11933
0.119788
0.120244
0.120701
0.121156
0.121612
0.122067
0.122521
0.122975
0.123428
0.123881
0.124333
0.124784
0.125235
0.125686
0.126135
0.126584
0.127032
0.12748
0.127927
0.128373
0.128818
0.129263
0.129706
0.130149
0.130591
0.131032
0.131473
0.131912
0.13235
0.132788
0.133224
0.13366
0.134094
0.134527
0.13496
0.135391
0.135821
0.13625
0.136677
0.137104
0.137529
0.137953
0.138375
0.138796
0.139216
0.139635
0.140052
0.140468
0.140882
0.141294
0.141706
0.142115
0.142523
0.14293
0.143334
0.143737
0.144139
0.144538
0.144936
0.145332
0.145726
0.146118
0.146509
0.146897
0.147284
0.147668
0.14805
0.148431
0.148809
0.149185
0.149559
0.149931
0.1503
0.150668
0.151032
0.151395
0.151755
0.152113
0.152468
0.152821
0.153172
0.15352
0.153865
0.154208
0.154548
0.154885
0.15522
0.155552
0.155881
0.156207
0.15653
0.156851
0.157169
0.157483
0.157795
0.158104
0.15841
0.158712
0.159012
0.159308
0.159601
0.159891
0.160178
0.160462
0.160742
0.161019
0.161292
0.161562
0.161829
0.162092
0.162352
0.162608
0.16286
0.163109
0.163355
0.163597
0.163835
0.164069
0.1643
0.164527
0.16475
0.164969
0.165185
0.165396
0.165604
0.165808
0.166008
0.166204
0.166396
0.166584
0.166768
0.166947
0.167123
0.167295
0.167462
0.167626
0.167785
0.16794
0.168091
0.168237
0.16838
0.168518
0.168651
0.168781
0.168906
0.169027
0.169143
0.169255
0.169362
0.169466
0.169564
0.169659
0.169749
0.169834
0.169915
0.169991
0.170063
0.17013
0.170193
0.170251
0.170305
0.170354
0.170399
0.170439
0.170474
0.170505
0.170531
0.170553
0.17057
0.170582
0.17059
0.170593
0.170591
0.170585
0.170574
0.170558
0.170538
0.170513
0.170484
0.170449
0.170411
0.170367
0.170319
0.170266
0.170208
0.170146
0.170079
0.170008
0.169931
0.169851
0.169765
0.169675
0.16958
0.169481
0.169377
0.169268
0.169155
0.169037
0.168914
0.168787
0.168655
0.168519
0.168378
0.168232
0.168082
0.167928
0.167769
0.167605
0.167437
0.167264
0.167087
0.166905
0.166719
0.166529
0.166334
0.166134
0.16593
0.165722
0.165509
0.165292
0.165071
0.164845
0.164615
0.164381
0.164142
0.163899
0.163652
0.1634
0.163144
0.162884
0.16262
0.162352
0.162079
0.161803
0.161522
0.161237
0.160948
0.160655
0.160358
0.160057
0.159752
0.159443
0.159129
0.158812
0.158491
0.158167
0.157838
0.157505
0.157169
0.156828
0.156484
0.156136
0.155784
0.155429
0.15507
0.154707
0.15434
0.15397
0.153596
0.153219
0.152838
0.152453
0.152065
0.151673
0.151278
0.150879
0.150477
0.150071
0.149662
0.14925
0.148834
0.148415
0.147992
0.147567
0.147137
0.146705
0.14627
0.145831
0.145389
0.144943
0.144495
0.144044
0.143589
0.143131
0.142671
0.142207
0.14174
0.14127
0.140797
0.140321
0.139843
0.139361
0.138876
0.138389
0.137899
0.137405
0.136909
0.136411
0.135909
0.135405
0.134898
0.134388
0.133875
0.13336
0.132842
0.132322
0.131799
0.131273
0.130745
0.130214
0.12968
0.129144
0.128606
0.128065
0.127521
0.126976
0.126427
0.125876
0.125323
0.124768
0.12421
0.123649
0.123087
0.122522
0.121955
0.121385
0.120813
0.120239
0.119663
0.119084
0.118504
0.117921
0.117336
0.116748
0.116159
0.115567
0.114974
0.114378
0.11378
0.11318
0.112578
0.111974
0.111368
0.11076
0.11015
0.109538
0.108924
0.108308
0.10769
0.10707
0.106448
0.105825
0.105199
0.104572
0.103942
0.103311
0.102745
0.10211
0.101473
0.100834
0.100194
0.0995519
0.0989079
0.0982622
0.0976147
0.0969654
0.0963144
0.0956617
0.0950072
0.094351
0.0936932
0.0930337
0.0923725
0.0917097
0.0910453
0.0903792
0.0897115
0.0890423
0.0883714
0.087699
0.0870251
0.0863496
0.0856726
0.0849941
0.0843141
0.0836326
0.0829497
0.0822653
0.0815795
0.0808922
0.0802035
0.0795135
0.078822
0.0781292
0.077435
0.0767395
0.0760427
0.0753445
0.074645
0.0739443
0.0732422
0.072539
0.0718344
0.0711287
0.0704217
0.0697135
0.0690041
0.0682935
0.0675818
0.0668689
0.0661549
0.0654398
0.0647235
0.0640062
0.0632878
0.0625683
0.0618477
0.0611262
0.0604036
0.0596799
0.0589553
0.0582297
0.0575032
0.0567756
0.0560472
0.0553178
0.0545875
0.0538563
0.0531242
0.0523913
0.0516575
0.0509228
0.0501874
0.0494511
0.0487141
0.0479762
0.0472376
0.0464983
0.0457582
0.0450174
0.0442758
0.0435336
0.0427908
0.0420472
0.0413031
0.0405583
0.0398128
0.0390668
0.0383202
0.0375731
0.0368254
0.0360772
0.0353284
0.0345792
0.0338294
0.0330792
0.0323285
0.0315774
0.0308259
0.030074
0.0293217
0.028569
0.027816
0.0270626
0.0263089
0.0255549
0.0248006
0.0240461
0.0232913
0.0225362
0.021781
0.0210255
0.0202698
0.019514
0.018758
0.0180019
0.0172457
0.0164893
0.0157329
0.0149764
0.0142199
0.0134633
0.0127068
0.0119502
0.0111936
0.0104371
0.00968068
0.00892431
0.00816802
0.00741185
0.00665581
0.00589992
0.00514419
0.00438864
0.00363329
0.00287816
0.00212327
0.00136864
0.000614275
-0.000139796
-0.000893557
-0.00164699
-0.00240008
-0.0031528
-0.00390513
-0.00465707
-0.00540859
-0.00615966
-0.00691029
-0.00766043
-0.00841008
-0.00915922
-0.00990783
-0.0106559
-0.0114034
-0.0121503
-0.0128966
-0.0136422
-0.0143873
-0.0151316
-0.0158753
-0.0166183
-0.0173606
-0.0181021
-0.0188429
-0.0195829
-0.0203221
-0.0210604
-0.021798
-0.0225347
-0.0232705
-0.0240055
-0.0247395
-0.0254726
-0.0262048
-0.026936
-0.0276662
-0.0283954
-0.0291236
-0.0298507
-0.0305768
-0.0313018
-0.0320257
-0.0327485
-0.0334701
-0.0341906
-0.0349099
-0.035628
-0.0363449
-0.0370605
-0.0377749
-0.0384881
-0.0391999
-0.0399104
-0.0406196
-0.0413275
-0.0420339
-0.042739
-0.0434427
-0.0441449
-0.0448457
-0.045545
-0.0462428
-0.0469392
-0.047634
-0.0483272
-0.0490189
-0.049709
-0.0503975
-0.0510843
-0.0517696
-0.0524531
-0.053135
-0.0538152
-0.0544936
-0.0551703
-0.0558452
-0.0565184
-0.0571897
-0.0578593
-0.058527
-0.0591928
-0.0598567
-0.0605188
-0.0611789
-0.0618371
-0.0624933
-0.0631476
-0.0637998
-0.0644501
-0.0650983
-0.0657444
-0.0663884
-0.0670304
-0.0676703
-0.068308
-0.0689435
-0.0695769
-0.0702081
-0.070837
-0.0714638
-0.0720883
-0.0727105
-0.0733304
-0.073948
-0.0745633
-0.0751762
-0.0757867
-0.0763949
-0.0770007
-0.077604
-0.0782049
-0.0788033
-0.0793992
-0.0799927
-0.0805836
-0.081172
-0.0817578
-0.082341
-0.0829216
-0.0834997
-0.084075
-0.0846478
-0.0852179
-0.0857852
-0.0863499
-0.0869118
-0.087471
-0.0880275
-0.0885811
-0.089132
-0.0896801
-0.0902253
-0.0907676
-0.0913071
-0.0918438
-0.0923775
-0.0929083
-0.0934361
-0.0939611
-0.094483
-0.095002
-0.0955179
-0.0960309
-0.0965408
-0.0970477
-0.0975515
-0.0980522
-0.0985498
-0.0990443
-0.0995357
-0.100024
-0.100509
-0.100991
-0.10147
-0.101945
-0.102418
-0.102887
-0.103353
-0.103815
-0.104275
-0.104731
-0.105183
-0.105633
-0.106079
-0.106522
-0.106961
-0.107398
-0.10783
-0.10826
-0.108686
-0.109109
-0.109528
-0.109944
-0.110356
-0.110765
-0.111171
-0.111573
-0.111971
-0.112366
-0.112758
-0.113146
-0.113531
-0.113912
-0.11429
-0.114664
-0.115035
-0.115402
-0.115766
-0.116126
-0.116482
-0.116835
-0.117185
-0.117531
-0.117873
-0.118212
-0.118547
-0.118879
-0.119207
-0.119531
-0.119852
-0.12017
-0.120484
-0.120794
-0.1211
-0.121404
-0.121703
-0.121999
-0.122291
-0.12258
-0.122865
-0.123147
-0.123425
-0.1237
-0.123971
-0.124238
-0.124502
-0.124763
-0.125019
-0.125273
-0.125522
-0.125769
-0.126011
-0.126251
-0.126486
-0.126718
-0.126947
-0.127172
-0.127394
-0.127612
-0.127827
-0.128039
-0.128247
-0.128451
-0.128652
-0.12885
-0.129044
-0.129235
-0.129423
-0.129607
-0.129788
-0.129965
-0.130139
-0.13031
-0.130478
-0.130642
-0.130803
-0.130961
-0.131115
-0.131267
-0.131415
-0.13156
-0.131701
-0.13184
-0.131975
-0.132107
-0.132236
-0.132362
-0.132485
-0.132605
-0.132722
-0.132836
-0.132946
-0.133054
-0.133159
-0.133261
-0.133359
-0.133455
-0.133548
-0.133638
-0.133726
-0.13381
-0.133891
-0.13397
-0.134046
-0.134119
-0.13419
-0.134257
-0.134322
-0.134384
-0.134444
-0.134501
-0.134555
-0.134606
-0.134655
-0.134702
-0.134746
-0.134787
-0.134826
-0.134862
-0.134896
-0.134927
-0.134956
-0.134982
-0.135006
-0.135028
-0.135047
-0.135064
-0.135078
-0.13509
-0.1351
-0.135108
-0.135113
-0.135116
-0.135117
-0.135116
-0.135112
-0.135106
-0.135098
-0.135088
-0.135076
-0.135062
-0.135046
-0.135027
-0.135007
-0.134984
-0.134959
-0.134933
-0.134904
-0.134873
-0.134841
-0.134806
-0.13477
-0.134731
-0.134691
-0.134649
-0.134604
-0.134558
-0.13451
-0.134461
-0.134409
-0.134355
-0.1343
-0.134243
-0.134184
-0.134123
-0.13406
-0.133996
-0.13393
-0.133862
-0.133792
-0.133721
-0.133647
-0.133572
-0.133496
-0.133417
-0.133337
-0.133255
-0.133171
-0.133086
-0.132999
-0.13291
-0.132819
-0.132727
-0.132633
-0.132537
-0.13244
-0.132341
-0.13224
-0.132137
-0.132033
-0.131927
-0.131819
-0.131709
-0.131598
-0.131485
-0.13137
-0.131254
-0.131136
-0.131016
-0.130894
-0.13077
-0.130645
-0.130518
-0.130389
-0.130258
-0.130125
-0.129991
-0.129854
-0.129716
-0.129576
-0.129434
-0.12929
-0.129144
-0.128997
-0.128847
-0.128695
-0.128542
-0.128386
-0.128229
-0.128069
-0.127907
-0.127744
-0.127578
-0.12741
-0.12724
-0.127068
-0.126894
-0.126717
-0.126538
-0.126357
-0.126174
-0.125989
-0.125801
-0.125611
-0.125419
-0.125224
-0.125027
-0.124827
-0.124625
-0.124421
-0.124214
-0.124004
-0.123792
-0.123577
-0.12336
-0.12314
-0.122918
-0.122692
-0.122464
-0.122234
-0.122
-0.121764
-0.121524
-0.121282
-0.121037
-0.120789
-0.120538
-0.120284
-0.120027
-0.119767
-0.119504
-0.119237
-0.118968
-0.118695
-0.118419
-0.11814
-0.117857
-0.117571
-0.117281
-0.116988
-0.116692
-0.116392
-0.116088
-0.115781
-0.115471
-0.115156
-0.114838
-0.114516
-0.114191
-0.113861
-0.113528
-0.113191
-0.11285
-0.112505
-0.112156
-0.111803
-0.111446
-0.111085
-0.110719
-0.11035
-0.109976
-0.109598
-0.109215
-0.108829
-0.108438
-0.108042
-0.107642
-0.107238
-0.106829
-0.106415
-0.105997
-0.10575
-0.105322
-0.10489
-0.104453
-0.104012
-0.103565
-0.103114
-0.102658
-0.102197
-0.101731
-0.10126
-0.100783
-0.100302
-0.0998162
-0.099325
-0.0988286
-0.098327
-0.0978203
-0.0973084
-0.0967913
-0.0962689
-0.0957413
-0.0952084
-0.0946703
-0.0941268
-0.093578
-0.0930239
-0.0924644
-0.0918996
-0.0913294
-0.0907539
-0.090173
-0.0895867
-0.088995
-0.088398
-0.0877956
-0.0871877
-0.0865745
-0.085956
-0.085332
-0.0847027
-0.084068
-0.083428
-0.0827826
-0.0821319
-0.0814759
-0.0808145
-0.0801479
-0.0794761
-0.078799
-0.0781166
-0.0774291
-0.0767364
-0.0760386
-0.0753356
-0.0746275
-0.0739144
-0.0731963
-0.0724732
-0.0717451
-0.0710122
-0.0702743
-0.0695317
-0.0687843
-0.0680321
-0.0672753
-0.0665138
-0.0657477
-0.0649772
-0.0642021
-0.0634226
-0.0626388
-0.0618507
-0.0610584
-0.0602619
-0.0594613
-0.0586567
-0.0578481
-0.0570357
-0.0562194
-0.0553994
-0.0545757
-0.0537484
-0.0529177
-0.0520835
-0.0512459
-0.0504052
-0.0495612
-0.0487142
-0.0478641
-0.0470112
-0.0461555
-0.045297
-0.0444359
-0.0435723
-0.0427062
-0.0418379
-0.0409672
-0.0400945
-0.0392196
-0.0383429
-0.0374643
-0.036584
-0.0357021
-0.0348186
-0.0339337
-0.0330475
-0.0321601
-0.0312716
-0.0303821
-0.0294917
-0.0286006
-0.0277087
-0.0268163
-0.0259235
-0.0250303
-0.0241369
-0.0232433
-0.0223498
-0.0214563
-0.020563
-0.01967
-0.0187775
-0.0178855
-0.016994
-0.0161034
-0.0152135
-0.0143247
-0.0134368
-0.0125502
-0.0116647
-0.0107807
-0.00989808
-0.00901704
-0.00813767
-0.00726006
-0.00638432
-0.00551052
-0.00463878
-0.00376919
-0.00290184
-0.00203682
-0.00117422
-0.000314132
0.000543353
0.00139815
0.00225018
0.00309934
0.00394557
0.00478878
0.00562889
0.00646582
0.0072995
0.00812985
0.0089568
0.00978027
0.0106002
0.0114165
0.0122291
0.013038
0.0138431
0.0146443
0.0154416
0.0162349
0.0170242
0.0178094
0.0185904
0.0193672
0.0201397
0.020908
0.0216719
0.0224314
0.0231864
0.023937
0.0246831
0.0254247
0.0261616
0.0268939
0.0276216
0.0283445
0.0290628
0.0297763
0.030485
0.0311889
0.031888
0.0325823
0.0332717
0.0339562
0.0346357
0.0353104
0.0359802
0.0366449
0.0373048
0.0379596
0.0386095
0.0392543
0.0398942
0.0405291
0.0411589
0.0417838
0.0424036
0.0430184
0.0436282
0.044233
0.0448327
0.0454274
0.0460171
0.0466018
0.0471816
0.0477563
0.048326
0.0488907
0.0494505
0.0500053
0.0505551
0.0511
0.0516399
0.052175
0.0527051
0.0532303
0.0537507
0.0542662
0.0547768
0.0552826
0.0557836
0.0562797
0.0567711
0.0572577
0.0577396
0.0582167
0.0586891
0.0591568
0.0596198
0.0600781
0.0605318
0.0609809
0.0614254
0.0618653
0.0623006
0.0627314
0.0631577
0.0635795
0.0639967
0.0644096
0.0648179
0.0652219
0.0656215
0.0660166
0.0664075
0.0667939
0.0671761
0.067554
0.0679276
0.0682969
0.068662
0.0690229
0.0693796
0.0697322
0.0700806
0.0704248
0.0707649
0.071101
0.071433
0.0717609
0.0720848
0.0724046
0.0727205
0.0730324
0.0733404
0.0736444
0.0739444
0.0742406
0.0745329
0.0748213
0.0751059
0.0753866
0.0756635
0.0759367
0.076206
0.0764716
0.0767334
0.0769915
0.0772458
0.0774965
0.0777434
0.0779867
0.0782263
0.0784623
0.0786946
0.0789234
0.0791485
0.07937
0.0795879
0.0798023
0.0800131
0.0802204
0.0804241
0.0806243
0.080821
0.0810142
0.081204
0.0813902
0.081573
0.0817523
0.0819281
0.0821006
0.0822696
0.0824352
0.0825974
0.0827562
0.0829117
0.0830637
0.0832124
0.0833577
0.0834996
0.0836382
0.0837735
0.0839054
0.084034
0.0841592
0.0842812
0.0843998
0.0845151
0.0846271
0.0847358
0.0848412
0.0849433
0.0850421
0.0851376
0.0852298
0.0853187
0.0854044
0.0854868
0.0855659
0.0856417
0.0857142
0.0857835
0.0858495
0.0859122
0.0859717
0.0860279
0.0860809
0.0861306
0.0861771
0.0862203
0.0862602
0.0862969
0.0863303
0.0863605
0.0863874
0.0864111
0.0864316
0.0864488
0.0864627
0.0864735
0.0864809
0.0864852
0.0864861
0.0864839
0.0864784
0.0864696
0.0864577
0.0864424
0.086424
0.0864023
0.0863773
0.0863491
0.0863177
0.0862831
0.0862451
0.086204
0.0861596
0.086112
0.0860611
0.086007
0.0859496
0.085889
0.0858252
0.0857581
0.0856878
0.0856142
0.0855374
0.0854574
0.0853741
0.0852875
0.0851977
0.0851047
0.0850084
0.0849089
0.0848062
0.0847002
0.0845909
0.0844784
0.0843627
0.0842437
0.0841215
0.0839961
0.0838674
0.0837354
0.0836003
0.0834618
0.0833202
0.0831753
0.0830272
0.0828758
0.0827212
0.0825633
0.0824023
0.082238
0.0820704
0.0818997
0.0817257
0.0815484
0.081368
0.0811843
0.0809974
0.0808073
0.080614
0.0804174
0.0802177
0.0800147
0.0798085
0.0795991
0.0793865
0.0791708
0.0789518
0.0787296
0.0785042
0.0782756
0.0780439
0.077809
0.0775709
0.0773296
0.0770851
0.0768375
0.0765867
0.0763328
0.0760757
0.0758154
0.075552
0.0752855
0.0750158
0.074743
0.0744671
0.074188
0.0739058
0.0736205
0.0733322
0.0730407
0.0727461
0.0724484
0.0721477
0.0718438
0.0715369
0.071227
0.0709139
0.0705979
0.0702787
0.0699566
0.0696314
0.0693032
0.068972
0.0686377
0.0683005
0.0679603
0.067617
0.0672709
0.0669217
0.0665696
0.0662145
0.0658565
0.0654955
0.0651316
0.0647648
0.0643951
0.0640225
0.0636469
0.0632685
0.0628873
0.0625031
0.0621161
0.0617263
0.0613336
0.0609381
0.0605398
0.0601386
0.0597347
0.059328
0.0589185
0.0585063
0.0580913
0.0576735
0.057253
0.0568298
0.0564039
0.0559753
0.055544
0.05511
0.0546733
0.054234
0.0537921
0.0533475
0.0529003
0.0524505
0.0519981
0.0515431
0.0510856
0.0506254
0.0501628
0.0496976
0.0492299
0.0487597
0.048287
0.0478118
0.0473341
0.046854
0.0463714
0.0458864
0.045399
0.0449092
0.044417
0.0439224
0.0434254
0.0429262
0.0424245
0.0419206
0.0414143
0.0409058
0.040395
0.0398819
0.0393665
0.038849
0.0383292
0.0378072
0.037283
0.0367567
0.0362281
0.0356975
0.0351647
0.0346298
0.0340927
0.0335536
0.0330125
0.0324693
0.031924
0.0313767
0.0308274
0.0302761
0.0297229
0.0291677
0.0286105
0.0280514
0.0274904
0.0269275
0.0263628
0.0257961
0.0252277
0.0246573
0.0240852
0.0235113
0.0229356
0.0223582
0.021779
0.021198
0.0206154
0.0200311
0.0194451
0.0188574
0.0182681
0.0176772
0.0170846
0.0164905
0.0158948
0.0152976
0.0146988
0.0140985
0.0134967
0.0128934
0.0122887
0.0116825
0.0110749
0.0104659
0.00985545
0.00924367
0.00863054
0.00801607
0.00740029
0.00678321
0.00616485
0.00554524
0.00492438
0.0043023
0.00367902
0.00305456
0.00242893
0.00180216
0.00117426
0.000545254
-8.48385e-05
-0.000715998
-0.00134821
-0.00198144
-0.00261569
-0.00325093
-0.00388714
-0.0045243
-0.00516239
-0.00580139
-0.00644128
-0.00708205
-0.00772367
-0.00836612
-0.00900939
-0.00965345
-0.0102983
-0.0109439
-0.0115902
-0.0122372
-0.012885
-0.0135334
-0.0141824
-0.0148321
-0.0154824
-0.0161333
-0.0167848
-0.0174368
-0.0180894
-0.0187425
-0.0193961
-0.0200502
-0.0207047
-0.0213596
-0.022015
-0.0226708
-0.0233269
-0.0239834
-0.0246403
-0.0252707
-0.0258666
-0.0265136
-0.0270732
-0.0277698
-0.0282402
-0.0290719
-0.0297332
-0.0303949
-0.031057
-0.0317194
-0.0323821
-0.0330451
-0.0337082
-0.0343716
-0.035035
-0.0356986
-0.0363622
-0.0370259
-0.0376895
-0.0383531
-0.0390167
-0.0396802
-0.0403436
-0.0410068
-0.0416698
-0.0423327
-0.0429954
-0.0436578
-0.0443199
-0.0449818
-0.0456434
-0.0463046
-0.0469656
-0.0476261
-0.0482863
-0.048946
-0.0496054
-0.0502643
-0.0509228
-0.0515808
-0.0522383
-0.0528954
-0.0535519
-0.0542079
-0.0548633
-0.0555182
-0.0561726
-0.0568264
-0.0574795
-0.0581321
-0.0587841
-0.0594354
-0.0600861
-0.0607361
-0.0613855
-0.0620343
-0.0626823
-0.0633297
-0.0639764
-0.0646223
-0.0652676
-0.0659121
-0.0665559
-0.0671989
-0.0678413
-0.0684828
-0.0691236
-0.0697636
-0.0704029
-0.0710414
-0.0716791
-0.072316
-0.0729521
-0.0735874
-0.0742218
-0.0748555
-0.0754883
-0.0761204
-0.0767515
-0.0773819
-0.0780114
-0.0786401
-0.0792679
-0.0798949
-0.080521
-0.0811463
-0.0817707
-0.0823942
-0.0830169
-0.0836387
-0.0842596
-0.0848797
-0.0854989
-0.0861172
-0.0867346
-0.0873512
-0.0879668
-0.0885816
-0.0891955
-0.0898085
-0.0904207
-0.0910319
-0.0916423
-0.0922518
-0.0928604
-0.0934681
-0.0940749
-0.0946808
-0.0952859
-0.0958901
-0.0964933
-0.0970958
-0.0976973
-0.0982979
-0.0988977
-0.0994966
-0.100095
-0.100692
-0.101288
-0.101884
-0.102478
-0.103072
-0.103665
-0.104257
-0.104848
-0.105438
-0.106027
-0.106616
-0.107204
-0.107791
-0.108377
-0.108962
-0.109547
-0.11013
-0.110713
-0.111295
-0.111876
-0.112457
-0.113036
-0.113615
-0.114193
-0.11477
-0.115347
-0.115922
-0.116497
-0.117071
-0.117645
-0.118217
-0.118789
-0.11936
-0.119931
-0.1205
-0.121069
-0.121638
-0.122205
-0.122772
-0.123338
-0.123904
-0.124468
-0.125032
-0.125596
-0.126159
-0.126721
-0.127282
-0.127843
-0.128403
-0.128963
-0.129521
-0.13008
-0.130637
-0.131194
-0.131751
-0.132307
-0.132862
-0.133417
-0.133971
-0.134524
-0.135077
-0.13563
-0.136181
-0.136733
-0.137284
-0.137834
-0.138384
-0.138933
-0.139481
-0.14003
-0.140577
-0.141125
-0.141671
-0.142218
-0.142763
-0.143309
-0.143854
-0.144398
-0.144942
-0.145486
-0.146029
-0.146572
-0.147114
-0.147656
-0.148197
-0.148738
-0.149279
-0.149819
-0.150359
-0.150899
-0.151438
-0.151977
-0.152515
-0.153053
-0.153591
-0.154129
-0.154666
-0.155202
-0.155739
-0.156275
-0.156811
-0.157346
-0.157881
-0.158416
-0.158951
-0.159485
-0.160019
-0.160552
-0.161086
-0.161619
-0.162152
-0.162684
-0.163216
-0.163748
-0.16428
-0.164811
-0.165343
-0.165874
-0.166404
-0.166935
-0.167465
-0.167995
-0.168524
-0.169054
-0.169583
-0.170112
-0.17064
-0.171169
-0.171697
-0.172225
-0.172752
-0.17328
-0.173807
-0.174334
-0.174861
-0.175387
-0.175913
-0.176439
-0.176965
-0.17749
-0.178015
-0.17854
-0.179065
-0.179589
-0.180113
-0.180637
-0.181161
-0.181684
-0.182207
-0.18273
-0.183252
-0.183774
-0.184296
-0.184817
-0.185339
-0.18586
-0.18638
-0.1869
-0.18742
-0.18794
-0.188459
-0.188978
-0.189496
-0.190014
-0.190532
-0.191049
-0.191566
-0.192083
-0.192599
-0.193114
-0.19363
-0.194144
-0.194659
-0.195172
-0.195686
-0.196199
-0.196711
-0.197223
-0.197734
-0.198245
-0.198755
-0.199264
-0.199773
-0.200282
-0.200789
-0.201297
-0.201803
-0.202309
-0.202814
-0.203318
-0.203822
-0.204325
-0.204827
-0.205329
-0.205829
-0.206329
-0.206828
-0.207326
-0.207824
-0.20832
-0.208816
-0.20931
-0.209804
-0.210296
-0.210788
-0.211279
-0.211768
-0.212257
-0.212744
-0.213231
-0.213716
-0.2142
-0.214683
-0.215165
-0.215645
-0.216124
-0.216602
-0.217079
-0.217554
-0.218028
-0.2185
-0.218971
-0.219441
-0.219909
-0.220376
-0.220841
-0.221304
-0.221766
-0.222227
-0.222685
-0.223142
-0.223597
-0.224051
-0.224503
-0.224953
-0.225401
-0.225847
-0.226291
-0.226733
-0.227174
-0.227612
-0.228048
-0.228483
-0.228915
-0.229345
-0.229772
-0.230198
-0.230621
-0.231042
-0.231461
-0.231877
-0.232291
-0.232703
-0.233112
-0.233518
-0.233923
-0.234324
-0.234723
-0.235119
-0.235513
-0.235904
-0.236292
-0.236677
-0.237059
-0.237439
-0.237816
-0.23819
-0.23856
-0.238928
-0.239293
-0.239655
-0.240013
-0.240369
-0.240721
-0.24107
-0.241416
-0.241759
-0.242098
-0.242434
-0.242766
-0.243095
-0.243421
-0.243743
-0.244061
-0.244376
-0.244688
-0.244995
-0.245299
-0.2456
-0.245896
-0.246189
-0.246478
-0.246764
-0.247045
-0.247323
-0.247596
-0.247866
-0.248132
-0.248393
-0.248651
-0.248905
-0.249154
-0.2494
-0.249641
-0.249878
-0.250111
-0.250339
-0.250564
-0.250784
-0.251
-0.251212
-0.251419
-0.251622
-0.25182
-0.252015
-0.252204
-0.25239
-0.25257
-0.252747
-0.252919
-0.253086
-0.253249
-0.253407
-0.253561
-0.25371
-0.253855
-0.253995
-0.254131
-0.254262
-0.254388
-0.25451
-0.254627
-0.254739
