-0.0025
-0.00249892
-0.00249688
-0.00249398
5.62647e-06
-0.00249027
-0.00248603
-0.0024812
-0.00247592
-0.00247029
-0.0024644
-0.00245836
-0.00245225
-0.00244618
-0.00244024
-0.00243453
-0.00242915
-0.0024242
-0.00241977
-0.00241596
-0.00241286
-0.00241058
-0.0024092
-0.00240883
-0.00240955
-0.00241147
-0.00241466
-0.00241923
-0.00242526
-0.00243284
-0.00244205
-0.002453
-0.00246575
-0.0024804
-0.00249702
-0.0025157
-0.00253651
-0.00255954
-0.00258485
-0.00261253
-0.00264265
-0.00267528
-0.00271049
-0.00274834
-0.00278891
-0.00283226
-0.00287846
-0.00292756
-0.00297963
-0.00303476
-0.003093
-0.00315441
-0.00321905
-0.00328696
-0.00335821
-0.00343284
-0.0035109
-0.00359244
-0.0036775
-0.00376613
-0.00385837
-0.00395426
-0.00405384
-0.00415716
-0.00426424
-0.00437512
-0.00448984
-0.00460843
-0.00473092
-0.00485733
-0.0049877
-0.00512205
-0.00526041
-0.0054028
-0.00554925
-0.00569976
-0.00585438
-0.0060131
-0.00617595
-0.00634295
-0.0065141
-0.00668942
-0.00686892
-0.00705262
-0.00724051
-0.00743261
-0.00762893
-0.00782946
-0.00803421
-0.00824319
-0.00845639
-0.00867381
-0.00889546
-0.00912133
-0.0093514
-0.00958569
-0.00982418
-0.0100669
-0.0103137
-0.0105648
-0.01082
-0.0110794
-0.0113429
-0.0116105
-0.0118822
-0.012158
-0.0124379
-0.0127219
-0.0130098
-0.0133018
-0.0135978
-0.0138977
-0.0142016
-0.0145094
-0.0148211
-0.0151366
-0.0154559
-0.0157791
-0.016106
-0.0164366
-0.016771
-0.017109
-0.0174507
-0.0177959
-0.0181448
-0.0184971
-0.0188529
-0.0192122
-0.0195749
-0.0199409
-0.0203103
-0.0206829
-0.0210588
-0.0214379
-0.0218201
-0.0222055
-0.0225939
-0.0229853
-0.0233797
-0.0237769
-0.0241771
-0.0245801
-0.0249858
-0.0253943
-0.0258055
-0.0262192
-0.0266356
-0.0270544
-0.0274757
-0.0278994
-0.0283255
-0.0287539
-0.0291846
-0.0296174
-0.0300524
-0.0304895
-0.0309286
-0.0313697
-0.0318127
-0.0322576
-0.0327043
-0.0331528
-0.033603
-0.0340548
-0.0345082
-0.0349632
-0.0354197
-0.0358776
-0.0363368
-0.0367974
-0.0372593
-0.0377224
-0.0381866
-0.038652
-0.0391184
-0.0395858
-0.0400542
-0.0405235
-0.0409936
-0.0414645
-0.0419361
-0.0424085
-0.0428815
-0.043355
-0.0438292
-0.0443038
-0.0447788
-0.0452543
-0.0457301
-0.0462062
-0.0466826
-0.0471592
-0.0476359
-0.0481128
-0.0485898
-0.0490668
-0.0495437
-0.0500207
-0.0504976
-0.0509743
-0.0514509
-0.0519272
-0.0524034
-0.0528792
-0.0533547
-0.0538299
-0.0543047
-0.0547791
-0.055253
-0.0557264
-0.0561994
-0.0566717
-0.0571435
-0.0576147
-0.0580853
-0.0585552
-0.0590243
-0.0594928
-0.0599606
-0.0604275
-0.0608937
-0.0613591
-0.0618236
-0.0622873
-0.06275
-0.0632119
-0.0636729
-0.0641329
-0.064592
-0.0650501
-0.0655072
-0.0659633
-0.0664184
-0.0668725
-0.0673255
-0.0677774
-0.0682283
-0.068678
-0.0691267
-0.0695743
-0.0700208
-0.0704661
-0.0709103
-0.0713533
-0.0717952
-0.0722359
-0.0726755
-0.0731139
-0.0735511
-0.0739872
-0.074422
-0.0748557
-0.0752881
-0.0757194
-0.0761494
-0.0765783
-0.0770059
-0.0774324
-0.0778576
-0.0782816
-0.0787044
-0.079126
-0.0795464
-0.0799656
-0.0803836
-0.0808003
-0.0812159
-0.0816302
-0.0820434
-0.0824553
-0.0828661
-0.0832756
-0.083684
-0.0840911
-0.0844971
-0.0849019
-0.0853055
-0.0857079
-0.0861092
-0.0865093
-0.0869082
-0.0873059
-0.0877025
-0.0880979
-0.0884922
-0.0888854
-0.0892774
-0.0896682
-0.0900579
-0.0904465
-0.090834
-0.0912203
-0.0916056
-0.0919897
-0.0923727
-0.0927546
-0.0931354
-0.0935151
-0.0938937
-0.0942713
-0.0946477
-0.0950231
-0.0953974
-0.0957706
-0.0961427
-0.0965138
-0.0968839
-0.0972528
-0.0976208
-0.0979876
-0.0983535
-0.0987183
-0.099082
-0.0994447
-0.0998064
-0.100167
-0.100527
-0.100885
-0.101243
-0.101599
-0.101955
-0.102309
-0.102663
-0.103015
-0.103367
-0.103717
-0.104067
-0.104415
-0.104762
-0.105109
-0.105454
-0.105798
-0.106142
-0.106484
-0.106825
-0.107166
-0.107505
-0.107843
-0.108181
-0.108517
-0.108852
-0.109186
-0.10952
-0.109852
-0.110183
-0.110513
-0.110842
-0.11117
-0.111497
-0.111823
-0.112148
-0.112472
-0.112795
-0.113117
-0.113438
-0.113758
-0.114076
-0.114394
-0.11471
-0.115026
-0.11534
-0.115653
-0.115966
-0.116277
-0.116587
-0.116896
-0.117204
-0.11751
-0.117816
-0.11812
-0.118424
-0.118726
-0.119027
-0.119327
-0.119626
-0.119923
-0.12022
-0.120515
-0.120809
-0.121102
-0.121394
-0.121684
-0.121973
-0.122261
-0.122548
-0.122834
-0.123118
-0.123401
-0.123683
-0.123964
-0.124243
-0.124521
-0.124798
-0.125073
-0.125347
-0.12562
-0.125892
-0.126162
-0.126431
-0.126698
-0.126964
-0.127229
-0.127492
-0.127754
-0.128015
-0.128274
-0.128532
-0.128788
-0.129043
-0.129297
-0.129549
-0.129799
-0.130048
-0.130296
-0.130542
-0.130787
-0.13103
-0.131272
-0.131512
-0.13175
-0.131987
-0.132223
-0.132457
-0.132689
-0.13292
-0.133149
-0.133376
-0.133602
-0.133826
-0.134049
-0.13427
-0.134489
-0.134707
-0.134923
-0.135138
-0.13535
-0.135561
-0.13577
-0.135978
-0.136184
-0.136388
-0.13659
-0.136791
-0.136989
-0.137186
-0.137381
-0.137575
-0.137766
-0.137956
-0.138144
-0.13833
-0.138514
-0.138697
-0.138877
-0.139056
-0.139233
-0.139408
-0.139581
-0.139752
-0.139921
-0.140088
-0.140254
-0.140417
-0.140578
-0.140738
-0.140895
-0.141051
-0.141204
-0.141356
-0.141505
-0.141653
-0.141798
-0.141942
-0.142083
-0.142222
-0.14236
-0.142495
-0.142628
-0.142759
-0.142888
-0.143015
-0.14314
-0.143262
-0.143383
-0.143501
-0.143618
-0.143732
-0.143844
-0.143954
-0.144061
-0.144167
-0.14427
-0.144371
-0.14447
-0.144567
-0.144662
-0.144754
-0.144844
-0.144932
-0.145018
-0.145101
-0.145183
-0.145262
-0.145338
-0.145413
-0.145485
-0.145555
-0.145623
-0.145688
-0.145751
-0.145812
-0.145871
-0.145927
-0.145981
-0.146032
-0.146082
-0.146129
-0.146173
-0.146216
-0.146255
-0.146293
-0.146328
-0.146361
-0.146392
-0.14642
-0.146446
-0.146469
-0.146491
-0.146509
-0.146526
-0.14654
-0.146551
-0.14656
-0.146567
-0.146572
-0.146574
-0.146573
-0.14657
-0.146565
-0.146558
-0.146548
-0.146535
-0.14652
-0.146503
-0.146483
-0.146461
-0.146437
-0.14641
-0.14638
-0.146349
-0.146314
-0.146278
-0.146239
-0.146197
-0.146153
-0.146107
-0.146058
-0.146006
-0.145953
-0.145896
-0.145838
-0.145777
-0.145713
-0.145647
-0.145578
-0.145508
-0.145434
-0.145358
-0.14528
-0.1452
-0.145116
-0.145031
-0.144943
-0.144852
-0.144759
-0.144664
-0.144566
-0.144466
-0.144363
-0.144258
-0.144151
-0.144041
-0.143928
-0.143814
-0.143696
-0.143577
-0.143455
-0.14333
-0.143203
-0.143074
-0.142942
-0.142808
-0.142671
-0.142532
-0.142391
-0.142247
-0.142101
-0.141953
-0.141802
-0.141648
-0.141493
-0.141335
-0.141174
-0.141012
-0.140846
-0.140679
-0.140509
-0.140337
-0.140163
-0.139986
-0.139807
-0.139625
-0.139441
-0.139255
-0.139067
-0.138876
-0.138683
-0.138488
-0.13829
-0.138091
-0.137889
-0.137684
-0.137478
-0.137269
-0.137058
-0.136845
-0.136629
-0.136411
-0.136191
-0.135969
-0.135745
-0.135519
-0.13529
-0.135059
-0.134826
-0.134591
-0.134354
-0.134115
-0.133874
-0.13363
-0.133384
-0.133137
-0.132887
-0.132635
-0.132381
-0.132125
-0.131867
-0.131607
-0.131345
-0.131081
-0.130815
-0.130547
-0.130278
-0.130006
-0.129732
-0.129456
-0.129178
-0.128899
-0.128617
-0.128334
-0.128049
-0.127762
-0.127524
-0.127233
-0.12694
-0.126646
-0.126349
-0.126051
-0.125751
-0.125449
-0.125145
-0.124839
-0.124532
-0.124223
-0.123912
-0.123599
-0.123285
-0.122969
-0.122651
-0.122332
-0.122011
-0.121689
-0.121364
-0.121039
-0.120711
-0.120382
-0.120052
-0.11972
-0.119386
-0.119051
-0.118715
-0.118377
-0.118038
-0.117697
-0.117354
-0.117011
-0.116666
-0.116319
-0.115971
-0.115622
-0.115271
-0.114919
-0.114566
-0.114212
-0.113856
-0.113499
-0.11314
-0.112781
-0.11242
-0.112058
-0.111694
-0.11133
-0.110964
-0.110597
-0.110229
-0.10986
-0.10949
-0.109118
-0.108746
-0.108372
-0.107997
-0.107622
-0.107245
-0.106867
-0.106488
-0.106108
-0.105727
-0.105345
-0.104962
-0.104578
-0.104193
-0.103807
-0.10342
-0.103032
-0.102643
-0.102254
-0.101863
-0.101472
-0.101079
-0.100686
-0.100292
-0.0998964
-0.0995004
-0.0991036
-0.0987059
-0.0983074
-0.0979081
-0.0975079
-0.0971069
-0.0967051
-0.0963025
-0.095899
-0.0954948
-0.0950898
-0.094684
-0.0942775
-0.0938702
-0.0934621
-0.0930532
-0.0926436
-0.0922333
-0.0918222
-0.0914103
-0.0909978
-0.0905845
-0.0901705
-0.0897557
-0.0893402
-0.0889241
-0.0885072
-0.0880896
-0.0876713
-0.0872523
-0.0868325
-0.0864121
-0.085991
-0.0855692
-0.0851467
-0.0847236
-0.0842997
-0.0838751
-0.0834499
-0.0830239
-0.0825973
-0.08217
-0.081742
-0.0813133
-0.080884
-0.0804539
-0.0800232
-0.0795918
-0.0791597
-0.0787269
-0.0782934
-0.0778592
-0.0774244
-0.0769888
-0.0765526
-0.0761156
-0.075678
-0.0752397
-0.0748006
-0.0743609
-0.0739204
-0.0734793
-0.0730374
-0.0725948
-0.0721515
-0.0717075
-0.0712627
-0.0708173
-0.0703711
-0.0699241
-0.0694764
-0.069028
-0.0685788
-0.0681289
-0.0676782
-0.0672268
-0.0667746
-0.0663217
-0.0658679
-0.0654134
-0.0649581
-0.0645021
-0.0640452
-0.0635875
-0.0631291
-0.0626698
-0.0622097
-0.0617489
-0.0612872
-0.0608246
-0.0603613
-0.0598971
-0.059432
-0.0589661
-0.0584994
-0.0580318
-0.0575633
-0.057094
-0.0566238
-0.0561528
-0.0556808
-0.0552079
-0.0547342
-0.0542596
-0.053784
-0.0533075
-0.0528302
-0.0523519
-0.0518726
-0.0513925
-0.0509114
-0.0504293
-0.0499463
-0.0494624
-0.0489775
-0.0484916
-0.0480048
-0.047517
-0.0470282
-0.0465384
-0.0460476
-0.0455558
-0.0450631
-0.0445693
-0.0440745
-0.0435788
-0.0430819
-0.0425841
-0.0420853
-0.0415854
-0.0410845
-0.0405825
-0.0400795
-0.0395754
-0.0390703
-0.0385642
-0.038057
-0.0375487
-0.0370394
-0.036529
-0.0360175
-0.035505
-0.0349914
-0.0344767
-0.0339609
-0.033444
-0.0329261
-0.0324071
-0.031887
-0.0313658
-0.0308435
-0.0303201
-0.0297956
-0.02927
-0.0287433
-0.0282156
-0.0276867
-0.0271568
-0.0266257
-0.0260935
-0.0255603
-0.0250259
-0.0244905
-0.023954
-0.0234163
-0.0228776
-0.0223378
-0.0217969
-0.0212549
-0.0207118
-0.0201677
-0.0196224
-0.0190761
-0.0185287
-0.0179803
-0.0174308
-0.0168802
-0.0163285
-0.0157758
-0.0152221
-0.0146673
-0.0141114
-0.0135546
-0.0129967
-0.0124377
-0.0118778
-0.0113168
-0.0107549
-0.0101919
-0.00962795
-0.00906301
-0.00849709
-0.00793021
-0.00736236
-0.00679356
-0.00622382
-0.00565314
-0.00508154
-0.00450903
-0.0039356
-0.00336128
-0.00278608
-0.00221
-0.00163306
-0.00105527
-0.000476638
0.000102822
0.000683099
0.00126418
0.00184605
0.0024287
0.00301211
0.00359627
0.00418117
0.00476678
0.00535311
0.00594012
0.00652782
0.00711617
0.00770517
0.00829479
0.00888502
0.00947585
0.0100673
0.0106592
0.0112517
0.0118448
0.0124383
0.0130323
0.0136268
0.0142217
0.0148171
0.0154128
0.016009
0.0166055
0.0172024
0.0177995
0.018397
0.0189948
0.0195928
0.020191
0.0207895
0.0213881
0.0219869
0.0225859
0.0231849
0.0237841
0.0243833
0.0249825
0.0255818
0.026181
0.0267802
0.0273794
0.0279784
0.0285773
0.0291761
0.0297747
0.0303731
0.0309713
0.0315692
0.0321668
0.0327641
0.0333611
0.0339576
0.0345538
0.0351496
0.0357448
0.0363396
0.0369338
0.0375275
0.0381206
0.0387131
0.0393049
0.039896
0.0404864
0.0410761
0.041665
0.042253
0.0428402
0.0434266
0.044012
0.0445964
0.0451799
0.0457624
0.0463438
0.0469241
0.0475033
0.0480814
0.0486582
0.0492339
0.0498082
0.0503813
0.0509531
0.0515235
0.0520925
0.05266
0.0532261
0.0537907
0.0543538
0.0549153
0.0554751
0.0560334
0.0565899
0.0571448
0.0576978
0.0582491
0.0587986
0.0593462
0.0598919
0.0604357
0.0609776
0.0615174
0.0620552
0.0625909
0.0631246
0.063656
0.0641854
0.0647125
0.0652374
0.06576
0.0662802
0.0667982
0.0673138
0.0678269
0.0683376
0.0688459
0.0693516
0.0698548
0.0703554
0.0708534
0.0713488
0.0718415
0.0723315
0.0728188
0.0733033
0.073785
0.0742639
0.0747399
0.075213
0.0756833
0.0761505
0.0766149
0.0770762
0.0775345
0.0779897
0.0784418
0.0788909
0.0793368
0.0797795
0.0802191
0.0806554
0.0810885
0.0815183
0.0819449
0.0823681
0.082788
0.0832046
0.0836177
0.0840275
0.0844338
0.0848367
0.0852362
0.0856321
0.0860246
0.0864135
0.0867989
0.0871807
0.0875589
0.0879336
0.0883046
0.088672
0.0890358
0.0893959
0.0897523
0.090105
0.0904541
0.0907994
0.091141
0.0914789
0.091813
0.0921433
0.0924699
0.0927926
0.0931116
0.0934268
0.0937382
0.0940457
0.0943494
0.0946493
0.0949454
0.0952376
0.0955259
0.0958104
0.096091
0.0963677
0.0966406
0.0969096
0.0971747
0.0974359
0.0976932
0.0979467
0.0981962
0.0984419
0.0986837
0.0989216
0.0991556
0.0993857
0.099612
0.0998343
0.100053
0.100267
0.100478
0.100685
0.100888
0.101087
0.101282
0.101474
0.101661
0.101845
0.102025
0.102201
0.102373
0.102541
0.102706
0.102866
0.103023
0.103176
0.103326
0.103471
0.103613
0.103751
0.103886
0.104016
0.104143
0.104266
0.104386
0.104501
0.104613
0.104722
0.104827
0.104928
0.105025
0.105119
0.105209
0.105296
0.105379
0.105458
0.105534
0.105606
0.105675
0.10574
0.105802
0.10586
0.105914
0.105966
0.106013
0.106058
0.106098
0.106136
0.10617
0.1062
0.106227
0.106251
0.106272
0.106289
0.106302
0.106313
0.10632
0.106324
0.106324
0.106322
0.106316
0.106306
0.106294
0.106278
0.106259
0.106237
0.106212
0.106183
0.106152
0.106117
0.106079
0.106038
0.105994
0.105947
0.105897
0.105843
0.105787
0.105727
0.105665
0.105599
0.105531
0.105459
0.105385
0.105307
0.105227
0.105144
0.105057
0.104968
0.104876
0.104781
0.104683
0.104582
0.104478
0.104372
0.104262
0.10415
0.104035
0.103917
0.103796
0.103672
0.103546
0.103417
0.103285
0.10315
0.103012
0.102872
0.102729
0.102583
0.102435
0.102284
0.10213
0.101973
0.101814
0.101652
0.101487
0.10132
0.10115
0.100977
0.100802
0.100624
0.100443
0.10026
0.100074
0.0998859
0.0996948
0.0995012
0.099305
0.0991062
0.0989048
0.0987009
0.0984944
0.0982853
0.0980737
0.0978596
0.0976429
0.0974237
0.097202
0.0969777
0.096751
0.0965217
0.09629
0.0960558
0.095819
0.0955798
0.0953847
0.0976629
0.0978218
0.0953045
0.0948989
0.0946496
0.0943979
0.0941438
0.0938871
0.093628
0.0933664
0.0931024
0.0928359
0.092567
0.0922957
0.0920219
0.0917458
0.0914673
0.0911863
0.090903
0.0906174
0.0903293
0.0900389
0.0897462
0.0894511
0.0891537
0.088854
0.0885519
0.0882476
0.087941
0.087632
0.0873208
0.0870073
0.0866916
0.0863736
0.0860534
0.0857309
0.0854062
0.0850792
0.0847501
0.0844188
0.0840852
0.0837495
0.0834116
0.0830715
0.0827293
0.0823849
0.0820384
0.0816897
0.081339
0.0809861
0.0806311
0.080274
0.0799148
0.0795536
0.0791902
0.0788249
0.0784574
0.078088
0.0777165
0.0773429
0.0769674
0.0765899
0.0762104
0.0758289
0.0754454
0.07506
0.0746726
0.0742833
0.073892
0.0734989
0.0731038
0.0727068
0.072308
0.0719073
0.0715047
0.0711002
0.0706939
0.0702858
0.0698759
0.0694641
0.0690506
0.0686353
0.0682182
0.0677993
0.0673787
0.0669563
0.0665323
0.0661065
0.0656789
0.0652497
0.0648189
0.0643863
0.0639521
0.0635163
0.0630788
0.0626397
0.062199
0.0617567
0.0613128
0.0608674
0.0604204
0.0599718
0.0595217
0.0590701
0.058617
0.0581624
0.0577063
0.0572488
0.0567897
0.0563293
0.0558674
0.0554041
0.0549394
0.0544733
0.0540058
0.053537
0.0530668
0.0525953
0.0521225
0.0516483
0.0511728
0.0506961
0.0502181
0.0497388
0.0492583
0.0487765
0.0482936
0.0478094
0.047324
0.0468375
0.0463498
0.0458609
0.0453709
0.0448797
0.0443875
0.0438941
0.0433997
0.0429042
0.0424076
0.04191
0.0414114
0.0409117
0.040411
0.0399094
0.0394067
0.0389031
0.0383985
0.037893
0.0373866
0.0368792
0.036371
0.0358618
0.0353518
0.0348409
0.0343292
0.0338166
0.0333032
0.032789
0.032274
0.0317582
0.0312416
0.0307243
0.0302062
0.0296874
0.0291679
0.0286476
0.0281267
0.027605
0.0270827
0.0265598
0.0260362
0.0255119
0.0249871
0.0244616
0.0239355
0.0234089
0.0228816
0.0223538
0.0218255
0.0212966
0.0207672
0.0202373
0.0197069
0.019176
0.0186446
0.0181127
0.0175804
0.0170477
0.0165145
0.015981
0.015447
0.0149126
0.0143778
0.0138427
0.0133072
0.0127714
0.0122352
0.0116988
0.011162
0.0106249
0.0100875
0.00954983
0.00901191
0.00847374
0.00793533
0.00739669
0.00685784
0.00631878
0.00577953
0.00524009
0.00470049
0.00416072
0.00362081
0.00308077
0.0025406
0.00200032
0.00145993
0.00091946
0.00037891
-0.000161705
-0.000702376
-0.00124309
-0.00178383
-0.0023246
-0.00286537
-0.00340614
-0.00394689
-0.00448761
-0.0050283
-0.00556894
-0.00610951
-0.00665001
-0.00719043
-0.00773075
-0.00827096
-0.00881105
-0.009351
-0.00989081
-0.0104305
-0.01097
-0.0115093
-0.0120484
-0.0125873
-0.013126
-0.0136645
-0.0142027
-0.0147407
-0.0152784
-0.0158158
-0.016353
-0.0168898
-0.0174263
-0.0179626
-0.0184984
-0.0190339
-0.0195691
-0.0201039
-0.0206383
-0.0211723
-0.0217059
-0.0222391
-0.0227718
-0.0233041
-0.0238359
-0.0243673
-0.0248981
-0.0254285
-0.0259583
-0.0264877
-0.0270164
-0.0275447
-0.0280724
-0.0285995
-0.029126
-0.0296519
-0.0301772
-0.0307018
-0.0312259
-0.0317492
-0.0322719
-0.032794
-0.0333153
-0.0338359
-0.0343558
-0.034875
-0.0353934
-0.0359111
-0.036428
-0.0369441
-0.0374594
-0.0379739
-0.0384876
-0.0390004
-0.0395124
-0.0400235
-0.0405338
-0.0410431
-0.0415516
-0.0420591
-0.0425657
-0.0430713
-0.043576
-0.0440797
-0.0445825
-0.0450842
-0.0455849
-0.0460846
-0.0465833
-0.0470809
-0.0475774
-0.0480728
-0.0485672
-0.0490604
-0.0495526
-0.0500436
-0.0505334
-0.0510221
-0.0515096
-0.051996
-0.0524811
-0.052965
-0.0534477
-0.0539292
-0.0544094
-0.0548883
-0.055366
-0.0558423
-0.0563174
-0.0567912
-0.0572636
-0.0577347
-0.0582044
-0.0586727
-0.0591397
-0.0596053
-0.0600695
-0.0605322
-0.0609936
-0.0614535
-0.0619119
-0.0623689
-0.0628244
-0.0632784
-0.0637309
-0.0641818
-0.0646313
-0.0650792
-0.0655256
-0.0659704
-0.0664136
-0.0668553
-0.0672953
-0.0677337
-0.0681706
-0.0686058
-0.0690393
-0.0694712
-0.0699015
-0.0703301
-0.0707569
-0.0711821
-0.0716056
-0.0720274
-0.0724475
-0.0728658
-0.0732823
-0.0736972
-0.0741102
-0.0745215
-0.074931
-0.0753387
-0.0757446
-0.0761487
-0.0765509
-0.0769514
-0.07735
-0.0777467
-0.0781416
-0.0785347
-0.0789258
-0.0793151
-0.0797025
-0.080088
-0.0804715
-0.0808532
-0.0812329
-0.0816107
-0.0819866
-0.0823605
-0.0827325
-0.0831025
-0.0834706
-0.0838366
-0.0842007
-0.0845628
-0.0849229
-0.085281
-0.0856371
-0.0859912
-0.0863432
-0.0866933
-0.0870412
-0.0873872
-0.0877311
-0.0880729
-0.0884127
-0.0887504
-0.0890861
-0.0894197
-0.0897512
-0.0900806
-0.0904079
-0.0907331
-0.0910562
-0.0913772
-0.0916961
-0.0920128
-0.0923275
-0.09264
-0.0929504
-0.0932586
-0.0935647
-0.0938686
-0.0941704
-0.0944701
-0.0947675
-0.0950628
-0.0953559
-0.0956469
-0.0959357
-0.0962222
-0.0965066
-0.0967888
-0.0970688
-0.0973466
-0.0976222
-0.0978955
-0.0981667
-0.0984356
-0.0987023
-0.0989668
-0.099229
-0.099489
-0.0997467
-0.100002
-0.100255
-0.100506
-0.100755
-0.101002
-0.101246
-0.101488
-0.101727
-0.101965
-0.1022
-0.102432
-0.102663
-0.102891
-0.103117
-0.10334
-0.103562
-0.10378
-0.103997
-0.104211
-0.104423
-0.104632
-0.10484
-0.105044
-0.105247
-0.105447
-0.105645
-0.10584
-0.106033
-0.106223
-0.106411
-0.106597
-0.10678
-0.106961
-0.10714
-0.107316
-0.107489
-0.10766
-0.107829
-0.107995
-0.108159
-0.10832
-0.108479
-0.108635
-0.108789
-0.10894
-0.109089
-0.109235
-0.109378
-0.10952
-0.109658
-0.109794
-0.109928
-0.110058
-0.110187
-0.110312
-0.110435
-0.110556
-0.110673
-0.110789
-0.110901
-0.111011
-0.111118
-0.111222
-0.111324
-0.111423
-0.11152
-0.111613
-0.111704
-0.111792
-0.111878
-0.11196
-0.11204
-0.112117
-0.112191
-0.112262
-0.112331
-0.112397
-0.112459
-0.112519
-0.112576
-0.112631
-0.112682
-0.11273
-0.112775
-0.112818
-0.112857
-0.112894
-0.112927
-0.112957
-0.112985
-0.113009
-0.11303
-0.113049
-0.113064
-0.113076
-0.113085
-0.11309
-0.113093
-0.113092
-0.113089
-0.113082
-0.113072
-0.113058
-0.113041
-0.113022
-0.112998
-0.112972
-0.112942
-0.112909
-0.112872
-0.112833
-0.112789
-0.112743
-0.112693
-0.112639
-0.112582
-0.112522
-0.112458
-0.112391
-0.11232
-0.112245
-0.112167
-0.112086
-0.112001
-0.111912
-0.11182
-0.111724
-0.111624
-0.111521
-0.111414
-0.111303
-0.111189
-0.111071
-0.110949
-0.110824
-0.110694
-0.110561
-0.110424
-0.110283
-0.110139
-0.10999
-0.109838
-0.109681
-0.109521
-0.109357
-0.109189
-0.109017
-0.108841
-0.108661
-0.108477
-0.108289
-0.108097
-0.107901
-0.107701
-0.107497
-0.107289
-0.107077
-0.106861
-0.10664
-0.106416
-0.106187
-0.105954
-0.105717
-0.105476
-0.105231
-0.104981
-0.104728
-0.10447
-0.104208
-0.103942
-0.103671
-0.103397
-0.103118
-0.105594
-0.102835
-0.102548
-0.102256
-0.10196
-0.10166
-0.101356
-0.101047
-0.100735
-0.100418
-0.100096
-0.0997707
-0.0994409
-0.0991069
-0.0987686
-0.098426
-0.0980793
-0.0977283
-0.097373
-0.0970136
-0.0966499
-0.096282
-0.0959099
-0.0955336
-0.0951531
-0.0947684
-0.0943796
-0.0939866
-0.0935894
-0.0931882
-0.0927828
-0.0923733
-0.0919597
-0.091542
-0.0911203
-0.0906946
-0.0902648
-0.089831
-0.0893933
-0.0889516
-0.0885059
-0.0880564
-0.0876029
-0.0871456
-0.0866844
-0.0862195
-0.0857507
-0.0852782
-0.0848019
-0.084322
-0.0838383
-0.083351
-0.0828602
-0.0823657
-0.0818677
-0.0813662
-0.0808612
-0.0803528
-0.079841
-0.0793258
-0.0788073
-0.0782855
-0.0777605
-0.0772323
-0.0767009
-0.0761664
-0.0756288
-0.0750882
-0.0745446
-0.0739981
-0.0734487
-0.0728964
-0.0723413
-0.0717835
-0.071223
-0.0706598
-0.0700941
-0.0695257
-0.0689549
-0.0683817
-0.067806
-0.067228
-0.0666477
-0.0660652
-0.0654805
-0.0648936
-0.0643047
-0.0637138
-0.0631209
-0.0625262
-0.0619295
-0.0613311
-0.0607309
-0.0601291
-0.0595256
-0.0589206
-0.0583141
-0.0577061
-0.0570968
-0.0564861
-0.0558741
-0.0552609
-0.0546466
-0.0540311
-0.0534146
-0.0527972
-0.0521788
-0.0515595
-0.0509394
-0.0503185
-0.049697
-0.0490748
-0.048452
-0.0478287
-0.0472049
-0.0465807
-0.0459562
-0.0453313
-0.0447061
-0.0440808
-0.0434553
-0.0428296
-0.042204
-0.0415783
-0.0409527
-0.0403272
-0.0397019
-0.0390767
-0.0384519
-0.0378273
-0.037203
-0.0365791
-0.0359557
-0.0353327
-0.0347103
-0.0340885
-0.0334672
-0.0328466
-0.0322267
-0.0316075
-0.0309891
-0.0303715
-0.0297547
-0.0291388
-0.0285239
-0.0279099
-0.0272969
-0.0266848
-0.0260739
-0.025464
-0.0248553
-0.0242477
-0.0236412
-0.023036
-0.0224319
-0.0218292
-0.0212277
-0.0206275
-0.0200286
-0.0194311
-0.018835
-0.0182402
-0.0176468
-0.0170549
-0.0164644
-0.0158754
-0.0152879
-0.0147018
-0.0141173
-0.0135343
-0.0129528
-0.0123729
-0.0117945
-0.0112177
-0.0106425
-0.0100689
-0.00949689
-0.00892649
-0.0083577
-0.00779053
-0.00722498
-0.00666108
-0.00609881
-0.00553818
-0.00497919
-0.00442186
-0.00386617
-0.00331213
-0.00275975
-0.00220902
-0.00165994
-0.00111251
-0.000566737
-2.26091e-05
0.000519872
0.00106071
0.00159991
0.00213747
0.00267339
0.00320769
0.00374036
0.00427142
0.00480086
0.00532869
0.00585492
0.00637956
0.0069026
0.00742407
0.00794396
0.00846229
0.00897905
0.00949427
0.0100079
0.0105201
0.0110307
0.0115398
0.0120474
0.0125535
0.0130581
0.0135612
0.0140629
0.0145631
0.0150618
0.0155591
0.016055
0.0165495
0.0170425
0.0175341
0.0180244
0.0185133
0.0190008
0.0194869
0.0199717
0.0204552
0.0209373
0.0214181
0.0218976
0.0223758
0.0228528
0.0233284
0.0238028
0.0242759
0.0247478
0.0252184
0.0256878
0.026156
0.0266229
0.0270887
0.0275532
0.0280166
0.0284789
0.0289399
0.0293998
0.0298585
0.0303161
0.0307726
0.0312279
0.0316822
0.0321353
0.0325873
0.0330382
0.0334881
0.0339368
0.0343845
0.0348312
0.0352767
0.0357212
0.0361647
0.0366071
0.0370485
0.0374889
0.0379282
0.0383665
0.0388038
0.0392401
0.0396754
0.0401097
0.040543
0.0409753
0.0414067
0.041837
0.0422664
0.0426947
0.0431221
0.0435486
0.0439741
0.0443986
0.0448221
0.0452447
0.0456663
0.046087
0.0465067
0.0469254
0.0473432
0.0477601
0.048176
0.0485909
0.0490049
0.0494179
0.04983
0.0502412
0.0506513
0.0510606
0.0514689
0.0518762
0.0522826
0.052688
0.0530924
0.0534959
0.0538985
0.0543
0.0547006
0.0551003
0.0554989
0.0558966
0.0562933
0.0566891
0.0570838
0.0574776
0.0578704
0.0582622
0.058653
0.0590427
0.0594315
0.0598193
0.060206
0.0605918
0.0609765
0.0613602
0.0617428
0.0621244
0.062505
0.0628845
0.063263
0.0636404
0.0640167
0.0643919
0.0647661
0.0651392
0.0655112
0.0658821
0.0662519
0.0666206
0.0669882
0.0673546
0.0677199
0.0680841
0.0684471
0.0688089
0.0691696
0.0695292
0.0698875
0.0702447
0.0706007
0.0709554
0.071309
0.0716614
0.0720125
0.0723624
0.072711
0.0730584
0.0734045
0.0737494
0.074093
0.0744353
0.0747763
0.075116
0.0754544
0.0757915
0.0761273
0.0764617
0.0767948
0.0771265
0.0774568
0.0777858
0.0781134
0.0784396
0.0787643
0.0790877
0.0794097
0.0797302
0.0800493
0.0803669
0.0806831
0.0809978
0.081311
0.0816228
0.081933
0.0822417
0.0825489
0.0828546
0.0831588
0.0834614
0.0837624
0.0840619
0.0843598
0.0846562
0.0849509
0.085244
0.0855355
0.0858254
0.0861137
0.0864003
0.0866853
0.0869686
0.0872502
0.0875302
0.0878084
0.088085
0.0883599
0.088633
0.0889044
0.0891741
0.089442
0.0897082
0.0899726
0.0902352
0.0904961
0.0907552
0.0910124
0.0912679
0.0915215
0.0917733
0.0920233
0.0922714
0.0925176
0.0927621
0.0930046
0.0932452
0.093484
0.0937208
0.0939558
0.0941888
0.09442
0.0946491
0.0948764
0.0951017
0.095325
0.0955464
0.0957658
0.0959832
0.0961987
0.0964121
0.0966235
0.096833
0.0970404
0.0972457
0.0974491
0.0976504
0.0978496
0.0980468
0.098242
0.098435
0.098626
0.0988149
0.0990017
0.0991864
0.0993691
0.0995496
0.0997279
0.0999042
0.100078
0.10025
0.10042
0.100588
0.100753
0.100917
0.101078
0.101237
0.101394
0.101549
0.101701
0.101851
0.101999
0.102145
0.102289
0.10243
0.10257
0.102707
0.102841
0.102974
0.103104
0.103232
0.103358
0.103481
0.103603
0.103722
0.103838
0.103953
0.104065
0.104175
0.104282
0.104388
0.104491
0.104591
0.10469
0.104786
0.10488
0.104971
0.10506
0.105147
0.105232
0.105314
0.105394
0.105471
0.105546
0.105619
0.10569
0.105758
0.105824
0.105887
0.105948
0.106007
0.106064
0.106118
0.106169
0.106219
0.106266
0.10631
0.106353
0.106392
0.10643
0.106465
0.106498
0.106528
0.106556
0.106582
0.106605
0.106626
0.106645
0.106661
0.106674
0.106686
0.106695
0.106701
0.106706
0.106708
0.106707
0.106704
0.106699
0.106691
0.106681
0.106669
0.106654
0.106637
0.106617
0.106595
0.106571
0.106544
0.106515
0.106484
0.10645
0.106414
0.106375
0.106334
0.106291
0.106245
0.106197
0.106147
0.106094
0.106039
0.105982
0.105922
0.10586
0.105795
0.105729
0.105659
0.105588
0.105514
0.105438
0.105359
0.105279
0.105196
0.10511
0.105022
0.104932
0.10484
0.104745
0.104648
0.104549
0.104448
0.104344
0.104238
0.10413
0.104019
0.103906
0.103791
0.103674
0.103554
0.103432
0.103308
0.103182
0.103053
0.102923
0.10279
0.102655
0.102517
0.102378
0.102236
0.102092
0.101946
0.101798
0.101648
0.101495
0.101341
0.101184
0.101025
0.100864
0.100701
0.100536
0.100368
0.100199
0.100028
0.0998541
0.0996785
0.0995009
0.0993213
0.0991396
0.0989559
0.0987702
0.0985826
0.0983929
0.0982012
0.0980076
0.097812
0.0976144
0.097415
0.0972135
0.0970102
0.096805
0.0965978
0.0963888
0.0961779
0.0959651
0.0957504
0.0955339
0.0953156
0.0950955
0.094896
0.0946722
0.0944466
0.0942192
0.0939899
0.0937589
0.0935261
0.0932916
0.0930553
0.0928173
0.0925775
0.0923361
0.092093
0.0918482
0.0916017
0.0913536
0.0911039
0.0908525
0.0905995
0.0903449
0.0900888
0.0898311
0.0895718
0.0893109
0.0890486
0.0887847
0.0885193
0.0882525
0.0879841
0.0877143
0.0874431
0.0871704
0.0868962
0.0866207
0.0863438
0.0860654
0.0857857
0.0855047
0.0852223
0.0849385
0.0846535
0.0843671
0.0840794
0.0837904
0.0835002
0.0832087
0.0829159
0.0826219
0.0823267
0.0820302
0.0817326
0.0814338
0.0811337
0.0808326
0.0805302
0.0802267
0.0799221
0.0796164
0.0793095
0.0790015
0.0786925
0.0783824
0.0780711
0.0777589
0.0774456
0.0771312
0.0768158
0.0764994
0.076182
0.0758636
0.0755442
0.0752238
0.0749024
0.0745801
0.0742568
0.0739326
0.0736074
0.0732813
0.0729543
0.0726264
0.0722976
0.0719679
0.0716373
0.0713058
0.0709734
0.0706402
0.0703061
0.0699712
0.0696354
0.0692987
0.0689613
0.068623
0.0682839
0.067944
0.0676033
0.0672618
0.0669194
0.0665763
0.0662324
0.0658878
0.0655423
0.0651961
0.0648491
0.0645014
0.0641529
0.0638036
0.0634536
0.0631028
0.0627513
0.0623991
0.0620461
0.0616924
0.061338
0.0609828
0.0606269
0.0602703
0.0599129
0.0595549
0.0591961
0.0588366
0.0584764
0.0581155
0.0577538
0.0573915
0.0570284
0.0566647
0.0563002
0.055935
0.0555692
0.0552026
0.0548353
0.0544673
0.0540985
0.0537291
0.053359
0.0529881
0.0526166
0.0522443
0.0518713
0.0514976
0.0511232
0.0507481
0.0503723
0.0499957
0.0496184
0.0492404
0.0488617
0.0484822
0.048102
0.0477211
0.0473394
0.046957
0.0465739
0.04619
0.0458054
0.04542
0.0450339
0.044647
0.0442593
0.0438709
0.0434818
0.0430918
0.0427011
0.0423096
0.0419174
0.0415243
0.0411305
0.0407358
0.0403404
0.0399442
0.0395472
0.0391493
0.0387507
0.0383512
0.037951
0.0375499
0.0371479
0.0367452
0.0363416
0.0359371
0.0355319
0.0351257
0.0347188
0.0343109
0.0339022
0.0334927
0.0330822
0.0326709
0.0322588
0.0318457
0.0314317
0.0310169
0.0306012
0.0301845
0.029767
0.0293485
0.0289292
0.0285089
0.0280877
0.0276656
0.0272426
0.0268186
0.0263937
0.0259678
0.025541
0.0251133
0.0246846
0.024255
0.0238244
0.0233928
0.0229603
0.0225268
0.0220924
0.021657
0.0212206
0.0207832
0.0203448
0.0199055
0.0194652
0.0190239
0.0185816
0.0181383
0.017694
0.0172487
0.0168024
0.0163551
0.0159068
0.0154575
0.0150072
0.0145559
0.0141036
0.0136503
0.013196
0.0127407
0.0122843
0.011827
0.0113686
0.0109093
0.0104489
0.00998749
0.00952509
0.00906168
0.00859727
0.00813185
0.00766542
0.00719799
0.00672955
0.00626012
0.00578968
0.00531825
0.00484582
0.0043724
0.00389799
0.0034226
0.00294621
0.00246885
0.00199051
0.0015112
0.00103091
0.000549663
6.74515e-05
-0.000415718
-0.00089984
-0.00138491
-0.00187092
-0.00235787
-0.00284575
-0.00333456
-0.00382429
-0.00431493
-0.00480648
-0.00529893
-0.00579227
-0.0062865
-0.00678161
-0.00727758
-0.00777443
-0.00827212
-0.00877067
-0.00927005
-0.00977026
-0.0102713
-0.0107731
-0.0112758
-0.0117792
-0.0122834
-0.0127884
-0.0132941
-0.0138006
-0.0143078
-0.0148158
-0.0153245
-0.0158338
-0.0163439
-0.0168546
-0.017366
-0.0178781
-0.0183907
-0.018904
-0.0194179
-0.0199325
-0.0204475
-0.0209632
-0.0214794
-0.0219961
-0.0225134
-0.0230312
-0.0235494
-0.0240681
-0.0245873
-0.0251069
-0.0256269
-0.0261474
-0.0266682
-0.0271894
-0.0277109
-0.0282327
-0.0287549
-0.0292774
-0.0298001
-0.0303231
-0.0308463
-0.0313697
-0.0318933
-0.032417
-0.032941
-0.033465
-0.0339892
-0.0345134
-0.0350377
-0.035562
-0.0360863
-0.0366107
-0.037135
-0.0376592
-0.0381834
-0.0387074
-0.0392313
-0.0397551
-0.0402787
-0.0408021
-0.0413253
-0.0418482
-0.0423708
-0.0428931
-0.0434151
-0.0439368
-0.044458
-0.0449788
-0.0454992
-0.0460192
-0.0465386
-0.0470575
-0.0475759
-0.0480936
-0.0486108
-0.0491274
-0.0496432
-0.0501584
-0.0506729
-0.0511866
-0.0516995
-0.0522117
-0.0527229
-0.0532334
-0.0537429
-0.0542515
-0.0547591
-0.0552657
-0.0557714
-0.0562759
-0.0567794
-0.0572818
-0.057783
-0.0582831
-0.058782
-0.0592796
-0.0597759
-0.060271
-0.0607647
-0.0612571
-0.0617481
-0.0622377
-0.0627258
-0.0632124
-0.0636975
-0.0641811
-0.0646631
-0.0651435
-0.0656222
-0.0660993
-0.0665746
-0.0670483
-0.0675201
-0.0679902
-0.0684584
-0.0689248
-0.0693893
-0.0698519
-0.0703125
-0.0707712
-0.0712278
-0.0716824
-0.0721349
-0.0725854
-0.0730337
-0.0734798
-0.0739238
-0.0743655
-0.074805
-0.0752422
-0.0756771
-0.0761097
-0.0765399
-0.0769677
-0.0773931
-0.0778161
-0.0782366
-0.0786546
-0.07907
-0.0794829
-0.0798933
-0.080301
-0.0807061
-0.0811085
-0.0815083
-0.0819053
-0.0822997
-0.0826912
-0.08308
-0.083466
-0.0838491
-0.0842294
-0.0846069
-0.0849814
-0.085353
-0.0857217
-0.0860874
-0.0864501
-0.0868099
-0.0871666
-0.0875202
-0.0878709
-0.0882184
-0.0885628
-0.0889041
-0.0892423
-0.0895773
-0.0899092
-0.0902378
-0.0905633
